/*--------------------------------*- C++ -*----------------------------------*\
  =========                 |
  \\      /  F ield         | OpenFOAM: The Open Source CFD Toolbox
   \\    /   O peration     | Website:  https://openfoam.org
    \\  /    A nd           | Version:  7
     \\/     M anipulation  |
\*---------------------------------------------------------------------------*/
FoamFile
{
    version     2.0;
    format      ascii;
    class       volVectorField;
    location    "20";
    object      U;
}
// * * * * * * * * * * * * * * * * * * * * * * * * * * * * * * * * * * * * * //

dimensions      [0 1 -1 0 0 0 0];

internalField   nonuniform List<vector> 
2625
(
(1.2532 0.00041115 0)
(1.25244 0.000427573 0)
(1.25164 0.000442555 0)
(1.2508 0.000456139 0)
(1.24993 0.000468371 0)
(1.24903 0.000479298 0)
(1.24809 0.000488971 0)
(1.24712 0.000497443 0)
(1.24612 0.000504769 0)
(1.24509 0.000511003 0)
(1.24404 0.000516205 0)
(1.24296 0.000520431 0)
(1.24186 0.000523741 0)
(1.24074 0.000526194 0)
(1.2396 0.000527849 0)
(1.23843 0.000528765 0)
(1.23726 0.000529001 0)
(1.23606 0.000528613 0)
(1.23485 0.000527659 0)
(1.23363 0.000526194 0)
(1.23239 0.000524272 0)
(1.23114 0.000521945 0)
(1.22988 0.000519264 0)
(1.2286 0.000516278 0)
(1.22732 0.000513034 0)
(1.22603 0.000509576 0)
(1.22473 0.000505947 0)
(1.22342 0.000502188 0)
(1.2221 0.000498337 0)
(1.22077 0.00049443 0)
(1.21944 0.000490501 0)
(1.2181 0.000486584 0)
(1.21675 0.000482708 0)
(1.21539 0.000478903 0)
(1.21402 0.000475195 0)
(1.21264 0.000471612 0)
(1.21126 0.00046818 0)
(1.20987 0.000464925 0)
(1.20846 0.000461873 0)
(1.20705 0.000459052 0)
(1.20562 0.000456493 0)
(1.20418 0.00045423 0)
(1.20273 0.000452302 0)
(1.20126 0.000450759 0)
(1.19978 0.000449643 0)
(1.19828 0.000449075 0)
(1.19676 0.000448956 0)
(1.19521 0.000449996 0)
(1.19367 0.000450247 0)
(1.19198 0.000456319 0)
(1.19066 0.000446909 0)
(1.18789 0.000475701 0)
(1.25327 0.00123012 0)
(1.2525 0.00127895 0)
(1.25169 0.0013235 0)
(1.25085 0.00136388 0)
(1.24996 0.00140024 0)
(1.24905 0.00143271 0)
(1.2481 0.00146145 0)
(1.24711 0.00148661 0)
(1.2461 0.00150836 0)
(1.24507 0.00152687 0)
(1.244 0.0015423 0)
(1.24291 0.00155482 0)
(1.2418 0.00156462 0)
(1.24067 0.00157187 0)
(1.23951 0.00157674 0)
(1.23834 0.00157941 0)
(1.23715 0.00158006 0)
(1.23594 0.00157885 0)
(1.23472 0.00157595 0)
(1.23348 0.00157153 0)
(1.23223 0.00156575 0)
(1.23097 0.00155876 0)
(1.2297 0.00155072 0)
(1.22841 0.00154177 0)
(1.22712 0.00153204 0)
(1.22581 0.00152168 0)
(1.2245 0.0015108 0)
(1.22318 0.00149954 0)
(1.22185 0.001488 0)
(1.22051 0.00147629 0)
(1.21916 0.00146452 0)
(1.21781 0.00145277 0)
(1.21645 0.00144115 0)
(1.21508 0.00142973 0)
(1.2137 0.0014186 0)
(1.21231 0.00140784 0)
(1.21092 0.00139752 0)
(1.20951 0.00138773 0)
(1.2081 0.00137853 0)
(1.20667 0.00137003 0)
(1.20523 0.0013623 0)
(1.20378 0.00135544 0)
(1.20232 0.00134958 0)
(1.20085 0.00134485 0)
(1.19935 0.0013414 0)
(1.19784 0.00133955 0)
(1.19631 0.00133911 0)
(1.19476 0.00134185 0)
(1.1932 0.00134327 0)
(1.19151 0.00135869 0)
(1.19019 0.00134252 0)
(1.18741 0.00140958 0)
(1.25341 0.00204771 0)
(1.25262 0.00212804 0)
(1.25179 0.00220131 0)
(1.25092 0.00226771 0)
(1.25001 0.00232747 0)
(1.24908 0.00238084 0)
(1.2481 0.00242804 0)
(1.2471 0.00246935 0)
(1.24607 0.00250504 0)
(1.24501 0.00253537 0)
(1.24392 0.00256063 0)
(1.24281 0.00258111 0)
(1.24167 0.00259709 0)
(1.24052 0.00260886 0)
(1.23934 0.00261672 0)
(1.23815 0.00262095 0)
(1.23693 0.00262183 0)
(1.2357 0.00261965 0)
(1.23446 0.00261469 0)
(1.2332 0.00260721 0)
(1.23192 0.00259749 0)
(1.23064 0.00258577 0)
(1.22934 0.00257231 0)
(1.22804 0.00255734 0)
(1.22672 0.00254109 0)
(1.22539 0.00252379 0)
(1.22405 0.00250563 0)
(1.22271 0.00248683 0)
(1.22136 0.00246756 0)
(1.21999 0.002448 0)
(1.21863 0.00242833 0)
(1.21725 0.0024087 0)
(1.21586 0.00238925 0)
(1.21447 0.00237014 0)
(1.21307 0.0023515 0)
(1.21166 0.00233345 0)
(1.21024 0.00231612 0)
(1.20882 0.00229965 0)
(1.20738 0.00228416 0)
(1.20594 0.00226978 0)
(1.20448 0.00225667 0)
(1.20301 0.00224499 0)
(1.20153 0.00223493 0)
(1.20003 0.00222673 0)
(1.19852 0.00222062 0)
(1.19699 0.00221711 0)
(1.19545 0.002216 0)
(1.19387 0.00221976 0)
(1.19231 0.00222281 0)
(1.19059 0.00224423 0)
(1.18927 0.0022333 0)
(1.18647 0.00231718 0)
(1.25359 0.00287423 0)
(1.25277 0.00298508 0)
(1.2519 0.00308614 0)
(1.251 0.0031777 0)
(1.25007 0.00326007 0)
(1.2491 0.00333357 0)
(1.24809 0.00339856 0)
(1.24706 0.00345538 0)
(1.24599 0.00350441 0)
(1.2449 0.00354604 0)
(1.24378 0.00358064 0)
(1.24264 0.00360863 0)
(1.24147 0.00363038 0)
(1.24028 0.00364631 0)
(1.23907 0.00365682 0)
(1.23784 0.0036623 0)
(1.23659 0.00366314 0)
(1.23533 0.00365975 0)
(1.23405 0.00365249 0)
(1.23276 0.00364175 0)
(1.23145 0.00362789 0)
(1.23014 0.00361126 0)
(1.22881 0.0035922 0)
(1.22746 0.00357105 0)
(1.22611 0.00354812 0)
(1.22475 0.00352371 0)
(1.22338 0.00349811 0)
(1.22201 0.00347159 0)
(1.22062 0.00344442 0)
(1.21923 0.00341684 0)
(1.21782 0.00338908 0)
(1.21641 0.00336136 0)
(1.215 0.00333388 0)
(1.21357 0.00330684 0)
(1.21214 0.00328043 0)
(1.2107 0.00325483 0)
(1.20925 0.0032302 0)
(1.20779 0.00320674 0)
(1.20633 0.00318461 0)
(1.20485 0.003164 0)
(1.20337 0.00314512 0)
(1.20187 0.0031282 0)
(1.20036 0.00311349 0)
(1.19884 0.00310133 0)
(1.1973 0.00309202 0)
(1.19575 0.00308626 0)
(1.19418 0.00308385 0)
(1.19258 0.0030879 0)
(1.19099 0.00309199 0)
(1.18925 0.00311828 0)
(1.18792 0.00311163 0)
(1.18509 0.00320957 0)
(1.25379 0.00371893 0)
(1.25292 0.00385923 0)
(1.25202 0.00398708 0)
(1.25108 0.00410284 0)
(1.2501 0.00420691 0)
(1.24909 0.00429971 0)
(1.24804 0.00438168 0)
(1.24696 0.00445328 0)
(1.24585 0.00451498 0)
(1.24472 0.00456726 0)
(1.24356 0.00461061 0)
(1.24237 0.00464555 0)
(1.24116 0.00467257 0)
(1.23993 0.00469218 0)
(1.23868 0.00470489 0)
(1.23741 0.00471121 0)
(1.23612 0.00471164 0)
(1.23481 0.00470666 0)
(1.23349 0.00469677 0)
(1.23215 0.00468244 0)
(1.23081 0.00466413 0)
(1.22944 0.00464228 0)
(1.22807 0.00461734 0)
(1.22669 0.00458972 0)
(1.22529 0.00455982 0)
(1.22389 0.00452802 0)
(1.22248 0.00449468 0)
(1.22106 0.00446017 0)
(1.21963 0.00442479 0)
(1.2182 0.00438887 0)
(1.21675 0.0043527 0)
(1.2153 0.00431654 0)
(1.21384 0.00428068 0)
(1.21238 0.00424534 0)
(1.21091 0.00421078 0)
(1.20943 0.00417721 0)
(1.20794 0.00414485 0)
(1.20644 0.00411394 0)
(1.20494 0.00408469 0)
(1.20343 0.00405733 0)
(1.2019 0.00403214 0)
(1.20037 0.00400939 0)
(1.19883 0.00398941 0)
(1.19727 0.00397261 0)
(1.1957 0.00395938 0)
(1.19412 0.0039506 0)
(1.19252 0.00394604 0)
(1.19089 0.00394949 0)
(1.18928 0.00395359 0)
(1.18751 0.00398363 0)
(1.18617 0.00397908 0)
(1.1833 0.00409021 0)
(1.25397 0.00459016 0)
(1.25305 0.00475874 0)
(1.2521 0.00491225 0)
(1.25111 0.00505116 0)
(1.25008 0.00517593 0)
(1.24901 0.00528708 0)
(1.24792 0.00538514 0)
(1.24679 0.00547066 0)
(1.24563 0.00554422 0)
(1.24444 0.0056064 0)
(1.24323 0.00565779 0)
(1.24199 0.00569901 0)
(1.24073 0.00573067 0)
(1.23945 0.00575337 0)
(1.23814 0.00576772 0)
(1.23682 0.00577435 0)
(1.23548 0.00577385 0)
(1.23412 0.00576681 0)
(1.23275 0.00575382 0)
(1.23136 0.00573545 0)
(1.22996 0.00571226 0)
(1.22855 0.00568478 0)
(1.22712 0.00565354 0)
(1.22569 0.00561903 0)
(1.22425 0.00558175 0)
(1.22279 0.00554215 0)
(1.22133 0.00550067 0)
(1.21986 0.00545773 0)
(1.21838 0.00541372 0)
(1.2169 0.00536902 0)
(1.2154 0.00532398 0)
(1.2139 0.00527894 0)
(1.2124 0.0052342 0)
(1.21089 0.00519006 0)
(1.20937 0.00514682 0)
(1.20784 0.00510474 0)
(1.20631 0.00506409 0)
(1.20476 0.00502513 0)
(1.20322 0.00498813 0)
(1.20166 0.00495339 0)
(1.20009 0.00492119 0)
(1.19852 0.00489189 0)
(1.19694 0.00486587 0)
(1.19534 0.00484362 0)
(1.19373 0.0048256 0)
(1.19211 0.00481287 0)
(1.19048 0.00480516 0)
(1.18881 0.00480691 0)
(1.18718 0.00480982 0)
(1.18537 0.00484226 0)
(1.18402 0.00483814 0)
(1.1811 0.00496037 0)
(1.2541 0.00549543 0)
(1.25313 0.00569101 0)
(1.25212 0.00586897 0)
(1.25106 0.00602984 0)
(1.24997 0.00617418 0)
(1.24885 0.00630261 0)
(1.24769 0.00641573 0)
(1.2465 0.0065142 0)
(1.24528 0.0065987 0)
(1.24404 0.00666989 0)
(1.24276 0.00672849 0)
(1.24147 0.00677519 0)
(1.24014 0.00681071 0)
(1.2388 0.00683577 0)
(1.23744 0.00685108 0)
(1.23605 0.00685735 0)
(1.23465 0.00685528 0)
(1.23324 0.00684557 0)
(1.2318 0.00682889 0)
(1.23036 0.0068059 0)
(1.2289 0.00677726 0)
(1.22743 0.0067436 0)
(1.22594 0.00670551 0)
(1.22445 0.00666358 0)
(1.22295 0.00661839 0)
(1.22144 0.00657045 0)
(1.21992 0.00652028 0)
(1.21839 0.00646837 0)
(1.21685 0.00641518 0)
(1.21531 0.00636114 0)
(1.21376 0.00630666 0)
(1.21221 0.00625213 0)
(1.21065 0.00619792 0)
(1.20908 0.00614437 0)
(1.20751 0.0060918 0)
(1.20593 0.00604055 0)
(1.20434 0.00599091 0)
(1.20275 0.0059432 0)
(1.20115 0.00589773 0)
(1.19955 0.00585481 0)
(1.19794 0.00581481 0)
(1.19631 0.00577812 0)
(1.19468 0.00574517 0)
(1.19305 0.00571655 0)
(1.1914 0.00569275 0)
(1.18973 0.00567501 0)
(1.18806 0.005663 0)
(1.18636 0.00566184 0)
(1.18469 0.00566218 0)
(1.18284 0.0056955 0)
(1.18148 0.00569022 0)
(1.17852 0.00582089 0)
(1.25416 0.00644152 0)
(1.25311 0.00666269 0)
(1.25203 0.00686373 0)
(1.25091 0.00704526 0)
(1.24975 0.00720792 0)
(1.24856 0.00735241 0)
(1.24733 0.00747943 0)
(1.24607 0.00758973 0)
(1.24479 0.00768409 0)
(1.24347 0.00776327 0)
(1.24213 0.00782808 0)
(1.24076 0.00787932 0)
(1.23937 0.00791781 0)
(1.23796 0.00794436 0)
(1.23653 0.00795978 0)
(1.23508 0.00796489 0)
(1.23361 0.00796047 0)
(1.23213 0.00794732 0)
(1.23063 0.00792621 0)
(1.22911 0.00789789 0)
(1.22759 0.00786311 0)
(1.22605 0.00782257 0)
(1.2245 0.00777695 0)
(1.22294 0.00772694 0)
(1.22138 0.00767316 0)
(1.2198 0.00761622 0)
(1.21822 0.0075567 0)
(1.21663 0.00749515 0)
(1.21503 0.0074321 0)
(1.21343 0.00736804 0)
(1.21182 0.00730343 0)
(1.2102 0.00723872 0)
(1.20858 0.00717432 0)
(1.20695 0.00711061 0)
(1.20532 0.00704798 0)
(1.20369 0.00698679 0)
(1.20205 0.00692738 0)
(1.2004 0.0068701 0)
(1.19875 0.0068153 0)
(1.19709 0.00676335 0)
(1.19542 0.00671465 0)
(1.19375 0.00666962 0)
(1.19208 0.00662877 0)
(1.19039 0.00659274 0)
(1.18869 0.00656207 0)
(1.18699 0.00653818 0)
(1.18528 0.00652062 0)
(1.18354 0.00651522 0)
(1.18183 0.00651153 0)
(1.17994 0.00654408 0)
(1.17856 0.00653599 0)
(1.17556 0.00667221 0)
(1.25409 0.00743448 0)
(1.25297 0.00767969 0)
(1.25181 0.0079023 0)
(1.25061 0.00810303 0)
(1.24937 0.00828259 0)
(1.2481 0.00844177 0)
(1.2468 0.00858137 0)
(1.24546 0.00870223 0)
(1.2441 0.00880522 0)
(1.24271 0.0088912 0)
(1.24129 0.00896108 0)
(1.23985 0.00901576 0)
(1.23838 0.00905615 0)
(1.2369 0.00908316 0)
(1.23539 0.0090977 0)
(1.23386 0.00910068 0)
(1.23232 0.00909298 0)
(1.23076 0.00907549 0)
(1.22919 0.00904907 0)
(1.22761 0.00901456 0)
(1.22601 0.00897279 0)
(1.2244 0.00892454 0)
(1.22278 0.00887059 0)
(1.22115 0.00881169 0)
(1.21951 0.00874853 0)
(1.21787 0.00868179 0)
(1.21622 0.00861213 0)
(1.21456 0.00854017 0)
(1.21289 0.00846647 0)
(1.21122 0.00839159 0)
(1.20955 0.00831605 0)
(1.20787 0.00824035 0)
(1.20618 0.00816493 0)
(1.2045 0.00809025 0)
(1.2028 0.00801671 0)
(1.20111 0.00794472 0)
(1.19941 0.00787465 0)
(1.1977 0.00780691 0)
(1.19599 0.00774186 0)
(1.19428 0.00767993 0)
(1.19256 0.00762154 0)
(1.19084 0.00756717 0)
(1.18911 0.00751735 0)
(1.18737 0.00747281 0)
(1.18563 0.00743412 0)
(1.18388 0.00740285 0)
(1.18213 0.00737843 0)
(1.18034 0.00736739 0)
(1.17861 0.00735812 0)
(1.17668 0.00738815 0)
(1.17528 0.00737563 0)
(1.17224 0.00751427 0)
(1.25386 0.00847962 0)
(1.25265 0.00874715 0)
(1.25141 0.00898967 0)
(1.25012 0.00920796 0)
(1.2488 0.00940284 0)
(1.24744 0.00957517 0)
(1.24606 0.00972586 0)
(1.24464 0.00985583 0)
(1.24319 0.00996605 0)
(1.24171 0.0100575 0)
(1.24021 0.0101311 0)
(1.23869 0.010188 0)
(1.23714 0.010229 0)
(1.23557 0.0102553 0)
(1.23399 0.0102678 0)
(1.23238 0.0102675 0)
(1.23076 0.0102555 0)
(1.22912 0.0102326 0)
(1.22747 0.0101998 0)
(1.22581 0.0101581 0)
(1.22413 0.0101084 0)
(1.22245 0.0100514 0)
(1.22075 0.00998821 0)
(1.21905 0.00991948 0)
(1.21734 0.00984602 0)
(1.21562 0.00976858 0)
(1.21389 0.00968788 0)
(1.21216 0.00960458 0)
(1.21043 0.00951934 0)
(1.20869 0.00943275 0)
(1.20694 0.00934539 0)
(1.2052 0.00925778 0)
(1.20345 0.00917045 0)
(1.20169 0.00908387 0)
(1.19994 0.00899849 0)
(1.19818 0.00891476 0)
(1.19641 0.00883309 0)
(1.19465 0.00875391 0)
(1.19288 0.00867763 0)
(1.19111 0.0086047 0)
(1.18934 0.00853558 0)
(1.18756 0.00847079 0)
(1.18578 0.00841091 0)
(1.184 0.00835671 0)
(1.18221 0.00830878 0)
(1.18041 0.00826886 0)
(1.17862 0.00823622 0)
(1.17679 0.00821809 0)
(1.17502 0.00820169 0)
(1.17305 0.00822738 0)
(1.17164 0.00820883 0)
(1.16855 0.00834659 0)
(1.25343 0.00958151 0)
(1.25213 0.00986947 0)
(1.25079 0.01013 0)
(1.24941 0.0103641 0)
(1.248 0.0105725 0)
(1.24655 0.0107563 0)
(1.24507 0.0109164 0)
(1.24356 0.0110538 0)
(1.24202 0.0111697 0)
(1.24045 0.011265 0)
(1.23886 0.0113409 0)
(1.23725 0.0113985 0)
(1.23561 0.0114388 0)
(1.23396 0.011463 0)
(1.23229 0.0114721 0)
(1.2306 0.0114673 0)
(1.22889 0.0114497 0)
(1.22717 0.0114202 0)
(1.22543 0.0113799 0)
(1.22369 0.0113298 0)
(1.22193 0.011271 0)
(1.22017 0.0112043 0)
(1.21839 0.0111307 0)
(1.21661 0.0110511 0)
(1.21482 0.0109663 0)
(1.21303 0.0108771 0)
(1.21123 0.0107844 0)
(1.20942 0.0106887 0)
(1.20761 0.010591 0)
(1.2058 0.0104917 0)
(1.20399 0.0103915 0)
(1.20217 0.010291 0)
(1.20035 0.0101908 0)
(1.19853 0.0100913 0)
(1.19671 0.00999308 0)
(1.19489 0.0098966 0)
(1.19307 0.00980232 0)
(1.19124 0.00971067 0)
(1.18941 0.00962213 0)
(1.18759 0.00953714 0)
(1.18576 0.00945621 0)
(1.18393 0.0093799 0)
(1.1821 0.00930881 0)
(1.18027 0.00924377 0)
(1.17843 0.00918537 0)
(1.17659 0.00913552 0)
(1.17475 0.00909329 0)
(1.17289 0.0090666 0)
(1.17109 0.0090415 0)
(1.16908 0.00906099 0)
(1.16765 0.0090349 0)
(1.16452 0.00916832 0)
(1.25276 0.0107439 0)
(1.25136 0.0110502 0)
(1.24991 0.0113268 0)
(1.24844 0.0115745 0)
(1.24692 0.0117946 0)
(1.24537 0.0119878 0)
(1.2438 0.0121555 0)
(1.24219 0.0122986 0)
(1.24055 0.0124183 0)
(1.23889 0.0125159 0)
(1.23721 0.0125924 0)
(1.2355 0.012649 0)
(1.23377 0.012687 0)
(1.23203 0.0127076 0)
(1.23026 0.0127119 0)
(1.22848 0.0127011 0)
(1.22669 0.0126765 0)
(1.22488 0.012639 0)
(1.22306 0.0125899 0)
(1.22123 0.0125302 0)
(1.21939 0.012461 0)
(1.21754 0.0123833 0)
(1.21568 0.0122981 0)
(1.21382 0.0122065 0)
(1.21195 0.0121092 0)
(1.21008 0.0120071 0)
(1.2082 0.0119012 0)
(1.20632 0.0117922 0)
(1.20444 0.0116808 0)
(1.20256 0.0115677 0)
(1.20067 0.0114536 0)
(1.19879 0.0113392 0)
(1.1969 0.011225 0)
(1.19501 0.0111116 0)
(1.19313 0.0109995 0)
(1.19124 0.0108893 0)
(1.18936 0.0107813 0)
(1.18747 0.0106762 0)
(1.18559 0.0105743 0)
(1.1837 0.0104761 0)
(1.18182 0.0103823 0)
(1.17994 0.0102934 0)
(1.17806 0.0102099 0)
(1.17618 0.0101328 0)
(1.1743 0.0100627 0)
(1.17242 0.0100016 0)
(1.17054 0.00994847 0)
(1.16864 0.00991176 0)
(1.16681 0.00987643 0)
(1.16476 0.00988782 0)
(1.16332 0.0098528 0)
(1.16016 0.00997831 0)
(1.25181 0.0119698 0)
(1.2503 0.0122921 0)
(1.24874 0.0125824 0)
(1.24716 0.0128417 0)
(1.24554 0.0130711 0)
(1.24389 0.0132718 0)
(1.2422 0.0134449 0)
(1.24049 0.0135917 0)
(1.23876 0.0137134 0)
(1.23699 0.0138112 0)
(1.23521 0.0138864 0)
(1.23341 0.0139404 0)
(1.23158 0.0139743 0)
(1.22974 0.0139896 0)
(1.22788 0.0139874 0)
(1.22601 0.0139691 0)
(1.22412 0.0139358 0)
(1.22222 0.0138889 0)
(1.22032 0.0138294 0)
(1.2184 0.0137587 0)
(1.21647 0.0136778 0)
(1.21454 0.0135878 0)
(1.2126 0.0134898 0)
(1.21066 0.0133847 0)
(1.20871 0.0132737 0)
(1.20676 0.0131576 0)
(1.2048 0.0130373 0)
(1.20285 0.0129137 0)
(1.20089 0.0127875 0)
(1.19894 0.0126596 0)
(1.19698 0.0125305 0)
(1.19503 0.0124011 0)
(1.19308 0.0122718 0)
(1.19112 0.0121434 0)
(1.18917 0.0120164 0)
(1.18723 0.0118912 0)
(1.18528 0.0117685 0)
(1.18334 0.0116488 0)
(1.1814 0.0115325 0)
(1.17946 0.0114201 0)
(1.17753 0.0113123 0)
(1.1756 0.0112095 0)
(1.17367 0.0111126 0)
(1.17174 0.0110223 0)
(1.16982 0.0109393 0)
(1.1679 0.0108657 0)
(1.16599 0.0108002 0)
(1.16405 0.010752 0)
(1.16219 0.010705 0)
(1.16011 0.0107064 0)
(1.15866 0.0106612 0)
(1.15547 0.0107752 0)
(1.25053 0.0132611 0)
(1.2489 0.0135969 0)
(1.24724 0.0138985 0)
(1.24554 0.0141669 0)
(1.24381 0.0144034 0)
(1.24205 0.0146092 0)
(1.24026 0.0147855 0)
(1.23844 0.0149337 0)
(1.2366 0.0150552 0)
(1.23473 0.0151512 0)
(1.23284 0.0152231 0)
(1.23094 0.0152724 0)
(1.22902 0.0153004 0)
(1.22708 0.0153085 0)
(1.22512 0.0152981 0)
(1.22315 0.0152705 0)
(1.22117 0.015227 0)
(1.21919 0.0151689 0)
(1.21719 0.0150976 0)
(1.21518 0.0150143 0)
(1.21317 0.0149202 0)
(1.21115 0.0148164 0)
(1.20913 0.0147041 0)
(1.20711 0.0145844 0)
(1.20508 0.0144583 0)
(1.20305 0.0143269 0)
(1.20102 0.014191 0)
(1.19899 0.0140515 0)
(1.19697 0.0139094 0)
(1.19494 0.0137653 0)
(1.19291 0.0136201 0)
(1.19089 0.0134745 0)
(1.18887 0.0133291 0)
(1.18686 0.0131846 0)
(1.18485 0.0130415 0)
(1.18284 0.0129004 0)
(1.18084 0.0127619 0)
(1.17884 0.0126264 0)
(1.17685 0.0124946 0)
(1.17486 0.012367 0)
(1.17288 0.012244 0)
(1.1709 0.0121264 0)
(1.16893 0.0120149 0)
(1.16696 0.0119102 0)
(1.165 0.0118131 0)
(1.16304 0.0117258 0)
(1.1611 0.0116468 0)
(1.15913 0.0115857 0)
(1.15725 0.0115256 0)
(1.15514 0.0115152 0)
(1.15368 0.0114586 0)
(1.15048 0.0115573 0)
(1.2489 0.0146191 0)
(1.24715 0.0149657 0)
(1.24536 0.0152758 0)
(1.24355 0.0155507 0)
(1.2417 0.0157916 0)
(1.23982 0.016 0)
(1.23792 0.0161771 0)
(1.23599 0.0163244 0)
(1.23404 0.0164433 0)
(1.23207 0.0165352 0)
(1.23008 0.0166017 0)
(1.22807 0.0166443 0)
(1.22605 0.0166643 0)
(1.22401 0.0166632 0)
(1.22196 0.0166426 0)
(1.21989 0.0166038 0)
(1.21782 0.0165483 0)
(1.21574 0.0164774 0)
(1.21365 0.0163926 0)
(1.21156 0.016295 0)
(1.20946 0.0161861 0)
(1.20736 0.0160671 0)
(1.20526 0.0159391 0)
(1.20316 0.0158033 0)
(1.20105 0.0156608 0)
(1.19895 0.0155126 0)
(1.19684 0.0153598 0)
(1.19474 0.0152033 0)
(1.19265 0.0150439 0)
(1.19055 0.0148826 0)
(1.18846 0.0147201 0)
(1.18638 0.0145571 0)
(1.1843 0.0143944 0)
(1.18222 0.0142326 0)
(1.18015 0.0140724 0)
(1.17809 0.0139143 0)
(1.17603 0.0137589 0)
(1.17399 0.0136067 0)
(1.17194 0.0134584 0)
(1.16991 0.0133143 0)
(1.16788 0.0131753 0)
(1.16586 0.0130417 0)
(1.16385 0.0129145 0)
(1.16185 0.0127944 0)
(1.15986 0.012682 0)
(1.15787 0.0125798 0)
(1.1559 0.012486 0)
(1.1539 0.0124107 0)
(1.152 0.0123363 0)
(1.14987 0.0123121 0)
(1.14841 0.0122434 0)
(1.14519 0.0123231 0)
(1.24686 0.0160438 0)
(1.24499 0.0163982 0)
(1.24308 0.016714 0)
(1.24115 0.0169925 0)
(1.23918 0.0172352 0)
(1.23719 0.0174434 0)
(1.23517 0.0176187 0)
(1.23313 0.0177625 0)
(1.23107 0.0178764 0)
(1.22899 0.0179619 0)
(1.22689 0.0180206 0)
(1.22478 0.0180541 0)
(1.22265 0.0180639 0)
(1.22052 0.0180516 0)
(1.21837 0.0180188 0)
(1.21621 0.0179669 0)
(1.21405 0.0178974 0)
(1.21188 0.0178119 0)
(1.2097 0.0177118 0)
(1.20752 0.0175984 0)
(1.20534 0.017473 0)
(1.20316 0.0173371 0)
(1.20098 0.0171919 0)
(1.19879 0.0170385 0)
(1.19661 0.0168782 0)
(1.19444 0.016712 0)
(1.19226 0.0165409 0)
(1.1901 0.016366 0)
(1.18793 0.0161882 0)
(1.18577 0.0160084 0)
(1.18362 0.0158274 0)
(1.18148 0.015646 0)
(1.17934 0.0154649 0)
(1.17721 0.0152848 0)
(1.17509 0.0151063 0)
(1.17297 0.0149302 0)
(1.17087 0.0147568 0)
(1.16877 0.0145869 0)
(1.16669 0.014421 0)
(1.16461 0.0142596 0)
(1.16255 0.0141033 0)
(1.16049 0.0139529 0)
(1.15845 0.0138089 0)
(1.15641 0.0136723 0)
(1.15439 0.0135437 0)
(1.15237 0.0134254 0)
(1.15038 0.0133158 0)
(1.14836 0.013225 0)
(1.14645 0.0131351 0)
(1.1443 0.0130954 0)
(1.14284 0.0130137 0)
(1.13962 0.0130708 0)
(1.2444 0.0175344 0)
(1.24239 0.0178935 0)
(1.24036 0.0182119 0)
(1.2383 0.018491 0)
(1.23622 0.0187325 0)
(1.23411 0.0189377 0)
(1.23197 0.0191083 0)
(1.22982 0.019246 0)
(1.22765 0.0193522 0)
(1.22546 0.0194288 0)
(1.22326 0.0194772 0)
(1.22104 0.0194993 0)
(1.21882 0.0194967 0)
(1.21658 0.019471 0)
(1.21434 0.0194238 0)
(1.21209 0.0193568 0)
(1.20983 0.0192715 0)
(1.20758 0.0191694 0)
(1.20531 0.0190521 0)
(1.20305 0.0189211 0)
(1.20079 0.0187777 0)
(1.19853 0.0186234 0)
(1.19627 0.0184594 0)
(1.19402 0.018287 0)
(1.19177 0.0181074 0)
(1.18952 0.0179217 0)
(1.18728 0.0177311 0)
(1.18505 0.0175366 0)
(1.18282 0.0173391 0)
(1.18061 0.0171396 0)
(1.1784 0.016939 0)
(1.1762 0.016738 0)
(1.17401 0.0165374 0)
(1.17183 0.0163379 0)
(1.16966 0.0161402 0)
(1.1675 0.0159449 0)
(1.16535 0.0157527 0)
(1.16322 0.015564 0)
(1.16109 0.0153796 0)
(1.15898 0.0151999 0)
(1.15688 0.0150255 0)
(1.15479 0.0148572 0)
(1.15272 0.0146955 0)
(1.15066 0.0145415 0)
(1.14862 0.0143956 0)
(1.14658 0.0142603 0)
(1.14457 0.0141338 0)
(1.14254 0.0140262 0)
(1.14062 0.0139199 0)
(1.13846 0.013863 0)
(1.137 0.0137678 0)
(1.13379 0.0137986 0)
(1.24147 0.0190891 0)
(1.23934 0.0194495 0)
(1.23718 0.0197672 0)
(1.235 0.0200439 0)
(1.23279 0.020281 0)
(1.23056 0.0204802 0)
(1.22831 0.0206433 0)
(1.22605 0.0207719 0)
(1.22376 0.0208678 0)
(1.22147 0.0209327 0)
(1.21916 0.0209685 0)
(1.21685 0.0209767 0)
(1.21452 0.0209593 0)
(1.21219 0.0209178 0)
(1.20986 0.0208542 0)
(1.20752 0.0207699 0)
(1.20517 0.0206667 0)
(1.20283 0.0205463 0)
(1.20049 0.0204101 0)
(1.19815 0.0202597 0)
(1.19581 0.0200965 0)
(1.19348 0.0199221 0)
(1.19115 0.0197378 0)
(1.18882 0.0195449 0)
(1.18651 0.0193446 0)
(1.1842 0.0191381 0)
(1.1819 0.0189267 0)
(1.17961 0.0187113 0)
(1.17732 0.0184929 0)
(1.17505 0.0182726 0)
(1.17279 0.0180512 0)
(1.17054 0.0178295 0)
(1.16831 0.0176084 0)
(1.16608 0.0173885 0)
(1.16387 0.0171706 0)
(1.16167 0.0169553 0)
(1.15949 0.0167432 0)
(1.15732 0.016535 0)
(1.15516 0.0163311 0)
(1.15302 0.0161322 0)
(1.1509 0.0159389 0)
(1.14879 0.0157518 0)
(1.14669 0.0155716 0)
(1.14461 0.0153992 0)
(1.14255 0.0152353 0)
(1.1405 0.015082 0)
(1.13848 0.0149377 0)
(1.13644 0.0148123 0)
(1.13452 0.0146886 0)
(1.13236 0.0146128 0)
(1.1309 0.0145037 0)
(1.12771 0.0145047 0)
(1.23805 0.0207052 0)
(1.23579 0.0210634 0)
(1.2335 0.021377 0)
(1.2312 0.0216478 0)
(1.22887 0.0218773 0)
(1.22652 0.0220675 0)
(1.22416 0.02222 0)
(1.22178 0.0223366 0)
(1.2194 0.0224194 0)
(1.217 0.02247 0)
(1.21459 0.0224903 0)
(1.21218 0.0224822 0)
(1.20976 0.0224476 0)
(1.20733 0.0223882 0)
(1.20491 0.0223058 0)
(1.20248 0.0222022 0)
(1.20006 0.0220792 0)
(1.19764 0.0219384 0)
(1.19522 0.0217814 0)
(1.1928 0.0216099 0)
(1.19039 0.0214253 0)
(1.18799 0.0212293 0)
(1.1856 0.0210231 0)
(1.18321 0.0208082 0)
(1.18084 0.0205859 0)
(1.17847 0.0203573 0)
(1.17611 0.0201238 0)
(1.17377 0.0198863 0)
(1.17144 0.0196459 0)
(1.16912 0.0194037 0)
(1.16682 0.0191605 0)
(1.16452 0.0189171 0)
(1.16225 0.0186745 0)
(1.15999 0.0184333 0)
(1.15774 0.0181943 0)
(1.15551 0.017958 0)
(1.1533 0.0177253 0)
(1.1511 0.0174966 0)
(1.14892 0.0172725 0)
(1.14675 0.0170536 0)
(1.14461 0.0168405 0)
(1.14248 0.0166339 0)
(1.14037 0.0164345 0)
(1.13828 0.016243 0)
(1.13621 0.0160601 0)
(1.13415 0.015888 0)
(1.13213 0.0157251 0)
(1.13009 0.0155809 0)
(1.12817 0.0154392 0)
(1.12601 0.0153428 0)
(1.12457 0.0152198 0)
(1.1214 0.0151876 0)
(1.23412 0.0223789 0)
(1.23173 0.0227312 0)
(1.22932 0.0230372 0)
(1.22689 0.0232987 0)
(1.22444 0.0235173 0)
(1.22198 0.0236951 0)
(1.21951 0.023834 0)
(1.21703 0.0239357 0)
(1.21453 0.0240024 0)
(1.21203 0.024036 0)
(1.20953 0.0240383 0)
(1.20702 0.0240114 0)
(1.20451 0.0239571 0)
(1.202 0.0238774 0)
(1.1995 0.0237741 0)
(1.19699 0.0236492 0)
(1.19449 0.0235043 0)
(1.19199 0.0233412 0)
(1.1895 0.0231616 0)
(1.18702 0.0229673 0)
(1.18455 0.0227597 0)
(1.18208 0.0225405 0)
(1.17963 0.022311 0)
(1.17719 0.0220728 0)
(1.17476 0.0218271 0)
(1.17234 0.0215752 0)
(1.16994 0.0213183 0)
(1.16755 0.0210576 0)
(1.16518 0.0207942 0)
(1.16282 0.020529 0)
(1.16048 0.020263 0)
(1.15815 0.019997 0)
(1.15584 0.019732 0)
(1.15355 0.0194686 0)
(1.15128 0.0192076 0)
(1.14902 0.0189497 0)
(1.14678 0.0186955 0)
(1.14457 0.0184456 0)
(1.14237 0.0182006 0)
(1.14019 0.017961 0)
(1.13803 0.0177275 0)
(1.13589 0.0175007 0)
(1.13377 0.0172813 0)
(1.13168 0.01707 0)
(1.1296 0.0168676 0)
(1.12755 0.0166759 0)
(1.12553 0.0164938 0)
(1.12349 0.0163298 0)
(1.12159 0.0161696 0)
(1.11944 0.0160512 0)
(1.11801 0.0159144 0)
(1.11489 0.0158455 0)
(1.22965 0.0241056 0)
(1.22714 0.0244484 0)
(1.22461 0.0247431 0)
(1.22206 0.0249917 0)
(1.2195 0.0251961 0)
(1.21693 0.0253583 0)
(1.21435 0.0254803 0)
(1.21176 0.0255642 0)
(1.20917 0.0256119 0)
(1.20657 0.0256257 0)
(1.20398 0.0256074 0)
(1.20138 0.0255591 0)
(1.19879 0.0254828 0)
(1.1962 0.0253805 0)
(1.19361 0.0252542 0)
(1.19103 0.0251058 0)
(1.18846 0.0249371 0)
(1.1859 0.0247499 0)
(1.18335 0.0245461 0)
(1.1808 0.0243272 0)
(1.17827 0.0240951 0)
(1.17575 0.0238512 0)
(1.17325 0.023597 0)
(1.17076 0.0233341 0)
(1.16828 0.0230638 0)
(1.16582 0.0227874 0)
(1.16338 0.0225061 0)
(1.16096 0.0222212 0)
(1.15855 0.0219336 0)
(1.15616 0.0216445 0)
(1.15379 0.0213548 0)
(1.15143 0.0210654 0)
(1.1491 0.0207772 0)
(1.14679 0.0204909 0)
(1.14449 0.0202073 0)
(1.14222 0.0199269 0)
(1.13997 0.0196506 0)
(1.13774 0.0193789 0)
(1.13553 0.0191123 0)
(1.13335 0.0188515 0)
(1.13118 0.018597 0)
(1.12904 0.0183494 0)
(1.12692 0.0181095 0)
(1.12483 0.0178778 0)
(1.12276 0.0176553 0)
(1.12071 0.0174435 0)
(1.1187 0.0172416 0)
(1.11668 0.017057 0)
(1.1148 0.016878 0)
(1.11266 0.0167362 0)
(1.11126 0.0165858 0)
(1.10818 0.0164771 0)
(1.22464 0.0258799 0)
(1.222 0.0262092 0)
(1.21935 0.026489 0)
(1.21669 0.0267212 0)
(1.21402 0.0269079 0)
(1.21135 0.0270512 0)
(1.20866 0.0271533 0)
(1.20598 0.0272163 0)
(1.2033 0.0272423 0)
(1.20061 0.0272335 0)
(1.19793 0.0271919 0)
(1.19526 0.0271198 0)
(1.19259 0.0270192 0)
(1.18992 0.0268922 0)
(1.18727 0.0267408 0)
(1.18462 0.0265669 0)
(1.18199 0.0263725 0)
(1.17937 0.0261595 0)
(1.17676 0.0259297 0)
(1.17416 0.0256848 0)
(1.17158 0.0254266 0)
(1.16902 0.0251567 0)
(1.16647 0.0248765 0)
(1.16394 0.0245877 0)
(1.16142 0.0242917 0)
(1.15893 0.0239897 0)
(1.15646 0.023683 0)
(1.154 0.0233728 0)
(1.15157 0.0230603 0)
(1.14915 0.0227465 0)
(1.14676 0.0224323 0)
(1.14439 0.0221187 0)
(1.14204 0.0218066 0)
(1.13971 0.0214967 0)
(1.13741 0.0211898 0)
(1.13513 0.0208865 0)
(1.13287 0.0205875 0)
(1.13064 0.0202933 0)
(1.12843 0.0200047 0)
(1.12624 0.0197221 0)
(1.12408 0.0194462 0)
(1.12194 0.0191773 0)
(1.11983 0.0189165 0)
(1.11775 0.018664 0)
(1.11569 0.018421 0)
(1.11366 0.0181884 0)
(1.11167 0.0179665 0)
(1.10967 0.0177606 0)
(1.10781 0.0175625 0)
(1.1057 0.0173959 0)
(1.10432 0.0172325 0)
(1.10131 0.0170811 0)
(1.21907 0.0276956 0)
(1.21632 0.0280077 0)
(1.21356 0.0282687 0)
(1.21079 0.028481 0)
(1.20801 0.0286467 0)
(1.20524 0.0287679 0)
(1.20246 0.028847 0)
(1.19969 0.0288861 0)
(1.19692 0.0288875 0)
(1.19415 0.0288535 0)
(1.1914 0.0287862 0)
(1.18865 0.0286879 0)
(1.18591 0.0285608 0)
(1.18318 0.0284068 0)
(1.18046 0.0282282 0)
(1.17776 0.0280271 0)
(1.17507 0.0278052 0)
(1.1724 0.0275647 0)
(1.16974 0.0273074 0)
(1.1671 0.0270351 0)
(1.16448 0.0267494 0)
(1.16188 0.0264522 0)
(1.1593 0.0261449 0)
(1.15674 0.0258291 0)
(1.15419 0.0255062 0)
(1.15168 0.0251777 0)
(1.14918 0.0248447 0)
(1.1467 0.0245085 0)
(1.14425 0.0241702 0)
(1.14182 0.0238309 0)
(1.13942 0.0234916 0)
(1.13704 0.0231532 0)
(1.13468 0.0228166 0)
(1.13235 0.0224826 0)
(1.13004 0.0221518 0)
(1.12776 0.0218251 0)
(1.1255 0.021503 0)
(1.12327 0.0211861 0)
(1.12107 0.020875 0)
(1.11889 0.0205702 0)
(1.11675 0.0202725 0)
(1.11462 0.0199821 0)
(1.11253 0.0196999 0)
(1.11046 0.0194262 0)
(1.10843 0.0191625 0)
(1.10641 0.0189088 0)
(1.10445 0.0186665 0)
(1.10248 0.0184387 0)
(1.10065 0.0182216 0)
(1.09857 0.018029 0)
(1.09723 0.0178531 0)
(1.09429 0.0176562 0)
(1.21294 0.0295459 0)
(1.21008 0.0298369 0)
(1.20721 0.0300757 0)
(1.20434 0.0302645 0)
(1.20147 0.0304058 0)
(1.1986 0.0305017 0)
(1.19574 0.0305548 0)
(1.19289 0.0305672 0)
(1.19004 0.0305413 0)
(1.1872 0.0304796 0)
(1.18438 0.0303841 0)
(1.18156 0.0302574 0)
(1.17877 0.0301015 0)
(1.17598 0.0299187 0)
(1.17321 0.0297111 0)
(1.17046 0.0294808 0)
(1.16773 0.0292299 0)
(1.16501 0.0289604 0)
(1.16232 0.0286741 0)
(1.15965 0.028373 0)
(1.15699 0.0280587 0)
(1.15436 0.027733 0)
(1.15176 0.0273975 0)
(1.14917 0.0270537 0)
(1.14661 0.0267032 0)
(1.14408 0.0263472 0)
(1.14156 0.0259871 0)
(1.13908 0.0256242 0)
(1.13662 0.0252595 0)
(1.13418 0.0248942 0)
(1.13178 0.0245292 0)
(1.12939 0.0241655 0)
(1.12704 0.0238039 0)
(1.12471 0.0234453 0)
(1.12241 0.0230904 0)
(1.12014 0.0227398 0)
(1.11789 0.0223943 0)
(1.11568 0.0220543 0)
(1.11349 0.0217205 0)
(1.11133 0.0213933 0)
(1.1092 0.0210735 0)
(1.1071 0.0207612 0)
(1.10503 0.0204576 0)
(1.10299 0.0201625 0)
(1.10098 0.0198777 0)
(1.099 0.0196026 0)
(1.09707 0.01934 0)
(1.09512 0.0190897 0)
(1.09333 0.0188537 0)
(1.0913 0.0186341 0)
(1.08999 0.0184466 0)
(1.08713 0.0182015 0)
(1.20625 0.0314236 0)
(1.20328 0.0316897 0)
(1.20032 0.0319025 0)
(1.19736 0.0320645 0)
(1.1944 0.0321782 0)
(1.19145 0.0322458 0)
(1.18851 0.0322699 0)
(1.18559 0.0322529 0)
(1.18267 0.0321972 0)
(1.17977 0.0321053 0)
(1.17689 0.0319794 0)
(1.17402 0.0318221 0)
(1.17117 0.0316355 0)
(1.16834 0.0314219 0)
(1.16553 0.0311836 0)
(1.16274 0.0309227 0)
(1.15997 0.0306412 0)
(1.15722 0.0303413 0)
(1.1545 0.0300248 0)
(1.1518 0.0296937 0)
(1.14913 0.0293497 0)
(1.14648 0.0289945 0)
(1.14386 0.0286299 0)
(1.14126 0.0282573 0)
(1.13869 0.0278783 0)
(1.13615 0.0274942 0)
(1.13364 0.0271064 0)
(1.13115 0.0267162 0)
(1.12869 0.0263246 0)
(1.12626 0.0259327 0)
(1.12386 0.0255416 0)
(1.12148 0.0251522 0)
(1.11914 0.0247654 0)
(1.11682 0.0243819 0)
(1.11454 0.0240025 0)
(1.11228 0.0236278 0)
(1.11006 0.0232586 0)
(1.10786 0.0228953 0)
(1.1057 0.0225386 0)
(1.10356 0.0221889 0)
(1.10146 0.0218469 0)
(1.09939 0.0215127 0)
(1.09735 0.0211875 0)
(1.09534 0.0208708 0)
(1.09337 0.020565 0)
(1.09142 0.0202683 0)
(1.08953 0.0199852 0)
(1.08763 0.0197122 0)
(1.08589 0.0194576 0)
(1.08391 0.0192099 0)
(1.08263 0.0190118 0)
(1.07987 0.0187162 0)
(1.199 0.0333207 0)
(1.19594 0.0335583 0)
(1.19288 0.0337418 0)
(1.18984 0.0338737 0)
(1.18681 0.0339566 0)
(1.18379 0.033993 0)
(1.18079 0.0339854 0)
(1.1778 0.0339364 0)
(1.17482 0.0338485 0)
(1.17187 0.0337241 0)
(1.16894 0.0335658 0)
(1.16603 0.0333759 0)
(1.16314 0.0331568 0)
(1.16027 0.0329108 0)
(1.15743 0.0326402 0)
(1.15461 0.0323472 0)
(1.15182 0.0320338 0)
(1.14905 0.0317023 0)
(1.14631 0.0313545 0)
(1.1436 0.0309923 0)
(1.14091 0.0306177 0)
(1.13826 0.0302322 0)
(1.13563 0.0298377 0)
(1.13303 0.0294356 0)
(1.13046 0.0290275 0)
(1.12792 0.0286148 0)
(1.12541 0.0281988 0)
(1.12293 0.0277808 0)
(1.12049 0.0273619 0)
(1.11807 0.0269432 0)
(1.11568 0.0265257 0)
(1.11332 0.0261103 0)
(1.111 0.025698 0)
(1.10871 0.0252894 0)
(1.10644 0.0248854 0)
(1.10422 0.0244866 0)
(1.10202 0.0240936 0)
(1.09985 0.0237069 0)
(1.09772 0.0233273 0)
(1.09562 0.0229549 0)
(1.09355 0.0225907 0)
(1.09152 0.0222345 0)
(1.08952 0.0218878 0)
(1.08755 0.0215495 0)
(1.08562 0.0212227 0)
(1.08372 0.0209043 0)
(1.08188 0.020601 0)
(1.08003 0.0203048 0)
(1.07833 0.0200321 0)
(1.07641 0.0197554 0)
(1.07517 0.0195478 0)
(1.07251 0.0191995 0)
(1.1912 0.0352294 0)
(1.18805 0.035435 0)
(1.18493 0.0355858 0)
(1.18181 0.0356846 0)
(1.17871 0.0357338 0)
(1.17563 0.0357362 0)
(1.17257 0.0356944 0)
(1.16953 0.035611 0)
(1.16652 0.0354886 0)
(1.16352 0.0353298 0)
(1.16055 0.035137 0)
(1.15761 0.0349128 0)
(1.15469 0.0346596 0)
(1.1518 0.0343797 0)
(1.14893 0.0340754 0)
(1.1461 0.033749 0)
(1.14329 0.0334027 0)
(1.14051 0.0330384 0)
(1.13777 0.0326584 0)
(1.13505 0.0322644 0)
(1.13237 0.0318583 0)
(1.12971 0.0314419 0)
(1.12709 0.0310169 0)
(1.1245 0.0305848 0)
(1.12194 0.0301471 0)
(1.11941 0.0297054 0)
(1.11692 0.0292608 0)
(1.11446 0.0288147 0)
(1.11203 0.0283682 0)
(1.10963 0.0279225 0)
(1.10727 0.0274784 0)
(1.10494 0.0270369 0)
(1.10265 0.026599 0)
(1.10038 0.0261653 0)
(1.09816 0.0257366 0)
(1.09596 0.0253136 0)
(1.0938 0.0248969 0)
(1.09167 0.0244869 0)
(1.08958 0.0240844 0)
(1.08752 0.0236895 0)
(1.08549 0.0233031 0)
(1.0835 0.022925 0)
(1.08155 0.0225568 0)
(1.07963 0.022197 0)
(1.07775 0.0218495 0)
(1.07591 0.0215093 0)
(1.07412 0.0211861 0)
(1.07232 0.0208666 0)
(1.07068 0.0205764 0)
(1.06882 0.0202699 0)
(1.06763 0.020054 0)
(1.06508 0.0196512 0)
(1.18286 0.0371414 0)
(1.17965 0.0373117 0)
(1.17645 0.0374268 0)
(1.17328 0.0374894 0)
(1.17013 0.0375024 0)
(1.167 0.0374683 0)
(1.16389 0.0373899 0)
(1.16082 0.03727 0)
(1.15776 0.0371111 0)
(1.15474 0.0369159 0)
(1.15174 0.036687 0)
(1.14878 0.036427 0)
(1.14584 0.0361382 0)
(1.14294 0.035823 0)
(1.14006 0.0354839 0)
(1.13722 0.0351231 0)
(1.13441 0.0347428 0)
(1.13164 0.0343451 0)
(1.1289 0.033932 0)
(1.12619 0.0335055 0)
(1.12351 0.0330674 0)
(1.12087 0.0326195 0)
(1.11826 0.0321635 0)
(1.11569 0.031701 0)
(1.11315 0.0312335 0)
(1.11065 0.0307625 0)
(1.10818 0.0302891 0)
(1.10575 0.0298148 0)
(1.10335 0.0293407 0)
(1.10098 0.0288678 0)
(1.09865 0.0283971 0)
(1.09636 0.0279295 0)
(1.0941 0.027466 0)
(1.09188 0.0270073 0)
(1.08969 0.0265541 0)
(1.08754 0.0261069 0)
(1.08542 0.0256666 0)
(1.08334 0.0252334 0)
(1.0813 0.0248081 0)
(1.07929 0.0243909 0)
(1.07731 0.0239826 0)
(1.07538 0.0235828 0)
(1.07348 0.0231933 0)
(1.07161 0.0228122 0)
(1.06979 0.0224441 0)
(1.068 0.0220824 0)
(1.06627 0.0217396 0)
(1.06454 0.0213967 0)
(1.06296 0.0210896 0)
(1.06117 0.0207527 0)
(1.06003 0.0205298 0)
(1.0576 0.0200708 0)
(1.174 0.0390484 0)
(1.17073 0.0391804 0)
(1.16749 0.0392569 0)
(1.16427 0.0392808 0)
(1.16107 0.0392549 0)
(1.15791 0.0391821 0)
(1.15477 0.0390651 0)
(1.15167 0.0389066 0)
(1.14859 0.0387095 0)
(1.14555 0.0384764 0)
(1.14254 0.03821 0)
(1.13957 0.0379127 0)
(1.13663 0.0375871 0)
(1.13372 0.0372357 0)
(1.13085 0.0368608 0)
(1.12801 0.0364647 0)
(1.12521 0.0360497 0)
(1.12245 0.0356178 0)
(1.11972 0.0351711 0)
(1.11703 0.0347115 0)
(1.11437 0.034241 0)
(1.11176 0.0337613 0)
(1.10917 0.0332741 0)
(1.10663 0.032781 0)
(1.10412 0.0322835 0)
(1.10165 0.031783 0)
(1.09922 0.0312809 0)
(1.09682 0.0307783 0)
(1.09446 0.0302765 0)
(1.09214 0.0297765 0)
(1.08985 0.0292793 0)
(1.0876 0.0287858 0)
(1.08539 0.0282969 0)
(1.08322 0.0278133 0)
(1.08108 0.0273357 0)
(1.07898 0.0268647 0)
(1.07691 0.0264009 0)
(1.07488 0.0259448 0)
(1.07289 0.0254971 0)
(1.07094 0.0250577 0)
(1.06903 0.0246277 0)
(1.06715 0.0242065 0)
(1.06531 0.0237962 0)
(1.06351 0.0233939 0)
(1.06175 0.0230057 0)
(1.06003 0.0226226 0)
(1.05836 0.0222608 0)
(1.0567 0.0218943 0)
(1.05518 0.0215712 0)
(1.05348 0.0212033 0)
(1.05238 0.0209748 0)
(1.05009 0.0204583 0)
(1.16465 0.0409423 0)
(1.16134 0.0410332 0)
(1.15805 0.0410685 0)
(1.1548 0.0410513 0)
(1.15157 0.0409844 0)
(1.14839 0.0408708 0)
(1.14523 0.0407133 0)
(1.14211 0.0405148 0)
(1.13903 0.0402779 0)
(1.13598 0.0400055 0)
(1.13297 0.0397002 0)
(1.13 0.0393646 0)
(1.12706 0.0390013 0)
(1.12417 0.0386127 0)
(1.12131 0.0382013 0)
(1.11849 0.0377693 0)
(1.11571 0.0373189 0)
(1.11297 0.0368524 0)
(1.11027 0.0363717 0)
(1.1076 0.0358788 0)
(1.10498 0.0353757 0)
(1.1024 0.034864 0)
(1.09985 0.0343455 0)
(1.09734 0.0338217 0)
(1.09488 0.0332942 0)
(1.09245 0.0327643 0)
(1.09006 0.0322334 0)
(1.08771 0.0317028 0)
(1.0854 0.0311734 0)
(1.08312 0.0306465 0)
(1.08089 0.030123 0)
(1.07869 0.0296038 0)
(1.07654 0.0290897 0)
(1.07442 0.0285815 0)
(1.07234 0.0280798 0)
(1.07029 0.0275853 0)
(1.06829 0.0270985 0)
(1.06632 0.0266198 0)
(1.06439 0.0261499 0)
(1.06251 0.0256888 0)
(1.06066 0.0252376 0)
(1.05885 0.0247952 0)
(1.05707 0.0243644 0)
(1.05534 0.0239414 0)
(1.05365 0.0235335 0)
(1.052 0.0231292 0)
(1.0504 0.0227489 0)
(1.04882 0.0223591 0)
(1.04737 0.0220208 0)
(1.04575 0.0216216 0)
(1.04471 0.0213887 0)
(1.04255 0.0208138 0)
(1.15483 0.0428151 0)
(1.15148 0.0428624 0)
(1.14817 0.0428542 0)
(1.14489 0.0427938 0)
(1.14166 0.0426841 0)
(1.13846 0.042528 0)
(1.1353 0.0423284 0)
(1.13218 0.0420883 0)
(1.1291 0.0418104 0)
(1.12606 0.0414976 0)
(1.12306 0.0411525 0)
(1.1201 0.0407777 0)
(1.11718 0.0403759 0)
(1.11431 0.0399496 0)
(1.11148 0.039501 0)
(1.10869 0.0390327 0)
(1.10594 0.0385467 0)
(1.10323 0.0380452 0)
(1.10056 0.0375304 0)
(1.09794 0.0370041 0)
(1.09536 0.0364682 0)
(1.09282 0.0359245 0)
(1.09032 0.0353747 0)
(1.08786 0.0348203 0)
(1.08544 0.0342629 0)
(1.08306 0.0337038 0)
(1.08073 0.0331444 0)
(1.07843 0.0325859 0)
(1.07618 0.0320294 0)
(1.07396 0.0314759 0)
(1.07179 0.0309264 0)
(1.06965 0.0303818 0)
(1.06756 0.0298429 0)
(1.0655 0.0293105 0)
(1.06349 0.0287851 0)
(1.06151 0.0282674 0)
(1.05958 0.027758 0)
(1.05768 0.0272572 0)
(1.05582 0.0267656 0)
(1.054 0.0262832 0)
(1.05222 0.0258111 0)
(1.05049 0.0253482 0)
(1.04879 0.0248974 0)
(1.04713 0.0244541 0)
(1.04552 0.0240269 0)
(1.04394 0.0236019 0)
(1.04242 0.0232038 0)
(1.04092 0.0227907 0)
(1.03955 0.0224382 0)
(1.03802 0.0220074 0)
(1.03703 0.0217716 0)
(1.03502 0.0211374 0)
(1.14456 0.0446591 0)
(1.14119 0.0446606 0)
(1.13787 0.044607 0)
(1.13459 0.0445016 0)
(1.13135 0.0443473 0)
(1.12815 0.0441473 0)
(1.125 0.0439044 0)
(1.12189 0.0436216 0)
(1.11883 0.0433017 0)
(1.11581 0.0429476 0)
(1.11283 0.0425619 0)
(1.1099 0.0421474 0)
(1.10702 0.0417067 0)
(1.10418 0.0412421 0)
(1.10138 0.0407561 0)
(1.09863 0.0402512 0)
(1.09592 0.0397294 0)
(1.09326 0.0391929 0)
(1.09064 0.0386439 0)
(1.08806 0.0380842 0)
(1.08553 0.0375157 0)
(1.08305 0.0369401 0)
(1.0806 0.0363592 0)
(1.0782 0.0357745 0)
(1.07584 0.0351875 0)
(1.07353 0.0345995 0)
(1.07125 0.034012 0)
(1.06902 0.0334259 0)
(1.06683 0.0328426 0)
(1.06468 0.0322629 0)
(1.06258 0.0316879 0)
(1.06051 0.0311184 0)
(1.05849 0.0305552 0)
(1.0565 0.029999 0)
(1.05456 0.0294505 0)
(1.05266 0.0289101 0)
(1.0508 0.0283786 0)
(1.04897 0.0278561 0)
(1.04719 0.0273434 0)
(1.04545 0.0268402 0)
(1.04375 0.0263479 0)
(1.04209 0.0258649 0)
(1.04047 0.0253946 0)
(1.0389 0.0249315 0)
(1.03736 0.0244858 0)
(1.03587 0.0240404 0)
(1.03443 0.0236252 0)
(1.03301 0.0231891 0)
(1.03172 0.0228234 0)
(1.03029 0.0223608 0)
(1.02936 0.0221234 0)
(1.0275 0.0214295 0)
(1.13387 0.046467 0)
(1.1305 0.0464208 0)
(1.12719 0.0463202 0)
(1.12391 0.0461683 0)
(1.12068 0.0459682 0)
(1.11751 0.0457231 0)
(1.11437 0.0454358 0)
(1.11129 0.0451095 0)
(1.10825 0.0447469 0)
(1.10527 0.0443509 0)
(1.10233 0.0439242 0)
(1.09943 0.0434695 0)
(1.09659 0.0429895 0)
(1.09379 0.0424865 0)
(1.09104 0.041963 0)
(1.08834 0.0414214 0)
(1.08569 0.0408639 0)
(1.08308 0.0402925 0)
(1.08052 0.0397094 0)
(1.078 0.0391165 0)
(1.07553 0.0385157 0)
(1.07311 0.0379086 0)
(1.07073 0.0372969 0)
(1.0684 0.0366823 0)
(1.06611 0.036066 0)
(1.06386 0.0354496 0)
(1.06166 0.0348343 0)
(1.0595 0.0342213 0)
(1.05738 0.0336116 0)
(1.05531 0.0330063 0)
(1.05328 0.0324063 0)
(1.05129 0.0318125 0)
(1.04934 0.0312255 0)
(1.04744 0.0306461 0)
(1.04557 0.030075 0)
(1.04375 0.0295126 0)
(1.04197 0.0289595 0)
(1.04023 0.028416 0)
(1.03853 0.0278828 0)
(1.03687 0.0273594 0)
(1.03525 0.0268474 0)
(1.03368 0.0263449 0)
(1.03215 0.0258558 0)
(1.03066 0.0253734 0)
(1.02921 0.0249098 0)
(1.0278 0.0244446 0)
(1.02645 0.0240131 0)
(1.02512 0.0235542 0)
(1.02391 0.0231764 0)
(1.02258 0.022682 0)
(1.02171 0.0224443 0)
(1.02001 0.0216906 0)
(1.1228 0.0482319 0)
(1.11945 0.0481365 0)
(1.11615 0.0479874 0)
(1.11289 0.0477879 0)
(1.10969 0.0475411 0)
(1.10654 0.04725 0)
(1.10344 0.0469177 0)
(1.1004 0.0465473 0)
(1.0974 0.0461415 0)
(1.09446 0.0457032 0)
(1.09157 0.0452353 0)
(1.08873 0.0447403 0)
(1.08593 0.0442209 0)
(1.08319 0.0436795 0)
(1.0805 0.0431187 0)
(1.07786 0.0425406 0)
(1.07527 0.0419475 0)
(1.07273 0.0413415 0)
(1.07023 0.0407247 0)
(1.06779 0.0400989 0)
(1.06539 0.0394661 0)
(1.06304 0.0388279 0)
(1.06073 0.038186 0)
(1.05847 0.0375419 0)
(1.05626 0.036897 0)
(1.05409 0.0362527 0)
(1.05196 0.0356103 0)
(1.04989 0.0349708 0)
(1.04785 0.0343354 0)
(1.04586 0.0337051 0)
(1.04391 0.0330808 0)
(1.04201 0.0324632 0)
(1.04014 0.0318531 0)
(1.03832 0.0312512 0)
(1.03654 0.0306582 0)
(1.03481 0.0300744 0)
(1.03311 0.0295004 0)
(1.03146 0.0289365 0)
(1.02985 0.0283834 0)
(1.02828 0.0278405 0)
(1.02675 0.0273095 0)
(1.02527 0.0267881 0)
(1.02383 0.0262808 0)
(1.02243 0.0257799 0)
(1.02107 0.0252991 0)
(1.01976 0.0248146 0)
(1.01849 0.0243675 0)
(1.01726 0.0238864 0)
(1.01613 0.0234975 0)
(1.01491 0.0229713 0)
(1.0141 0.0227346 0)
(1.01256 0.0219214 0)
(1.11139 0.0499473 0)
(1.10806 0.0498016 0)
(1.10478 0.0496032 0)
(1.10157 0.0493552 0)
(1.09841 0.0490609 0)
(1.0953 0.0487233 0)
(1.09225 0.0483456 0)
(1.08925 0.0479307 0)
(1.08631 0.0474815 0)
(1.08342 0.0470009 0)
(1.08059 0.0464917 0)
(1.07781 0.0459565 0)
(1.07508 0.0453979 0)
(1.07241 0.0448183 0)
(1.06979 0.0442203 0)
(1.06722 0.0436061 0)
(1.0647 0.0429778 0)
(1.06223 0.0423376 0)
(1.05981 0.0416876 0)
(1.05744 0.0410295 0)
(1.05512 0.0403653 0)
(1.05285 0.0396966 0)
(1.05063 0.039025 0)
(1.04845 0.0383521 0)
(1.04632 0.0376792 0)
(1.04424 0.0370077 0)
(1.0422 0.0363388 0)
(1.04021 0.0356736 0)
(1.03826 0.0350132 0)
(1.03636 0.0343586 0)
(1.0345 0.0337105 0)
(1.03269 0.0330699 0)
(1.03091 0.0324375 0)
(1.02919 0.0318138 0)
(1.0275 0.0311996 0)
(1.02586 0.0305951 0)
(1.02425 0.030001 0)
(1.0227 0.0294174 0)
(1.02118 0.0288451 0)
(1.0197 0.0282834 0)
(1.01827 0.0277342 0)
(1.01688 0.0271946 0)
(1.01553 0.0266699 0)
(1.01422 0.026151 0)
(1.01296 0.0256538 0)
(1.01174 0.0251506 0)
(1.01057 0.0246889 0)
(1.00944 0.0241859 0)
(1.0084 0.0237869 0)
(1.00729 0.0232294 0)
(1.00654 0.0229948 0)
(1.00517 0.0221224 0)
(1.09965 0.0516076 0)
(1.09637 0.0514108 0)
(1.09314 0.0511623 0)
(1.08997 0.0508653 0)
(1.08686 0.0505231 0)
(1.08381 0.0501388 0)
(1.08081 0.0497154 0)
(1.07788 0.049256 0)
(1.075 0.0487635 0)
(1.07218 0.0482408 0)
(1.06942 0.0476904 0)
(1.06671 0.0471153 0)
(1.06406 0.0465178 0)
(1.06146 0.0459005 0)
(1.05892 0.0452658 0)
(1.05643 0.0446159 0)
(1.05399 0.043953 0)
(1.05161 0.0432793 0)
(1.04928 0.0425966 0)
(1.047 0.0419069 0)
(1.04476 0.0412119 0)
(1.04258 0.0405134 0)
(1.04045 0.0398129 0)
(1.03836 0.0391118 0)
(1.03632 0.0384117 0)
(1.03433 0.0377137 0)
(1.03239 0.0370191 0)
(1.03049 0.036329 0)
(1.02864 0.0356444 0)
(1.02683 0.0349662 0)
(1.02507 0.0342953 0)
(1.02335 0.0336325 0)
(1.02168 0.0329785 0)
(1.02004 0.0323338 0)
(1.01846 0.0316991 0)
(1.01691 0.0310747 0)
(1.01541 0.0304613 0)
(1.01394 0.0298588 0)
(1.01253 0.0292681 0)
(1.01115 0.0286884 0)
(1.00981 0.0281216 0)
(1.00852 0.0275646 0)
(1.00727 0.0270233 0)
(1.00606 0.0264872 0)
(1.0049 0.0259743 0)
(1.00378 0.0254531 0)
(1.00271 0.0249776 0)
(1.00168 0.0244533 0)
(1.00073 0.0240453 0)
(0.999733 0.0234568 0)
(0.999051 0.0232254 0)
(0.997844 0.0222946 0)
(1.08764 0.0532075 0)
(1.08441 0.0529591 0)
(1.08124 0.0526602 0)
(1.07813 0.052314 0)
(1.07509 0.0519238 0)
(1.0721 0.0514927 0)
(1.06918 0.0510239 0)
(1.06632 0.0505202 0)
(1.06352 0.0499846 0)
(1.06078 0.04942 0)
(1.05809 0.048829 0)
(1.05547 0.0482143 0)
(1.0529 0.0475785 0)
(1.05039 0.0469241 0)
(1.04794 0.0462533 0)
(1.04554 0.0455684 0)
(1.04319 0.0448716 0)
(1.0409 0.044165 0)
(1.03866 0.0434505 0)
(1.03647 0.0427299 0)
(1.03434 0.042005 0)
(1.03225 0.0412774 0)
(1.03021 0.0405488 0)
(1.02823 0.0398205 0)
(1.02629 0.0390939 0)
(1.0244 0.0383703 0)
(1.02255 0.0376509 0)
(1.02076 0.0369367 0)
(1.019 0.0362287 0)
(1.0173 0.0355278 0)
(1.01564 0.0348349 0)
(1.01402 0.0341507 0)
(1.01245 0.033476 0)
(1.01092 0.0328111 0)
(1.00943 0.0321568 0)
(1.00799 0.0315134 0)
(1.00659 0.0308814 0)
(1.00523 0.0302608 0)
(1.00391 0.0296526 0)
(1.00264 0.0290556 0)
(1.0014 0.0284722 0)
(1.00021 0.0278985 0)
(0.999064 0.0273414 0)
(0.997962 0.0267887 0)
(0.996896 0.0262611 0)
(0.995884 0.0257225 0)
(0.994907 0.0252342 0)
(0.993985 0.0246891 0)
(0.993124 0.0242731 0)
(0.992252 0.0236542 0)
(0.991634 0.0234268 0)
(0.9906 0.0224388 0)
(1.07539 0.0547425 0)
(1.07222 0.0544423 0)
(1.06912 0.0540929 0)
(1.06609 0.0536976 0)
(1.06312 0.0532596 0)
(1.06022 0.052782 0)
(1.05738 0.052268 0)
(1.0546 0.0517205 0)
(1.05189 0.0511423 0)
(1.04923 0.0505364 0)
(1.04664 0.0499053 0)
(1.04411 0.0492518 0)
(1.04164 0.0485784 0)
(1.03922 0.0478875 0)
(1.03686 0.0471814 0)
(1.03456 0.0464624 0)
(1.03232 0.0457325 0)
(1.03012 0.0449939 0)
(1.02799 0.0442483 0)
(1.0259 0.0434978 0)
(1.02387 0.0427438 0)
(1.02188 0.0419882 0)
(1.01995 0.0412323 0)
(1.01807 0.0404777 0)
(1.01624 0.0397256 0)
(1.01445 0.0389773 0)
(1.01271 0.038234 0)
(1.01102 0.0374966 0)
(1.00938 0.0367661 0)
(1.00778 0.0360435 0)
(1.00622 0.0353295 0)
(1.00471 0.0346249 0)
(1.00325 0.0339302 0)
(1.00182 0.0332461 0)
(1.00044 0.0325731 0)
(0.999107 0.0319115 0)
(0.997812 0.0312618 0)
(0.99656 0.030624 0)
(0.99535 0.029999 0)
(0.994182 0.0293856 0)
(0.993055 0.0287864 0)
(0.991971 0.0281969 0)
(0.990926 0.0276247 0)
(0.98993 0.0270564 0)
(0.988968 0.0265147 0)
(0.988063 0.0259596 0)
(0.987186 0.0254593 0)
(0.986375 0.0248942 0)
(0.985606 0.0244711 0)
(0.984857 0.0238224 0)
(0.984304 0.0235999 0)
(0.983446 0.022556 0)
(1.06293 0.0562086 0)
(1.05985 0.0558568 0)
(1.05683 0.0554572 0)
(1.05388 0.0550131 0)
(1.051 0.0545277 0)
(1.04818 0.0540041 0)
(1.04544 0.0534455 0)
(1.04275 0.0528547 0)
(1.04014 0.0522347 0)
(1.03758 0.0515882 0)
(1.03509 0.0509179 0)
(1.03266 0.0502264 0)
(1.03029 0.0495162 0)
(1.02798 0.0487898 0)
(1.02573 0.0480493 0)
(1.02353 0.047297 0)
(1.02139 0.046535 0)
(1.01931 0.0457653 0)
(1.01728 0.0449898 0)
(1.0153 0.0442101 0)
(1.01338 0.0434282 0)
(1.01151 0.0426454 0)
(1.00968 0.0418633 0)
(1.00791 0.0410834 0)
(1.00619 0.0403068 0)
(1.00452 0.0395348 0)
(1.00289 0.0387685 0)
(1.00131 0.0380089 0)
(0.999776 0.0372569 0)
(0.998288 0.0365135 0)
(0.996844 0.0357794 0)
(0.995446 0.0350552 0)
(0.99409 0.0343416 0)
(0.992779 0.0336392 0)
(0.99151 0.0329483 0)
(0.990284 0.0322694 0)
(0.9891 0.031603 0)
(0.987958 0.0309488 0)
(0.986857 0.030308 0)
(0.985799 0.0296791 0)
(0.98478 0.0290648 0)
(0.983806 0.0284603 0)
(0.982869 0.0278739 0)
(0.981982 0.0272907 0)
(0.981125 0.026736 0)
(0.98033 0.026165 0)
(0.979556 0.0256536 0)
(0.978857 0.0250692 0)
(0.978182 0.02464 0)
(0.977559 0.0239623 0)
(0.977071 0.0237454 0)
(0.97639 0.0226472 0)
(1.0503 0.0576026 0)
(1.04731 0.0571995 0)
(1.04438 0.0567502 0)
(1.04153 0.0562579 0)
(1.03875 0.0557258 0)
(1.03604 0.055157 0)
(1.03339 0.0545545 0)
(1.03081 0.0539214 0)
(1.0283 0.0532603 0)
(1.02586 0.0525742 0)
(1.02347 0.0518655 0)
(1.02115 0.051137 0)
(1.01889 0.0503911 0)
(1.01669 0.0496301 0)
(1.01455 0.0488563 0)
(1.01247 0.0480718 0)
(1.01045 0.0472787 0)
(1.00848 0.046479 0)
(1.00656 0.0456745 0)
(1.0047 0.044867 0)
(1.00289 0.044058 0)
(1.00114 0.0432492 0)
(0.999432 0.0424419 0)
(0.997776 0.0416377 0)
(0.99617 0.0408376 0)
(0.994612 0.0400429 0)
(0.993101 0.0392547 0)
(0.991638 0.038474 0)
(0.99022 0.0377016 0)
(0.988848 0.0369383 0)
(0.98752 0.036185 0)
(0.986236 0.0354423 0)
(0.984996 0.0347108 0)
(0.9838 0.0339909 0)
(0.982645 0.0332832 0)
(0.981533 0.0325879 0)
(0.980463 0.0319057 0)
(0.979434 0.0312361 0)
(0.978446 0.0305803 0)
(0.9775 0.0299366 0)
(0.976593 0.0293082 0)
(0.975731 0.0286896 0)
(0.974904 0.0280899 0)
(0.974128 0.0274927 0)
(0.973379 0.0269257 0)
(0.972695 0.0263397 0)
(0.972026 0.025818 0)
(0.971441 0.0252152 0)
(0.970861 0.0247805 0)
(0.970366 0.0240749 0)
(0.969943 0.023864 0)
(0.969442 0.0227135 0)
(1.03754 0.0589218 0)
(1.03465 0.0584682 0)
(1.03183 0.0579699 0)
(1.02908 0.0574302 0)
(1.02641 0.0568522 0)
(1.02381 0.0562391 0)
(1.02127 0.0555938 0)
(1.01881 0.0549192 0)
(1.01641 0.0542182 0)
(1.01408 0.0534935 0)
(1.01181 0.0527476 0)
(1.00961 0.0519832 0)
(1.00747 0.0512026 0)
(1.00539 0.0504082 0)
(1.00337 0.0496022 0)
(1.00141 0.0487867 0)
(0.999502 0.0479636 0)
(0.997654 0.0471351 0)
(0.99586 0.0463027 0)
(0.99412 0.0454684 0)
(0.992433 0.0446335 0)
(0.990798 0.0437998 0)
(0.989214 0.0429685 0)
(0.98768 0.0421411 0)
(0.986195 0.0413186 0)
(0.984757 0.0405024 0)
(0.983367 0.0396933 0)
(0.982024 0.0388924 0)
(0.980726 0.0381006 0)
(0.979473 0.0373186 0)
(0.978265 0.0365472 0)
(0.9771 0.0357869 0)
(0.975979 0.0350384 0)
(0.9749 0.0343021 0)
(0.973863 0.0335785 0)
(0.972868 0.0328678 0)
(0.971914 0.0321706 0)
(0.971001 0.0314865 0)
(0.970129 0.0308166 0)
(0.969298 0.0301592 0)
(0.968505 0.0295176 0)
(0.967756 0.0288856 0)
(0.967041 0.0282735 0)
(0.966378 0.0276631 0)
(0.96574 0.0270846 0)
(0.965168 0.0264845 0)
(0.964604 0.0259534 0)
(0.964136 0.0253329 0)
(0.963651 0.0248937 0)
(0.963286 0.0241612 0)
(0.962929 0.0239566 0)
(0.962608 0.022756 0)
(1.02467 0.0601641 0)
(1.02189 0.0596609 0)
(1.01919 0.0591146 0)
(1.01656 0.0585285 0)
(1.014 0.0579058 0)
(1.01152 0.0572494 0)
(1.00911 0.0565624 0)
(1.00677 0.0558476 0)
(1.00449 0.0551078 0)
(1.00228 0.0543457 0)
(1.00014 0.0535638 0)
(0.998063 0.0527647 0)
(0.996047 0.0519507 0)
(0.994092 0.0511241 0)
(0.992197 0.0502871 0)
(0.990361 0.0494417 0)
(0.988583 0.04859 0)
(0.986861 0.0477338 0)
(0.985193 0.0468749 0)
(0.98358 0.0460149 0)
(0.982019 0.0451554 0)
(0.98051 0.0442979 0)
(0.979051 0.0434437 0)
(0.977642 0.0425942 0)
(0.976282 0.0417505 0)
(0.97497 0.0409138 0)
(0.973704 0.040085 0)
(0.972485 0.0392651 0)
(0.97131 0.0384549 0)
(0.970181 0.0376552 0)
(0.969095 0.0368666 0)
(0.968052 0.0360898 0)
(0.967052 0.0353254 0)
(0.966094 0.0345736 0)
(0.965177 0.0338351 0)
(0.964302 0.03311 0)
(0.963466 0.0323988 0)
(0.962672 0.031701 0)
(0.961916 0.031018 0)
(0.961202 0.0303477 0)
(0.960525 0.0296937 0)
(0.959892 0.0290494 0)
(0.959291 0.0284257 0)
(0.958742 0.0278029 0)
(0.958215 0.0272139 0)
(0.957758 0.0266005 0)
(0.9573 0.0260607 0)
(0.956949 0.0254236 0)
(0.956561 0.0249804 0)
(0.956326 0.0242222 0)
(0.956035 0.0240241 0)
(0.955894 0.0227759 0)
(1.01174 0.0613281 0)
(1.00908 0.0607764 0)
(1.0065 0.0601834 0)
(1.004 0.0595521 0)
(1.00157 0.0588859 0)
(0.999212 0.0581875 0)
(0.996929 0.0574601 0)
(0.994715 0.0567063 0)
(0.99257 0.0559291 0)
(0.990492 0.0551308 0)
(0.988481 0.0543143 0)
(0.986533 0.0534817 0)
(0.984648 0.0526356 0)
(0.982825 0.0517782 0)
(0.981061 0.0509115 0)
(0.979357 0.0500376 0)
(0.977709 0.0491584 0)
(0.976118 0.0482758 0)
(0.974582 0.0473915 0)
(0.973099 0.0465071 0)
(0.971669 0.0456242 0)
(0.970289 0.0447441 0)
(0.968961 0.0438683 0)
(0.967681 0.0429979 0)
(0.966449 0.0421342 0)
(0.965265 0.0412781 0)
(0.964127 0.0404307 0)
(0.963035 0.0395929 0)
(0.961987 0.0387654 0)
(0.960983 0.037949 0)
(0.960023 0.0371444 0)
(0.959104 0.0363521 0)
(0.958228 0.0355727 0)
(0.957393 0.0348066 0)
(0.956599 0.0340541 0)
(0.955845 0.0333154 0)
(0.95513 0.0325912 0)
(0.954456 0.0318808 0)
(0.953819 0.0311856 0)
(0.953223 0.0305033 0)
(0.952663 0.0298378 0)
(0.952147 0.0291819 0)
(0.951661 0.0285475 0)
(0.951228 0.0279132 0)
(0.950813 0.0273144 0)
(0.950472 0.0266886 0)
(0.950121 0.0261409 0)
(0.949889 0.0254882 0)
(0.949596 0.0250415 0)
(0.949494 0.0242591 0)
(0.949268 0.0240674 0)
(0.949307 0.0227742 0)
(0.998765 0.062413 0)
(0.996239 0.0618141 0)
(0.993792 0.0611756 0)
(0.991422 0.0605006 0)
(0.989128 0.0597922 0)
(0.986907 0.0590533 0)
(0.984758 0.0582868 0)
(0.982681 0.0574955 0)
(0.980672 0.0566821 0)
(0.978731 0.0558492 0)
(0.976855 0.0549994 0)
(0.975044 0.0541348 0)
(0.973296 0.053258 0)
(0.971609 0.052371 0)
(0.969982 0.051476 0)
(0.968413 0.0505749 0)
(0.966902 0.0496696 0)
(0.965446 0.048762 0)
(0.964044 0.0478536 0)
(0.962696 0.0469461 0)
(0.9614 0.046041 0)
(0.960154 0.0451396 0)
(0.958959 0.0442433 0)
(0.957811 0.0433533 0)
(0.956712 0.0424706 0)
(0.955659 0.0415964 0)
(0.954651 0.0407315 0)
(0.953689 0.0398769 0)
(0.95277 0.0390332 0)
(0.951894 0.0382013 0)
(0.951061 0.0373817 0)
(0.950269 0.0365749 0)
(0.949519 0.0357816 0)
(0.948809 0.035002 0)
(0.948139 0.0342365 0)
(0.947508 0.0334853 0)
(0.946916 0.032749 0)
(0.946362 0.0320268 0)
(0.945846 0.0313203 0)
(0.94537 0.0306269 0)
(0.944929 0.0299508 0)
(0.94453 0.0292843 0)
(0.94416 0.02864 0)
(0.943844 0.0279951 0)
(0.943541 0.0273874 0)
(0.943316 0.02675 0)
(0.943073 0.0261951 0)
(0.94296 0.0255278 0)
(0.942763 0.0250782 0)
(0.942794 0.0242729 0)
(0.942633 0.0240875 0)
(0.942852 0.0227521 0)
(0.985786 0.0634182 0)
(0.9834 0.0627737 0)
(0.981093 0.0620912 0)
(0.978864 0.061374 0)
(0.97671 0.0606249 0)
(0.974631 0.0598469 0)
(0.972624 0.0590429 0)
(0.970688 0.0582156 0)
(0.968821 0.0573677 0)
(0.967021 0.0565016 0)
(0.965287 0.0556198 0)
(0.963618 0.0547248 0)
(0.962011 0.0538186 0)
(0.960465 0.0529036 0)
(0.958978 0.0519816 0)
(0.95755 0.0510547 0)
(0.956178 0.0501247 0)
(0.954861 0.0491933 0)
(0.953598 0.0482622 0)
(0.952388 0.0473329 0)
(0.951229 0.0464069 0)
(0.95012 0.0454855 0)
(0.949061 0.0445699 0)
(0.948048 0.0436614 0)
(0.947083 0.042761 0)
(0.946164 0.0418698 0)
(0.945289 0.0409886 0)
(0.944458 0.0401183 0)
(0.943671 0.0392595 0)
(0.942925 0.0384131 0)
(0.942221 0.0375795 0)
(0.941558 0.0367594 0)
(0.940935 0.0359531 0)
(0.940351 0.035161 0)
(0.939806 0.0343836 0)
(0.9393 0.0336208 0)
(0.938831 0.0328733 0)
(0.938401 0.0321404 0)
(0.938006 0.0314234 0)
(0.937651 0.0307198 0)
(0.937328 0.030034 0)
(0.937048 0.0293577 0)
(0.936795 0.0287043 0)
(0.936595 0.0280497 0)
(0.936406 0.0274338 0)
(0.936297 0.0267859 0)
(0.936162 0.0262244 0)
(0.936168 0.0255435 0)
(0.936067 0.0250914 0)
(0.936231 0.0242649 0)
(0.936135 0.0240853 0)
(0.936532 0.0227108 0)
(0.97283 0.064344 0)
(0.97059 0.0636555 0)
(0.968429 0.0629307 0)
(0.966347 0.0621727 0)
(0.964341 0.0613846 0)
(0.962408 0.0605692 0)
(0.960549 0.0597293 0)
(0.958759 0.0588675 0)
(0.957039 0.0579865 0)
(0.955386 0.0570888 0)
(0.953798 0.0561767 0)
(0.952275 0.0552526 0)
(0.950813 0.0543187 0)
(0.949411 0.053377 0)
(0.948069 0.0524295 0)
(0.946784 0.0514782 0)
(0.945555 0.0505249 0)
(0.944381 0.0495711 0)
(0.94326 0.0486186 0)
(0.94219 0.0476688 0)
(0.941171 0.0467232 0)
(0.940202 0.0457829 0)
(0.93928 0.0448494 0)
(0.938405 0.0439237 0)
(0.937577 0.0430068 0)
(0.936793 0.0420997 0)
(0.936053 0.0412033 0)
(0.935356 0.0403184 0)
(0.934701 0.0394457 0)
(0.934087 0.0385858 0)
(0.933513 0.0377393 0)
(0.93298 0.0369068 0)
(0.932485 0.0360886 0)
(0.932029 0.0352851 0)
(0.931611 0.0344967 0)
(0.93123 0.0337232 0)
(0.930886 0.0329655 0)
(0.930578 0.0322226 0)
(0.930306 0.0314961 0)
(0.930071 0.0307832 0)
(0.929868 0.0300885 0)
(0.929707 0.0294033 0)
(0.929571 0.0287417 0)
(0.929488 0.0280782 0)
(0.929412 0.0274548 0)
(0.92942 0.0267972 0)
(0.929392 0.0262299 0)
(0.929518 0.0255365 0)
(0.929511 0.0250822 0)
(0.929808 0.024236 0)
(0.929777 0.0240618 0)
(0.930352 0.0226515 0)
(0.959922 0.065191 0)
(0.957834 0.0644601 0)
(0.955827 0.0636947 0)
(0.953897 0.0628978 0)
(0.952043 0.0620724 0)
(0.950262 0.0612212 0)
(0.948555 0.0603469 0)
(0.946917 0.0594524 0)
(0.945348 0.0585399 0)
(0.943845 0.0576122 0)
(0.942407 0.0566713 0)
(0.941033 0.0557197 0)
(0.93972 0.0547595 0)
(0.938466 0.0537926 0)
(0.937271 0.0528212 0)
(0.936133 0.0518469 0)
(0.93505 0.0508715 0)
(0.93402 0.0498968 0)
(0.933043 0.0489242 0)
(0.932116 0.0479553 0)
(0.931239 0.0469913 0)
(0.930411 0.0460335 0)
(0.92963 0.0450832 0)
(0.928894 0.0441415 0)
(0.928203 0.0432092 0)
(0.927557 0.0422875 0)
(0.926953 0.041377 0)
(0.926391 0.0404786 0)
(0.925869 0.039593 0)
(0.925389 0.0387208 0)
(0.924947 0.0378625 0)
(0.924544 0.0370186 0)
(0.924179 0.0361895 0)
(0.923851 0.0353755 0)
(0.92356 0.0345769 0)
(0.923305 0.0337938 0)
(0.923085 0.0330267 0)
(0.922901 0.0322749 0)
(0.922751 0.0315397 0)
(0.922638 0.0308184 0)
(0.922554 0.0301156 0)
(0.922512 0.0294223 0)
(0.922493 0.0287533 0)
(0.922527 0.0280817 0)
(0.922564 0.0274516 0)
(0.922689 0.0267853 0)
(0.922767 0.0262126 0)
(0.923013 0.025508 0)
(0.923101 0.0250516 0)
(0.92353 0.0241876 0)
(0.923563 0.024018 0)
(0.924313 0.0225752 0)
(0.947088 0.0659599 0)
(0.945158 0.0651886 0)
(0.943308 0.0643844 0)
(0.941535 0.0635503 0)
(0.939838 0.0626893 0)
(0.938214 0.061804 0)
(0.936662 0.0608973 0)
(0.93518 0.0599715 0)
(0.933765 0.0590293 0)
(0.932416 0.0580731 0)
(0.931132 0.0571051 0)
(0.929909 0.0561275 0)
(0.928748 0.0551425 0)
(0.927645 0.054152 0)
(0.9266 0.053158 0)
(0.92561 0.0521622 0)
(0.924675 0.0511663 0)
(0.923792 0.0501719 0)
(0.922961 0.0491806 0)
(0.922179 0.0481938 0)
(0.921446 0.0472128 0)
(0.92076 0.0462388 0)
(0.92012 0.0452729 0)
(0.919525 0.0443163 0)
(0.918974 0.0433699 0)
(0.918466 0.0424346 0)
(0.917999 0.0415112 0)
(0.917573 0.0406005 0)
(0.917186 0.039703 0)
(0.916839 0.0388195 0)
(0.916529 0.0379504 0)
(0.916257 0.0370961 0)
(0.916022 0.036257 0)
(0.915823 0.0354335 0)
(0.915659 0.0346258 0)
(0.91553 0.0338339 0)
(0.915435 0.0330584 0)
(0.915375 0.0322984 0)
(0.915347 0.0315554 0)
(0.915355 0.0308265 0)
(0.915391 0.0301165 0)
(0.915468 0.029416 0)
(0.915565 0.0287402 0)
(0.915717 0.0280615 0)
(0.915866 0.0274254 0)
(0.916107 0.0267512 0)
(0.916291 0.0261738 0)
(0.916656 0.025459 0)
(0.916837 0.0250006 0)
(0.917399 0.0241206 0)
(0.917495 0.0239549 0)
(0.918419 0.0224831 0)
(0.934351 0.0666523 0)
(0.932584 0.0658423 0)
(0.930895 0.0650012 0)
(0.929284 0.0641318 0)
(0.927747 0.063237 0)
(0.926283 0.0623194 0)
(0.92489 0.0613818 0)
(0.923566 0.0604266 0)
(0.922309 0.0594564 0)
(0.921117 0.0584733 0)
(0.919988 0.0574797 0)
(0.91892 0.0564778 0)
(0.917913 0.0554695 0)
(0.916963 0.0544569 0)
(0.916069 0.0534417 0)
(0.91523 0.0524258 0)
(0.914444 0.0514107 0)
(0.91371 0.0503981 0)
(0.913026 0.0493895 0)
(0.91239 0.0483861 0)
(0.911802 0.0473893 0)
(0.91126 0.0464002 0)
(0.910763 0.0454201 0)
(0.910309 0.0444498 0)
(0.909898 0.0434904 0)
(0.909529 0.0425427 0)
(0.909199 0.0416075 0)
(0.908909 0.0406855 0)
(0.908658 0.0397772 0)
(0.908445 0.0388834 0)
(0.908268 0.0380044 0)
(0.908127 0.0371408 0)
(0.908022 0.0362928 0)
(0.907952 0.0354606 0)
(0.907915 0.0346447 0)
(0.907912 0.0338449 0)
(0.907942 0.0330619 0)
(0.908006 0.0322946 0)
(0.9081 0.0315447 0)
(0.908228 0.0308089 0)
(0.908384 0.0300925 0)
(0.908579 0.0293856 0)
(0.908792 0.0287039 0)
(0.90906 0.0280188 0)
(0.909321 0.0273773 0)
(0.909677 0.0266962 0)
(0.909967 0.0261145 0)
(0.91045 0.0253907 0)
(0.910724 0.0249305 0)
(0.911417 0.0240363 0)
(0.911575 0.0238735 0)
(0.91267 0.0223762 0)
(0.921732 0.0672696 0)
(0.920131 0.066423 0)
(0.918608 0.0655468 0)
(0.917161 0.064644 0)
(0.915788 0.0637172 0)
(0.914487 0.0627692 0)
(0.913256 0.0618024 0)
(0.912092 0.0608195 0)
(0.910995 0.0598228 0)
(0.909962 0.0588146 0)
(0.90899 0.057797 0)
(0.908079 0.0567723 0)
(0.907227 0.0557423 0)
(0.906431 0.054709 0)
(0.905691 0.0536742 0)
(0.905004 0.0526395 0)
(0.904369 0.0516067 0)
(0.903784 0.0505772 0)
(0.903248 0.0495525 0)
(0.90276 0.0485339 0)
(0.902317 0.0475225 0)
(0.90192 0.0465197 0)
(0.901566 0.0455264 0)
(0.901254 0.0445437 0)
(0.900983 0.0435724 0)
(0.900753 0.0426134 0)
(0.900562 0.0416674 0)
(0.900408 0.0407351 0)
(0.900292 0.0398172 0)
(0.900213 0.0389141 0)
(0.900169 0.0380263 0)
(0.900159 0.0371541 0)
(0.900184 0.0362981 0)
(0.900242 0.0354583 0)
(0.900332 0.034635 0)
(0.900455 0.0338282 0)
(0.90061 0.0330385 0)
(0.900796 0.0322647 0)
(0.901011 0.0315086 0)
(0.90126 0.030767 0)
(0.901534 0.0300448 0)
(0.901847 0.0293323 0)
(0.902175 0.0286454 0)
(0.902559 0.0279547 0)
(0.902931 0.0273085 0)
(0.903402 0.0266214 0)
(0.903796 0.0260358 0)
(0.904396 0.0253043 0)
(0.904761 0.0248421 0)
(0.905584 0.0239358 0)
(0.905804 0.0237747 0)
(0.907069 0.0222556 0)
(0.909252 0.0678138 0)
(0.90782 0.0669325 0)
(0.906465 0.0660233 0)
(0.905185 0.0650888 0)
(0.903978 0.0641319 0)
(0.902842 0.0631552 0)
(0.901774 0.0621611 0)
(0.900774 0.0611522 0)
(0.899838 0.0601307 0)
(0.898965 0.0590989 0)
(0.898152 0.058059 0)
(0.897399 0.057013 0)
(0.896704 0.0559628 0)
(0.896063 0.0549103 0)
(0.895477 0.0538573 0)
(0.894943 0.0528053 0)
(0.894459 0.0517561 0)
(0.894024 0.0507111 0)
(0.893637 0.0496716 0)
(0.893296 0.0486389 0)
(0.893 0.0476143 0)
(0.892747 0.0465988 0)
(0.892536 0.0455936 0)
(0.892367 0.0445995 0)
(0.892237 0.0436175 0)
)
;

boundaryField
{
    inlet
    {
        type            uniformFixedValue;
        uniformValue    constant (1 0 0);
        value           nonuniform 0();
    }
    outlet
    {
        type            pressureInletOutletVelocity;
        value           nonuniform List<vector> 
50
(
(1.18789 0.000475701 0)
(1.18741 0.00140958 0)
(1.18647 0.00231718 0)
(1.18509 0.00320957 0)
(1.1833 0.00409021 0)
(1.1811 0.00496037 0)
(1.17852 0.00582089 0)
(1.17556 0.00667221 0)
(1.17224 0.00751427 0)
(1.16855 0.00834659 0)
(1.16452 0.00916832 0)
(1.16016 0.00997831 0)
(1.15547 0.0107752 0)
(1.15048 0.0115573 0)
(1.14519 0.0123231 0)
(1.13962 0.0130708 0)
(1.13379 0.0137986 0)
(1.12771 0.0145047 0)
(1.1214 0.0151876 0)
(1.11489 0.0158455 0)
(1.10818 0.0164771 0)
(1.10131 0.0170811 0)
(1.09429 0.0176562 0)
(1.08713 0.0182015 0)
(1.07987 0.0187162 0)
(1.07251 0.0191995 0)
(1.06508 0.0196512 0)
(1.0576 0.0200708 0)
(1.05009 0.0204583 0)
(1.04255 0.0208138 0)
(1.03502 0.0211374 0)
(1.0275 0.0214295 0)
(1.02001 0.0216906 0)
(1.01256 0.0219214 0)
(1.00517 0.0221224 0)
(0.997844 0.0222946 0)
(0.9906 0.0224388 0)
(0.983446 0.022556 0)
(0.97639 0.0226472 0)
(0.969442 0.0227135 0)
(0.962608 0.022756 0)
(0.955894 0.0227759 0)
(0.949307 0.0227742 0)
(0.942852 0.0227521 0)
(0.936532 0.0227108 0)
(0.930352 0.0226515 0)
(0.924313 0.0225752 0)
(0.918419 0.0224831 0)
(0.91267 0.0223762 0)
(0.907069 0.0222556 0)
)
;
    }
    cylinder
    {
        type            fixedValue;
        value           nonuniform 0();
    }
    top
    {
        type            symmetryPlane;
    }
    bottom
    {
        type            symmetryPlane;
    }
    defaultFaces
    {
        type            empty;
    }
    procBoundary3to2
    {
        type            processor;
        value           nonuniform List<vector> 
50
(
(1.25391 0.000393248 0)
(1.254 0.00117688 0)
(1.25416 0.00196011 0)
(1.25437 0.00275331 0)
(1.25461 0.00356583 0)
(1.25484 0.0044061 0)
(1.25504 0.00528173 0)
(1.25516 0.00619965 0)
(1.25517 0.00716603 0)
(1.25503 0.00818635 0)
(1.25469 0.00926536 0)
(1.25412 0.010407 0)
(1.25328 0.0116145 0)
(1.25212 0.0128899 0)
(1.25061 0.0142348 0)
(1.2487 0.0156495 0)
(1.24636 0.0171332 0)
(1.24357 0.0186845 0)
(1.24028 0.0203008 0)
(1.23648 0.0219784 0)
(1.23215 0.023713 0)
(1.22726 0.025499 0)
(1.22182 0.0273305 0)
(1.2158 0.0292006 0)
(1.20922 0.0311019 0)
(1.20206 0.0330266 0)
(1.19435 0.0349665 0)
(1.18609 0.0369131 0)
(1.1773 0.0388582 0)
(1.16799 0.0407931 0)
(1.15821 0.0427096 0)
(1.14796 0.0445996 0)
(1.13728 0.0464556 0)
(1.12621 0.0482703 0)
(1.11477 0.0500369 0)
(1.103 0.0517494 0)
(1.09094 0.0534021 0)
(1.07863 0.0549902 0)
(1.06609 0.0565094 0)
(1.05337 0.0579561 0)
(1.04051 0.0593274 0)
(1.02753 0.060621 0)
(1.01447 0.0618352 0)
(1.00137 0.062969 0)
(0.988253 0.0640217 0)
(0.975151 0.0649933 0)
(0.962091 0.0658843 0)
(0.949099 0.0666955 0)
(0.936199 0.0674281 0)
(0.923414 0.0680838 0)
)
;
    }
    procBoundary3to6
    {
        type            processor;
        value           uniform (0.910763 0.0686643 0);
    }
    procBoundary3to7
    {
        type            processor;
        value           nonuniform List<vector> 
53
(
(0.892146 0.0426483 0)
(0.892092 0.0416926 0)
(0.892075 0.0407511 0)
(0.892094 0.0398244 0)
(0.892148 0.038913 0)
(0.892236 0.0380173 0)
(0.892358 0.0371377 0)
(0.892512 0.0362745 0)
(0.892698 0.0354279 0)
(0.892915 0.0345982 0)
(0.893163 0.0337852 0)
(0.893441 0.0329895 0)
(0.89375 0.0322102 0)
(0.894086 0.0314487 0)
(0.894454 0.0307019 0)
(0.894846 0.0299748 0)
(0.895276 0.0292574 0)
(0.895718 0.0285659 0)
(0.896216 0.0278705 0)
(0.896698 0.0272202 0)
(0.897282 0.026528 0)
(0.89778 0.0259389 0)
(0.898495 0.0252009 0)
(0.898952 0.0247366 0)
(0.899903 0.02382 0)
(0.900184 0.0236595 0)
(0.901615 0.0221224 0)
(0.896927 0.0682871 0)
(0.895667 0.0673731 0)
(0.894482 0.0664326 0)
(0.893371 0.0654685 0)
(0.892332 0.0644833 0)
(0.891362 0.0634796 0)
(0.89046 0.06246 0)
(0.889623 0.0614267 0)
(0.88885 0.0603821 0)
(0.888138 0.0593284 0)
(0.887486 0.0582677 0)
(0.886891 0.0572019 0)
(0.886353 0.056133 0)
(0.885869 0.0550628 0)
(0.885437 0.0539929 0)
(0.885056 0.0529251 0)
(0.884724 0.0518608 0)
(0.88444 0.0508015 0)
(0.884201 0.0497485 0)
(0.884008 0.0487031 0)
(0.883858 0.0476664 0)
(0.88375 0.0466395 0)
(0.883682 0.0456235 0)
(0.883654 0.0446192 0)
(0.892146 0.0426483 0)
(0.883665 0.0436274 0)
)
;
    }
}


// ************************************************************************* //
