/*--------------------------------*- C++ -*----------------------------------*\
  =========                 |
  \\      /  F ield         | OpenFOAM: The Open Source CFD Toolbox
   \\    /   O peration     | Website:  https://openfoam.org
    \\  /    A nd           | Version:  7
     \\/     M anipulation  |
\*---------------------------------------------------------------------------*/
FoamFile
{
    version     2.0;
    format      ascii;
    class       surfaceScalarField;
    location    "10";
    object      phi;
}
// * * * * * * * * * * * * * * * * * * * * * * * * * * * * * * * * * * * * * //

dimensions      [0 3 -1 0 0 0 0];

internalField   nonuniform List<scalar> 
5144
(
0.00203438
0.00069293
0.00202671
0.000680437
0.00201928
0.000665018
0.00201212
0.000646722
0.00200525
0.000625654
0.00199869
0.000601985
0.00199247
0.000575941
0.0019866
0.000547808
0.00198109
0.00051792
0.00197596
0.000486657
0.00197121
0.000454413
0.00196684
0.000421626
0.00196285
0.000388691
0.00195922
0.000356057
0.00195594
0.000324045
0.00195301
0.000293096
0.0019504
0.000263357
0.00194808
0.00023531
0.00194605
0.000208767
0.00194427
0.000184447
0.00194273
0.000161506
0.00194139
0.0001414
0.00194026
0.000121894
0.00193926
0.000106356
0.00193845
8.94643e-05
0.00193771
7.90751e-05
6.29103e-05
0.00219712
0.000485077
0.00219032
0.000499273
0.00218338
0.000513797
0.00217632
0.000528608
0.00216912
0.000543656
0.0021618
0.000558875
0.00215434
0.00057419
0.00214676
0.000589511
0.00213906
0.000604733
0.00213124
0.000619738
0.00212331
0.000634392
0.00211528
0.000648546
0.00210716
0.000662037
0.00209896
0.000674688
0.00209069
0.000686308
0.00208238
0.000696698
0.00207404
0.000705647
0.0020657
0.000712941
0.00205736
0.000718363
0.00204907
0.0007217
0.00204084
0.000722748
0.0020327
0.000721316
0.00202468
0.000717238
0.00201681
0.000710374
0.00200912
0.000700622
0.00200164
0.000687922
0.00199439
0.000672269
0.0019874
0.000653711
0.00198069
0.000632358
0.0019743
0.000608379
0.00196823
0.000582006
0.00196251
0.000553529
0.00195715
0.000523282
0.00195216
0.000491652
0.00194753
0.000459038
0.00194328
0.00042588
0.00193939
0.000392578
0.00193586
0.000359586
0.00193268
0.000327227
0.00192983
0.000295948
0.00192729
0.000265893
0.00192505
0.000237555
0.00192307
0.000210737
0.00192135
0.000186173
0.00191986
0.000162997
0.00191856
0.000142701
0.00191746
0.000122992
0.00191649
0.000107322
0.00191571
9.02429e-05
0.00191499
7.97963e-05
6.34435e-05
0.00216846
0.000491656
0.00216176
0.000505973
0.00215494
0.000520621
0.00214799
0.000535558
0.00214091
0.000550731
0.00213371
0.000566076
0.00212639
0.000581515
0.00211894
0.000596957
0.00211138
0.000612297
0.0021037
0.000627414
0.00209592
0.000642173
0.00208805
0.000656423
0.00208008
0.00067
0.00207205
0.000682725
0.00206395
0.000694405
0.00205581
0.000704838
0.00204765
0.000713812
0.00203948
0.00072111
0.00203132
0.000726516
0.00202321
0.000729812
0.00201516
0.000730795
0.00200721
0.000729271
0.00199937
0.000725073
0.00199169
0.000718061
0.00198418
0.000708133
0.00197687
0.00069523
0.00196979
0.000679345
0.00196297
0.00066053
0.00195644
0.000638895
0.0019502
0.000614613
0.00194429
0.000587917
0.00193872
0.000559101
0.0019335
0.000528504
0.00192863
0.000496516
0.00192413
0.000463539
0.00191999
0.000430018
0.00191621
0.000396358
0.00191278
0.000363016
0.00190969
0.000330318
0.00190692
0.000298717
0.00190446
0.000268356
0.00190228
0.000239734
0.00190037
0.000212648
0.0018987
0.000187847
0.00189725
0.000164442
0.00189599
0.00014396
0.00189493
0.000124054
0.001894
0.000108257
0.00189324
9.0995e-05
0.00189255
8.04942e-05
6.39582e-05
0.00214013
0.000498132
0.00213354
0.000512567
0.00212683
0.000527334
0.00211999
0.000542392
0.00211304
0.000557686
0.00210596
0.000573152
0.00209877
0.00058871
0.00209145
0.000604269
0.00208403
0.000619721
0.0020765
0.000634945
0.00206887
0.000649805
0.00206114
0.000664147
0.00205334
0.000677806
0.00204546
0.0006906
0.00203753
0.000702336
0.00202956
0.000712808
0.00202157
0.000721804
0.00201357
0.000729105
0.0020056
0.000734491
0.00199766
0.000737745
0.0019898
0.000738661
0.00198203
0.000737044
0.00197437
0.000732727
0.00196686
0.000725568
0.00195953
0.000715466
0.0019524
0.000702361
0.0019455
0.000686249
0.00193885
0.000667181
0.00193247
0.000645269
0.0019264
0.000620689
0.00192064
0.000593676
0.00191521
0.000564529
0.00191013
0.000533589
0.00190539
0.00050125
0.00190101
0.000467918
0.00189699
0.000434043
0.00189331
0.000400033
0.00188998
0.000366349
0.00188698
0.000333321
0.00188429
0.000301406
0.0018819
0.000270745
0.00187979
0.000241848
0.00187793
0.0002145
0.00187631
0.000189469
0.00187491
0.000165841
0.00187369
0.000145178
0.00187267
0.000125082
0.00187176
0.00010916
0.00187104
9.17209e-05
0.00187036
8.11693e-05
6.44548e-05
0.00211213
0.000504507
0.00210564
0.000519055
0.00209904
0.000533937
0.00209232
0.000549111
0.00208549
0.000564522
0.00207853
0.000580103
0.00207147
0.000595776
0.00206429
0.000611447
0.00205701
0.000627007
0.00204962
0.000642334
0.00204213
0.000657289
0.00203456
0.000671719
0.00202691
0.000685455
0.0020192
0.000698315
0.00201143
0.000710102
0.00200363
0.000720611
0.00199581
0.000729625
0.00198799
0.000736926
0.00198019
0.00074229
0.00197243
0.000745501
0.00196474
0.000746348
0.00195715
0.000744639
0.00194967
0.000740202
0.00194235
0.000732897
0.00193519
0.000722622
0.00192823
0.000709319
0.0019215
0.000692982
0.00191501
0.000673665
0.0019088
0.000651481
0.00190288
0.000626609
0.00189727
0.000599286
0.00189199
0.000569814
0.00188704
0.000538538
0.00188243
0.000505856
0.00187817
0.000472177
0.00187426
0.000437956
0.00187069
0.000403604
0.00186745
0.000369588
0.00186453
0.000336237
0.00186192
0.000304015
0.00185961
0.000273063
0.00185756
0.000243897
0.00185576
0.000216295
0.00185419
0.000191039
0.00185284
0.000167195
0.00185166
0.000146357
0.00185066
0.000126075
0.00184979
0.000110033
0.00184909
9.24214e-05
0.00184844
8.18222e-05
6.49338e-05
0.00208446
0.00051078
0.00207807
0.000525436
0.00207158
0.000540429
0.00206498
0.000555715
0.00205826
0.000571238
0.00205143
0.000586931
0.0020445
0.000602713
0.00203745
0.000618491
0.0020303
0.000634155
0.00202306
0.00064958
0.00201572
0.000664626
0.0020083
0.000679139
0.00200081
0.000692949
0.00199325
0.00070587
0.00198565
0.000717705
0.00197801
0.000728247
0.00197036
0.000737277
0.00196271
0.000744575
0.00195509
0.000749916
0.00194751
0.000753081
0.00194
0.000753859
0.00193258
0.000752056
0.00192528
0.0007475
0.00191813
0.000740051
0.00191114
0.000729605
0.00190436
0.000716106
0.00189779
0.000699548
0.00189147
0.000679985
0.00188542
0.000657535
0.00187965
0.000632376
0.00187419
0.000604749
0.00186904
0.000574959
0.00186423
0.000543354
0.00185975
0.000510336
0.00185561
0.000476318
0.0018518
0.000441759
0.00184833
0.000407073
0.00184519
0.000372732
0.00184236
0.000339067
0.00183983
0.000306547
0.00183758
0.000275311
0.00183559
0.000245883
0.00183385
0.000218034
0.00183233
0.00019256
0.00183102
0.000168506
0.00182988
0.000147497
0.00182892
0.000127035
0.00182808
0.000110877
0.0018274
9.30969e-05
0.00182677
8.24531e-05
6.53956e-05
0.0020571
0.00051695
0.00205083
0.000531712
0.00204445
0.000546811
0.00203796
0.000562204
0.00203136
0.000577834
0.00202466
0.000593634
0.00201785
0.000609522
0.00201094
0.000625403
0.00200393
0.000641165
0.00199682
0.000656684
0.00198963
0.000671818
0.00198236
0.00068641
0.00197502
0.000700288
0.00196762
0.000713267
0.00196018
0.000725147
0.00195271
0.000735718
0.00194523
0.000744761
0.00193775
0.000752053
0.0019303
0.000757369
0.00192289
0.000760487
0.00191555
0.000761195
0.00190831
0.000759298
0.00190119
0.000754624
0.00189421
0.000747032
0.00188739
0.000736417
0.00188078
0.000722724
0.00187438
0.000705948
0.00186822
0.000686145
0.00186232
0.000663432
0.0018567
0.000637992
0.00185139
0.000610067
0.00184638
0.000579966
0.00184169
0.00054804
0.00183734
0.000514693
0.00183331
0.000480344
0.00182961
0.000445455
0.00182624
0.000410443
0.00182319
0.000375785
0.00182045
0.000341814
0.00181799
0.000309003
0.00181581
0.00027749
0.00181389
0.000247808
0.0018122
0.000219718
0.00181073
0.000194032
0.00180946
0.000169773
0.00180836
0.000148599
0.00180743
0.000127962
0.00180662
0.000111691
0.00180597
9.3748e-05
0.00180536
8.30627e-05
6.58405e-05
0.00203007
0.00052302
0.0020239
0.000537881
0.00201763
0.000553083
0.00201126
0.000568578
0.00200478
0.000584312
0.0019982
0.000600214
0.00199152
0.000616203
0.00198474
0.000632182
0.00197787
0.000648039
0.0019709
0.000663647
0.00196386
0.000678864
0.00195673
0.000693531
0.00194955
0.000707474
0.00194231
0.000720507
0.00193503
0.000732428
0.00192772
0.000743026
0.0019204
0.000752079
0.00191309
0.000759363
0.00190581
0.000764651
0.00189857
0.000767721
0.00189141
0.000768359
0.00188434
0.000766368
0.00187739
0.000761576
0.00187058
0.000753841
0.00186394
0.00074306
0.00185748
0.000729175
0.00185125
0.000712185
0.00184525
0.000692145
0.0018395
0.000669175
0.00183404
0.000643459
0.00182886
0.000615243
0.00182399
0.000584837
0.00181943
0.000552596
0.0018152
0.000518929
0.00181128
0.000484256
0.00180769
0.000449045
0.00180442
0.000413716
0.00180146
0.000378748
0.00179879
0.000344478
0.00179641
0.000311384
0.0017943
0.000279602
0.00179244
0.000249671
0.00179081
0.000221348
0.00178939
0.000195455
0.00178816
0.000170999
0.0017871
0.000149664
0.0017862
0.000128858
0.00178541
0.000112477
0.00178479
9.43751e-05
0.0017842
8.36515e-05
6.62691e-05
0.00200336
0.000528987
0.0019973
0.000543945
0.00199114
0.000559244
0.00198488
0.000574839
0.00197852
0.000590671
0.00197206
0.000606672
0.00196551
0.000622757
0.00195886
0.00063883
0.00195212
0.000654777
0.0019453
0.00067047
0.0019384
0.000685766
0.00193142
0.000700503
0.00192439
0.000714509
0.0019173
0.000727592
0.00191018
0.000739551
0.00190303
0.000750171
0.00189588
0.000759232
0.00188874
0.000766506
0.00188162
0.000771765
0.00187456
0.000774785
0.00186757
0.000775352
0.00186067
0.000773268
0.00185388
0.000768359
0.00184724
0.000760482
0.00184077
0.000749536
0.00183448
0.000735464
0.0018284
0.000718262
0.00182256
0.00069799
0.00181697
0.000674767
0.00181164
0.000648781
0.00180661
0.000620279
0.00180187
0.000589575
0.00179744
0.000557026
0.00179332
0.000523045
0.00178952
0.000488057
0.00178604
0.000452531
0.00178286
0.000416892
0.00177999
0.000381623
0.0017774
0.000347061
0.0017751
0.000313691
0.00177305
0.000281647
0.00177125
0.000251475
0.00176967
0.000222925
0.00176829
0.000196831
0.00176711
0.000172183
0.00176608
0.000150691
0.00176521
0.000129723
0.00176446
0.000113233
0.00176385
9.49824e-05
0.00176329
8.42146e-05
6.66854e-05
0.00589394
0.00053348
0.00588936
0.000548527
0.0058847
0.000563906
0.00587997
0.000579566
0.00587519
0.000595448
0.00587039
0.000611478
0.00586558
0.000627569
0.00586079
0.000643619
0.00585605
0.000659511
0.00585141
0.000675114
0.0058469
0.00069028
0.00584256
0.000704844
0.00583844
0.000718628
0.00583459
0.000731441
0.00583106
0.000743075
0.00582792
0.000753316
0.00582521
0.00076194
0.005823
0.000768719
0.00582134
0.000773424
0.00582029
0.000775832
0.00581991
0.00077573
0.00582026
0.000772925
0.00582137
0.000767245
0.0058233
0.000758552
0.00582609
0.000746751
0.00582976
0.00073179
0.00583435
0.000713674
0.00583987
0.000692469
0.00584633
0.000668301
0.00585375
0.000641366
0.00586211
0.000611918
0.00587141
0.000580276
0.00588163
0.000546804
0.00589276
0.000511918
0.00590477
0.000476049
0.00591763
0.000439666
0.00593133
0.0004032
0.00594582
0.00036713
0.00596108
0.000331803
0.00597708
0.000297687
0.00599379
0.000264942
0.00601119
0.000234073
0.00602922
0.00020489
0.00604792
0.000178134
0.00606717
0.000152931
0.00608708
0.000130782
0.00610744
0.000109363
0.00612851
9.21675e-05
0.00614987
7.3622e-05
0.00617207
6.20139e-05
4.43033e-05
0.00592685
0.000538661
0.0059216
0.000553776
0.0059163
0.00056921
0.00591095
0.000584912
0.00590558
0.000600818
0.00590021
0.000616851
0.00589486
0.000632921
0.00588956
0.000648922
0.00588433
0.000664733
0.00587923
0.000680219
0.00587428
0.000695228
0.00586953
0.000709594
0.00586503
0.000723133
0.00586082
0.000735651
0.00585695
0.00074694
0.00585349
0.000756781
0.00585048
0.000764951
0.00584798
0.000771219
0.00584604
0.000775359
0.00584472
0.000777147
0.00584408
0.000776374
0.00584416
0.000772848
0.005845
0.000766402
0.00584665
0.000756903
0.00584914
0.000744261
0.0058525
0.000728432
0.00585675
0.000709427
0.0058619
0.000687318
0.00586796
0.000662241
0.00587493
0.000634395
0.0058828
0.000604044
0.00589156
0.000571511
0.0059012
0.000537167
0.00591169
0.00050143
0.005923
0.000464736
0.00593511
0.000427554
0.00594799
0.000390321
0.00596161
0.000353509
0.00597594
0.000317478
0.00599095
0.000282676
0.0060066
0.000249291
0.00602289
0.000217784
0.00603975
0.000188029
0.00605722
0.000160664
0.00607518
0.000134969
0.00609376
0.000112207
0.00611272
9.04054e-05
0.00613235
7.25309e-05
0.0061522
5.37757e-05
0.0061729
4.13164e-05
2.35392e-05
0.00595546
0.000544425
0.00594965
0.00055958
0.00594382
0.000575043
0.00593797
0.00059076
0.00593213
0.000606662
0.00592631
0.000622671
0.00592054
0.000638691
0.00591484
0.000654615
0.00590926
0.000670317
0.00590382
0.000685658
0.00589857
0.000700484
0.00589353
0.000714624
0.00588877
0.000727893
0.00588433
0.000740094
0.00588026
0.000751016
0.0058766
0.000760439
0.00587341
0.000768138
0.00587075
0.000773884
0.00586866
0.000777449
0.00586719
0.000778613
0.0058664
0.000777167
0.00586632
0.000772924
0.005867
0.000765721
0.00586848
0.00075543
0.00587077
0.000741967
0.00587391
0.000725294
0.00587791
0.00070543
0.00588277
0.000682452
0.00588851
0.000656505
0.00589511
0.000627793
0.00590257
0.000596588
0.00591086
0.000563216
0.00591997
0.000528053
0.00592988
0.000491522
0.00594056
0.000454063
0.00595197
0.000416143
0.00596408
0.000378204
0.00597688
0.000340713
0.00599032
0.00030404
0.00600438
0.000268616
0.00601902
0.000234652
0.00603423
0.00020257
0.00604996
0.0001723
0.00606623
0.000144389
0.00608295
0.00011825
0.00610022
9.49427e-05
0.00611783
7.27926e-05
0.00613605
5.43163e-05
0.00615446
3.53599e-05
0.00617362
2.2159e-05
4.30417e-06
0.00598579
0.000535822
0.00597956
0.000550649
0.00597333
0.000565818
0.00596709
0.000581283
0.00596086
0.000596986
0.00595467
0.000612857
0.00594852
0.000628812
0.00594246
0.000644754
0.00593651
0.000660571
0.00593069
0.000676135
0.00592504
0.000691304
0.00591961
0.00070592
0.00591442
0.000719808
0.00590953
0.000732783
0.00590498
0.000744644
0.00590082
0.000755178
0.00589709
0.000764165
0.00589385
0.00077138
0.00589114
0.000776592
0.00588902
0.000779575
0.00588752
0.000780112
0.00588669
0.000777995
0.00588657
0.000773042
0.0058872
0.000765094
0.0058886
0.000754028
0.0058908
0.000739767
0.00589382
0.000722278
0.00589766
0.000701587
0.00590233
0.00067778
0.00590783
0.000651005
0.00591415
0.000621475
0.00592127
0.000589466
0.00592918
0.00055531
0.00593784
0.000519389
0.00594724
0.000482125
0.00595734
0.000443962
0.00596811
0.000405369
0.00597953
0.00036679
0.00599155
0.000328687
0.00600416
0.000291436
0.00601732
0.000255456
0.006031
0.000220976
0.00604518
0.000188384
0.00605983
0.000157655
0.00607495
0.000129265
0.00609047
0.000102732
0.00610646
7.89462e-05
0.00612277
5.6485e-05
0.0061396
3.74829e-05
0.00615663
1.83384e-05
0.00617429
4.49737e-06
-1.34393e-05
0.00600547
0.00054238
0.00599892
0.000557203
0.00599238
0.000572358
0.00598587
0.000587796
0.0059794
0.000603456
0.00597299
0.000619265
0.00596666
0.000635137
0.00596045
0.000650971
0.00595436
0.000666652
0.00594845
0.00068205
0.00594273
0.000697018
0.00593726
0.000711397
0.00593206
0.000725009
0.00592717
0.000737666
0.00592265
0.000749165
0.00591854
0.000759293
0.00591488
0.000767829
0.00591171
0.000774545
0.00590909
0.000779215
0.00590705
0.000781612
0.00590564
0.000781521
0.0059049
0.000778739
0.00590485
0.000773085
0.00590554
0.000764406
0.00590698
0.000752587
0.0059092
0.000737553
0.0059122
0.000719279
0.00591598
0.000697799
0.00592056
0.000673204
0.00592591
0.000645649
0.00593204
0.000615353
0.00593891
0.000582596
0.0059465
0.000547716
0.00595479
0.000511098
0.00596375
0.000473166
0.00597335
0.000434367
0.00598355
0.000395168
0.00599432
0.000356018
0.00600564
0.000317371
0.00601746
0.000279611
0.00602977
0.000243144
0.00604254
0.000208212
0.00605574
0.000175177
0.00606935
0.000144052
0.00608336
0.000115248
0.00609772
8.83732e-05
0.00611249
6.41754e-05
0.00612754
4.14428e-05
0.00614303
2.19892e-05
0.00615869
2.67416e-06
0.0061749
-1.17127e-05
-2.97291e-05
0.00602012
0.000549159
0.00601338
0.000563949
0.00600667
0.00057906
0.00600003
0.000594441
0.00599346
0.000610028
0.00598698
0.000625745
0.00598061
0.000641504
0.00597438
0.0006572
0.00596832
0.000672715
0.00596245
0.000687917
0.00595681
0.000702657
0.00595144
0.000716772
0.00594636
0.000730082
0.00594163
0.000742398
0.00593728
0.000753516
0.00593335
0.00076322
0.00592989
0.00077129
0.00592694
0.000777499
0.00592453
0.000781619
0.00592272
0.000783429
0.00592153
0.000782712
0.00592099
0.000779272
0.00592115
0.00077293
0.00592201
0.000763541
0.00592361
0.000750992
0.00592595
0.000735215
0.00592903
0.000716193
0.00593287
0.000693965
0.00593744
0.000668628
0.00594275
0.000640344
0.00594876
0.000609338
0.00595546
0.000575894
0.00596283
0.000540353
0.00597082
0.000503104
0.00597941
0.000464573
0.00598857
0.000425208
0.00599826
0.000385476
0.00600846
0.000345826
0.00601912
0.000306709
0.00603022
0.000268511
0.00604174
0.000231627
0.00605364
0.000196312
0.00606591
0.000162904
0.00607852
0.000131444
0.00609147
0.000102292
0.00610472
7.51307e-05
0.0061183
5.05875e-05
0.00613212
2.7626e-05
0.00614632
7.79206e-06
0.00616066
-1.16696e-05
0.00617547
-2.65165e-05
-4.46028e-05
0.00602962
0.000556016
0.00602283
0.000570743
0.00601611
0.00058578
0.00600948
0.000601072
0.00600295
0.000616555
0.00599655
0.000632149
0.00599029
0.000647763
0.0059842
0.000663291
0.0059783
0.000678611
0.00597263
0.000693588
0.00596721
0.000708072
0.00596209
0.000721896
0.00595729
0.000734882
0.00595285
0.000746835
0.00594882
0.000757552
0.00594522
0.000766817
0.0059421
0.000774408
0.0059395
0.000780101
0.00593745
0.000783668
0.00593599
0.00078489
0.00593515
0.000783554
0.00593495
0.000779467
0.00593543
0.000772455
0.00593659
0.000762377
0.00593846
0.000749126
0.00594103
0.000732641
0.00594431
0.000712911
0.0059483
0.00068998
0.00595297
0.000663953
0.00595832
0.000634997
0.00596432
0.000603341
0.00597094
0.000569274
0.00597815
0.000533141
0.00598592
0.000495331
0.00599422
0.000456274
0.00600301
0.000416418
0.00601226
0.000376228
0.00602193
0.000336154
0.006032
0.000296642
0.00604243
0.000258079
0.0060532
0.000220853
0.00606429
0.000185225
0.00607568
0.000151514
0.00608734
0.000119785
0.00609928
9.03527e-05
0.00611145
6.29617e-05
0.00612389
3.81389e-05
0.00613653
1.49942e-05
0.00614947
-5.1514e-06
0.00616253
-2.47311e-05
0.00617597
-3.99587e-05
-5.8099e-05
0.00604066
0.000548513
0.00603387
0.000562803
0.00602718
0.000577435
0.0060206
0.000592366
0.00601413
0.000607539
0.0060078
0.000622886
0.00600162
0.000638325
0.00599562
0.000653763
0.00598982
0.000669091
0.00598425
0.000684186
0.00597893
0.00069891
0.00597389
0.00071311
0.00596916
0.00072662
0.00596479
0.000739256
0.0059608
0.000750827
0.00595722
0.000761125
0.00595411
0.000769936
0.00595147
0.00077704
0.00594937
0.00078221
0.00594781
0.000785223
0.00594684
0.000785861
0.00594648
0.000783915
0.00594675
0.000779195
0.00594767
0.000771533
0.00594926
0.000760793
0.00595151
0.000746873
0.00595443
0.000729719
0.00595802
0.000709325
0.00596226
0.000685742
0.00596713
0.00065908
0.00597262
0.000629511
0.00597869
0.00059727
0.00598531
0.000562649
0.00599246
0.000525996
0.00600009
0.000487702
0.00600816
0.000448196
0.00601666
0.000407927
0.00602553
0.000367359
0.00603474
0.000326939
0.00604427
0.000287111
0.00605409
0.000248262
0.00606417
0.00021077
0.00607449
0.000174902
0.00608505
0.000140961
0.0060958
0.000109028
0.00610677
7.93848e-05
0.00611791
5.18227e-05
0.00612926
2.67862e-05
0.00614075
3.50605e-06
0.00615249
-1.68844e-05
0.0061643
-3.65492e-05
0.00617643
-5.20838e-05
-7.02568e-05
0.00603935
0.000555189
0.00603279
0.000569362
0.00602636
0.000583869
0.00602006
0.000598662
0.00601392
0.000613683
0.00600794
0.000628862
0.00600215
0.000644115
0.00599657
0.000659346
0.00599121
0.000674444
0.00598612
0.000689284
0.0059813
0.000703726
0.00597679
0.000717617
0.00597263
0.000730786
0.00596883
0.000743052
0.00596544
0.00075422
0.00596248
0.000764085
0.00595998
0.000772431
0.00595799
0.000779037
0.00595651
0.000783682
0.0059556
0.000786142
0.00595525
0.000786203
0.00595551
0.000783659
0.00595638
0.000778325
0.00595787
0.000770038
0.00596
0.000758666
0.00596276
0.000744114
0.00596615
0.000726333
0.00597015
0.000705324
0.00597475
0.000681143
0.00597992
0.000653907
0.00598564
0.000623791
0.00599187
0.000591035
0.00599859
0.000555934
0.00600575
0.000518837
0.00601331
0.000480138
0.00602124
0.000440265
0.0060295
0.000399666
0.00603806
0.000358802
0.00604688
0.00031812
0.00605593
0.000278057
0.00606519
0.000239002
0.00607464
0.000201323
0.00608425
0.000165291
0.00609402
0.000131194
0.00610392
9.91282e-05
0.00611396
6.93422e-05
0.00612411
4.16701e-05
0.00613441
1.64854e-05
0.0061448
-6.87997e-06
0.00615536
-2.745e-05
0.00616598
-4.71638e-05
0.00617683
-6.29361e-05
-8.1116e-05
0.00603249
0.000561508
0.00602632
0.000575534
0.0060203
0.000589884
0.00601446
0.000604507
0.0060088
0.000619344
0.00600334
0.000634323
0.00599809
0.000649357
0.00599309
0.00066435
0.00598834
0.000679187
0.00598388
0.000693744
0.00597973
0.000707877
0.00597592
0.000721432
0.00597247
0.000734239
0.0059694
0.000746114
0.00596676
0.000756862
0.00596457
0.000766279
0.00596285
0.000774149
0.00596163
0.000780254
0.00596094
0.000784372
0.0059608
0.000786284
0.00596123
0.000785777
0.00596223
0.000782652
0.00596383
0.000776726
0.00596603
0.000767842
0.00596882
0.000755872
0.00597221
0.000740729
0.00597617
0.000722369
0.0059807
0.000700799
0.00598576
0.00067608
0.00599133
0.000648334
0.00599738
0.000617742
0.00600387
0.000584545
0.00601077
0.000549042
0.00601802
0.000511583
0.0060256
0.000472563
0.00603345
0.000432408
0.00604155
0.000391565
0.00604986
0.000350492
0.00605835
0.000309634
0.00606698
0.000269423
0.00607574
0.000230244
0.0060846
0.00019246
0.00609355
0.000156342
0.00610258
0.000122165
0.00611167
9.0037e-05
0.00612084
6.01795e-05
0.00613005
3.24596e-05
0.00613934
7.1925e-06
0.00614867
-1.6206e-05
0.00615811
-3.68918e-05
0.00616756
-5.66152e-05
0.00617718
-7.25599e-05
-9.07169e-05
0.00602005
0.000567307
0.00601443
0.000581155
0.006009
0.000595315
0.00600377
0.000609737
0.00599876
0.000624358
0.00599398
0.000639104
0.00598945
0.000653888
0.00598518
0.000668612
0.00598121
0.00068316
0.00597755
0.000697404
0.00597423
0.000711202
0.00597126
0.000724397
0.00596868
0.000736819
0.00596651
0.000748284
0.00596478
0.000758597
0.0059635
0.000767554
0.00596271
0.000774941
0.00596242
0.000780541
0.00596266
0.000784135
0.00596344
0.000785506
0.00596477
0.000784446
0.00596666
0.000780759
0.00596912
0.000774266
0.00597215
0.000764817
0.00597573
0.000752289
0.00597986
0.000736601
0.00598452
0.000717714
0.00598967
0.00069564
0.00599531
0.000670447
0.00600138
0.000642261
0.00600786
0.000611267
0.00601469
0.000577708
0.00602185
0.000541886
0.00602928
0.000504152
0.00603694
0.000464898
0.0060448
0.000424551
0.00605281
0.000383556
0.00606094
0.000342365
0.00606915
0.00030142
0.00607743
0.000261149
0.00608574
0.000221933
0.00609407
0.000184128
0.00610241
0.000148005
0.00611075
0.000113826
0.00611907
8.17082e-05
0.0061274
5.18507e-05
0.00613572
2.41472e-05
0.00614404
-1.13638e-06
0.00615235
-2.45142e-05
0.00616071
-4.5253e-05
0.00616904
-6.49446e-05
0.00617748
-8.09992e-05
-9.91003e-05
0.00600716
0.000559126
0.00600205
0.000572419
0.00599715
0.000586057
0.00599247
0.000599995
0.00598802
0.000614183
0.00598382
0.000628556
0.00597989
0.000643039
0.00597623
0.000657543
0.00597288
0.000671967
0.00596984
0.000686196
0.00596714
0.000700101
0.00596481
0.000713538
0.00596285
0.00072635
0.0059613
0.000738367
0.00596018
0.000749405
0.00595951
0.00075927
0.00595931
0.000767757
0.00595959
0.000774656
0.00596038
0.000779751
0.00596169
0.000782826
0.00596353
0.000783667
0.00596591
0.000782071
0.00596882
0.000777844
0.00597227
0.000770815
0.00597625
0.000760837
0.00598075
0.000747795
0.00598574
0.000731611
0.0059912
0.000712253
0.0059971
0.000689739
0.0060034
0.000664141
0.00601007
0.00063559
0.00601707
0.000604272
0.00602434
0.000570436
0.00603184
0.000534382
0.00603953
0.000496462
0.00604736
0.000457068
0.00605529
0.000416624
0.00606328
0.000375569
0.00607129
0.000334355
0.00607929
0.000293417
0.00608726
0.000253178
0.00609518
0.000214014
0.00610303
0.000176274
0.00611081
0.000140228
0.00611851
0.000106128
0.00612612
7.40951e-05
0.00613366
4.43104e-05
0.00614112
1.66887e-05
0.00614853
-8.54499e-06
0.00615586
-3.18473e-05
0.00616319
-5.25772e-05
0.00617044
-7.2193e-05
0.00617773
-8.82979e-05
-0.000106307
0.00598278
0.000563612
0.00597852
0.000576674
0.00597451
0.00059007
0.00597075
0.000603756
0.00596725
0.000617679
0.00596404
0.000631773
0.00596111
0.000645961
0.0059585
0.000660154
0.00595622
0.00067425
0.00595428
0.000688133
0.00595271
0.000701672
0.00595152
0.000714725
0.00595074
0.000727133
0.00595038
0.000738726
0.00595047
0.000749321
0.00595101
0.000758726
0.00595203
0.000766737
0.00595354
0.000773145
0.00595556
0.000777738
0.00595808
0.000780302
0.00596112
0.000780628
0.00596468
0.000778515
0.00596874
0.000773777
0.00597331
0.000766245
0.00597837
0.000755779
0.0059839
0.000742269
0.00598986
0.000725644
0.00599624
0.000705877
0.00600299
0.00068299
0.00601007
0.000657061
0.00601744
0.000628222
0.00602504
0.000596666
0.00603284
0.000562641
0.00604077
0.000526447
0.0060488
0.000488437
0.00605687
0.000448999
0.00606493
0.000408555
0.00607296
0.00036754
0.00608092
0.0003264
0.00608877
0.000285566
0.0060965
0.000245452
0.00610408
0.000206433
0.0061115
0.000168847
0.00611877
0.000132963
0.00612587
9.90231e-05
0.00613282
6.71516e-05
0.00613962
3.75133e-05
0.00614626
1.00402e-05
0.0061528
-1.50773e-05
0.0061592
-3.82475e-05
0.00616553
-5.89076e-05
0.00617174
-7.84022e-05
0.00617794
-9.45e-05
-0.00011238
0.00595279
0.000567102
0.00594957
0.000579902
0.00594661
0.000593026
0.00594394
0.000606429
0.00594156
0.000620056
0.00593949
0.00063384
0.00593775
0.000647704
0.00593635
0.000661557
0.0059353
0.000675297
0.00593462
0.000688807
0.00593434
0.000701956
0.00593446
0.000714602
0.00593501
0.000726586
0.005936
0.000737738
0.00593744
0.000747879
0.00593935
0.000756814
0.00594174
0.000764344
0.00594463
0.000770262
0.00594801
0.000774358
0.00595189
0.000776423
0.00595626
0.000776251
0.00596113
0.000773646
0.00596648
0.000768427
0.0059723
0.00076043
0.00597855
0.000749522
0.00598523
0.000735596
0.00599228
0.000718589
0.00599968
0.000698477
0.00600738
0.00067529
0.00601534
0.000649107
0.00602349
0.000620066
0.0060318
0.00058836
0.0060402
0.000554237
0.00604865
0.000518001
0.00605709
0.000479999
0.00606547
0.000440619
0.00607375
0.000400276
0.00608188
0.000359403
0.00608984
0.000318438
0.0060976
0.000277807
0.00610514
0.000237917
0.00611243
0.000199136
0.00611949
0.000161796
0.00612629
0.000126161
0.00613285
9.24643e-05
0.00613917
6.0832e-05
0.00614526
3.14148e-05
0.00615115
4.15814e-06
0.00615685
-2.07766e-05
0.00616236
-4.37574e-05
0.00616774
-6.42874e-05
0.00617295
-8.36139e-05
0.0061781
-9.96491e-05
-0.000117359
0.00591735
0.000569425
0.00591531
0.000581935
0.00591358
0.000594758
0.00591216
0.000607847
0.00591107
0.000621148
0.00591032
0.000634594
0.00590992
0.000648104
0.00590988
0.00066159
0.00591023
0.000674948
0.00591098
0.000688059
0.00591214
0.000700796
0.00591373
0.000713013
0.00591576
0.000724555
0.00591825
0.000735253
0.0059212
0.000744927
0.00592462
0.000753387
0.00592854
0.000760434
0.00593293
0.000765865
0.00593782
0.000769473
0.00594319
0.000771053
0.00594903
0.000770404
0.00595534
0.000767335
0.0059621
0.00076167
0.00596928
0.00075325
0.00597686
0.000741947
0.00598479
0.000727663
0.00599304
0.000710336
0.00600157
0.000689951
0.00601032
0.000666539
0.00601924
0.000640186
0.00602828
0.00061103
0.00603737
0.000579266
0.00604646
0.000545144
0.0060555
0.000508966
0.00606442
0.000471075
0.00607319
0.000431857
0.00608174
0.000391722
0.00609005
0.000351096
0.00609807
0.00031041
0.0061058
0.000270085
0.0061132
0.000230519
0.00612026
0.000192073
0.00612698
0.000155072
0.00613337
0.000119774
0.00613943
8.64053e-05
0.00614517
5.50915e-05
0.00615061
2.59706e-05
0.00615577
-1.00076e-06
0.00616068
-2.56859e-05
0.00616534
-4.84191e-05
0.00616981
-6.87593e-05
0.00617407
-8.787e-05
0.00617821
-0.000103789
-0.000121288
0.00587761
0.000558565
0.00587662
0.000570416
0.00587595
0.000582607
0.00587561
0.000595099
0.00587561
0.000607848
0.00587596
0.000620794
0.00587668
0.000633873
0.00587778
0.000647003
0.00587928
0.000660095
0.00588118
0.000673044
0.00588351
0.000685735
0.00588627
0.000698037
0.00588947
0.000709808
0.00589314
0.000720892
0.00589727
0.000731123
0.00590187
0.000740322
0.00590696
0.000748302
0.00591252
0.000754867
0.00591857
0.000759817
0.00592509
0.000762949
0.00593208
0.000764063
0.00593953
0.000762962
0.0059474
0.00075946
0.00595569
0.000753386
0.00596435
0.000744589
0.00597335
0.000732945
0.00598265
0.000718361
0.0059922
0.000700783
0.00600196
0.000680198
0.00601185
0.000656643
0.00602183
0.000630206
0.00603184
0.000601027
0.0060418
0.000569304
0.00605166
0.000535284
0.00606136
0.000499267
0.00607084
0.000461595
0.00608005
0.000422648
0.00608894
0.000382828
0.00609748
0.000342558
0.00610563
0.00030226
0.00611337
0.000262345
0.00612068
0.000223205
0.00612756
0.000185194
0.00613401
0.000148626
0.00614002
0.000113756
0.00614563
8.08012e-05
0.00615083
4.9886e-05
0.00615567
2.11376e-05
0.00616014
-5.47914e-06
0.00616431
-2.98478e-05
0.00616816
-5.22748e-05
0.00617177
-7.23659e-05
0.00617511
-9.12126e-05
0.00617828
-0.000106962
-0.000124209
0.00583036
0.000558397
0.00583086
0.000569913
0.00583171
0.000581757
0.00583292
0.000593893
0.00583449
0.000606272
0.00583645
0.000618837
0.0058388
0.000631522
0.00584156
0.000644246
0.00584473
0.000656919
0.00584834
0.000669437
0.00585239
0.000681685
0.0058569
0.000693533
0.00586186
0.000704841
0.0058673
0.000715454
0.00587322
0.000725208
0.00587961
0.000733926
0.00588649
0.000741424
0.00589385
0.00074751
0.00590167
0.000751988
0.00590996
0.00075466
0.0059187
0.000755328
0.00592786
0.000753803
0.00593741
0.000749903
0.00594734
0.000743463
0.00595759
0.000734338
0.00596812
0.00072241
0.00597889
0.000707591
0.00598984
0.000689832
0.00600092
0.000669126
0.00601205
0.000645513
0.00602317
0.000619082
0.00603422
0.000589978
0.00604513
0.000558396
0.00605583
0.000524584
0.00606626
0.000488837
0.00607636
0.000451494
0.00608608
0.000412928
0.00609537
0.000373537
0.00610419
0.000333734
0.00611252
0.000293933
0.00612033
0.000254537
0.00612761
0.000215927
0.00613435
0.00017845
0.00614056
0.000142413
0.00614626
0.000108063
0.00615145
7.56082e-05
0.00615616
4.51725e-05
0.00616043
1.68732e-05
0.00616427
-9.31874e-06
0.00616772
-3.33044e-05
0.00617081
-5.53659e-05
0.0061736
-7.51497e-05
0.00617607
-9.36829e-05
0.00617832
-0.000109212
-0.000126163
0.00577821
0.000556605
0.00578036
0.00056776
0.00578288
0.000579233
0.00578579
0.000590985
0.00578909
0.00060297
0.0057928
0.000615128
0.00579693
0.000627394
0.00580149
0.000639688
0.00580649
0.000651919
0.00581194
0.000663984
0.00581786
0.000675769
0.00582424
0.000687147
0.00583111
0.000697976
0.00583846
0.000708107
0.00584629
0.000717375
0.00585461
0.000725609
0.0058634
0.000732627
0.00587267
0.000738241
0.0058824
0.000742259
0.00589257
0.000744487
0.00590317
0.000744734
0.00591415
0.000742816
0.0059255
0.000738556
0.00593717
0.000731796
0.00594911
0.000722397
0.00596127
0.000710245
0.00597361
0.000695259
0.00598604
0.000677395
0.00599852
0.00065665
0.00601097
0.000633067
0.00602331
0.000606738
0.00603548
0.000577808
0.00604741
0.000546472
0.00605901
0.000512975
0.00607024
0.00047761
0.00608102
0.00044071
0.00609131
0.00040264
0.00610106
0.000363793
0.00611022
0.000324571
0.00611877
0.000285379
0.0061267
0.000246611
0.00613399
0.000208638
0.00614064
0.000171798
0.00614667
0.000136389
0.00615208
0.000102651
0.0061569
7.07839e-05
0.00616117
4.09097e-05
0.0061649
1.3136e-05
0.00616814
-1.25607e-05
0.00617094
-3.60968e-05
0.0061733
-5.77335e-05
0.00617531
-7.71526e-05
0.00617695
-9.53228e-05
0.00617832
-0.000110582
-0.000127194
0.00572152
0.000553042
0.00572547
0.000563812
0.00572981
0.000574889
0.00573456
0.000586234
0.00573973
0.0005978
0.00574533
0.000609528
0.00575137
0.000621352
0.00575787
0.000633193
0.00576483
0.00064496
0.00577226
0.000656553
0.00578017
0.000667858
0.00578857
0.000678749
0.00579746
0.000689088
0.00580684
0.000698726
0.00581671
0.000707504
0.00582706
0.000715253
0.0058379
0.000721794
0.00584919
0.000726944
0.00586093
0.000730517
0.0058731
0.000732323
0.00588565
0.000732177
0.00589857
0.0007299
0.0059118
0.000725322
0.00592531
0.000718291
0.00593903
0.000708673
0.00595292
0.000696362
0.0059669
0.000681281
0.0059809
0.00066339
0.00599486
0.000642691
0.0060087
0.000619231
0.00602233
0.000593102
0.00603569
0.000564449
0.0060487
0.000533467
0.00606127
0.000500397
0.00607335
0.000465528
0.00608488
0.000429187
0.00609579
0.000391732
0.00610603
0.000353544
0.00611559
0.000315019
0.00612441
0.000276551
0.0061325
0.000238522
0.00613985
0.000201294
0.00614645
0.000165194
0.00615233
0.000130511
0.0061575
9.74788e-05
0.006162
6.62881e-05
0.00616585
3.70571e-05
0.0061691
9.88592e-06
0.00617178
-1.52452e-05
0.00617395
-3.82657e-05
0.00617564
-5.94183e-05
0.0061769
-7.84155e-05
0.00617775
-9.61738e-05
0.00617828
-0.000111115
-0.000127343
0.00566071
0.000547571
0.00566659
0.000557935
0.00567288
0.000568594
0.00567961
0.000579509
0.00568677
0.000590634
0.00569439
0.000601909
0.00570248
0.000613269
0.00571103
0.000624636
0.00572007
0.000635921
0.0057296
0.000647024
0.00573963
0.000657832
0.00575015
0.000668223
0.00576118
0.000678062
0.0057727
0.000687201
0.00578472
0.000695486
0.00579723
0.00070275
0.0058102
0.000708821
0.00582362
0.00071352
0.00583748
0.000716664
0.00585173
0.000718072
0.00586634
0.000717563
0.00588128
0.000714964
0.00589648
0.000710113
0.00591191
0.000702863
0.0059275
0.000693086
0.00594318
0.000680683
0.00595888
0.000665581
0.00597452
0.000647746
0.00599003
0.000627183
0.00600532
0.000603939
0.00602031
0.000578111
0.00603492
0.000549842
0.00604906
0.000519325
0.00606266
0.000486797
0.00607565
0.000452541
0.00608796
0.000416876
0.00609954
0.000380154
0.00611034
0.000342746
0.00612032
0.000305036
0.00612946
0.000267406
0.00613776
0.000230229
0.0061452
0.000193854
0.00615179
0.000158599
0.00615756
0.000124742
0.00616253
9.25083e-05
0.00616674
6.20817e-05
0.00617022
3.3576e-05
0.00617302
7.08411e-06
0.00617519
-1.74114e-05
0.00617677
-3.98505e-05
0.00617781
-6.04602e-05
0.00617838
-7.89796e-05
0.00617848
-9.62768e-05
0.00617822
-0.000110852
-0.000126653
0.00558875
0.000530446
0.00559625
0.000540069
0.00560418
0.000550007
0.00561255
0.000560227
0.00562137
0.000570692
0.00563065
0.000581354
0.0056404
0.000592157
0.00565063
0.000603033
0.00566136
0.000613908
0.00567259
0.000624692
0.00568432
0.000635289
0.00569657
0.000645588
0.00570932
0.000655468
0.00572259
0.000664797
0.00573636
0.000673434
0.00575062
0.000681224
0.00576536
0.000688008
0.00578056
0.000693618
0.0057962
0.000697879
0.00581225
0.000700615
0.00582867
0.000701651
0.00584542
0.000700812
0.00586246
0.000697932
0.00587972
0.000692855
0.00589714
0.00068544
0.00591466
0.000675568
0.0059322
0.000663142
0.00594968
0.000648097
0.00596703
0.000630402
0.00598414
0.000610065
0.00600095
0.000587137
0.00601734
0.000561714
0.00603325
0.000533937
0.00604858
0.000503997
0.00606325
0.000472126
0.00607719
0.000438602
0.00609033
0.000403735
0.00610261
0.000367867
0.006114
0.000331359
0.00612446
0.000294581
0.00613396
0.000257907
0.00614249
0.000221694
0.00615006
0.000186282
0.00615669
0.000151976
0.00616238
0.000119044
0.00616719
8.77029e-05
0.00617114
5.81283e-05
0.00617429
3.04297e-05
0.00617668
4.69286e-06
0.00617837
-1.90972e-05
0.00617941
-4.089e-05
0.00617984
-6.08983e-05
0.00617975
-7.88849e-05
0.00617914
-9.56723e-05
0.00617813
-0.000109837
-0.000125167
0.00551904
0.000521238
0.00552868
0.000530429
0.00553877
0.000539922
0.00554931
0.000549686
0.00556032
0.000559681
0.00557181
0.000569862
0.0055838
0.000580173
0.00559628
0.000590549
0.00560927
0.000600913
0.00562278
0.000611182
0.00563681
0.000621259
0.00565137
0.000631036
0.00566644
0.000640397
0.00568202
0.000649211
0.00569812
0.000657341
0.0057147
0.000664639
0.00573176
0.000670949
0.00574927
0.000676108
0.0057672
0.000679948
0.00578552
0.000682299
0.00580418
0.000682992
0.00582313
0.000681859
0.00584232
0.00067874
0.00586169
0.000673487
0.00588116
0.000665965
0.00590067
0.000656061
0.00592013
0.000643685
0.00593945
0.000628777
0.00595854
0.000611309
0.00597731
0.000591293
0.00599567
0.00056878
0.00601352
0.000543866
0.00603076
0.000516692
0.00604732
0.000487443
0.00606309
0.000456349
0.00607802
0.000423676
0.00609203
0.000389728
0.00610506
0.000354835
0.00611707
0.000319347
0.00612803
0.000283622
0.00613792
0.000248019
0.00614673
0.000212885
0.00615446
0.000178544
0.00616115
0.000145292
0.00616681
0.000113383
0.00617148
8.30285e-05
0.00617522
5.43932e-05
0.00617806
2.75828e-05
0.00618008
2.67651e-06
0.00618132
-2.0339e-05
0.00618185
-4.14218e-05
0.00618173
-6.07712e-05
0.00618101
-7.81711e-05
0.00617974
-9.44006e-05
0.00617801
-0.000108109
-0.000122925
0.00544671
0.000509819
0.00545858
0.000518562
0.0054709
0.000527593
0.00548371
0.000536882
0.005497
0.000546392
0.00551078
0.000556075
0.00552508
0.000565877
0.00553989
0.000575735
0.00555523
0.000585576
0.0055711
0.000595316
0.0055875
0.000604861
0.00560442
0.000614107
0.00562188
0.00062294
0.00563986
0.000631236
0.00565834
0.000638859
0.00567731
0.000645668
0.00569675
0.000651512
0.00571662
0.000656234
0.0057369
0.000659672
0.00575753
0.000661662
0.00577848
0.000662042
0.00579969
0.000660653
0.00582109
0.00065734
0.00584261
0.000651963
0.00586418
0.000644394
0.00588572
0.000634526
0.00590713
0.000622274
0.00592832
0.000607584
0.0059492
0.000590431
0.00596966
0.00057083
0.00598961
0.000548834
0.00600894
0.000524537
0.00602755
0.000498077
0.00604536
0.000469636
0.00606228
0.000439435
0.00607822
0.000407734
0.00609312
0.000374827
0.00610692
0.000341031
0.00611959
0.000306684
0.00613108
0.000272131
0.00614138
0.000237717
0.00615049
0.000203773
0.00615842
0.000170613
0.0061652
0.000138517
0.00617085
0.000107731
0.00617543
7.84539e-05
0.00617897
5.08443e-05
0.00618156
2.50023e-05
0.00618323
1.00079e-06
0.00618406
-2.11726e-05
0.00618412
-4.14824e-05
0.00618347
-6.01163e-05
0.00618218
-7.6877e-05
0.00618028
-9.25017e-05
0.00617788
-0.000105711
-0.000119971
0.0053724
0.000496116
0.00538656
0.000504397
0.00540121
0.000512952
0.00541634
0.000521752
0.00543197
0.000530759
0.00544812
0.000539929
0.00546478
0.000549208
0.00548198
0.000558535
0.00549972
0.000567838
0.005518
0.000577037
0.00553682
0.00058604
0.00555618
0.000594747
0.00557607
0.000603048
0.00559649
0.000610823
0.0056174
0.000617942
0.0056388
0.000624268
0.00566066
0.000629656
0.00568294
0.000633955
0.0057056
0.000637011
0.0057286
0.000638668
0.00575187
0.000638769
0.00577536
0.000637162
0.005799
0.000633702
0.00582271
0.000628254
0.0058464
0.000620699
0.00586999
0.000610935
0.00589338
0.000598883
0.00591647
0.000584494
0.00593916
0.000567747
0.00596133
0.000548657
0.00598289
0.000527279
0.00600372
0.000503706
0.00602372
0.000478072
0.0060428
0.000450554
0.00606087
0.000421365
0.00607785
0.000390757
0.00609366
0.000359012
0.00610826
0.000326435
0.0061216
0.00029335
0.00613364
0.000260087
0.00614438
0.000226976
0.00615382
0.000194335
0.00616197
0.000162462
0.00616886
0.000131626
0.00617453
0.000102058
0.00617904
7.39508e-05
0.00618243
4.74521e-05
0.00618477
2.2657e-05
0.00618614
-3.67115e-07
0.0061866
-2.16315e-05
0.00618622
-4.11072e-05
0.00618508
-5.89703e-05
0.00618324
-7.50406e-05
0.00618076
-9.00146e-05
0.00617773
-0.000102683
-0.000116346
0.00529681
0.00048008
0.00531332
0.000487885
0.00533032
0.00049595
0.00534783
0.000504247
0.00536585
0.000512739
0.00538439
0.000521383
0.00540348
0.000530126
0.0054231
0.000538909
0.00544328
0.000547663
0.005464
0.000556311
0.00548528
0.000564764
0.0055071
0.000572927
0.00552946
0.000580692
0.00555233
0.000587946
0.00557571
0.000594563
0.00559957
0.000600413
0.00562387
0.000605357
0.00564857
0.000609251
0.00567363
0.000611948
0.005699
0.000613298
0.00572462
0.000613154
0.00575041
0.000611372
0.0057763
0.000607812
0.0058022
0.00060235
0.00582803
0.00059487
0.00585368
0.000585279
0.00587906
0.000573504
0.00590406
0.000559499
0.00592856
0.000543247
0.00595245
0.000524766
0.00597562
0.000504108
0.00599796
0.000481366
0.00601936
0.00045667
0.00603973
0.000430189
0.00605896
0.000402131
0.00607698
0.000372736
0.00609372
0.000342273
0.00610912
0.000311035
0.00612314
0.00027933
0.00613576
0.000247474
0.00614695
0.000215781
0.00615673
0.000184553
0.00616512
0.000154073
0.00617215
0.000124596
0.00617787
9.63431e-05
0.00618233
6.94939e-05
0.00618559
4.41889e-05
0.00618773
2.05178e-05
0.00618882
-1.45768e-06
0.00618894
-2.17485e-05
0.00618816
-4.03304e-05
0.00618656
-5.73689e-05
0.00618422
-7.26995e-05
0.00618118
-8.6978e-05
0.00617756
-9.90651e-05
-0.00011209
0.00522068
0.000461681
0.00523956
0.000469
0.00525895
0.000476565
0.00527885
0.000484347
0.00529927
0.000492312
0.00532024
0.000500417
0.00534175
0.000508613
0.00536382
0.000516841
0.00538645
0.000525037
0.00540963
0.000533125
0.00543337
0.000541022
0.00545766
0.000548636
0.00548249
0.000555864
0.00550784
0.000562598
0.00553368
0.000568719
0.00556
0.000574102
0.00558674
0.000578615
0.00561387
0.000582122
0.00564133
0.000584484
0.00566907
0.000585558
0.00569702
0.000585204
0.0057251
0.000583288
0.00575324
0.000579678
0.00578133
0.000574255
0.00580929
0.000566914
0.005837
0.000557566
0.00586436
0.000546144
0.00589126
0.000532607
0.00591756
0.00051694
0.00594317
0.000499162
0.00596795
0.000479327
0.00599179
0.000457522
0.00601459
0.000433874
0.00603623
0.000408545
0.00605663
0.000381734
0.00607569
0.000353669
0.00609336
0.000324606
0.00610957
0.000294826
0.00612428
0.000264618
0.00613747
0.000234284
0.00614913
0.000204121
0.00615927
0.000174413
0.00616791
0.00014543
0.0061751
0.000117411
0.00618088
9.05645e-05
0.00618531
6.50605e-05
0.00618847
4.10303e-05
0.00619043
1.85579e-05
0.00619127
-2.30017e-06
0.00619108
-2.15545e-05
0.00618993
-3.91851e-05
0.00618791
-5.5347e-05
0.0061851
-6.98902e-05
0.00618155
-8.34302e-05
0.00617739
-9.48978e-05
-0.000107247
0.00514476
0.000440918
0.00516602
0.000447742
0.00518779
0.000454796
0.00521009
0.000462053
0.00523292
0.00046948
0.0052563
0.000477037
0.00528024
0.000484675
0.00530474
0.00049234
0.0053298
0.000499969
0.00535544
0.000507492
0.00538163
0.000514828
0.00540838
0.000521889
0.00543566
0.000528581
0.00546346
0.000534797
0.00549175
0.000540428
0.0055205
0.000545354
0.00554967
0.000549452
0.0055792
0.000552591
0.00560904
0.000554641
0.00563913
0.000555469
0.00566939
0.000554943
0.00569974
0.000552935
0.0057301
0.000549323
0.00576036
0.000543996
0.00579041
0.000536856
0.00582016
0.000527821
0.00584947
0.000516829
0.00587824
0.000503842
0.00590633
0.000488849
0.00593362
0.00047187
0.00595999
0.000452956
0.00598532
0.000432193
0.0060095
0.000409702
0.0060324
0.000385637
0.00605395
0.000360186
0.00607406
0.000333566
0.00609264
0.000306021
0.00610965
0.000277812
0.00612506
0.000249217
0.00613882
0.000220516
0.00615095
0.00019199
0.00616146
0.000163908
0.00617037
0.000136521
0.00617772
0.000110056
0.00618358
8.47063e-05
0.00618801
6.06315e-05
0.00619109
3.79542e-05
0.00619289
1.67526e-05
0.00619351
-2.92165e-06
0.00619304
-2.10789e-05
0.00619155
-3.77029e-05
0.00618915
-5.29382e-05
0.0061859
-6.66485e-05
0.00618188
-7.94087e-05
0.00617721
-9.02202e-05
-0.000101856
0.00504675
0.000411728
0.00506985
0.000417812
0.00509346
0.000424132
0.00511759
0.000430668
0.00514225
0.000437391
0.00516746
0.000444272
0.00519323
0.000451271
0.00521956
0.000458344
0.00524646
0.000465438
0.00527394
0.000472494
0.00530198
0.000479445
0.00533059
0.000486216
0.00535976
0.000492725
0.00538946
0.00049888
0.00541967
0.000504584
0.00545037
0.000509732
0.00548151
0.000514213
0.00551305
0.00051791
0.00554494
0.000520702
0.00557712
0.000522466
0.00560951
0.000523079
0.00564203
0.000522416
0.00567461
0.000520359
0.00570714
0.000516794
0.00573952
0.000511619
0.00577163
0.000504742
0.00580336
0.000496088
0.00583459
0.0004856
0.00586519
0.000473244
0.00589503
0.000459012
0.00592397
0.000442924
0.0059519
0.00042503
0.00597868
0.000405411
0.0060042
0.000384182
0.00602835
0.000361489
0.00605102
0.00033751
0.00607214
0.000312448
0.00609163
0.000286532
0.00610943
0.000260007
0.00612552
0.000233134
0.00613986
0.000206174
0.00615246
0.000179391
0.00616333
0.000153036
0.00617251
0.000127343
0.00618004
0.000102522
0.00618599
7.87553e-05
0.00619044
5.61905e-05
0.00619345
3.49412e-05
0.00619512
1.50795e-05
0.00619555
-3.34743e-06
0.00619482
-2.03497e-05
0.00619303
-3.59143e-05
0.00619027
-5.01754e-05
0.00618663
-6.30095e-05
0.00618217
-7.49504e-05
0.00617702
-8.50712e-05
-9.59578e-05
0.00497135
0.000386821
0.00499675
0.000392412
0.00502266
0.000398222
0.0050491
0.000404231
0.00507607
0.000410414
0.00510361
0.000416741
0.0051317
0.000423175
0.00516037
0.000429675
0.00518962
0.000436192
0.00521944
0.00044267
0.00524984
0.000449046
0.00528081
0.00045525
0.00531233
0.000461205
0.00534438
0.000466827
0.00537694
0.000472023
0.00540998
0.000476697
0.00544344
0.000480744
0.0054773
0.000484056
0.00551148
0.000486522
0.00554592
0.000488026
0.00558054
0.000488454
0.00561527
0.00048769
0.00565
0.000485627
0.00568464
0.000482158
0.00571907
0.000477188
0.00575317
0.000470635
0.00578683
0.000462428
0.00581992
0.000452517
0.00585229
0.000440872
0.00588381
0.000427486
0.00591436
0.000412379
0.00594379
0.000395598
0.00597198
0.000377222
0.0059988
0.000357358
0.00602415
0.000336142
0.00604792
0.000313741
0.00607003
0.000290344
0.00609039
0.000266165
0.00610897
0.000241432
0.00612572
0.000216386
0.00614062
0.000191271
0.00615368
0.000166332
0.00616492
0.000141799
0.00617437
0.000117892
0.00618208
9.48033e-05
0.00618814
7.27022e-05
0.0061926
5.17243e-05
0.00619557
3.19742e-05
0.00619713
1.35184e-05
0.00619739
-3.60101e-06
0.00619643
-1.93934e-05
0.00619436
-3.38486e-05
0.00619128
-4.70903e-05
0.00618728
-5.90072e-05
0.00618242
-7.00918e-05
0.00617684
-7.94892e-05
-8.95933e-05
0.00489863
0.000359699
0.00492625
0.000364793
0.00495439
0.000370087
0.00498305
0.000375564
0.00501227
0.000381199
0.00504204
0.000386966
0.00507239
0.000392829
0.00510331
0.000398751
0.00513482
0.000404685
0.00516691
0.000410581
0.00519958
0.000416379
0.00523281
0.000422015
0.0052666
0.000427417
0.00530092
0.000432508
0.00533574
0.000437203
0.00537102
0.000441411
0.00540673
0.000445037
0.0054428
0.000447982
0.00547918
0.000450142
0.0055158
0.000451411
0.00555257
0.000451684
0.0055894
0.000450856
0.0056262
0.000448827
0.00566286
0.0004455
0.00569926
0.000440789
0.00573528
0.000434618
0.00577078
0.000426923
0.00580564
0.00041766
0.00583971
0.000406801
0.00587286
0.000394341
0.00590493
0.000380301
0.00593581
0.000364725
0.00596534
0.000347686
0.00599342
0.000329283
0.00601992
0.000309644
0.00604473
0.000288923
0.00606778
0.000267294
0.00608899
0.000244954
0.00610831
0.000222115
0.0061257
0.000198997
0.00614114
0.000175826
0.00615465
0.000152824
0.00616624
0.000130207
0.00617596
0.000108172
0.00618387
8.6899e-05
0.00619003
6.65411e-05
0.00619453
4.72227e-05
0.00619747
2.90392e-05
0.00619893
1.20509e-05
0.00619904
-3.70408e-06
0.00619788
-1.8235e-05
0.00619556
-3.15339e-05
0.00619219
-4.37139e-05
0.00618785
-5.46753e-05
0.00618263
-6.48686e-05
0.00617665
-7.35123e-05
-8.28025e-05
0.00482941
0.000330462
0.00485915
0.000335054
0.0048894
0.000339828
0.0049202
0.000344768
0.00495155
0.000349851
0.00498346
0.000355052
0.00501595
0.00036034
0.00504903
0.000365678
0.00508268
0.000371026
0.00511693
0.000376336
0.00515175
0.000381555
0.00518715
0.000386622
0.00522309
0.000391474
0.00525956
0.000396038
0.00529653
0.000400237
0.00533395
0.000403989
0.00537178
0.000407207
0.00540996
0.0004098
0.00544843
0.000411674
0.00548711
0.000412733
0.00552591
0.000412881
0.00556474
0.000412023
0.0056035
0.000410067
0.00564208
0.000406928
0.00568034
0.000402526
0.00571816
0.000396792
0.00575542
0.000389672
0.00579195
0.000381122
0.00582763
0.000371122
0.00586231
0.000359666
0.00589584
0.000346774
0.00592807
0.000332488
0.00595888
0.000316874
0.00598814
0.000300026
0.00601573
0.000282058
0.00604154
0.000263112
0.00606548
0.000243348
0.00608749
0.000222945
0.00610751
0.000202094
0.00612551
0.000180999
0.00614148
0.000159863
0.00615541
0.000138889
0.00616735
0.000118272
0.00617733
9.81921e-05
0.00618541
7.88116e-05
0.00619168
6.02695e-05
0.00619623
4.26783e-05
0.00619914
2.61241e-05
0.00620053
1.06612e-05
0.00620051
-3.6766e-06
0.00619917
-1.6898e-05
0.00619663
-2.8997e-05
0.00619299
-4.00759e-05
0.00618837
-5.00463e-05
0.00618281
-5.9316e-05
0.00617648
-6.71779e-05
-7.56251e-05
0.00476447
0.000299234
0.0047962
0.000303322
0.00482846
0.000307573
0.00486126
0.000311971
0.00489461
0.000316498
0.00492853
0.000321129
0.00496303
0.000325837
0.00499812
0.000330589
0.0050338
0.000335348
0.00507007
0.00034007
0.00510692
0.000344707
0.00514433
0.000349207
0.0051823
0.00035351
0.00522078
0.000357551
0.00525976
0.000361261
0.00529918
0.000364566
0.005339
0.000367389
0.00537915
0.000369646
0.00541957
0.000371254
0.00546018
0.000372126
0.00550088
0.000372177
0.00554159
0.000371321
0.00558218
0.000369477
0.00562254
0.000366567
0.00566254
0.000362522
0.00570205
0.000357279
0.00574094
0.00035079
0.00577904
0.000343017
0.00581622
0.000333942
0.00585232
0.000323562
0.0058872
0.000311895
0.00592071
0.000298978
0.00595271
0.000284874
0.00598307
0.000269665
0.00601168
0.000253456
0.00603841
0.000236375
0.0060632
0.000218565
0.00608595
0.000200187
0.00610663
0.000181415
0.0061252
0.00016243
0.00614165
0.000143414
0.00615599
0.000124551
0.00616825
0.000106013
0.00617848
8.79637e-05
0.00618674
7.05472e-05
0.00619312
5.3888e-05
0.00619771
3.80866e-05
0.00620062
2.32195e-05
0.00620195
9.33518e-06
0.00620181
-3.53689e-06
0.00620031
-1.54047e-05
0.00619758
-2.62636e-05
0.00619371
-3.62054e-05
0.00618881
-4.51523e-05
0.00618297
-5.34687e-05
0.00617631
-6.05231e-05
-6.81007e-05
0.00470459
0.000266167
0.00473816
0.000269748
0.00477226
0.000273472
0.00480691
0.000277326
0.00484211
0.000281293
0.00487789
0.000285351
0.00491425
0.000289476
0.0049512
0.000293639
0.00498874
0.000297805
0.00502687
0.000301938
0.00506559
0.000305995
0.00510487
0.000309927
0.00514469
0.000313683
0.00518504
0.000317206
0.00522586
0.000320434
0.00526713
0.000323302
0.00530878
0.000325741
0.00535074
0.000327677
0.00539296
0.000329037
0.00543534
0.000329746
0.00547779
0.000329726
0.00552021
0.000328903
0.00556248
0.000327205
0.00560449
0.000324564
0.00564609
0.000320919
0.00568715
0.000316215
0.00572753
0.000310411
0.00576708
0.000303473
0.00580563
0.000295386
0.00584305
0.000286148
0.00587917
0.000275774
0.00591384
0.000264301
0.00594694
0.000251782
0.00597831
0.000238291
0.00600784
0.000223921
0.00603543
0.000208786
0.00606099
0.000193012
0.00608443
0.000176743
0.00610572
0.00016013
0.00612481
0.000143334
0.00614171
0.000126517
0.00615642
0.000109839
0.00616898
9.34535e-05
0.00617944
7.75033e-05
0.00618787
6.21159e-05
0.00619436
4.74005e-05
0.006199
3.34456e-05
0.0062019
2.03181e-05
0.00620318
8.06054e-06
0.00620294
-3.30169e-06
0.00620131
-1.37758e-05
0.00619841
-2.33585e-05
0.00619433
-3.21306e-05
0.0061892
-4.00246e-05
0.0061831
-4.7361e-05
0.00617616
-5.35847e-05
-6.02685e-05
0.00465047
0.000231434
0.00468571
0.000234505
0.00472148
0.000237701
0.0047578
0.000241008
0.00479468
0.000244413
0.00483213
0.000247895
0.00487018
0.000251435
0.00490881
0.000255005
0.00494804
0.000258579
0.00498785
0.000262122
0.00502825
0.000265597
0.00506921
0.000268963
0.00511072
0.000272176
0.00515274
0.000275184
0.00519524
0.000277937
0.00523817
0.000280376
0.00528147
0.000282441
0.00532507
0.000284072
0.00536891
0.000285202
0.00541289
0.000285766
0.00545691
0.000285699
0.00550088
0.000284937
0.00554467
0.000283417
0.00558815
0.000281081
0.00563119
0.000277876
0.00567365
0.000273756
0.00571538
0.000268684
0.00575622
0.000262634
0.00579602
0.00025559
0.00583461
0.000247553
0.00587185
0.000238537
0.00590758
0.000228573
0.00594165
0.000217707
0.00597394
0.000206005
0.00600431
0.000193547
0.00603267
0.000180431
0.00605891
0.000166767
0.00608297
0.000152679
0.00610481
0.000138299
0.00612438
0.000123764
0.00614168
0.000109215
0.00615673
9.47893e-05
0.00616956
8.06205e-05
0.00618023
6.6831e-05
0.00618882
5.35306e-05
0.00619541
4.08136e-05
0.0062001
2.87558e-05
0.006203
1.74148e-05
0.00620423
6.82687e-06
0.00620392
-2.98631e-06
0.00620217
-1.20312e-05
0.00619912
-2.03055e-05
0.00619487
-2.78788e-05
0.00618954
-3.46938e-05
0.0061832
-4.10264e-05
0.00617602
-4.6399e-05
-5.21677e-05
0.00460276
0.000195228
0.00463948
0.00019779
0.00467672
0.000200455
0.00471452
0.000203214
0.00475288
0.000206054
0.00479181
0.000208959
0.00483134
0.00021191
0.00487145
0.000214888
0.00491217
0.000217867
0.00495347
0.000220819
0.00499535
0.000223713
0.0050378
0.000226515
0.00508079
0.000229186
0.00512429
0.000231685
0.00516826
0.000233968
0.00521265
0.000235986
0.0052574
0.000237689
0.00530245
0.000239025
0.00534771
0.00023994
0.0053931
0.000240379
0.00543851
0.000240287
0.00548383
0.00023961
0.00552895
0.000238296
0.00557374
0.000236297
0.00561805
0.000233567
0.00566173
0.00023007
0.00570464
0.000225773
0.00574662
0.000220656
0.00578751
0.000214705
0.00582714
0.000207923
0.00586536
0.000200319
0.00590201
0.000191922
0.00593694
0.00018277
0.00597003
0.000172918
0.00600114
0.000162436
0.00603017
0.000151403
0.00605702
0.000139914
0.00608163
0.000128071
0.00610394
0.000115986
0.00612393
0.000103775
0.00614159
9.15548e-05
0.00615694
7.94412e-05
0.00617002
6.75454e-05
0.00618088
5.59703e-05
0.0061896
4.48077e-05
0.00619628
3.41364e-05
0.00620101
2.40198e-05
0.00620392
1.4506e-05
0.00620512
5.62524e-06
0.00620474
-2.60476e-06
0.0062029
-1.01895e-05
0.00619972
-1.71274e-05
0.00619532
-2.34767e-05
0.00618982
-2.919e-05
0.00618329
-3.44983e-05
0.00617589
-3.9002e-05
-4.3837e-05
0.00456206
0.000157765
0.00460004
0.000159816
0.00463854
0.00016195
0.0046776
0.000164159
0.00471722
0.000166432
0.00475742
0.000168758
0.00479821
0.000171121
0.00483959
0.000173504
0.00488157
0.000175887
0.00492414
0.000178248
0.0049673
0.000180562
0.00501101
0.000182801
0.00505526
0.000184933
0.00510002
0.000186927
0.00514524
0.000188744
0.00519088
0.000190348
0.00523687
0.000191698
0.00528315
0.000192751
0.00532962
0.000193465
0.00537621
0.000193794
0.0054228
0.000193695
0.00546929
0.000193125
0.00551554
0.000192041
0.00556143
0.000190405
0.00560682
0.000188181
0.00565155
0.000185339
0.00569547
0.000181854
0.00573841
0.000177709
0.00578023
0.000172894
0.00582074
0.00016741
0.00585979
0.000161267
0.00589723
0.000154486
0.0059329
0.000147099
0.00596666
0.000139151
0.0059984
0.000130697
0.006028
0.000121802
0.00605538
0.000112542
0.00608045
0.000103
0.00610317
9.32646e-05
0.00612352
8.34299e-05
0.00614148
7.35901e-05
0.00615708
6.3838e-05
0.00617037
5.4263e-05
0.00618139
4.49477e-05
0.00619023
3.59657e-05
0.00619699
2.73803e-05
0.00620176
1.92423e-05
0.00620468
1.15902e-05
0.00620586
4.4481e-06
0.00620542
-2.16991e-06
0.0062035
-8.26833e-06
0.00620022
-1.38462e-05
0.00619569
-1.89503e-05
0.00619005
-2.35429e-05
0.00618336
-2.78094e-05
0.00617578
-3.14294e-05
-3.5315e-05
0.00452887
0.000119275
0.00456787
0.000120814
0.0046074
0.000122416
0.00464749
0.000124073
0.00468814
0.00012578
0.00472937
0.000127525
0.0047712
0.000129298
0.00481362
0.000131085
0.00485663
0.000132873
0.00490023
0.000134643
0.00494442
0.000136377
0.00498917
0.000138054
0.00503445
0.00013965
0.00508023
0.000141141
0.00512648
0.000142498
0.00517313
0.000143694
0.00522014
0.000144698
0.00526741
0.000145477
0.00531487
0.000146
0.00536244
0.000146232
0.00540999
0.000146142
0.00545742
0.000145695
0.0055046
0.000144862
0.00555139
0.000143612
0.00559765
0.000141918
0.00564323
0.000139759
0.00568797
0.000137116
0.00573171
0.000133975
0.00577427
0.00013033
0.0058155
0.000126181
0.00585523
0.000121536
0.00589331
0.000116411
0.00592958
0.000110831
0.0059639
0.000104829
0.00599615
9.8447e-05
0.00602621
9.17344e-05
0.00605401
8.4748e-05
0.00607946
7.75505e-05
0.00610251
7.02092e-05
0.00612315
6.27943e-05
0.00614136
5.53767e-05
0.00615717
4.80266e-05
0.00617062
4.08112e-05
0.00618178
3.37924e-05
0.00619072
2.70258e-05
0.00619754
2.05588e-05
0.00620235
1.44296e-05
0.00620528
8.667e-06
0.00620644
3.2891e-06
0.00620596
-1.69363e-06
0.00620398
-6.28465e-06
0.00620061
-1.04834e-05
0.00619599
-1.43251e-05
0.00619023
-1.77817e-05
0.00618341
-2.09924e-05
0.0061757
-2.37166e-05
-2.66403e-05
0.0045036
8.00024e-05
0.00454338
8.10293e-05
0.0045837
8.20979e-05
0.00462457
8.3204e-05
0.00466601
8.43422e-05
0.00470803
8.55061e-05
0.00475064
8.66884e-05
0.00479384
8.78801e-05
0.00483764
8.90713e-05
0.00488203
9.02507e-05
0.00492701
9.14054e-05
0.00497254
9.25213e-05
0.00501861
9.35829e-05
0.00506517
9.45733e-05
0.0051122
9.54742e-05
0.00515963
9.62665e-05
0.00520739
9.69295e-05
0.00525543
9.74422e-05
0.00530365
9.77826e-05
0.00535195
9.79285e-05
0.00540023
9.78577e-05
0.00544838
9.75486e-05
0.00549626
9.69802e-05
0.00554374
9.61328e-05
0.00559067
9.49889e-05
0.0056369
9.35332e-05
0.00568226
9.17535e-05
0.00572659
8.96412e-05
0.00576973
8.71919e-05
0.00581151
8.44058e-05
0.00585175
8.12885e-05
0.00589031
7.78507e-05
0.00592703
7.41091e-05
0.00596178
7.0086e-05
0.00599442
6.58095e-05
0.00602484
6.13128e-05
0.00605295
5.66338e-05
0.00607869
5.18147e-05
0.006102
4.69003e-05
0.00612285
4.19375e-05
0.00614126
3.6974e-05
0.00615723
3.20566e-05
0.00617081
2.723e-05
0.00618206
2.25357e-05
0.00619108
1.80107e-05
0.00619795
1.36867e-05
0.00620279
9.58916e-06
0.00620572
5.73721e-06
0.00620687
2.14283e-06
0.00620636
-1.18699e-06
0.00620433
-4.25468e-06
0.00620091
-7.05993e-06
0.00619621
-9.62631e-06
0.00619036
-1.19352e-05
0.00618345
-1.40795e-05
0.00617563
-1.58988e-05
-1.78511e-05
0.00448657
4.02018e-05
0.00452688
4.07164e-05
0.00456773
4.12518e-05
0.00460913
4.18056e-05
0.00465109
4.23753e-05
0.00469364
4.29576e-05
0.00473678
4.35486e-05
0.00478052
4.41442e-05
0.00482485
4.4739e-05
0.00486977
4.53275e-05
0.00491527
4.59032e-05
0.00496134
4.6459e-05
0.00500793
4.69872e-05
0.00505503
4.74791e-05
0.00510258
4.79258e-05
0.00515052
4.83175e-05
0.00519881
4.8644e-05
0.00524736
4.88946e-05
0.00529608
4.90584e-05
0.00534489
4.91244e-05
0.00539366
4.90814e-05
0.00544229
4.89186e-05
0.00549065
4.86255e-05
0.00553859
4.81925e-05
0.00558597
4.76106e-05
0.00563263
4.68724e-05
0.00567841
4.59718e-05
0.00572314
4.49046e-05
0.00576667
4.36687e-05
0.00580881
4.22643e-05
0.0058494
4.06942e-05
0.00588829
3.8964e-05
0.00592532
3.7082e-05
0.00596034
3.50597e-05
0.00599324
3.2911e-05
0.0060239
3.06527e-05
0.00605223
2.83039e-05
0.00607816
2.58856e-05
0.00610164
2.34205e-05
0.00612265
2.0932e-05
0.00614118
1.84438e-05
0.00615725
1.59796e-05
0.00617092
1.35615e-05
0.00618225
1.12104e-05
0.00619131
8.94474e-06
0.00619822
6.78028e-06
0.00620308
4.72969e-06
0.00620601
2.80251e-06
0.00620715
1.00466e-06
0.00620663
-6.60461e-07
0.00620456
0.0062011
0.00619635
0.00619045
0.00618347
0.00617559
0.004478
0.00451857
0.00455969
0.00460135
0.00464359
0.0046864
0.00472981
0.00477381
0.00481841
0.0048636
0.00490937
0.0049557
0.00500256
0.00504992
0.00509773
0.00514594
0.00519449
0.00524329
0.00529227
0.00534133
0.00539035
0.00543923
0.00548782
0.00553599
0.0055836
0.00563048
0.00567647
0.00572141
0.00576512
0.00580745
0.00584822
0.00588727
0.00592445
0.00595962
0.00599265
0.00602343
0.00605187
0.00607789
0.00610146
0.00612254
0.00614114
0.00615727
0.00617098
0.00618234
0.00619143
0.00619835
0.00620322
0.00620616
0.00620729
)
;

boundaryField
{
    inlet
    {
        type            calculated;
        value           nonuniform 0();
    }
    outlet
    {
        type            calculated;
        value           nonuniform List<scalar> 
48
(
0.00619445
0.00619366
0.00619285
0.00619203
0.00619119
0.00619034
0.00618947
0.00618859
0.00618769
0.00618678
0.00618587
0.00618494
0.00618401
0.00618308
0.00618214
0.0061812
0.00618027
0.00617935
0.00617843
0.00617753
0.00617664
0.00617577
0.00617492
0.0061741
0.00617331
0.00617254
0.00617181
0.00617112
0.00617047
0.00616986
0.0061693
0.00616879
0.00616833
0.00616792
0.00616756
0.00616726
0.00616702
0.00616684
0.00616672
0.00193715
0.00191446
0.00189203
0.00186986
0.00184796
0.00182631
0.00180491
0.00178377
0.00176287
)
;
    }
    cylinder
    {
        type            calculated;
        value           nonuniform 0();
    }
    top
    {
        type            symmetryPlane;
        value           nonuniform 0();
    }
    bottom
    {
        type            symmetryPlane;
        value           nonuniform 0();
    }
    defaultFaces
    {
        type            empty;
        value           nonuniform 0();
    }
    procBoundary7to3
    {
        type            processor;
        value           nonuniform List<scalar> 
52
(
-0.000685055
-0.00067277
-0.000657589
-0.000639559
-0.000618782
-0.000595428
-0.000569719
-0.000541939
-0.000512416
-0.000481527
-0.000449663
-0.000417254
-0.000384695
-0.000352428
-0.000320771
-0.000290161
-0.000260745
-0.000232996
-0.000206736
-0.000182666
-0.000159967
-0.000140058
-0.00012076
-0.000105358
-8.86586e-05
-7.83301e-05
-6.23581e-05
-0.000478398
-0.000492467
-0.000506862
-0.000521544
-0.000536461
-0.00055155
-0.000566736
-0.00058193
-0.00059703
-0.000611918
-0.000626462
-0.000640515
-0.000653916
-0.000666488
-0.000678045
-0.000688387
-0.000697308
-0.000704594
-0.00071003
-0.000713406
-0.000714518
-0.000713179
-0.00070922
-0.00204225
-0.000702505
)
;
    }
    procBoundary7to6
    {
        type            processor;
        value           nonuniform List<scalar> 
54
(
-0.0022038
-0.00217504
-0.00214661
-0.00211851
-0.00209073
-0.00206327
-0.00203614
-0.00200933
-0.00589844
-0.00593203
-0.00596122
-0.000529621
-0.00599199
-0.00601203
-0.0060269
-0.00603648
-0.000541643
-0.00604753
-0.00604602
-0.00603881
-0.00602585
-0.000553813
-0.00601247
-0.00598726
-0.00595628
-0.00591967
-0.000557265
-0.00587891
-0.00583019
-0.00577642
-0.00571796
-0.00565524
-0.000537533
-0.00558167
-0.00550983
-0.00543529
-0.0053587
-0.00528077
-0.00520228
-0.005124
-0.000434347
-0.00502413
-0.00494644
-0.00487151
-0.00480017
-0.00473324
-0.00467152
-0.00461573
-0.00456656
-0.0045246
-0.00449038
-0.00446432
-0.00444677
-0.00443793
)
;
    }
    procBoundary7to11
    {
        type            processor;
        value           nonuniform List<scalar> 
58
(
1.35411e-07
1.37687e-07
1.39548e-07
1.40949e-07
1.41844e-07
1.42185e-07
1.41926e-07
1.41023e-07
1.39432e-07
1.37113e-07
1.34029e-07
1.30148e-07
1.25442e-07
1.19891e-07
1.13482e-07
1.06209e-07
9.8078e-08
8.91034e-08
7.9312e-08
6.87424e-08
5.74462e-08
4.54884e-08
3.29475e-08
1.9916e-08
6.49954e-09
-7.18363e-09
-2.10036e-08
-3.48206e-08
-4.8487e-08
-6.18501e-08
-7.4755e-08
-8.70483e-08
-9.85817e-08
-1.09217e-07
-1.18828e-07
-1.27307e-07
-1.34568e-07
-1.40548e-07
-1.4521e-07
-1.48547e-07
-1.50578e-07
-1.5135e-07
-1.50933e-07
-1.49421e-07
-1.46923e-07
-1.43563e-07
-1.39471e-07
-1.34778e-07
-1.2961e-07
-1.24094e-07
-2.1941e-06
-3.5962e-06
-4.87856e-06
-6.03197e-06
-7.10288e-06
-8.01121e-06
-8.98566e-06
0.00620676
)
;
    }
}


// ************************************************************************* //
