/*--------------------------------*- C++ -*----------------------------------*\
  =========                 |
  \\      /  F ield         | OpenFOAM: The Open Source CFD Toolbox
   \\    /   O peration     | Website:  https://openfoam.org
    \\  /    A nd           | Version:  7
     \\/     M anipulation  |
\*---------------------------------------------------------------------------*/
FoamFile
{
    version     2.0;
    format      ascii;
    class       surfaceScalarField;
    location    "100";
    object      phi;
}
// * * * * * * * * * * * * * * * * * * * * * * * * * * * * * * * * * * * * * //

dimensions      [0 3 -1 0 0 0 0];

internalField   nonuniform List<scalar> 
5137
(
0.0023064
-0.000504467
0.00231213
-0.000447746
0.00231808
-0.0003906
-0.000333057
0.00235139
-0.000621352
0.00235647
-0.000565814
0.0023618
-0.000509793
0.00236736
-0.000453315
0.00237317
-0.000396406
-0.000339093
0.00240396
-0.000680666
0.00240853
-0.000625916
0.00241337
-0.000570655
0.00241848
-0.000514907
0.00242386
-0.000458696
0.0024295
-0.000402048
-0.000344991
0.00245517
-0.00079188
0.00245882
-0.000738535
0.00246278
-0.00068463
0.00246705
-0.000630186
0.00247163
-0.000575228
0.0024765
-0.000519777
0.00248166
-0.00046386
0.00248711
-0.000407499
-0.000350723
0.00251072
-0.000899048
0.00251331
-0.000847232
0.00251624
-0.00079481
0.00251951
-0.000741804
0.00252312
-0.000688235
0.00252705
-0.000634125
0.00253132
-0.000579496
0.00253591
-0.00052437
0.00254083
-0.000468772
0.00254605
-0.000412727
-0.000356258
0.00257258
-0.000951611
0.00257432
-0.000900794
0.00257644
-0.000849348
0.00257892
-0.000797295
0.00258178
-0.000744655
0.00258499
-0.000691449
0.00258856
-0.000637699
0.00259249
-0.000583426
0.00259678
-0.000528653
0.00260141
-0.000473403
0.00260638
-0.000417699
-0.000361567
0.00263714
-0.0010513
0.00263756
-0.0010022
0.00263839
-0.000952435
0.00263961
-0.000902016
0.00264123
-0.000850966
0.00264324
-0.000799307
0.00264564
-0.000747059
0.00264844
-0.000694243
0.00265162
-0.00064088
0.00265518
-0.000586991
0.00265913
-0.000532598
0.00266344
-0.000477723
0.00266813
-0.000422389
-0.000366621
0.0027064
-0.0010987
0.00270582
-0.00105072
0.00270565
-0.00100204
0.00270591
-0.000952692
0.00270659
-0.000902693
0.00270769
-0.000852063
0.0027092
-0.000800823
0.00271113
-0.000748992
0.00271348
-0.000696591
0.00271624
-0.000643641
0.00271942
-0.000590162
0.00272299
-0.000536176
0.00272698
-0.000481704
0.00273136
-0.00042677
-0.000371395
0.00278116
-0.00119001
0.00277909
-0.0011439
0.00277745
-0.00109707
0.00277625
-0.00104952
0.00277549
-0.00100128
0.00277516
-0.000952368
0.00277528
-0.000902809
0.00277584
-0.000852621
0.00277684
-0.000801822
0.00277828
-0.000750432
0.00278016
-0.000698472
0.00278248
-0.00064596
0.00278523
-0.000592918
0.00278842
-0.000539365
0.00279204
-0.000485324
0.00279609
-0.000430816
-0.000375863
0.00285843
-0.00123177
0.00285527
-0.00118685
0.00285254
-0.00114118
0.00285026
-0.00109479
0.00284843
-0.00104769
0.00284706
-0.000999901
0.00284614
-0.00095145
0.00284568
-0.000902352
0.00284569
-0.000852625
0.00284616
-0.000802289
0.00284709
-0.000751363
0.00284848
-0.000699866
0.00285034
-0.000647817
0.00285266
-0.000595236
0.00285543
-0.000542143
0.00285867
-0.000488559
0.00286236
-0.000434506
-0.000380004
0.00294392
-0.00131422
0.00293923
-0.00127123
0.00293496
-0.00122751
0.00293114
-0.00118302
0.00292776
-0.0011378
0.00292483
-0.00109186
0.00292237
-0.00104522
0.00292038
-0.000997909
0.00291886
-0.000949931
0.00291782
-0.00090131
0.00291726
-0.000852064
0.00291718
-0.000802212
0.00291758
-0.00075177
0.00291848
-0.000700759
0.00291986
-0.000649196
0.00292172
-0.0005971
0.00292407
-0.000544492
0.0029269
-0.000491392
0.00293021
-0.000437819
-0.000383796
0.0030294
-0.00135021
0.0030236
-0.00130842
0.00301822
-0.00126586
0.00301328
-0.00122256
0.00300878
-0.00117852
0.00300474
-0.00113376
0.00300116
-0.00108829
0.00299806
-0.00104213
0.00299545
-0.000995292
0.00299332
-0.000947803
0.00299169
-0.000899677
0.00299055
-0.000850929
0.00298992
-0.000801578
0.00298979
-0.000751641
0.00299017
-0.000701136
0.00299105
-0.000650081
0.00299245
-0.000598495
0.00299435
-0.000546397
0.00299676
-0.000493805
0.00299968
-0.00044074
-0.000387222
0.0031258
-0.00142336
-0.00313346
0.0031185
-0.00138362
0.00311158
-0.00134329
0.00310508
-0.00130192
0.00309901
-0.00125978
0.00309338
-0.00121693
0.0030882
-0.00117335
0.0030835
-0.00112905
0.00307927
-0.00108406
0.00307553
-0.00103838
0.00307228
-0.000992047
0.00306954
-0.000945061
0.0030673
-0.000897444
0.00306559
-0.000849211
0.00306439
-0.00080038
0.00306371
-0.000750967
0.00306357
-0.000700988
0.00306395
-0.000650463
0.00306486
-0.000599409
0.00306631
-0.000547842
0.00306829
-0.000495784
0.0030708
-0.000443251
-0.000390265
0.00321128
-0.00141494
-0.0032197
0.00320325
-0.00137558
0.0031956
-0.00133564
0.00318838
-0.0012947
0.00318161
-0.00125301
0.00317528
-0.0012106
0.00316942
-0.00116749
0.00316404
-0.00112367
0.00315915
-0.00107917
0.00315476
-0.00103399
0.00315088
-0.000988166
0.00314752
-0.000941698
0.00314468
-0.000894605
0.00314238
-0.000846904
0.00314061
-0.00079861
0.00313938
-0.000749738
0.0031387
-0.000700307
0.00313856
-0.000650332
0.00313899
-0.00059983
0.00313996
-0.000548819
0.0031415
-0.000497317
0.00314359
-0.000445342
-0.000392914
0.00329865
-0.00140575
-0.00330784
0.00328986
-0.00136679
0.00328147
-0.00132726
0.00327353
-0.00128676
0.00326603
-0.00124551
0.00325901
-0.00120358
0.00325246
-0.00116094
0.0032464
-0.00111761
0.00324084
-0.00107361
0.0032358
-0.00102895
0.00323128
-0.000983645
0.00322729
-0.000937709
0.00322384
-0.000891156
0.00322094
-0.000844002
0.00321859
-0.000796262
0.0032168
-0.00074795
0.00321558
-0.000699084
0.00321492
-0.000649678
0.00321484
-0.00059975
0.00321534
-0.000549316
0.00321642
-0.000498394
0.00321808
-0.000447
0.00338793
-0.00139577
-0.00339791
0.00337837
-0.00135723
0.00336922
-0.00131812
0.00336054
-0.00127807
0.00335232
-0.00123729
0.00334457
-0.00119583
0.00333732
-0.00115369
0.00333057
-0.00111087
0.00332434
-0.00106738
0.00331864
-0.00102325
0.00331347
-0.000978478
0.00330885
-0.000933088
0.00330478
-0.00088709
0.00330128
-0.0008405
0.00329835
-0.00079333
0.003296
-0.000745596
0.00329423
-0.000697314
0.00329304
-0.000648497
0.00329246
-0.000599163
0.00329247
-0.000549327
0.00329308
-0.000499006
-0.000448218
0.00347914
-0.00138498
-0.00348992
0.00346879
-0.00134688
0.00345888
-0.00130821
0.00344943
-0.00126863
0.00344047
-0.00122833
0.003432
-0.00118736
0.00342404
-0.00114573
0.0034166
-0.00110342
0.00340968
-0.00106047
0.00340331
-0.00101687
0.00339749
-0.000972657
0.00339223
-0.000927829
0.00338754
-0.000882402
0.00338343
-0.000836391
0.00337991
-0.000789809
0.00337699
-0.000742671
0.00337467
-0.00069499
0.00337295
-0.000646782
0.00337185
-0.000598062
0.00337137
-0.000548846
0.00337151
-0.000499148
-0.000448986
0.00357231
-0.00137337
-0.00358392
0.00356116
-0.00133572
0.00355046
-0.00129751
0.00354025
-0.00125842
0.00353053
-0.00121861
0.00352132
-0.00117816
0.00351264
-0.00113704
0.00350449
-0.00109527
0.00349688
-0.00105286
0.00348983
-0.00100983
0.00348335
-0.000966176
0.00347745
-0.000921926
0.00347213
-0.000877086
0.00346741
-0.000831672
0.0034633
-0.000785695
0.0034598
-0.00073917
0.00345692
-0.000692109
0.00345466
-0.000644529
0.00345304
-0.000596443
0.00345206
-0.000547865
0.00345173
-0.000498813
-0.0004493
0.00366747
-0.00136092
-0.00367991
0.0036555
-0.00132375
0.003644
-0.00128601
0.003633
-0.00124742
0.00362252
-0.00120813
0.00361256
-0.0011682
0.00360314
-0.00112762
0.00359427
-0.0010864
0.00358596
-0.00104455
0.00357823
-0.00100209
0.00357108
-0.000959027
0.00356453
-0.000915371
0.00355858
-0.000871136
0.00355324
-0.000826335
0.00354853
-0.000780981
0.00354445
-0.000735087
0.003541
-0.000688666
0.00353821
-0.000641732
0.00353606
-0.000594299
0.00353458
-0.000546382
0.00353376
-0.000497995
-0.000449154
0.00376464
-0.00134762
-0.00377794
0.00375183
-0.00131094
0.00373952
-0.0012737
0.00372772
-0.00123562
0.00371646
-0.00119687
0.00370574
-0.00115748
0.00369557
-0.00111746
0.00368598
-0.0010768
0.00367696
-0.00103554
0.00366853
-0.000993666
0.00366071
-0.000951203
0.0036535
-0.000908158
0.0036469
-0.000864546
0.00364095
-0.000820376
0.00363563
-0.000775663
0.00363096
-0.000730419
0.00362695
-0.000684656
0.0036236
-0.000638388
0.00362093
-0.000591629
0.00361894
-0.000544392
0.00361764
-0.000496692
-0.000448543
0.00386386
-0.00133345
-0.00387803
0.0038502
-0.00129728
0.00383705
-0.00126055
0.00382444
-0.00122301
0.00381238
-0.00118481
0.00380089
-0.00114598
0.00378997
-0.00110654
0.00377963
-0.00106647
0.00376989
-0.0010258
0.00376077
-0.000984538
0.00375226
-0.000942694
0.00374438
-0.00090028
0.00373714
-0.000857308
0.00373055
-0.000813789
0.00372462
-0.000769735
0.00371937
-0.00072516
0.00371478
-0.000680074
0.00371089
-0.000634492
0.00370768
-0.000588426
0.00370518
-0.00054189
0.00370339
-0.000494898
-0.000447463
0.00396514
-0.00131839
-0.0039802
0.00395062
-0.00128276
0.00393663
-0.00124656
0.00392319
-0.00120958
0.00391032
-0.00117194
0.00389804
-0.0011337
0.00388635
-0.00109484
0.00387527
-0.00105538
0.0038648
-0.00101533
0.00385496
-0.000974698
0.00384576
-0.000933493
0.00383721
-0.000891728
0.00382931
-0.000849415
0.00382209
-0.000806566
0.00381555
-0.000763191
0.00380969
-0.000719304
0.00380453
-0.000674916
0.00380008
-0.00063004
0.00379634
-0.000584688
0.00379333
-0.000538873
0.00379104
-0.00049261
-0.000445912
0.00406853
-0.00130243
-0.00408449
0.00405313
-0.00126735
0.00403827
-0.0012317
0.004024
-0.0011953
0.00401031
-0.00115826
0.00399723
-0.00112062
0.00398476
-0.00108237
0.00397291
-0.00104354
0.00396171
-0.00100412
0.00395114
-0.000964137
0.00394124
-0.00092359
0.00393201
-0.000882495
0.00392346
-0.000840862
0.00391559
-0.000798702
0.00390843
-0.000756026
0.00390197
-0.000712847
0.00389623
-0.000669177
0.00389122
-0.000625027
0.00388694
-0.000580409
0.0038834
-0.000535338
0.00388062
-0.000489825
-0.000443884
0.00417405
-0.00128555
-0.00419093
0.00415775
-0.00125105
0.00414203
-0.00121598
0.0041269
-0.00118017
0.00411238
-0.00114374
0.00409848
-0.00110672
0.00408522
-0.00106911
0.00407261
-0.00103092
0.00406065
-0.000992165
0.00404936
-0.000952846
0.00403875
-0.000912979
0.00402882
-0.000872573
0.0040196
-0.000831639
0.00401109
-0.000790189
0.0040033
-0.000748233
0.00399623
-0.000705783
0.00398991
-0.000662851
0.00398433
-0.000619448
0.00397951
-0.000575587
0.00397545
-0.000531279
0.00397216
-0.000486539
-0.000441378
0.00428174
-0.00126774
-0.00429954
0.00426453
-0.00123384
0.00424792
-0.00119937
0.00423192
-0.00116418
0.00421656
-0.00112838
0.00420184
-0.001092
0.00418778
-0.00105505
0.00417438
-0.00101753
0.00416166
-0.000979446
0.00414963
-0.000940816
0.0041383
-0.000901648
0.00412768
-0.000861953
0.00411778
-0.00082174
0.00410862
-0.000781021
0.00410019
-0.000739806
0.00409251
-0.000698107
0.0040856
-0.000655934
0.00407945
-0.0006133
0.00407408
-0.000570216
0.00406949
-0.000526695
0.0040657
-0.000482748
-0.000438389
0.00439162
-0.00124899
-0.00441037
0.00437349
-0.00121572
0.00435598
-0.00118186
0.00433911
-0.00114731
0.00432289
-0.00111216
0.00430734
-0.00107645
0.00429246
-0.00104017
0.00427827
-0.00100334
0.00426478
-0.000965957
0.00425201
-0.000928038
0.00423995
-0.000889592
0.00422862
-0.000850628
0.00421804
-0.000811158
0.00420821
-0.000771191
0.00419914
-0.000730739
0.00419085
-0.000689811
0.00418333
-0.00064842
0.00417661
-0.000606577
0.00417069
-0.000564292
0.00416557
-0.000521579
0.00416127
-0.000478449
-0.000434914
0.00450373
-0.00122929
-0.00452343
0.00448467
-0.00119665
0.00446625
-0.00116344
0.00444849
-0.00112955
0.00443141
-0.00109508
0.00441501
-0.00106005
0.00439931
-0.00102447
0.00438432
-0.00098835
0.00437005
-0.000951689
0.00435652
-0.000914503
0.00434373
-0.0008768
0.00433169
-0.00083859
0.00432041
-0.000799884
0.00430991
-0.000760692
0.0043002
-0.000721024
0.00429128
-0.000680891
0.00428316
-0.000640304
0.00427586
-0.000599273
0.00426938
-0.000557811
0.00426373
-0.000515928
0.00425892
-0.000473637
-0.00043095
0.00461811
-0.00120862
-0.00463877
0.0045981
-0.00117665
0.00457876
-0.00114409
0.0045601
-0.00111089
0.00454214
-0.00107712
0.00452489
-0.0010428
0.00450836
-0.00100794
0.00449256
-0.000972551
0.00447751
-0.000936633
0.0044632
-0.000900202
0.00444967
-0.000863264
0.00443691
-0.000825831
0.00442494
-0.000787912
0.00441376
-0.000749517
0.0044034
-0.000710656
0.00439384
-0.00067134
0.00438512
-0.000631579
0.00437723
-0.000591384
0.00437019
-0.000550767
0.004364
-0.000509738
0.00435867
-0.000468309
-0.000426492
0.00473479
-0.00118698
-0.00475643
0.00471383
-0.00115569
0.00469356
-0.00112382
0.00467399
-0.00109133
0.00465515
-0.00105827
0.00463703
-0.00102469
0.00461966
-0.00099057
0.00460304
-0.000955932
0.00458719
-0.000920781
0.00457211
-0.000885127
0.00455783
-0.000848978
0.00454434
-0.000812344
0.00453166
-0.000775234
0.0045198
-0.000737659
0.00450877
-0.000699628
0.00449859
-0.000661152
0.00448925
-0.000622241
0.00448077
-0.000582905
0.00447316
-0.000543156
0.00446642
-0.000503004
0.00446057
-0.000462461
-0.000421538
0.00485381
-0.00116435
-0.00487644
0.00483189
-0.00113377
0.00481068
-0.00110261
0.00479019
-0.00107084
0.00477045
-0.00103853
0.00475146
-0.0010057
0.00473324
-0.000972347
0.0047158
-0.000938486
0.00469914
-0.000904125
0.00468328
-0.00086927
0.00466824
-0.000833932
0.00465401
-0.00079812
0.00464062
-0.000761844
0.00462807
-0.000725112
0.00461638
-0.000687934
0.00460555
-0.000650321
0.00459559
-0.000612283
0.00458652
-0.00057383
0.00457833
-0.000534972
0.00457105
-0.000495721
0.00456468
-0.000456088
-0.000416083
0.00497522
-0.00114073
-0.00499884
0.00495233
-0.00111088
0.00493017
-0.00108045
0.00490875
-0.00104943
0.00488811
-0.00101788
0.00486824
-0.000985827
0.00484916
-0.000953265
0.00483088
-0.000920205
0.00481341
-0.000886655
0.00479676
-0.000852624
0.00478095
-0.000818121
0.00476598
-0.000783154
0.00475187
-0.000747733
0.00473863
-0.000711868
0.00472626
-0.000675567
0.00471478
-0.000638841
0.0047042
-0.0006017
0.00469452
-0.000564153
0.00468576
-0.000526211
0.00467792
-0.000487885
0.00467102
-0.000449185
-0.000410123
0.00509906
-0.00111611
-0.00512368
0.00507518
-0.001087
0.00505206
-0.00105733
0.00502972
-0.00102709
0.00500816
-0.000996325
0.0049874
-0.000965068
0.00496745
-0.000933317
0.00494833
-0.00090108
0.00493004
-0.000868365
0.00491259
-0.000835181
0.00489601
-0.000801535
0.00488029
-0.000767438
0.00486545
-0.000732897
0.00485151
-0.000697921
0.00483846
-0.000662522
0.00482633
-0.000626706
0.00481511
-0.000590486
0.00480483
-0.000553869
0.00479549
-0.000516867
0.00478709
-0.00047949
0.00477966
-0.000441749
-0.000403653
0.00522536
-0.00109047
-0.005251
0.0052005
-0.00106214
0.00517642
-0.00103324
0.00515313
-0.0010038
0.00513065
-0.000973847
0.00510899
-0.000943412
0.00508817
-0.000912496
0.0050682
-0.000881105
0.00504908
-0.000849248
0.00503083
-0.000816934
0.00501347
-0.00078417
0.00499699
-0.000750964
0.00498142
-0.000717327
0.00496677
-0.000683266
0.00495304
-0.000648791
0.00494024
-0.000613911
0.00492839
-0.000578635
0.0049175
-0.000542974
0.00490757
-0.000506936
0.00489861
-0.000470533
0.00489063
-0.000433774
-0.000396671
0.00535419
-0.00106382
-0.00538084
0.00532833
-0.00103628
0.00530328
-0.00100819
0.00527904
-0.000979559
0.00525564
-0.000950442
0.00523308
-0.000920852
0.00521137
-0.000890793
0.00519054
-0.000860272
0.00517059
-0.000829297
0.00515153
-0.000797876
0.00513338
-0.000766017
0.00511614
-0.000733728
0.00509983
-0.000701018
0.00508446
-0.000667896
0.00507004
-0.000634369
0.00505658
-0.000600449
0.00504409
-0.000566143
0.00503257
-0.00053146
0.00502205
-0.000496412
0.00501252
-0.000461008
0.00500401
-0.000425257
-0.00038917
0.00548559
-0.00103615
-0.00551327
0.00545873
-0.00100942
0.0054327
-0.000982152
0.00540751
-0.000954366
0.00538317
-0.000926104
0.0053597
-0.000897382
0.00533711
-0.000868203
0.00531541
-0.000838575
0.00529462
-0.000808505
0.00527474
-0.000778001
0.0052558
-0.000747071
0.00523779
-0.000715722
0.00522074
-0.000683964
0.00520465
-0.000651804
0.00518953
-0.000619251
0.00517539
-0.000586314
0.00516225
-0.000553002
0.00515012
-0.000519325
0.005139
-0.000485291
0.0051289
-0.00045091
0.00511983
-0.000416192
-0.000381148
0.00561962
-0.00100745
-0.00564832
0.00559175
-0.000981555
0.00556474
-0.000955133
0.00553858
-0.00092821
0.0055133
-0.000900826
0.00548892
-0.000872995
0.00546543
-0.00084472
0.00544287
-0.000816008
0.00542123
-0.000786867
0.00540053
-0.000757303
0.00538078
-0.000727326
0.005362
-0.000696941
0.0053442
-0.000666158
0.00532738
-0.000634985
0.00531156
-0.000603431
0.00529675
-0.000571502
0.00528295
-0.00053921
0.00527019
-0.000506561
0.00525846
-0.000473567
0.00524779
-0.000440235
0.00523817
-0.000406576
-0.000372599
0.00575633
-0.000977712
-0.00578607
0.00572746
-0.000952677
0.00569945
-0.000927123
0.00567232
-0.000901087
0.0056461
-0.000874604
0.00562079
-0.000847686
0.00559641
-0.000820338
0.00557297
-0.000792565
0.00555047
-0.000764376
0.00552895
-0.000735776
0.0055084
-0.000706775
0.00548883
-0.000677379
0.00547027
-0.000647596
0.00545272
-0.000617434
0.00543619
-0.000586902
0.0054207
-0.000556007
0.00540625
-0.000524759
0.00539285
-0.000493165
0.00538052
-0.000461235
0.00536926
-0.000428978
0.00535909
-0.000396403
-0.00036352
0.0058958
-0.000946939
-0.00592657
0.0058659
-0.000922781
0.0058369
-0.000898119
0.0058088
-0.000872991
0.00578163
-0.000847431
0.00575539
-0.000821449
0.0057301
-0.00079505
0.00570578
-0.00076824
0.00568243
-0.000741026
0.00566007
-0.000713414
0.00563871
-0.000685413
0.00561836
-0.00065703
0.00559903
-0.000628271
0.00558074
-0.000599145
0.0055635
-0.00056966
0.00554732
-0.000539824
0.0055322
-0.000509645
0.00551817
-0.000479131
0.00550522
-0.000448291
0.00549338
-0.000417135
0.00548265
-0.00038567
-0.000353907
0.00603807
-0.000915122
-0.00606989
0.00600715
-0.000891863
0.00597715
-0.000868115
0.00594808
-0.000843918
0.00591995
-0.000819303
0.00589278
-0.00079428
0.00586658
-0.000768853
0.00584137
-0.000743028
0.00581716
-0.000716813
0.00579395
-0.000690213
0.00577178
-0.000663236
0.00575064
-0.000635888
0.00573054
-0.000608178
0.00571151
-0.000580113
0.00569355
-0.0005517
0.00567667
-0.000522947
0.00566089
-0.000493862
0.00564621
-0.000464454
0.00563265
-0.00043473
0.00562022
-0.0004047
0.00560892
-0.000374372
-0.000343755
0.00618323
-0.000882259
-0.0062161
0.00615129
-0.00085992
0.00612028
-0.000837106
0.00609023
-0.000813862
0.00606114
-0.000790214
0.00603303
-0.000766172
0.00600592
-0.00074174
0.00597981
-0.000716924
0.00595473
-0.00069173
0.00593068
-0.000666165
0.00590769
-0.000640236
0.00588575
-0.000613949
0.00586488
-0.000587312
0.0058451
-0.000560332
0.00582642
-0.000533016
0.00580884
-0.000505372
0.00579239
-0.000477407
0.00577706
-0.00044913
0.00576288
-0.000420548
0.00574985
-0.00039167
0.00573798
-0.000362504
-0.000333059
0.00633136
-0.000848346
-0.00636527
0.00629839
-0.000826947
0.00626637
-0.00080509
0.00623533
-0.00078282
0.00620527
-0.000760161
0.00617622
-0.000737122
0.00614819
-0.000713708
0.00612119
-0.000689923
0.00609523
-0.000665774
0.00607034
-0.000641268
0.00604651
-0.00061641
0.00602377
-0.000591208
0.00600212
-0.000565668
0.00598159
-0.000539798
0.00596218
-0.000513604
0.0059439
-0.000487093
0.00592677
-0.000460274
0.00591079
-0.000433153
0.00589598
-0.000405739
0.00588235
-0.00037804
0.00586991
-0.000350063
-0.000321818
0.00648253
-0.000813379
-0.0065175
0.00644852
-0.00079294
0.00641549
-0.000772061
0.00638346
-0.000750787
0.00635244
-0.000729139
0.00632244
-0.000707125
0.00629348
-0.00068475
0.00626558
-0.000662019
0.00623875
-0.000638939
0.00621299
-0.000615514
0.00618833
-0.000591752
0.00616479
-0.000567659
0.00614236
-0.000543241
0.00612106
-0.000518505
0.00610092
-0.000493458
0.00608193
-0.000468106
0.00606412
-0.000442458
0.00604748
-0.00041652
0.00603204
-0.0003903
0.00601781
-0.000363806
0.00600479
-0.000337045
-0.000310025
0.00663683
-0.000777356
-0.00667285
0.00660179
-0.000757897
0.00656774
-0.000738017
0.00653472
-0.000717759
0.00650272
-0.000697143
0.00647177
-0.000676176
0.00644188
-0.000654863
0.00641307
-0.000633209
0.00638536
-0.00061122
0.00635874
-0.0005889
0.00633325
-0.000566258
0.00630889
-0.000543297
0.00628567
-0.000520025
0.00626361
-0.000496448
0.00624273
-0.000472573
0.00622303
-0.000448406
0.00620453
-0.000423955
0.00618723
-0.000399226
0.00617116
-0.000374226
0.00615632
-0.000348963
0.00614272
-0.000323445
-0.000297679
0.00679436
-0.000740273
-0.00683144
0.00675828
-0.000721814
0.00672321
-0.000702953
0.00668919
-0.000683732
0.00665621
-0.000664169
0.00662431
-0.000644272
0.00659349
-0.000624043
0.00656377
-0.000603488
0.00653516
-0.000582612
0.00650768
-0.000561421
0.00648134
-0.000539921
0.00645616
-0.000518118
0.00643216
-0.000496017
0.00640933
-0.000473624
0.0063877
-0.000450946
0.00636729
-0.000427989
0.00634809
-0.00040476
0.00633013
-0.000381266
0.00631342
-0.000357513
0.00629796
-0.000333508
0.00628378
-0.00030926
-0.000284774
0.00695522
-0.000702127
-0.00699336
0.00691809
-0.000684687
0.006882
-0.000666865
0.00684697
-0.000648702
0.00681302
-0.000630214
0.00678015
-0.000611407
0.00674839
-0.000592284
0.00671776
-0.00057285
0.00668826
-0.000553112
0.00665991
-0.000533072
0.00663272
-0.000512739
0.00660672
-0.000492116
0.00658192
-0.00047121
0.00655832
-0.000450026
0.00653594
-0.000428571
0.0065148
-0.000406849
0.00649491
-0.000384869
0.00647628
-0.000362636
0.00645893
-0.000340156
0.00644285
-0.000317437
0.00642808
-0.000294485
-0.000271308
0.00711951
-0.000662914
-0.00715872
0.00708134
-0.000646513
0.00704422
-0.000629751
0.00700819
-0.000612666
0.00697324
-0.000595273
0.00693941
-0.000577577
0.00690671
-0.000559582
0.00687515
-0.000541292
0.00684476
-0.000522713
0.00681553
-0.000503849
0.0067875
-0.000484705
0.00676067
-0.000465287
0.00673506
-0.000445601
0.00671068
-0.000425651
0.00668756
-0.000405443
0.00666569
-0.000384983
0.0066451
-0.000364277
0.00662579
-0.000343332
0.00660779
-0.000322152
0.0065911
-0.000300746
0.00657573
-0.000279118
-0.000257277
0.00728736
-0.000622633
-0.00732764
0.00724813
-0.000607289
0.00720999
-0.000591605
0.00717294
-0.000575619
0.00713701
-0.000559341
0.00710221
-0.000542778
0.00706856
-0.000525932
0.00703608
-0.000508808
0.00700477
-0.000491411
0.00697467
-0.000473745
0.00694578
-0.000455815
0.00691812
-0.000437627
0.0068917
-0.000419184
0.00686654
-0.000400492
0.00684266
-0.000381558
0.00682006
-0.000362385
0.00679876
-0.00034298
0.00677878
-0.000323349
0.00676013
-0.000303497
0.00674281
-0.00028343
0.00672685
-0.000263155
-0.000242677
0.00745888
-0.000581278
-0.00750023
0.0074186
-0.00056701
0.00737942
-0.000552425
0.00734136
-0.000537557
0.00730443
-0.000522415
0.00726866
-0.000507006
0.00723406
-0.00049133
0.00720064
-0.000475395
0.00716843
-0.000459202
0.00713744
-0.000442757
0.00710769
-0.000426064
0.0070792
-0.000409129
0.00705197
-0.000391955
0.00702602
-0.000374547
0.00700137
-0.000356911
0.00697804
-0.000339051
0.00695603
-0.000320974
0.00693537
-0.000302683
0.00691606
-0.000284186
0.00689811
-0.000265486
0.00688155
-0.000246591
-0.000227506
0.00763421
-0.000538847
-0.00767664
0.00759287
-0.000525674
0.00755265
-0.000512207
0.00751357
-0.000498476
0.00747565
-0.000484491
0.00743889
-0.000470255
0.00740334
-0.000455772
0.00736899
-0.000441046
0.00733586
-0.00042608
0.00730399
-0.000410879
0.00727337
-0.000395447
0.00724403
-0.000379789
0.00721598
-0.000363908
0.00718925
-0.000347809
0.00716383
-0.000331497
0.00713976
-0.000314977
0.00711704
-0.000298253
0.00709569
-0.000281331
0.00707572
-0.000264215
0.00705714
-0.000246911
0.00703997
-0.000229425
-0.000211761
0.00781348
-0.000495336
-0.007857
0.00777109
-0.000483276
0.00772983
-0.000470945
0.00768972
-0.000458371
0.00765079
-0.000445562
0.00761306
-0.000432521
0.00757654
-0.000419251
0.00754125
-0.000405757
0.00750721
-0.000392041
0.00747444
-0.000378107
0.00744295
-0.00036396
0.00741276
-0.000349602
0.00738389
-0.000335039
0.00735636
-0.000320275
0.00733018
-0.000305313
0.00730536
-0.000290158
0.00728192
-0.000274815
0.00725987
-0.000259288
0.00723924
-0.000243581
0.00722003
-0.000227701
0.00720226
-0.000211652
-0.000195438
0.00799686
-0.000450742
-0.00804146
0.0079534
-0.000439813
0.00791109
-0.000428637
0.00786996
-0.000417239
0.00783002
-0.000405625
0.0077913
-0.0003938
0.00775381
-0.000381765
0.00771758
-0.000369523
0.00768262
-0.000357079
0.00764895
-0.000344435
0.00761658
-0.000331596
0.00758554
-0.000318564
0.00755585
-0.000305343
0.00752751
-0.000291938
0.00750055
-0.000278352
0.00747498
-0.000264589
0.00745082
-0.000250653
0.00742808
-0.000236549
0.00740678
-0.000222281
0.00738693
-0.000207853
0.00736855
-0.000193269
-0.000178536
0.0081845
-0.00040506
-0.00823018
0.00813997
-0.000395279
0.00809661
-0.000385277
0.00805444
-0.000375074
0.00801349
-0.000364676
0.00797378
-0.000354086
0.00793532
-0.000343306
0.00789814
-0.00033234
0.00786225
-0.000321189
0.00782767
-0.000309859
0.00779442
-0.000298351
0.00776253
-0.000286669
0.007732
-0.000274816
0.00770286
-0.000262795
0.00767512
-0.000250611
0.00764879
-0.000238266
0.00762391
-0.000225765
0.00760047
-0.000213112
0.0075785
-0.000200309
0.00755801
-0.000187362
0.00753901
-0.000174274
-0.00016105
0.00837657
-0.000358286
-0.00842334
0.00833096
-0.000349672
0.00828654
-0.000340861
0.00824334
-0.000331871
0.00820137
-0.000322708
0.00816066
-0.000313374
0.00812123
-0.000303871
0.00808309
-0.000294201
0.00804626
-0.000284367
0.00801078
-0.000274372
0.00797665
-0.000264219
0.00794389
-0.000253911
0.00791252
-0.000243451
0.00788257
-0.00023284
0.00785404
-0.000222084
0.00782696
-0.000211185
0.00780134
-0.000200146
0.0077772
-0.000188971
0.00775456
-0.000177663
0.00773342
-0.000166226
0.00771381
-0.000154664
-0.000142979
0.00857324
-0.000310417
-0.00862111
0.00852655
-0.000302986
0.00848108
-0.000295384
0.00843683
-0.000287627
0.00839384
-0.000279718
0.00835213
-0.00027166
0.00831171
-0.000263453
0.00827261
-0.000255102
0.00823485
-0.000246607
0.00819845
-0.000237971
0.00816343
-0.000229197
0.0081298
-0.000220287
0.00809759
-0.000211243
0.00806682
-0.000202069
0.00803751
-0.000192768
0.00800966
-0.000183341
0.00798331
-0.000173792
0.00795846
-0.000164124
0.00793514
-0.000154339
0.00791335
-0.000144442
0.00789312
-0.000134435
0.0087747
-0.000261449
-0.00882367
0.00872693
-0.000255219
0.00868039
-0.000248844
0.0086351
-0.000242337
0.00859109
-0.000235701
0.00854836
-0.000228938
0.00850696
-0.000222049
0.0084669
-0.000215037
0.00842819
-0.000207903
0.00839087
-0.000200649
0.00835495
-0.000193277
0.00832045
-0.00018579
0.0082874
-0.000178189
0.00825581
-0.000170477
0.00822569
-0.000162656
0.00819708
-0.000154729
0.00816999
-0.000146698
0.00814443
-0.000138565
0.00812042
-0.000130334
0.00809799
-0.000122006
-0.000113585
0.00898116
-0.000211378
-0.00903123
0.0089323
-0.000206365
0.00888469
-0.000201234
0.00883835
-0.000195996
0.0087933
-0.000190652
0.00874957
-0.000185204
0.00870717
-0.000179653
0.00866614
-0.000174001
0.00862648
-0.00016825
0.00858824
-0.0001624
0.00855141
-0.000156455
0.00851604
-0.000150414
0.00848213
-0.000144281
0.00844971
-0.000138057
0.0084188
-0.000131745
0.00838942
-0.000125345
0.00836158
-0.00011886
0.0083353
-0.000112292
0.00831061
-0.000105643
0.00828752
-9.89162e-05
-9.21125e-05
0.00919281
-0.000160201
-0.00924398
0.00914286
-0.000156421
0.00909418
-0.000152551
0.00904678
-0.000148599
0.0090007
-0.000144565
0.00895595
-0.000140451
0.00891255
-0.000136259
0.00887054
-0.000131988
0.00882993
-0.000127641
0.00879075
-0.000123219
0.00875302
-0.000118723
0.00871676
-0.000114155
0.00868199
-0.000109515
0.00864874
-0.000104806
0.00861702
-0.000100028
0.00858686
-9.51834e-05
0.00855828
-9.02737e-05
0.00853128
-8.53005e-05
0.00850591
-8.02651e-05
0.00848216
-7.51697e-05
-7.00157e-05
0.00940986
-0.000107915
-0.00946215
0.00935883
-0.000105384
0.00930907
-0.00010279
0.00926061
-0.00010014
0.00921348
-9.74348e-05
0.0091677
-9.4674e-05
0.0091233
-9.18592e-05
0.0090803
-8.89911e-05
0.00903873
-8.60707e-05
0.00899861
-8.30987e-05
0.00895997
-8.00763e-05
0.00892281
-7.70042e-05
0.00888718
-7.38836e-05
0.00885309
-7.07153e-05
0.00882057
-6.75005e-05
0.00878962
-6.42401e-05
0.00876028
-6.09354e-05
0.00873257
-5.75874e-05
0.0087065
-5.4197e-05
0.0086821
-5.07658e-05
-4.72944e-05
0.00963254
-5.45165e-05
-0.00968594
0.0095804
-5.32472e-05
0.00952955
-5.1945e-05
0.00948003
-5.06131e-05
0.00943184
-4.92521e-05
0.00938503
-4.78627e-05
0.00933962
-4.6445e-05
0.00929563
-4.5e-05
0.00925309
-4.35279e-05
0.00921202
-4.20295e-05
0.00917244
-4.0505e-05
0.0091344
-3.89553e-05
0.00909789
-3.73805e-05
0.00906296
-3.57815e-05
0.00902962
-3.41585e-05
0.00899789
-3.25124e-05
0.0089678
-3.08434e-05
0.00893936
-2.91526e-05
0.00891261
-2.744e-05
0.00888755
-2.57067e-05
-2.39528e-05
0.00986106
-0.00991558
0.00980781
0.00975587
0.00970525
0.009656
0.00960814
0.00956169
0.00951669
0.00947317
0.00943114
0.00939063
0.00935168
0.0093143
0.00927851
0.00924436
0.00921184
0.009181
0.00915185
0.00912441
0.0090987
0.00302561
0.00110564
0.00303824
0.00110886
0.00305203
0.00110752
0.00306689
0.00110135
0.00308267
0.00108997
0.00309918
0.00107283
0.00311622
0.00104914
0.00101758
0.00306404
5.76322e-05
0.00306307
0.000161234
0.00306159
0.000252859
0.00305969
0.000334789
0.0030575
0.000409463
0.00305516
0.000478242
0.00305278
0.000542254
0.0030505
0.000602194
0.00304845
0.000658556
0.00304674
0.000711626
0.00304553
0.000761562
0.00304492
0.000808412
0.00304507
0.000852152
0.00304607
0.000892704
0.00304805
0.000929955
0.00305112
0.000963774
0.00305535
0.000994019
0.00306083
0.00102055
0.00306761
0.00104325
0.00307572
0.00106199
0.00308517
0.00107668
0.00309596
0.00108724
0.00310804
0.00109356
0.00312135
0.00109555
0.0031358
0.00109307
0.00315127
0.00108588
0.0031676
0.00107363
0.00318461
0.00105582
0.00320208
0.00103167
0.000999955
0.00313693
5.79308e-05
0.00313606
0.000162106
0.00313473
0.000254194
0.00313303
0.000336483
0.0031311
0.000411392
0.00312906
0.000480285
0.00312703
0.000544284
0.00312514
0.000604084
0.00312352
0.000660176
0.0031223
0.000712846
0.00312161
0.000762251
0.00312158
0.000808442
0.00312234
0.0008514
0.00312399
0.000891051
0.00312665
0.000927292
0.00313042
0.000960002
0.00313539
0.000989055
0.00314161
0.00101433
0.00314914
0.00103572
0.003158
0.00105313
0.0031682
0.00106649
0.00317971
0.00107572
0.0031925
0.00108078
0.00320648
0.00108157
0.00322156
0.00107798
0.00323762
0.00106982
0.00325449
0.00105676
0.00327198
0.00103833
0.00328986
0.00101379
0.000981973
0.00321156
5.81923e-05
0.00321079
0.000162874
0.00320962
0.000255363
0.00320815
0.000337957
0.00320649
0.000413049
0.00320477
0.000482007
0.00320311
0.000545944
0.00320163
0.000605557
0.00320048
0.000661332
0.00319977
0.000713556
0.00319963
0.000762386
0.0032002
0.000807876
0.00320159
0.000850012
0.00320391
0.000888727
0.00320728
0.000923927
0.00321177
0.000955504
0.00321748
0.000983347
0.00322446
0.00100735
0.00323275
0.00102743
0.00324236
0.00104351
0.0032533
0.00105555
0.00326553
0.00106349
0.00327901
0.0010673
0.00329365
0.00106693
0.00330935
0.00106229
0.00332597
0.0010532
0.00334335
0.00103938
0.0033613
0.00102038
0.00337958
0.000995501
0.000963647
0.00328796
5.84142e-05
0.0032873
0.00016353
0.00328631
0.000256357
0.00328507
0.000339197
0.0032837
0.000414418
0.00328232
0.000483388
0.00328105
0.000547213
0.00328002
0.000606589
0.00327935
0.000661998
0.00327918
0.00071373
0.00327962
0.00076194
0.00328081
0.000806688
0.00328286
0.000847963
0.00328588
0.000885709
0.00328996
0.00091984
0.0032952
0.000950263
0.00330167
0.000976881
0.00330941
0.00099961
0.00331846
0.00101838
0.00332883
0.00103315
0.00334051
0.00104387
0.00335346
0.00105054
0.00336761
0.00105315
0.00338289
0.00105165
0.00339918
0.001046
0.00341635
0.00103603
0.00343422
0.00102151
0.00345261
0.001002
0.00347127
0.000976836
0.000944993
0.00336618
5.8594e-05
0.00336564
0.000164068
0.00336483
0.000257163
0.00336384
0.000340187
0.00336278
0.000415479
0.00336176
0.000484407
0.00336091
0.000548068
0.00336034
0.000607155
0.00336019
0.000662151
0.00336058
0.000713342
0.00336163
0.000760889
0.00336346
0.000804854
0.00336619
0.000845232
0.00336993
0.000881976
0.00337475
0.000915013
0.00338075
0.000944263
0.00338799
0.000969646
0.00339651
0.000991095
0.00340632
0.00100856
0.00341745
0.00102202
0.00342986
0.00103146
0.0034435
0.00103689
0.00345833
0.00103832
0.00347423
0.00103575
0.0034911
0.00102913
0.00350879
0.00101834
0.00352713
0.00100316
0.00354593
0.0009832
0.00356495
0.00095781
0.000926031
0.00344625
5.87291e-05
0.00344584
0.00016448
0.00344523
0.00025777
0.00344451
0.000340913
0.00344377
0.000416214
0.00344314
0.000485043
0.00344272
0.000548484
0.00344264
0.000607231
0.00344303
0.000661763
0.00344401
0.000712367
0.00344569
0.000759207
0.0034482
0.000802348
0.00345163
0.000841794
0.0034561
0.000877508
0.00346169
0.000909428
0.00346846
0.000937489
0.00347648
0.000961629
0.00348577
0.0009818
0.00349636
0.000997975
0.00350823
0.00101015
0.00352137
0.00101833
0.00353571
0.00102255
0.00355118
0.00102285
0.00356769
0.00101924
0.00358512
0.0010117
0.00360331
0.00100015
0.0036221
0.000984369
0.0036413
0.000964007
0.00366066
0.000938444
0.000906777
0.00352824
5.88169e-05
0.00352796
0.00016476
0.00352756
0.000258167
0.00352712
0.000341359
0.00352673
0.000416605
0.00352649
0.000485275
0.00352654
0.000548441
0.00352698
0.000606793
0.00352793
0.00066081
0.00352951
0.00071078
0.00353185
0.000756868
0.00353505
0.000799148
0.00353922
0.000837629
0.00354444
0.000872286
0.0035508
0.00090307
0.00355836
0.00092993
0.00356716
0.000952824
0.00357724
0.000971721
0.0035886
0.000986616
0.00360123
0.000997522
0.00361508
0.00100448
0.0036301
0.00100753
0.00364621
0.00100674
0.00366331
0.00100214
0.00368127
0.000993743
0.00369995
0.000981472
0.00371917
0.000965149
0.00373873
0.00094444
0.00375842
0.000918759
0.000887252
0.00361217
5.88547e-05
0.00361203
0.000164898
0.00361186
0.000258342
0.00361171
0.00034151
0.00361168
0.000416635
0.00361187
0.000485082
0.0036124
0.000547913
0.00361338
0.000605817
0.00361492
0.000659268
0.00361714
0.000708556
0.00362016
0.000753851
0.00362408
0.000795232
0.00362899
0.000832717
0.00363498
0.000866292
0.00364213
0.000895923
0.00365048
0.000921575
0.00366009
0.000943222
0.00367095
0.000960855
0.00368308
0.000974487
0.00369645
0.000984154
0.00371101
0.000989914
0.0037267
0.00099184
0.00374344
0.000990006
0.00376111
0.000984473
0.00377958
0.000975266
0.00379872
0.000962335
0.00381835
0.000945523
0.00383827
0.000924521
0.00385825
0.000898774
0.000867474
0.00369811
5.88398e-05
0.00369812
0.000164889
0.00369817
0.000258283
0.00369833
0.00034135
0.00369868
0.000416283
0.00369932
0.000484444
0.00370036
0.00054688
0.00370189
0.000604279
0.00370405
0.000657112
0.00370693
0.000705672
0.00371065
0.000750132
0.00371531
0.000790578
0.00372099
0.000827038
0.00372777
0.00085951
0.00373572
0.000887974
0.00374488
0.000912413
0.00375528
0.000932818
0.00376694
0.000949199
0.00377983
0.000961591
0.00379394
0.000970049
0.0038092
0.000974653
0.00382555
0.000975493
0.00384289
0.000972666
0.00386111
0.000966251
0.00388009
0.00095629
0.00389966
0.000942756
0.00391968
0.000925512
0.00393993
0.000904271
0.00396019
0.000878509
0.000847461
0.00378608
5.87695e-05
0.00378625
0.000164723
0.00378655
0.00025798
0.00378704
0.000340866
0.00378779
0.000415533
0.00378889
0.00048334
0.00379045
0.00054532
0.00379257
0.000602156
0.00379537
0.00065432
0.00379893
0.000702105
0.00380338
0.000745689
0.00380879
0.000785166
0.00381525
0.000820575
0.00382284
0.000851925
0.0038316
0.000879213
0.00384157
0.000902437
0.00385278
0.000921608
0.00386523
0.000936755
0.00387889
0.000947932
0.00389372
0.000955215
0.00390967
0.000958702
0.00392666
0.000958504
0.00394459
0.000954736
0.00396335
0.000947493
0.0039828
0.000936837
0.0040028
0.000922757
0.00402318
0.000905136
0.00404374
0.00088371
0.00406426
0.000857983
0.000827232
0.00387615
5.86411e-05
0.00387648
0.000164394
0.00387704
0.000257419
0.00387787
0.00034004
0.00387903
0.000414367
0.00388062
0.000481749
0.00388273
0.000543209
0.00388546
0.000599426
0.00388892
0.000650868
0.00389319
0.000697833
0.00389837
0.000740502
0.00390456
0.000778978
0.00391183
0.000813311
0.00392023
0.000843524
0.00392981
0.000869629
0.00394061
0.000891641
0.00395262
0.000909589
0.00396586
0.000923523
0.00398027
0.000933514
0.00399583
0.000939659
0.00401246
0.000942074
0.00403007
0.000940888
0.00404858
0.000936232
0.00406785
0.000928219
0.00408776
0.000916926
0.00410816
0.000902357
0.00412888
0.000884416
0.00414973
0.000862858
0.0041705
0.000837215
0.000806803
0.00396836
5.84519e-05
0.00396886
0.000163895
0.00396969
0.00025659
0.00397087
0.000338858
0.00397248
0.000412766
0.00397457
0.000479653
0.00397725
0.000540528
0.00398061
0.000596067
0.00398474
0.000646736
0.00398974
0.000692835
0.00399569
0.000734552
0.00400267
0.000771997
0.00401075
0.000805233
0.00401998
0.000834297
0.00403039
0.000859215
0.00404201
0.000880021
0.00405484
0.000896762
0.00406886
0.000909506
0.00408403
0.000918345
0.00410029
0.000923392
0.00411758
0.000924782
0.00413581
0.000922661
0.00415487
0.000917173
0.00417464
0.000908448
0.00419499
0.000896576
0.00421577
0.000881577
0.00423682
0.000863372
0.00425794
0.000841735
0.00427893
0.000816224
0.000786192
0.00406277
5.81993e-05
0.00406345
0.000163217
0.00406456
0.000255481
0.00406611
0.000337306
0.00406816
0.000410713
0.00407078
0.000477032
0.00407405
0.000537256
0.00407806
0.000592058
0.0040829
0.000641902
0.00408864
0.000687091
0.00409537
0.00072782
0.00410316
0.000764207
0.00411207
0.000796328
0.00412213
0.000824232
0.00413338
0.000847964
0.00414583
0.000867574
0.00415947
0.000883127
0.00417426
0.00089471
0.00419018
0.000902432
0.00420714
0.000906425
0.00422508
0.00090684
0.00424391
0.000903837
0.00426351
0.000897575
0.00428376
0.000888198
0.00430453
0.000875806
0.00432567
0.000860436
0.00434702
0.000842023
0.00436839
0.000820358
0.00438959
0.000795027
0.000765415
0.00415942
5.78806e-05
0.00416028
0.000162353
0.00416168
0.000254081
0.00416362
0.000335369
0.00416614
0.000408191
0.00416931
0.000473867
0.00417319
0.000533374
0.00417787
0.00058738
0.00418343
0.000636348
0.00418993
0.000680584
0.00419746
0.00072029
0.00420608
0.000755594
0.00421582
0.000786583
0.00422673
0.000813322
0.00423882
0.000835872
0.0042521
0.000854299
0.00426654
0.000868687
0.00428211
0.00087914
0.00429875
0.000885785
0.00431641
0.000888771
0.00433499
0.000888262
0.00435439
0.000884433
0.00437451
0.000877457
0.00439522
0.000867487
0.00441639
0.000854637
0.00443787
0.000838954
0.00445951
0.000820387
0.00448112
0.000798746
0.0045025
0.000773641
0.000744487
0.00425837
5.74933e-05
0.00425943
0.000161296
0.00426113
0.000252379
0.00426347
0.000333033
0.00426647
0.000405184
0.0042702
0.000470139
0.00427471
0.000528861
0.00428008
0.000582012
0.00428638
0.000630054
0.00429366
0.000673296
0.00430201
0.000711947
0.00431145
0.000746145
0.00432205
0.00077599
0.00433381
0.000801561
0.00434674
0.000822935
0.00436085
0.000840197
0.00437609
0.000853446
0.00439242
0.000862804
0.00440979
0.000868415
0.00442812
0.000870442
0.00444732
0.000869063
0.00446729
0.000864467
0.00448791
0.000856837
0.00450906
0.000846335
0.00453061
0.000833086
0.00455242
0.000817149
0.00457432
0.000798483
0.00459615
0.000776916
0.00461771
0.000752081
0.000723423
0.00435967
5.70348e-05
0.00436093
0.000160039
0.00436295
0.000250363
0.0043657
0.000330283
0.00436921
0.000401676
0.00437351
0.000465833
0.00437867
0.000523701
0.00438475
0.000575938
0.0043918
0.000623004
0.00439988
0.000665212
0.00440905
0.000702778
0.00441934
0.00073585
0.00443079
0.000764541
0.00444341
0.000788945
0.00445719
0.000809154
0.00447212
0.00082527
0.00448815
0.00083741
0.00450525
0.000845711
0.00452333
0.000850332
0.00454232
0.000851451
0.00456212
0.00084926
0.00458263
0.000843955
0.00460374
0.000835731
0.00462532
0.00082476
0.00464723
0.000811173
0.00466934
0.000795038
0.00469149
0.000776328
0.00471353
0.000754884
0.00473524
0.000730363
0.000702236
0.00446339
5.65028e-05
0.00446485
0.000158575
0.00446719
0.000248025
0.00447037
0.000327107
0.00447439
0.000397651
0.00447929
0.00046093
0.00448512
0.000517876
0.00449192
0.00056914
0.00449974
0.000615182
0.00450863
0.000656318
0.00451864
0.000692771
0.00452979
0.0007247
0.0045421
0.00075223
0.00455558
0.000775471
0.0045702
0.000794529
0.00458595
0.000809523
0.00460277
0.000820586
0.00462061
0.000827871
0.00463939
0.00083155
0.00465903
0.000831815
0.00467942
0.000828867
0.00470046
0.000822915
0.00472203
0.000814159
0.00474402
0.000802779
0.00476627
0.000788914
0.00478867
0.000772639
0.00481106
0.000753939
0.00483328
0.000732666
0.00485514
0.0007085
0.000680939
0.00456957
5.58949e-05
0.00457124
0.000156897
0.00457392
0.000245352
0.00457753
0.000323492
0.00458209
0.000393095
0.0045876
0.000455416
0.00459411
0.00051137
0.00460164
0.000561604
0.00461025
0.000606574
0.00461997
0.000646601
0.00463082
0.000681915
0.00464284
0.000712687
0.00465601
0.000739053
0.00467035
0.000761137
0.00468581
0.000779062
0.00470238
0.000792961
0.00471998
0.000802983
0.00473856
0.000809295
0.00475802
0.000812082
0.00477829
0.000811548
0.00479926
0.000807903
0.00482081
0.000801364
0.00484283
0.000792138
0.0048652
0.000780411
0.00488778
0.000766327
0.00491045
0.000749969
0.00493306
0.00073133
0.00495545
0.000710276
0.00497745
0.000686505
0.000659542
0.00467827
5.52089e-05
0.00468017
0.000154999
0.00468318
0.000242337
0.00468725
0.000319426
0.00469235
0.000387993
0.00469849
0.000449275
0.00470569
0.000504169
0.00471398
0.000553315
0.00472339
0.000597167
0.00473394
0.000636051
0.00474565
0.000670204
0.00475853
0.000699806
0.00477258
0.000725007
0.00478777
0.000745945
0.00480407
0.000762757
0.00482144
0.000775591
0.00483982
0.00078461
0.00485912
0.000789995
0.00487926
0.000791943
0.00490014
0.000790665
0.00492166
0.000786383
0.0049437
0.000779319
0.00496616
0.000769685
0.00498889
0.000757672
0.00501179
0.000743429
0.00503472
0.000727044
0.00505753
0.000708516
0.00508008
0.000687726
0.0051022
0.00066439
0.000638058
0.00478956
5.44427e-05
0.00479168
0.000152875
0.00479505
0.000238969
0.00479958
0.000314897
0.00480524
0.000382334
0.00481202
0.000442495
0.00481993
0.000496259
0.00482898
0.00054426
0.0048392
0.00058695
0.00485059
0.000624659
0.00486317
0.00065763
0.00487692
0.000686054
0.00489183
0.000710093
0.00490788
0.000729897
0.00492502
0.00074562
0.00494319
0.000757422
0.00496232
0.000765479
0.00498233
0.000769984
0.00500313
0.000771146
0.00502461
0.000769183
0.00504667
0.000764325
0.00506919
0.000756798
0.00509206
0.000746818
0.00511515
0.00073458
0.00513834
0.000720235
0.00516151
0.000703877
0.00518451
0.000685512
0.00520721
0.00066503
0.00522943
0.000642166
0.000616493
0.00490349
5.35943e-05
0.00490585
0.000150519
0.00490958
0.000235241
0.00491458
0.000309895
0.00492081
0.000376105
0.00492824
0.000435062
0.00493687
0.000487628
0.0049467
0.000534428
0.00495774
0.000575914
0.00496998
0.000612417
0.00498342
0.000644188
0.00499805
0.000671427
0.00501383
0.00069431
0.00503073
0.000712998
0.0050487
0.000727657
0.00506766
0.000738462
0.00508753
0.000745601
0.00510824
0.000749277
0.00512968
0.000749707
0.00515174
0.000747118
0.00517432
0.000741745
0.00519731
0.000733816
0.00522057
0.000723553
0.005244
0.00071115
0.00526747
0.000696761
0.00529087
0.000680483
0.00531405
0.000662328
0.00533688
0.000642197
0.00535921
0.000619843
0.000594858
0.00502014
5.26619e-05
0.00502273
0.000147926
0.00502683
0.000231144
0.00503231
0.00030441
0.00503912
0.000369296
0.00504722
0.000426966
0.00505658
0.000478266
0.0050672
0.00052381
0.00507906
0.00056405
0.00509216
0.000599319
0.00510647
0.000629875
0.00512197
0.000655927
0.00513862
0.000677661
0.00515637
0.000695252
0.00517515
0.000708877
0.00519489
0.000718724
0.0052155
0.00072499
0.00523689
0.000727888
0.00525895
0.000727642
0.00528158
0.000724487
0.00530467
0.000718659
0.00532809
0.000710392
0.00535174
0.000699906
0.00537549
0.000687396
0.00539924
0.00067302
0.00542284
0.000656874
0.0054462
0.000638978
0.00546915
0.00061924
0.00549157
0.000597429
0.00057316
0.00513955
5.16439e-05
0.00514239
0.000145091
0.00514686
0.00022667
0.00515284
0.000298432
0.00516024
0.000361895
0.00516901
0.000418196
0.00517911
0.000468161
0.00519053
0.000512398
0.00520322
0.000551352
0.00521718
0.000585361
0.00523237
0.000614689
0.00524874
0.000639554
0.00526625
0.00066015
0.00528484
0.000676666
0.00530442
0.00068929
0.00532493
0.000698217
0.00534626
0.000703657
0.00536832
0.00070583
0.00539099
0.000704967
0.00541418
0.000701305
0.00543775
0.000695085
0.0054616
0.00068654
0.00548562
0.000675892
0.00550968
0.000663335
0.00553367
0.000649025
0.00555749
0.000633063
0.00558099
0.00061547
0.00560407
0.000596164
0.00562657
0.000574931
0.000551403
0.00526181
5.05385e-05
0.00526489
0.000142009
0.00526974
0.000221814
0.00527622
0.000291954
0.00528422
0.000353895
0.00529367
0.000408743
0.00530453
0.000457308
0.00531674
0.000500184
0.00533028
0.000537816
0.0053451
0.000570542
0.00536116
0.000598631
0.0053784
0.00062231
0.00539677
0.000641784
0.00541618
0.000657249
0.00543657
0.000668904
0.00545783
0.000676955
0.00547987
0.000681618
0.00550258
0.00068312
0.00552585
0.000681697
0.00554957
0.000677589
0.00557361
0.000671037
0.00559788
0.000662276
0.00562225
0.000651525
0.0056466
0.000638977
0.00567084
0.000624788
0.00569484
0.000609059
0.0057185
0.000591814
0.00574168
0.00057298
0.00576426
0.000552355
0.000529593
0.00538697
4.93446e-05
0.0053903
0.000138678
0.00539554
0.000216569
0.00540253
0.000284969
0.00541114
0.000345287
0.00542128
0.000398601
0.00543289
0.000445698
0.00544591
0.000487164
0.00546029
0.000523437
0.00547597
0.000554859
0.0054929
0.000581702
0.00551101
0.0006042
0.00553023
0.000622568
0.00555047
0.000637009
0.00557164
0.000647732
0.00559364
0.00065495
0.00561637
0.000658886
0.00563972
0.000659773
0.00566357
0.000657848
0.00568781
0.000653354
0.00571231
0.000646532
0.00573697
0.000637614
0.00576168
0.000626818
0.00578632
0.000614336
0.00581079
0.00060032
0.00583498
0.000584871
0.00585877
0.000568017
0.00588206
0.000549692
0.00590471
0.000529706
0.000507734
0.0055151
4.80608e-05
0.00551869
0.000135092
0.00552433
0.00021093
0.00553183
0.000277469
0.00554105
0.000336066
0.00555189
0.000387763
0.00556426
0.000433327
0.00557809
0.000473333
0.00559331
0.000508215
0.00560986
0.000538313
0.00562765
0.000563905
0.00564662
0.00058523
0.00566668
0.000602509
0.00568773
0.000615956
0.00570968
0.000625785
0.00573242
0.000632215
0.00575583
0.000635476
0.0057798
0.000635802
0.00580421
0.000633434
0.00582895
0.000628614
0.0058539
0.000621582
0.00587895
0.000612568
0.00590398
0.000601785
0.00592889
0.000589422
0.00595358
0.00057563
0.00597795
0.000560508
0.00600188
0.000544086
0.00602526
0.000526305
0.00604798
0.000506988
0.000485827
0.00564628
4.66862e-05
0.00565013
0.000131249
0.00565616
0.000204893
0.00566418
0.000269451
0.00567402
0.000326225
0.00568556
0.000376223
0.0056987
0.000420192
0.00571334
0.00045869
0.00572941
0.000492149
0.00574681
0.000520906
0.00576547
0.000545244
0.0057853
0.000565405
0.00580619
0.000581618
0.00582804
0.000594101
0.00585075
0.000603075
0.00587421
0.000608765
0.00589828
0.000611402
0.00592286
0.000611224
0.00594782
0.000608471
0.00597305
0.000603385
0.00599843
0.000596202
0.00602385
0.000587149
0.0060492
0.000576435
0.00607438
0.000564245
0.00609928
0.000550726
0.00612382
0.000535976
0.00614788
0.000520026
0.00617136
0.000502822
0.00619414
0.000484202
0.000463874
0.00578058
4.522e-05
0.00578468
0.000127147
0.00579112
0.000198454
0.00579966
0.00026091
0.00581013
0.000315761
0.00582237
0.00036398
0.00583627
0.000406288
0.00585173
0.000443234
0.00586864
0.000475239
0.0058869
0.000502642
0.00590642
0.000525724
0.0059271
0.000544734
0.00594881
0.000559903
0.00597146
0.000571455
0.00599492
0.000579614
0.00601907
0.000584611
0.0060438
0.000586677
0.00606897
0.00058605
0.00609447
0.000582971
0.00612018
0.000577677
0.00614598
0.000570402
0.00617176
0.000561368
0.00619741
0.000550778
0.00622285
0.000538812
0.00624796
0.000525614
0.00627266
0.000511278
0.00629684
0.000495839
0.00632042
0.000479246
0.00634327
0.000461349
0.000441874
0.00591807
4.36613e-05
0.00592243
0.000122784
0.00592928
0.00019161
0.00593835
0.000251842
0.00594944
0.00030467
0.00596239
0.000351029
0.00597706
0.000391616
0.00599333
0.000426965
0.00601108
0.000457489
0.0060302
0.000483524
0.00605057
0.000505352
0.00607208
0.000523224
0.00609461
0.000537373
0.00611803
0.000548028
0.00614223
0.000555416
0.00616708
0.000559767
0.00619244
0.000561314
0.00621819
0.000560296
0.00624422
0.000556948
0.00627039
0.000551505
0.0062966
0.000544195
0.00632273
0.000535234
0.00634869
0.000524821
0.00637437
0.00051313
0.00639969
0.000500298
0.00642455
0.000486419
0.00644886
0.000471527
0.00647253
0.000455577
0.00649545
0.000438429
0.000419825
0.00605883
4.20097e-05
0.00606345
0.000118158
0.0060707
0.000184359
0.0060803
0.000242245
0.00609202
0.000292951
0.00610568
0.00033737
0.00612112
0.000376176
0.0061382
0.000409884
0.00615679
0.000438902
0.00617675
0.000463558
0.00619797
0.000484135
0.00622031
0.000500883
0.00624364
0.000514039
0.00626784
0.000523832
0.00629277
0.00053049
0.00631829
0.000534245
0.00634428
0.000535327
0.0063706
0.000533972
0.00639714
0.000530412
0.00642376
0.000524876
0.00645037
0.000517588
0.00647685
0.000508756
0.0065031
0.000498572
0.00652903
0.000487202
0.00655454
0.000474782
0.00657956
0.0004614
0.006604
0.00044709
0.00662776
0.000431813
0.00665075
0.000415438
0.000397725
0.00620293
4.02649e-05
0.00620782
0.000113268
0.00621548
0.000176699
0.0062256
0.000232119
0.00623795
0.000280602
0.00625232
0.000323003
0.00626853
0.000359968
0.00628642
0.000391995
0.00630584
0.000419481
0.00632664
0.00044275
0.0063487
0.000462079
0.00637186
0.000477721
0.00639599
0.000489911
0.00642094
0.000498878
0.00644658
0.00050485
0.00647277
0.000508056
0.00649937
0.000508726
0.00652626
0.000507088
0.0065533
0.000503373
0.00658037
0.000497801
0.00660737
0.000490589
0.00663419
0.000481938
0.00666073
0.000472032
0.0066869
0.000461032
0.00671261
0.000449066
0.00673779
0.000436219
0.00676236
0.000422526
0.00678622
0.00040795
0.00680929
0.000392372
0.000375567
0.00635045
3.84268e-05
0.00635561
0.000108113
0.00636368
0.000168631
0.00637433
0.000221462
0.00638731
0.000267624
0.00640238
0.000307929
0.00641936
0.000342995
0.00643805
0.000373302
0.0064583
0.000399233
0.00647994
0.000421105
0.00650283
0.000439194
0.0065268
0.000453747
0.00655171
0.000464999
0.00657742
0.000473176
0.00660376
0.000478506
0.00663061
0.000481212
0.00665781
0.00048152
0.00668524
0.000479656
0.00671278
0.000475839
0.00674029
0.000470286
0.00676768
0.000463203
0.00679483
0.000454784
0.00682166
0.000445206
0.00684807
0.00043462
0.00687399
0.000423148
0.00689933
0.000410875
0.00692403
0.00039783
0.00694799
0.000383984
0.00697114
0.000369226
0.000353345
0.00650148
3.64953e-05
0.0065069
0.000102694
0.00651538
0.000160153
0.00652657
0.000210275
0.00654017
0.000254018
0.00655595
0.000292151
0.00657368
0.000325261
0.00659318
0.000353808
0.00661425
0.000378162
0.00663672
0.000398632
0.00666043
0.000415487
0.00668521
0.000428969
0.00671089
0.000439311
0.00673733
0.000446737
0.00676437
0.000451466
0.00679186
0.00045372
0.00681967
0.000453719
0.00684764
0.00045168
0.00687566
0.000447816
0.00690362
0.000442334
0.00693139
0.000435433
0.00695887
0.000427296
0.00698599
0.000418091
0.00701265
0.000407963
0.00703877
0.000397026
0.00706428
0.000385361
0.00708912
0.000372997
0.00711319
0.000359908
0.00713643
0.00034599
0.00033105
0.0066561
3.44705e-05
0.00666178
9.70111e-05
0.00667067
0.000151267
0.00668238
0.000198559
0.00669662
0.000239787
0.0067131
0.000275671
0.00673159
0.000306769
0.00675188
0.000333519
0.00677376
0.000356276
0.00679706
0.000375338
0.00682158
0.000390965
0.00684715
0.000403397
0.00687361
0.000412858
0.00690078
0.000419567
0.0069285
0.000423739
0.00695663
0.000425589
0.00698502
0.000425329
0.00701354
0.000423166
0.00704205
0.000419307
0.00707043
0.000413949
0.00709859
0.000407279
0.00712641
0.000399472
0.00715382
0.000390685
0.00718072
0.000381056
0.00720706
0.000370693
0.00723275
0.000359671
0.00725773
0.000348018
0.00728192
0.00033571
0.00730526
0.000322655
0.000308672
0.00681439
3.23529e-05
0.00682034
9.10651e-05
0.00682963
0.000141974
0.00684187
0.000186317
0.00685673
0.000224932
0.00687391
0.000258492
0.00689315
0.000287523
0.00691423
0.00031244
0.00693693
0.00033358
0.00696103
0.000351228
0.00698636
0.000365637
0.00701272
0.000377037
0.00703994
0.000385646
0.00706783
0.000391675
0.00709623
0.000395332
0.007125
0.000396824
0.00715398
0.000396352
0.00718303
0.000394118
0.00721202
0.000390314
0.00724084
0.000385129
0.00726938
0.000378738
0.00729754
0.000371307
0.00732525
0.000362983
0.00735241
0.000353893
0.00737896
0.00034414
0.00740484
0.000333793
0.00742998
0.00032288
0.00745431
0.00031138
0.00747776
0.000299207
0.000286196
0.00697644
3.01428e-05
0.00698265
8.48571e-05
0.00699235
0.000132276
0.00700512
0.000173551
0.00702059
0.000209458
0.00703846
0.000240621
0.00705845
0.000267531
0.00708032
0.000290578
0.00710382
0.00031008
0.00712873
0.000326311
0.00715486
0.000339509
0.007182
0.000349896
0.00720997
0.00035768
0.00723858
0.000363065
0.00726766
0.000366248
0.00729706
0.000367426
0.00732662
0.000366792
0.0073562
0.000364534
0.00738568
0.000360835
0.00741494
0.00035587
0.00744387
0.000349805
0.00747238
0.000342794
0.00750039
0.000334974
0.00752782
0.000326463
0.00755461
0.000317355
0.00758069
0.000307716
0.007606
0.000297571
0.00763047
0.000286902
0.00765405
0.000275632
0.000263609
0.00714235
2.78408e-05
0.00714882
7.83889e-05
0.00715892
0.000122176
0.0071722
0.000160266
0.00718829
0.000193369
0.00720685
0.000222061
0.00722758
0.000246796
0.00725022
0.000267938
0.00727452
0.000285785
0.00730024
0.000300592
0.00732716
0.000312588
0.00735508
0.00032198
0.00738379
0.000328967
0.00741311
0.000333741
0.00744287
0.00033649
0.0074729
0.000337398
0.00750305
0.000336646
0.00753317
0.000334411
0.00756314
0.000330863
0.00759284
0.000326166
0.00762218
0.000320472
0.00765105
0.000313923
0.00767938
0.000306646
0.00770709
0.000298751
0.00773412
0.000290323
0.00776041
0.000281422
0.00778591
0.000272073
0.00781056
0.000262259
0.00783428
0.00025191
0.00024089
0.00731219
2.54475e-05
0.00731892
7.16625e-05
0.00732942
0.000111677
0.00734322
0.000146464
0.00735992
0.000176669
0.00737916
0.000202817
0.00740063
0.000225325
0.00742404
0.000244527
0.00744913
0.000260698
0.00747564
0.000274078
0.00750335
0.000284877
0.00753204
0.000293293
0.0075615
0.000299509
0.00759154
0.000303705
0.00762197
0.000306057
0.00765263
0.000306736
0.00768337
0.000305911
0.00771404
0.000303743
0.00774451
0.000300391
0.00777467
0.000296005
0.00780442
0.000290724
0.00783366
0.000284679
0.00786232
0.000277985
0.00789033
0.00027074
0.00791763
0.000263024
0.00794416
0.000254892
0.00796987
0.000246365
0.0079947
0.000237429
0.00801859
0.000228021
0.00021802
0.00748607
2.29639e-05
0.00749305
6.46802e-05
0.00750395
0.000100783
0.00751826
0.00013215
0.00753556
0.000159365
0.00755548
0.000182897
0.00757769
0.000203124
0.00760186
0.00022035
0.00762773
0.000234826
0.00765504
0.000246772
0.00768353
0.000256382
0.00771299
0.000263836
0.0077432
0.000269305
0.00777395
0.000272954
0.00780506
0.000274945
0.00783636
0.000275435
0.00786769
0.000274577
0.00789892
0.00027252
0.0079299
0.000269407
0.00796053
0.000265373
0.00799071
0.000260547
0.00802035
0.000255044
0.00804936
0.000248968
0.00807769
0.000242409
0.00810528
0.000235437
0.00813207
0.000228102
0.00815801
0.000220422
0.00818305
0.000212387
0.00820714
0.00020394
0.000194973
0.00766408
2.03907e-05
0.00767131
5.74447e-05
0.0076826
8.94963e-05
0.00769742
0.000117331
0.00771532
0.000141462
0.00773591
0.000162307
0.00775884
0.0001802
0.00778378
0.000195413
0.00781043
0.000208174
0.00783852
0.000218679
0.0078678
0.000227103
0.00789803
0.000233609
0.00792898
0.000238354
0.00796045
0.000241485
0.00799224
0.000243148
0.00802419
0.000243485
0.00805614
0.000242633
0.00808793
0.000240727
0.00811945
0.000237892
0.00815057
0.000234252
0.0081812
0.000229918
0.00821125
0.000224994
0.00824064
0.000219572
0.00826932
0.000213732
0.00829722
0.000207534
0.0083243
0.000201024
0.00835051
0.000194218
0.00837579
0.000187105
0.00840009
0.000179639
0.000171722
0.00784632
1.77291e-05
0.0078538
4.99591e-05
0.00786548
7.78232e-05
0.0078808
0.000102011
0.00789929
0.000122967
0.00792055
0.000141051
0.00794419
0.000156557
0.00796988
0.000169723
0.00799731
0.000180746
0.00802619
0.0001898
0.00805625
0.000197041
0.00808725
0.000202612
0.00811895
0.000206651
0.00815115
0.000209289
0.00818364
0.000210655
0.00821625
0.000210872
0.00824882
0.000210063
0.0082812
0.000208344
0.00831327
0.000205827
0.0083449
0.000202617
0.00837601
0.000198812
0.0084065
0.000194502
0.00843631
0.000189768
0.00846536
0.000184677
0.00849361
0.000179284
0.00852101
0.000173626
0.00854751
0.000167718
0.00857306
0.000161551
0.00859762
0.000155084
0.000148235
0.00803289
1.49801e-05
0.00804062
4.22268e-05
0.00805267
6.57682e-05
0.00806849
8.61962e-05
0.00808757
0.000103886
0.00810948
0.000119139
0.00813384
0.000132204
0.00816028
0.000143282
0.00818848
0.000152544
0.00821814
0.000160137
0.00824899
0.000166194
0.00828076
0.000170838
0.00831322
0.000174188
0.00834616
0.000176356
0.00837936
0.000177451
0.00841265
0.000177581
0.00844587
0.000176847
0.00847886
0.00017535
0.00851151
0.000173184
0.00854368
0.000170439
0.0085753
0.000167198
0.00860626
0.000163536
0.00863651
0.000159521
0.00866598
0.00015521
0.00869461
0.00015065
0.00872237
0.00014587
0.0087492
0.000140885
0.00877507
0.000135686
0.00879991
0.000130239
0.000124475
0.00822389
1.21449e-05
0.00823186
3.42517e-05
0.00824429
5.33372e-05
0.00826059
6.98949e-05
0.00828025
8.42272e-05
0.00830282
9.65764e-05
0.00832787
0.000107145
0.00835506
0.000116097
0.00838403
0.000123571
0.00841448
0.000129688
0.00844612
0.000134558
0.00847867
0.000138282
0.00851191
0.000140955
0.00854559
0.000142671
0.00857952
0.00014352
0.00861351
0.000143588
0.0086474
0.000142959
0.00868104
0.000141715
0.00871429
0.000139933
0.00874704
0.000137685
0.0087792
0.000135039
0.00881068
0.000132055
0.00884141
0.00012879
0.00887134
0.000125289
0.0089004
0.000121588
0.00892855
0.000117714
0.00895576
0.000113676
0.00898198
0.000109468
0.00900716
0.000105062
0.000100402
0.00841942
9.22512e-06
0.00842764
2.60382e-05
0.00844044
4.05368e-05
0.00845722
5.31145e-05
0.00847745
6.39989e-05
0.00850065
7.33717e-05
0.00852641
8.13872e-05
0.00855434
8.8171e-05
0.00858408
9.38289e-05
0.00861531
9.84537e-05
0.00864774
0.000102129
0.00868109
0.000104933
0.00871511
0.000106938
0.00874956
0.000108217
0.00878424
0.000108838
0.00881896
0.000108867
0.00885356
0.000108369
0.00888786
0.000107405
0.00892176
0.000106035
0.00895513
0.000104314
0.00898788
0.000102292
0.00901992
0.000100017
0.00905118
9.75296e-05
0.0090816
9.48655e-05
0.00911114
9.20522e-05
0.00913974
8.91086e-05
0.00916738
8.60426e-05
0.009194
8.2849e-05
0.00921955
7.95058e-05
7.59699e-05
0.00861961
6.22219e-06
0.00862805
1.75915e-05
0.00864122
2.73746e-05
0.00865847
3.58641e-05
0.00867926
4.32106e-05
0.00870309
4.95337e-05
0.00872954
5.49382e-05
0.0087582
5.95094e-05
0.00878871
6.33189e-05
0.00882074
6.64297e-05
0.00885397
6.88988e-05
0.00888812
7.07789e-05
0.00892294
7.21203e-05
0.00895819
7.29713e-05
0.00899365
7.33784e-05
0.00902913
7.3387e-05
0.00906445
7.30406e-05
0.00909948
7.2381e-05
0.00913406
7.14481e-05
0.0091681
7.02791e-05
0.00920148
6.89088e-05
0.00923413
6.73685e-05
0.00926597
6.56862e-05
0.00929695
6.38857e-05
0.00932702
6.19854e-05
0.00935613
5.99981e-05
0.00938425
5.79288e-05
0.00941132
5.57737e-05
0.00943731
5.35172e-05
5.11289e-05
0.00882455
3.13694e-06
0.00883322
8.91975e-06
0.00884674
1.38586e-05
0.00886445
1.81542e-05
0.00888578
2.18733e-05
0.00891024
2.50725e-05
0.00893738
2.78059e-05
0.00896677
3.01169e-05
0.00899805
3.2042e-05
0.00903086
3.36131e-05
0.0090649
3.4859e-05
0.00909987
3.58067e-05
0.00913551
3.64817e-05
0.00917158
3.69085e-05
0.00920784
3.71109e-05
0.00924412
3.71117e-05
0.00928023
3.69332e-05
0.00931601
3.65965e-05
0.00935134
3.61218e-05
0.00938609
3.5528e-05
0.00942016
3.48327e-05
0.00945348
3.40517e-05
0.00948597
3.31992e-05
0.00951757
3.22873e-05
0.00954823
3.13252e-05
0.0095779
3.03193e-05
0.00960656
2.92722e-05
0.00963415
2.81815e-05
0.00966063
2.70386e-05
2.58259e-05
0.00903433
0.00904325
0.00905711
0.00907526
0.00909713
0.00912221
0.00915001
0.00918013
0.00921217
0.00924578
0.00928064
0.00931645
0.00935293
0.00938984
0.00942695
0.00946406
0.009501
0.00953759
0.00957371
0.00960924
0.00964407
0.00967813
0.00971133
0.00974361
0.00977494
0.00980526
0.00983453
0.00986271
0.00988975
)
;

boundaryField
{
    inlet
    {
        type            calculated;
        value           nonuniform List<scalar> 
47
(
-0.00306438
-0.00313723
-0.00321182
-0.00328818
-0.00336636
-0.00344639
-0.00352833
-0.00361221
-0.00369809
-0.00378601
-0.00387602
-0.00396817
-0.00406252
-0.0041591
-0.00425798
-0.00435922
-0.00446286
-0.00456896
-0.00467758
-0.00478879
-0.00490264
-0.0050192
-0.00513853
-0.0052607
-0.00538577
-0.00551382
-0.00564491
-0.00577911
-0.00591651
-0.00605717
-0.00620118
-0.00634861
-0.00649955
-0.00665408
-0.00681227
-0.00697423
-0.00714004
-0.0073098
-0.00748359
-0.00766151
-0.00784366
-0.00803014
-0.00822105
-0.00841651
-0.00861661
-0.00882146
-0.00903119
)
;
    }
    outlet
    {
        type            calculated;
        value           nonuniform 0();
    }
    cylinder
    {
        type            calculated;
        value           nonuniform 0();
    }
    top
    {
        type            symmetryPlane;
        value           uniform 0;
    }
    bottom
    {
        type            symmetryPlane;
        value           nonuniform 0();
    }
    defaultFaces
    {
        type            empty;
        value           nonuniform 0();
    }
    procBoundary12to8
    {
        type            processor;
        value           nonuniform List<scalar> 
65
(
0.000384658
0.000442017
0.000498957
0.000616526
-0.00230089
0.000560736
-0.00234657
0.000676382
0.000788538
-0.00239968
0.000734881
0.000896802
-0.00245182
0.000844643
-0.00250848
0.000950237
0.00105127
-0.0025712
0.00100178
-0.00263711
0.00109971
0.00119251
-0.0027074
0.00114597
-0.00278366
0.00123536
0.00131932
-0.00286202
0.00127592
-0.00294902
0.00135641
0.00143102
-0.0030356
0.00139092
-0.00111701
-0.00112149
-0.00112132
-0.00111621
-0.00110574
-0.00108934
-0.00106617
-0.00103482
-5.72989e-05
-0.000160264
-0.000251369
-0.000332889
-0.000407281
-0.000475899
-0.000539878
-0.000599912
-0.000656498
-0.000709924
-0.000760345
-0.000807811
-0.000852293
-0.000893709
-0.000931938
-0.000966837
-0.000998252
-0.00102603
-0.00105003
-0.0010701
-0.00108614
-0.00301424
-0.00109802
)
;
    }
    procBoundary12to9
    {
        type            processor;
        value           nonuniform List<scalar> 
12
(
0.00032691
0.00232422
0.00237921
0.0024354
0.00249284
0.00255159
0.00261169
0.00267319
0.00273613
0.00280055
0.0028665
0.00293401
)
;
    }
    procBoundary12to13
    {
        type            processor;
        value           nonuniform List<scalar> 
51
(
0.00300311
0.00307384
0.00314623
0.00322032
-0.000395155
0.0032943
0.00337228
0.00345204
0.00353362
0.00361703
0.00370231
0.00378949
0.00387859
0.00396965
0.00406271
0.0041578
0.00425495
0.00435421
0.00445562
0.00455922
0.00466506
0.00477319
0.00488365
0.00499651
0.00511181
0.00522963
0.00535001
0.00547303
0.00559877
0.00572729
0.00585867
0.005993
0.00613037
0.00627087
0.00641461
0.0065617
0.00671225
0.00686638
0.00702423
0.00718593
0.00735165
0.00752153
0.00769574
0.00787447
-0.000124321
0.00807714
0.00826605
0.00846006
0.00865938
0.0088642
0.00907475
)
;
    }
}


// ************************************************************************* //
