/*--------------------------------*- C++ -*----------------------------------*\
  =========                 |
  \\      /  F ield         | OpenFOAM: The Open Source CFD Toolbox
   \\    /   O peration     | Website:  https://openfoam.org
    \\  /    A nd           | Version:  7
     \\/     M anipulation  |
\*---------------------------------------------------------------------------*/
FoamFile
{
    version     2.0;
    format      ascii;
    class       surfaceScalarField;
    location    "15";
    object      phi;
}
// * * * * * * * * * * * * * * * * * * * * * * * * * * * * * * * * * * * * * //

dimensions      [0 3 -1 0 0 0 0];

internalField   nonuniform List<scalar> 
5135
(
-0.0118256
-0.000803726
-0.011723
-0.000881112
-0.0116161
-0.000957734
-0.00103357
0.00187184
-0.00132347
0.00186724
-0.0012515
0.00186311
-0.00117865
0.00185947
-0.00110495
0.00185633
-0.00103042
0.00185368
-0.000955087
0.00185154
-0.000878969
0.0018499
-0.000802092
-0.000724479
0.0019223
-0.00138873
0.00191696
-0.00131813
0.0019121
-0.00124664
0.00190774
-0.00117429
0.00190389
-0.00110109
0.00190054
-0.00102708
0.00189771
-0.000952257
0.0018954
-0.00087666
0.00189362
-0.000800309
-0.000723228
0.00197501
-0.0014518
0.00196887
-0.0013826
0.00196324
-0.0013125
0.00195811
-0.00124152
0.00195351
-0.00116968
0.00194942
-0.00109701
0.00194586
-0.00102351
0.00194283
-0.000949229
0.00194034
-0.000874171
0.00193839
-0.000798364
-0.000721832
0.00203009
-0.00151261
0.00202312
-0.00144483
0.00201666
-0.00137614
0.00201072
-0.00130656
0.00200531
-0.00123611
0.00200043
-0.0011648
0.00199609
-0.00109267
0.0019923
-0.00101972
0.00198906
-0.000945989
0.00198638
-0.000871489
0.00198426
-0.000796244
-0.000720279
0.00207986
-0.00150475
0.00207252
-0.00143749
0.00206572
-0.00136934
0.00205945
-0.0013003
0.00205373
-0.00123039
0.00204857
-0.00115964
0.00204397
-0.00108806
0.00203993
-0.00101568
0.00203646
-0.000942521
0.00203356
-0.000868596
0.00203125
-0.000793933
-0.000718554
0.00213924
-0.00156227
0.00213097
-0.00149648
0.00212324
-0.00142977
0.00211607
-0.00136217
0.00210946
-0.00129369
0.00210342
-0.00122435
0.00209795
-0.00115417
0.00209306
-0.00108317
0.00208876
-0.00101138
0.00208504
-0.000938806
0.00208192
-0.000865478
0.00207941
-0.000791416
-0.000716642
0.00220141
-0.00161731
0.00219214
-0.00155301
0.00218345
-0.00148778
0.00217532
-0.00142164
0.00216776
-0.00135461
0.00216078
-0.00128671
0.0021544
-0.00121796
0.00214861
-0.00114838
0.00214341
-0.00107798
0.00213882
-0.00100679
0.00213485
-0.00093483
0.00213149
-0.000862118
0.00212875
-0.000788677
-0.000714531
0.00226649
-0.0016698
0.00225619
-0.00160701
0.00224646
-0.00154328
0.00223732
-0.00147863
0.00222876
-0.00141308
0.0022208
-0.00134665
0.00221345
-0.00127935
0.0022067
-0.00121121
0.00220056
-0.00114224
0.00219505
-0.00107247
0.00219016
-0.0010019
0.00218591
-0.000930575
0.00218229
-0.000858501
0.00217932
-0.000785703
-0.000712204
0.00233463
-0.00171965
0.00232324
-0.0016584
0.00231243
-0.0015962
0.00230222
-0.00153307
0.00229261
-0.00146903
0.00228362
-0.00140409
0.00227524
-0.00133827
0.00226748
-0.0012716
0.00226035
-0.00120408
0.00225386
-0.00113575
0.00224801
-0.00106662
0.0022428
-0.000996701
0.00223825
-0.000926025
0.00223436
-0.000854611
0.00223114
-0.000782477
-0.000709648
0.00240594
-0.00176679
0.00239341
-0.00170712
0.00238148
-0.00164647
0.00237016
-0.00158488
0.00235945
-0.00152236
0.00234936
-0.00145894
0.00233991
-0.00139463
0.00233109
-0.00132945
0.00232291
-0.00126342
0.00231539
-0.00119656
0.00230852
-0.00112888
0.00230231
-0.00106041
0.00229678
-0.000991166
0.00229192
-0.000921166
0.00228774
-0.000850432
0.00228425
-0.000778985
-0.000706847
0.00249484
-0.00186828
0.00248054
-0.00181118
0.00246683
-0.00175309
0.00245373
-0.00169402
0.00244125
-0.00163399
0.00242939
-0.00157302
0.00241817
-0.00151114
0.00240759
-0.00144836
0.00239766
-0.0013847
0.00238838
-0.00132018
0.00237977
-0.00125481
0.00237184
-0.00118862
0.00236458
-0.00112162
0.002358
-0.00105384
0.00235212
-0.000985282
0.00234693
-0.00091598
0.00234245
-0.000845949
0.00233868
-0.000775211
-0.000703788
0.00257404
-0.00190825
0.00255852
-0.00185276
0.0025436
-0.00179626
0.0025293
-0.00173878
0.00251561
-0.00168033
0.00250257
-0.00162094
0.00249016
-0.00156062
0.00247841
-0.00149939
0.00246732
-0.00143727
0.0024569
-0.00137428
0.00244716
-0.00131043
0.0024381
-0.00124575
0.00242973
-0.00118025
0.00242207
-0.00111396
0.00241511
-0.00104688
0.00240886
-0.000979036
0.00240333
-0.000910453
0.00239853
-0.000841148
0.00239446
-0.000771142
-0.000700456
0.00265674
-0.00194538
0.00263998
-0.0018915
0.00262383
-0.00183661
0.00260828
-0.00178072
0.00259337
-0.00172387
0.00257909
-0.00166606
0.00256546
-0.00160731
0.0025525
-0.00154765
0.0025402
-0.0014871
0.00252859
-0.00142566
0.00251766
-0.00136335
0.00250743
-0.00130021
0.00249791
-0.00123623
0.0024891
-0.00117144
0.00248101
-0.00110587
0.00247365
-0.00103952
0.00246703
-0.000972411
0.00246115
-0.000904571
0.00245601
-0.000836015
0.00245164
-0.000766763
-0.000696838
0.00274304
-0.0019797
0.00272502
-0.00192736
0.0027076
-0.00187407
0.00269079
-0.0018198
0.00267461
-0.00176454
0.00265907
-0.00170832
0.00264418
-0.00165117
0.00262996
-0.00159309
0.00261642
-0.00153411
0.00260357
-0.00147424
0.00259142
-0.0014135
0.00257997
-0.00135191
0.00256925
-0.00128948
0.00255925
-0.00122623
0.00254998
-0.00116218
0.00254145
-0.00109734
0.00253368
-0.00103174
0.00252666
-0.000965395
0.00252041
-0.000898319
0.00251493
-0.000830534
0.00251023
-0.000762061
-0.00069292
0.00283305
-0.00201091
0.00281374
-0.00196039
0.00279503
-0.00190865
0.00277692
-0.00185597
0.00275944
-0.00180232
0.00274261
-0.0017477
0.00272643
-0.00169215
0.00271092
-0.00163566
0.0026961
-0.00157827
0.00268197
-0.00151998
0.00266855
-0.00146082
0.00265584
-0.0014008
0.00264386
-0.00133993
0.00263262
-0.00127824
0.00262213
-0.00121574
0.00261239
-0.00115244
0.00260342
-0.00108837
0.00259521
-0.00102354
0.00258779
-0.000957972
0.00258116
-0.000891684
0.00257531
-0.000824694
0.00257028
-0.000757022
-0.000688689
0.00292688
-0.00203905
-0.00294803
0.00290625
-0.00199028
0.00288621
-0.00194035
0.00286678
-0.00188922
0.00284798
-0.00183716
0.00282982
-0.00178416
0.00281231
-0.0017302
0.00279548
-0.00167531
0.00277934
-0.00161952
0.00276389
-0.00156283
0.00274916
-0.00150525
0.00273516
-0.00144681
0.00272188
-0.00138753
0.00270936
-0.00132741
0.00269759
-0.00126647
0.00268659
-0.00120474
0.00267637
-0.00114222
0.00266693
-0.00107893
0.00265829
-0.0010149
0.00265045
-0.00095013
0.00264341
-0.000884652
0.0026372
-0.00081848
0.00263181
-0.000751633
-0.000684132
0.00300267
-0.00201711
-0.00302461
0.00298127
-0.00196889
0.00296049
-0.00191957
0.00294033
-0.00186906
0.00292081
-0.00181764
0.00290194
-0.00176529
0.00288375
-0.00171201
0.00286625
-0.00165782
0.00284946
-0.00160272
0.00283338
-0.00154675
0.00281803
-0.00148991
0.00280343
-0.00143221
0.00278958
-0.00137368
0.0027765
-0.00131432
0.00276419
-0.00125417
0.00275267
-0.00119322
0.00274195
-0.00113149
0.00273203
-0.00106901
0.00272293
-0.0010058
0.00271466
-0.000941855
0.00270722
-0.000877211
0.00270062
-0.00081188
0.00269487
-0.000745882
-0.000679237
0.00308034
-0.00199436
-0.00310308
0.00305816
-0.00194671
0.0030366
-0.00189801
0.00301569
-0.00184815
0.00299543
-0.00179739
0.00297585
-0.00174571
0.00295697
-0.00169312
0.00293878
-0.00163963
0.00292132
-0.00158526
0.00290459
-0.00153002
0.00288862
-0.00147393
0.0028734
-0.00141699
0.00285896
-0.00135924
0.0028453
-0.00130067
0.00283244
-0.00124131
0.00282039
-0.00118116
0.00280916
-0.00112026
0.00279875
-0.00105861
0.00278918
-0.000996229
0.00278046
-0.000933136
0.0027726
-0.000869348
0.0027656
-0.000804882
0.00275948
-0.000739757
-0.000673993
0.00315992
-0.00197079
-0.0031835
0.00313694
-0.00192372
0.00311459
-0.00187566
0.00309291
-0.00182647
0.0030719
-0.00177638
0.00305159
-0.0017254
0.00303198
-0.00167351
0.0030131
-0.00162075
0.00299495
-0.00156712
0.00297756
-0.00151263
0.00296094
-0.0014573
0.0029451
-0.00140115
0.00293005
-0.00134419
0.00291581
-0.00128642
0.00290238
-0.00122788
0.00288978
-0.00116857
0.00287802
-0.0011085
0.00286712
-0.0010477
0.00285707
-0.000986183
0.00284789
-0.00092396
0.0028396
-0.000861051
0.00283219
-0.000797474
0.00282568
-0.000733246
-0.000668388
0.00324147
-0.00194636
-0.0032659
0.00321766
-0.00189991
0.0031945
-0.00185251
0.00317203
-0.001804
0.00315025
-0.0017546
0.00312918
-0.00170433
0.00310884
-0.00165317
0.00308924
-0.00160115
0.0030704
-0.00154828
0.00305233
-0.00149456
0.00303504
-0.00144002
0.00301856
-0.00138467
0.00300289
-0.00132852
0.00298804
-0.00127158
0.00297404
-0.00121387
0.00296088
-0.00115541
0.00294859
-0.00109621
0.00293717
-0.00103628
0.00292663
-0.000975644
0.00291698
-0.000914315
0.00290824
-0.000852309
0.00290041
-0.000789644
0.0028935
-0.000726338
-0.00066241
0.00332502
-0.00192106
-0.00335032
0.00330036
-0.00187525
0.00327637
-0.00182852
0.00325308
-0.00178071
0.00323051
-0.00173203
0.00320867
-0.00168248
0.00318757
-0.00163208
0.00316724
-0.00158082
0.00314768
-0.00152872
0.00312891
-0.0014758
0.00311095
-0.00142206
0.00309381
-0.00136753
0.00307751
-0.00131221
0.00306205
-0.00125612
0.00304745
-0.00119927
0.00303372
-0.00114168
0.00302088
-0.00108336
0.00300893
-0.00102433
0.00299789
-0.000964602
0.00298776
-0.000904189
0.00297856
-0.00084311
0.0029703
-0.000781382
0.00296299
-0.000719023
-0.000656049
0.00341061
-0.00189487
-0.0034368
0.00338507
-0.00184971
0.00336023
-0.00180368
0.00333611
-0.00175659
0.00331273
-0.00170864
0.00329009
-0.00165985
0.00326822
-0.00161021
0.00324713
-0.00155973
0.00322684
-0.00150843
0.00320736
-0.00145632
0.00318871
-0.00140341
0.0031709
-0.00134972
0.00315395
-0.00129526
0.00313786
-0.00124003
0.00312265
-0.00118407
0.00310834
-0.00112737
0.00309494
-0.00106996
0.00308245
-0.00101184
0.00307089
-0.000953043
0.00306027
-0.000893571
0.0030506
-0.000833443
0.0030419
-0.000772677
0.00303416
-0.000711288
-0.000649295
0.00349828
-0.00186775
-0.0035254
0.00347185
-0.00182328
0.00344613
-0.00177797
0.00342116
-0.00173162
0.00339693
-0.00168442
0.00337348
-0.0016364
0.00335082
-0.00158754
0.00332896
-0.00153787
0.00330792
-0.00148739
0.00328771
-0.00143611
0.00326835
-0.00138405
0.00324986
-0.00133122
0.00323224
-0.00127763
0.0032155
-0.0012233
0.00319968
-0.00116824
0.00318477
-0.00111246
0.00317079
-0.00105598
0.00315775
-0.000998805
0.00314566
-0.000940957
0.00313454
-0.000882449
0.00312439
-0.000823297
0.00311523
-0.000763516
0.00310707
-0.000703124
-0.000642137
0.00358808
-0.00183969
-0.00361614
0.00356072
-0.00179593
0.00353411
-0.00175135
0.00350826
-0.00170577
0.00348318
-0.00165934
0.00345889
-0.00161211
0.00343542
-0.00156407
0.00341277
-0.00151522
0.00339096
-0.00146557
0.00337
-0.00141515
0.00334992
-0.00136397
0.00333072
-0.00131202
0.00331241
-0.00125933
0.00329503
-0.00120592
0.00327857
-0.00115178
0.00326304
-0.00109694
0.00324848
-0.00104141
0.00323487
-0.000985202
0.00322225
-0.000928331
0.00321061
-0.000870812
0.00319997
-0.00081266
0.00319035
-0.000753891
0.00318174
-0.000694521
-0.000634566
0.00368004
-0.00181066
-0.00370907
0.00365175
-0.00176763
0.00362421
-0.00172381
0.00359745
-0.00167901
0.0035715
-0.00163339
0.00354636
-0.00158697
0.00352205
-0.00153976
0.00349859
-0.00149175
0.00347599
-0.00144298
0.00345427
-0.00139343
0.00343344
-0.00134314
0.00341352
-0.0012921
0.00339452
-0.00124034
0.00337646
-0.00118786
0.00335935
-0.00113467
0.00334321
-0.00108079
0.00332804
-0.00102624
0.00331386
-0.000971022
0.00330068
-0.000915153
0.00328851
-0.000858648
0.00327737
-0.000801522
0.00326727
-0.00074379
0.00325822
-0.000685468
-0.000626572
0.00377422
-0.00178064
-0.00380424
0.00374495
-0.00173837
0.00371647
-0.00169533
0.00368879
-0.00165134
0.00366194
-0.00160653
0.00363592
-0.00156096
0.00361076
-0.00151459
0.00358647
-0.00146746
0.00356306
-0.00141957
0.00354055
-0.00137093
0.00351897
-0.00132155
0.00349831
-0.00127145
0.0034786
-0.00122063
0.00345985
-0.00116911
0.00344208
-0.0011169
0.00342529
-0.00106401
0.00340951
-0.00101046
0.00339474
-0.000956252
0.00338099
-0.00090141
0.00336829
-0.000845945
0.00335664
-0.000789871
0.00334605
-0.000733202
0.00333654
-0.000675955
0.00387065
-0.0017496
-0.00390169
0.0038404
-0.00170811
0.00381094
-0.00166587
0.00378232
-0.00162271
0.00375454
-0.00157876
0.00372763
-0.00153404
0.00370159
-0.00148856
0.00367644
-0.00144232
0.00365221
-0.00139534
0.0036289
-0.00134762
0.00360654
-0.00129918
0.00358513
-0.00125004
0.00356469
-0.00120019
0.00354523
-0.00114965
0.00352678
-0.00109844
0.00350934
-0.00104657
0.00349293
-0.000994042
0.00347755
-0.000940879
0.00346324
-0.000887091
0.00344998
-0.000832692
0.00343781
-0.000777696
0.00342672
-0.000722117
-0.000665971
0.00396939
-0.00171751
-0.00400147
0.00393811
-0.00167684
0.00390767
-0.00163543
0.00387807
-0.00159312
0.00384935
-0.00155003
0.00382151
-0.0015062
0.00379458
-0.00146162
0.00376857
-0.0014163
0.00374349
-0.00137026
0.00371936
-0.00132349
0.00369619
-0.00127602
0.00367401
-0.00122785
0.00365283
-0.001179
0.00363265
-0.00112948
0.0036135
-0.00107929
0.0035954
-0.00102846
0.00357834
-0.000976987
0.00356235
-0.00092489
0.00354744
-0.000872182
0.00353363
-0.000818876
0.00352092
-0.000764985
0.00350932
-0.000710524
-0.000655508
0.00407047
-0.00168436
-0.00410362
0.00403816
-0.00164452
0.00400669
-0.00160396
0.00397611
-0.00156253
0.00394642
-0.00152034
0.00391764
-0.00147742
0.00388978
-0.00143377
0.00386288
-0.0013894
0.00383693
-0.00134431
0.00381196
-0.00129852
0.00378798
-0.00125204
0.00376501
-0.00120488
0.00374306
-0.00115706
0.00372215
-0.00110857
0.00370229
-0.00105944
0.0036835
-0.00100967
0.00366579
-0.000959275
0.00364917
-0.000908272
0.00363366
-0.000856671
0.00361927
-0.000804485
0.00360601
-0.000751728
0.0035939
-0.000698412
-0.000644554
0.00417395
-0.00165012
-0.00420819
0.00414057
-0.00161114
0.00410806
-0.00157146
0.00407646
-0.00153093
0.00404578
-0.00148966
0.00401603
-0.00144768
0.00398724
-0.00140498
0.00395942
-0.00136158
0.00393259
-0.00131748
0.00390676
-0.00127269
0.00388194
-0.00122723
0.00385817
-0.00118111
0.00383544
-0.00113433
0.00381377
-0.0010869
0.00379319
-0.00103885
0.0037737
-0.000990175
0.00375531
-0.000940891
0.00373805
-0.00089101
0.00372192
-0.000840545
0.00370695
-0.000789508
0.00369313
-0.000737912
0.00368049
-0.000685771
-0.000633098
0.00427987
-0.00161476
-0.00431523
0.00424539
-0.00157667
0.00421182
-0.00153789
0.00417918
-0.00149829
0.00414749
-0.00145797
0.00411676
-0.00141695
0.004087
-0.00137523
0.00405825
-0.00133282
0.00403051
-0.00128973
0.0040038
-0.00124598
0.00397813
-0.00120156
0.00395353
-0.0011565
0.00393
-0.0011108
0.00390756
-0.00106447
0.00388624
-0.00101752
0.00386603
-0.000969969
0.00384696
-0.000921821
0.00382904
-0.000873091
0.00381229
-0.00082379
0.00379671
-0.00077393
0.00378232
-0.000723525
0.00376914
-0.000672587
-0.000621131
0.00438828
-0.00157825
-0.00442478
0.00435269
-0.00154108
0.00431803
-0.00150323
0.00428432
-0.00146459
0.00425159
-0.00142524
0.00421985
-0.0013852
0.00418912
-0.00134449
0.00415941
-0.00130311
0.00413074
-0.00126106
0.00410313
-0.00121837
0.00407659
-0.00117503
0.00405114
-0.00113105
0.00402679
-0.00108646
0.00400357
-0.00104125
0.00398148
-0.000995435
0.00396055
-0.000949033
0.00394078
-0.000902051
0.00392219
-0.000854499
0.00390479
-0.000806392
0.0038886
-0.00075774
0.00387363
-0.000708555
0.00385989
-0.000658851
-0.000608642
0.00449922
-0.00154058
-0.0045369
0.0044625
-0.00150435
0.00442672
-0.00146745
0.00439193
-0.0014298
0.00435814
-0.00139145
0.00432537
-0.00135243
0.00429363
-0.00131275
0.00426294
-0.00127242
0.00423332
-0.00123145
0.00420479
-0.00118983
0.00417736
-0.0011476
0.00415105
-0.00110474
0.00412587
-0.00106128
0.00410184
-0.00101722
0.00407898
-0.000972572
0.0040573
-0.00092735
0.00403681
-0.000881563
0.00401753
-0.000835222
0.00399948
-0.000788338
0.00398266
-0.000740923
0.0039671
-0.00069299
0.0039528
-0.000644551
-0.000595619
0.00461276
-0.00150172
-0.00465163
0.00457487
-0.00146646
0.00453796
-0.00143054
0.00450206
-0.0013939
0.00446719
-0.00135657
0.00443336
-0.0013186
0.00440059
-0.00127999
0.00436891
-0.00124074
0.00433832
-0.00120086
0.00430885
-0.00116036
0.00428051
-0.00111925
0.00425331
-0.00107755
0.00422728
-0.00103525
0.00420243
-0.000992368
0.00417878
-0.000948917
0.00415633
-0.000904905
0.00413511
-0.000860343
0.00411513
-0.000815243
0.00409641
-0.000769613
0.00407895
-0.000723468
0.00406278
-0.000676817
0.0040479
-0.000629674
-0.000582052
0.00472894
-0.00146164
-0.00476902
0.00468986
-0.00142738
0.00465179
-0.00139247
0.00461476
-0.00135686
0.00457878
-0.0013206
0.00454387
-0.0012837
0.00451006
-0.00124618
0.00447736
-0.00120803
0.00444578
-0.00116928
0.00441534
-0.00112993
0.00438607
-0.00108998
0.00435798
-0.00104945
0.00433107
-0.00100835
0.00430538
-0.000966676
0.00428092
-0.000924451
0.00425769
-0.000881681
0.00423573
-0.000838376
0.00421503
-0.000794547
0.00419562
-0.000750204
0.00417751
-0.000705359
0.00416072
-0.000660024
0.00414526
-0.000614209
-0.000567928
0.00484781
-0.00142032
-0.00488913
0.00480752
-0.00138708
0.00476826
-0.00135322
0.00473007
-0.00131867
0.00469297
-0.00128349
0.00465696
-0.00124769
0.00462208
-0.00121129
0.00458834
-0.00117429
0.00455575
-0.00113669
0.00452433
-0.00109851
0.00449411
-0.00105976
0.00446509
-0.00102044
0.0044373
-0.000980555
0.00441075
-0.000940127
0.00438546
-0.000899159
0.00436144
-0.000857662
0.00433871
-0.000815646
0.00431729
-0.00077312
0.00429718
-0.000730096
0.0042784
-0.000686585
0.00426098
-0.000642597
0.00424491
-0.000598144
-0.000553238
0.00496943
-0.00137773
-0.00501201
0.0049279
-0.00134555
0.00488744
-0.00131276
0.00484807
-0.0012793
0.00480981
-0.00124523
0.00477269
-0.00121057
0.00473671
-0.00117532
0.00470191
-0.00113948
0.00466828
-0.00110307
0.00463587
-0.0010661
0.00460468
-0.00102856
0.00457472
-0.000990481
0.00454602
-0.000951857
0.0045186
-0.000912701
0.00449246
-0.000873023
0.00446763
-0.000832831
0.00444412
-0.000792136
0.00442195
-0.000750947
0.00440112
-0.000709275
0.00438167
-0.00066713
0.00436359
-0.000624523
0.00434692
-0.000581465
-0.000537969
0.00509385
-0.00133386
-0.00513772
0.00505106
-0.00130276
0.00500936
-0.00127106
0.00496879
-0.00123873
0.00492936
-0.0012058
0.0048911
-0.0011723
0.00485401
-0.00113823
0.00481812
-0.00110359
0.00478344
-0.0010684
0.00475001
-0.00103266
0.00471782
-0.00099638
0.00468691
-0.000959567
0.00465728
-0.000922232
0.00462897
-0.000884381
0.00460197
-0.000846025
0.00457631
-0.000807171
0.004552
-0.00076783
0.00452907
-0.000728012
0.00450752
-0.000687725
0.00448737
-0.000646981
0.00446863
-0.000605789
0.00445133
-0.000564162
-0.000522109
0.00522112
-0.00128868
-0.00526631
0.00517705
-0.00125869
0.0051341
-0.00122812
0.0050923
-0.00119694
0.00505168
-0.00116518
0.00501225
-0.00113287
0.00497402
-0.00110001
0.00493703
-0.0010666
0.00490128
-0.00103265
0.0048668
-0.000998181
0.00483361
-0.000963186
0.00480172
-0.000927677
0.00477115
-0.000891662
0.00474192
-0.000855149
0.00471404
-0.000818148
0.00468754
-0.000780666
0.00466242
-0.000742714
0.00463871
-0.000704299
0.00461641
-0.000665432
0.00459556
-0.000626123
0.00457615
-0.000586382
0.00455821
-0.00054622
-0.000505647
0.00535131
-0.00124216
-0.00539783
0.00530593
-0.00121331
0.0052617
-0.00118389
0.00521866
-0.00115389
0.00517682
-0.00112334
0.0051362
-0.00109225
0.00509682
-0.00106063
0.0050587
-0.00102848
0.00502186
-0.000995816
0.00498632
-0.000962641
0.0049521
-0.000928963
0.00491921
-0.00089479
0.00488768
-0.000860128
0.00485751
-0.000824987
0.00482874
-0.000789375
0.00480137
-0.000753299
0.00477543
-0.000716769
0.00475092
-0.000679793
0.00472787
-0.000642382
0.00470629
-0.000604544
0.0046862
-0.000566289
0.00466761
-0.000527627
-0.00048857
0.00548447
-0.00119428
-0.00553234
0.00543776
-0.0011666
0.00539223
-0.00113837
0.00534792
-0.00110958
0.00530484
-0.00108026
0.00526301
-0.00105042
0.00522245
-0.00102007
0.00518318
-0.000989215
0.00514523
-0.000957863
0.00510861
-0.000926019
0.00507334
-0.000893691
0.00503944
-0.000860887
0.00500692
-0.000827613
0.00497581
-0.000793877
0.00494612
-0.000759688
0.00491788
-0.000725053
0.00489109
-0.00068998
0.00486577
-0.000654479
0.00484195
-0.000618559
0.00481964
-0.000582227
0.00479884
-0.000545495
0.00477959
-0.000508371
-0.000470867
0.00562065
-0.00114502
-0.00566991
0.00557259
-0.00111854
0.00552575
-0.00109152
0.00548014
-0.00106397
0.0054358
-0.00103591
0.00539274
-0.00100736
0.00535098
-0.000978313
0.00531055
-0.000948783
0.00527146
-0.000918775
0.00523374
-0.000888296
0.0051974
-0.000857352
0.00516246
-0.00082595
0.00512895
-0.000794097
0.00509687
-0.000761801
0.00506625
-0.00072907
0.00503711
-0.000695911
0.00500946
-0.000662332
0.00498332
-0.000628341
0.00495871
-0.000593948
0.00493565
-0.00055916
0.00491414
-0.000523987
0.00489421
-0.000488439
-0.000452525
0.00575993
-0.00109436
-0.00581059
0.00571049
-0.0010691
0.0056623
-0.00104333
0.00561539
-0.00101705
0.00556976
-0.000990288
0.00552545
-0.000963047
0.00548247
-0.000935338
0.00544086
-0.000907165
0.00540061
-0.000878534
0.00536177
-0.000849451
0.00532434
-0.000819924
0.00528835
-0.000789959
0.00525382
-0.000759563
0.00522076
-0.000728742
0.00518919
-0.000697504
0.00515914
-0.000665857
0.00513061
-0.000633807
0.00510364
-0.000601364
0.00507822
-0.000568534
0.00505439
-0.000535328
0.00503216
-0.000501753
0.00501153
-0.000467818
-0.000433533
0.00590236
-0.00104227
-0.00595445
0.00585153
-0.00101827
0.00580197
-0.000993777
0.00575372
-0.0009688
0.00570679
-0.000943359
0.00566121
-0.000917465
0.00561699
-0.000891123
0.00557417
-0.000864339
0.00553275
-0.000837118
0.00549277
-0.000809466
0.00545423
-0.000781391
0.00541717
-0.000752897
0.0053816
-0.000723991
0.00534754
-0.000694681
0.00531501
-0.000664973
0.00528402
-0.000634873
0.00525461
-0.00060439
0.00522677
-0.000573531
0.00520054
-0.000542304
0.00517593
-0.000510717
0.00515296
-0.000478777
0.00513163
-0.000446494
-0.000413878
0.00604801
-0.000988736
-0.00610154
0.00599576
-0.000966025
0.00594482
-0.000942835
0.00589521
-0.000919191
0.00584695
-0.000895105
0.00580008
-0.000870589
0.0057546
-0.000845648
0.00571055
-0.000820285
0.00566794
-0.000794508
0.00562679
-0.000768322
0.00558714
-0.000741732
0.00554898
-0.000714744
0.00551236
-0.000687365
0.00547728
-0.000659601
0.00544376
-0.000631459
0.00541183
-0.000602944
0.00538151
-0.000574065
0.00535281
-0.000544828
0.00532574
-0.000515241
0.00530034
-0.000485312
0.00527661
-0.000455047
0.00525457
-0.000424457
-0.000393548
0.00619693
-0.000933735
-0.00625193
0.00614324
-0.000912339
0.0060909
-0.000890487
0.00603991
-0.000868205
0.00599031
-0.000845507
0.00594212
-0.000822401
0.00589537
-0.000798892
0.00585007
-0.000774985
0.00580625
-0.000750685
0.00576392
-0.000725998
0.00572312
-0.000700929
0.00568386
-0.000675482
0.00564616
-0.000649666
0.00561004
-0.000623485
0.00557553
-0.000596945
0.00554264
-0.000570053
0.00551139
-0.000542816
0.0054818
-0.00051524
0.00545389
-0.000487332
0.00542768
-0.000459099
0.00540318
-0.00043055
0.00538041
-0.000401691
-0.000372531
0.0063492
-0.000877246
-0.00640569
0.00629406
-0.000857195
0.00624028
-0.00083671
0.0061879
-0.000815823
0.00613694
-0.000794544
0.00608742
-0.00077288
0.00603936
-0.000750837
0.00599279
-0.000728419
0.00594774
-0.00070563
0.00590422
-0.000682477
0.00586225
-0.000658963
0.00582186
-0.000635094
0.00578307
-0.000610877
0.0057459
-0.000586315
0.00571038
-0.000561416
0.00567651
-0.000536184
0.00564432
-0.000510627
0.00561383
-0.00048475
0.00558506
-0.000458561
0.00555802
-0.000432065
0.00553274
-0.000405271
0.00550924
-0.000378185
-0.000350815
0.00650488
-0.000819251
-0.00656288
0.00644826
-0.000800573
0.00639304
-0.000781487
0.00633924
-0.000762026
0.00628689
-0.000742197
0.00623602
-0.000722008
0.00618665
-0.000701463
0.0061388
-0.000680567
0.00609249
-0.000659324
0.00604775
-0.000637739
0.00600461
-0.000615817
0.00596308
-0.000593562
0.00592318
-0.000570979
0.00588494
-0.000548075
0.00584838
-0.000524853
0.00581351
-0.000501321
0.00578037
-0.000477483
0.00574896
-0.000453345
0.00571932
-0.000428914
0.00569145
-0.000404196
0.00566537
-0.000379198
0.00564111
-0.000353926
-0.000328388
0.00666405
-0.000759729
-0.00672357
0.00660593
-0.000742455
0.00654924
-0.000724798
0.00649401
-0.000706793
0.00644026
-0.000688446
0.00638802
-0.000669765
0.0063373
-0.000650752
0.00628815
-0.000631412
0.00624057
-0.00061175
0.0061946
-0.000591768
0.00615026
-0.000571473
0.00610756
-0.000550868
0.00606654
-0.000529957
0.00602722
-0.000508747
0.0059896
-0.000487242
0.00595373
-0.000465447
0.00591962
-0.000443367
0.00588728
-0.000421009
0.00585674
-0.000398377
0.00582802
-0.000375478
0.00580114
-0.000352318
0.00577612
-0.000328903
-0.000305239
0.00682676
-0.000698664
-0.00688783
0.00676713
-0.000682822
0.00670896
-0.000666626
0.00665227
-0.000650108
0.0065971
-0.000633275
0.00654347
-0.000616133
0.0064914
-0.000598686
0.00644092
-0.000580936
0.00639206
-0.000562888
0.00634484
-0.000544546
0.00629928
-0.000525913
0.00625541
-0.000506994
0.00621324
-0.000487794
0.00617281
-0.000468316
0.00613414
-0.000448566
0.00609724
-0.000428548
0.00606214
-0.000408266
0.00602885
-0.000387727
0.00599741
-0.000366936
0.00596783
-0.000345897
0.00594013
-0.000324617
0.00591433
-0.000303101
-0.000281357
0.00699309
-0.000636038
-0.00705572
0.00693193
-0.000621658
0.00687225
-0.000606952
0.0068141
-0.000591953
0.00675749
-0.000576666
0.00670245
-0.000561096
0.00664901
-0.000545247
0.0065972
-0.000529121
0.00654703
-0.000512722
0.00649854
-0.000496054
0.00645175
-0.000479121
0.00640668
-0.000461926
0.00636336
-0.000444473
0.00632181
-0.000426766
0.00628205
-0.000408809
0.00624411
-0.000390607
0.00620801
-0.000372165
0.00617377
-0.000353486
0.00614141
-0.000334576
0.00611095
-0.00031544
0.00608242
-0.000296083
0.00605583
-0.000276511
-0.000256728
0.00716311
-0.000571835
-0.00722732
0.0071004
-0.000558946
0.00703921
-0.00054576
0.00697957
-0.000532311
0.0069215
-0.000518601
0.00686504
-0.000504636
0.00681021
-0.000490418
0.00675704
-0.00047595
0.00670556
-0.000461236
0.00665578
-0.000446278
0.00660774
-0.00043108
0.00656146
-0.000415645
0.00651697
-0.000399977
0.00647428
-0.00038408
0.00643343
-0.000367956
0.00639443
-0.000351611
0.00635731
-0.000335048
0.0063221
-0.000318271
0.00628881
-0.000301285
0.00625746
-0.000284095
0.00622808
-0.000266704
0.00620069
-0.000249119
-0.000231344
0.00733689
-0.000506041
-0.00740269
0.00727262
-0.000494671
0.00720989
-0.000483036
0.00714875
-0.000471166
0.00708921
-0.000459066
0.00703132
-0.000446738
0.00697508
-0.000434185
0.00692054
-0.000421409
0.00686772
-0.000408413
0.00681664
-0.000395201
0.00676734
-0.000381775
0.00671983
-0.000368138
0.00667414
-0.000354292
0.00663031
-0.000340243
0.00658834
-0.000325992
0.00654828
-0.000311544
0.00651013
-0.000296901
0.00647393
-0.000282068
0.00643969
-0.000267049
0.00640744
-0.000251848
0.00637721
-0.000236468
0.006349
-0.000220915
-0.000205193
0.0075145
-0.000438643
-0.0075819
0.00744865
-0.000428819
0.00738438
-0.000418765
0.00732172
-0.000408506
0.0072607
-0.000398046
0.00720135
-0.000387387
0.00714369
-0.000376531
0.00708776
-0.000365481
0.00703359
-0.000354239
0.0069812
-0.000342808
0.00693061
-0.00033119
0.00688186
-0.000319387
0.00683497
-0.000307403
0.00678997
-0.000295241
0.00674688
-0.000282902
0.00670573
-0.000270391
0.00666654
-0.000257711
0.00662933
-0.000244865
0.00659414
-0.000231855
0.00656098
-0.000218687
0.00652987
-0.000205363
0.00650085
-0.000191888
-0.000178265
0.007696
-0.000369627
-0.00776502
0.00762856
-0.00036138
0.00756273
-0.000352934
0.00749854
-0.000344316
0.00743603
-0.000335527
0.00737521
-0.000326568
0.00731612
-0.000317443
0.00725879
-0.000308152
0.00720325
-0.000298698
0.00714952
-0.000289083
0.00709764
-0.00027931
0.00704764
-0.000269379
0.00699953
-0.000259295
0.00695335
-0.000249058
0.00690912
-0.000238673
0.00686687
-0.00022814
0.00682662
-0.000217464
0.0067884
-0.000206647
0.00675224
-0.000195692
0.00671815
-0.000184601
0.00668617
-0.000173379
0.00665631
-0.000162027
-0.000150551
0.00788147
-0.000298986
-0.00795212
0.00781243
-0.00029234
0.00774503
-0.000285533
0.0076793
-0.000278585
0.00761527
-0.000271496
0.00755297
-0.000264269
0.00749244
-0.000256906
0.00743369
-0.000249408
0.00737677
-0.000241776
0.0073217
-0.000234013
0.00726851
-0.00022612
0.00721723
-0.0002181
0.00716789
-0.000209953
0.00712051
-0.000201682
0.00707513
-0.00019329
0.00703177
-0.000184778
0.00699045
-0.000176148
0.00695121
-0.000167404
0.00691406
-0.000158547
0.00687904
-0.000149579
0.00684617
-0.000140504
0.00681546
-0.000131325
-0.000122043
0.00807097
-0.000226709
-0.00814325
0.00800032
-0.000221692
0.00793134
-0.000216551
0.00786405
-0.0002113
0.0077985
-0.000205942
0.00773471
-0.000200478
0.00767271
-0.000194908
0.00761254
-0.000189235
0.00755422
-0.00018346
0.00749779
-0.000177583
0.00744328
-0.000171608
0.00739071
-0.000165534
0.00734012
-0.000159364
0.00729154
-0.000153099
0.00724499
-0.000146741
0.0072005
-0.000140291
0.00715811
-0.000133751
0.00711783
-0.000127124
0.00707969
-0.00012041
0.00704373
-0.000113613
0.00700995
-0.000106733
0.0069784
-9.97728e-05
-9.27348e-05
0.00826455
-0.000152791
-0.00833847
0.00819229
-0.000149427
0.00812171
-0.000145977
0.00805286
-0.000142451
0.00798577
-0.000138852
0.00792047
-0.000135179
0.007857
-0.000131435
0.00779539
-0.00012762
0.00773566
-0.000123734
0.00767786
-0.00011978
0.00762201
-0.000115758
0.00756814
-0.000111669
0.00751629
-0.000107515
0.00746649
-0.000103296
0.00741876
-9.9014e-05
0.00737314
-9.46696e-05
0.00732966
-9.02641e-05
0.00728833
-8.5799e-05
0.0072492
-8.12755e-05
0.00721228
-7.66946e-05
0.0071776
-7.2058e-05
0.0071452
-6.73672e-05
-6.26232e-05
0.00846227
-7.72248e-05
-0.00853784
0.00838838
-7.55354e-05
0.0083162
-7.37999e-05
0.00824577
-7.20248e-05
0.00817713
-7.02112e-05
0.00811031
-6.83599e-05
0.00804535
-6.64713e-05
0.00798228
-6.45463e-05
0.00792113
-6.25854e-05
0.00786194
-6.05895e-05
0.00780474
-5.85587e-05
0.00774956
-5.64941e-05
0.00769644
-5.43959e-05
0.00764541
-5.22648e-05
0.0075965
-5.01014e-05
0.00754974
-4.79064e-05
0.00750515
-4.56805e-05
0.00746278
-4.3424e-05
0.00742264
-4.11378e-05
0.00738477
-3.88225e-05
0.00734919
-3.64788e-05
0.00731593
-3.41075e-05
0.00866417
-0.0087414
0.00858864
0.00851484
0.00844281
0.0083726
0.00830424
0.00823777
0.00817322
0.00811064
0.00805005
0.00799149
0.00793499
0.0078806
0.00782833
0.00777823
0.00773033
0.00768465
0.00764122
0.00760008
0.00756126
0.00752478
0.00282219
0.000385626
0.00282193
0.000430315
0.00282186
0.000475575
0.00282205
0.000521204
0.00282256
0.000566933
0.00282347
0.000612446
0.00282487
0.000657386
0.00282683
0.000701369
0.00282946
0.000743997
0.00283282
0.000784865
0.00283701
0.000823571
0.00284211
0.000859723
0.00284816
0.000892954
0.00285524
0.000922906
0.00286338
0.000949278
0.0028726
0.000971722
0.0028829
0.000989996
0.00289425
0.00100354
0.0029066
0.00101205
0.00291981
0.00101378
0.00293377
0.00100801
0.000988307
0.00289266
2.83752e-05
0.00289249
7.95226e-05
0.00289223
0.000126425
0.0028919
0.000170502
0.00289153
0.000213421
0.00289114
0.000255936
0.00289077
0.000298678
0.00289046
0.000341929
0.00289026
0.000385831
0.00289021
0.000430365
0.00289037
0.00047541
0.00289082
0.000520757
0.00289162
0.000566133
0.00289285
0.000611214
0.0028946
0.00065564
0.00289694
0.000699024
0.00289997
0.000740969
0.00290377
0.000781068
0.00290841
0.000818927
0.00291398
0.000854159
0.00292052
0.000886407
0.0029281
0.000915326
0.00293675
0.000940631
0.00294648
0.000961993
0.00295728
0.000979191
0.00296912
0.000991701
0.00298195
0.00099923
0.0029956
0.00100013
0.00300997
0.00099364
0.000973669
0.00296145
2.84193e-05
0.00296132
7.96539e-05
0.00296112
0.000126624
0.00296087
0.000170749
0.00296061
0.000213688
0.00296035
0.000256196
0.00296013
0.000298896
0.00295999
0.000342065
0.00295999
0.000385838
0.00296016
0.00043019
0.00296058
0.000474993
0.0029613
0.00052003
0.00296241
0.000565024
0.00296398
0.000609644
0.0029661
0.000653527
0.00296884
0.000696285
0.00297229
0.000737518
0.00297653
0.000776825
0.00298164
0.000813814
0.0029877
0.000848106
0.00299475
0.000879357
0.00300284
0.000907234
0.003012
0.000931467
0.00302225
0.00095175
0.00303356
0.000967877
0.00304589
0.000979367
0.00305919
0.000985932
0.00307329
0.000986034
0.00308807
0.000978859
0.000958658
0.00303187
2.84483e-05
0.00303178
7.97433e-05
0.00303165
0.000126756
0.0030315
0.000170905
0.00303134
0.000213843
0.00303122
0.000256319
0.00303116
0.000298953
0.00303121
0.000342015
0.00303142
0.000385633
0.00303183
0.000429776
0.00303252
0.000474308
0.00303354
0.000519007
0.00303498
0.000563588
0.0030369
0.000607718
0.0030394
0.000651029
0.00304255
0.000693131
0.00304644
0.000733626
0.00305115
0.000772116
0.00305675
0.000808214
0.00306331
0.00084155
0.00307088
0.00087179
0.00307949
0.000898617
0.00308918
0.000921776
0.00309995
0.000940984
0.00311178
0.000956051
0.00312461
0.000966538
0.00313838
0.000972161
0.00315292
0.000971492
0.00316811
0.000963667
0.000943272
0.00310397
2.84612e-05
0.00310393
7.97877e-05
0.00310387
0.000126816
0.00310381
0.000170964
0.00310378
0.000213875
0.0031038
0.000256296
0.00310391
0.000298838
0.00310416
0.000341766
0.00310459
0.000385202
0.00310526
0.000429107
0.00310623
0.000473339
0.00310757
0.00051767
0.00310935
0.000561809
0.00311165
0.000605417
0.00311455
0.000648126
0.00311814
0.000689545
0.00312249
0.000729276
0.00312768
0.000766924
0.00313378
0.000802111
0.00314086
0.000834475
0.00314896
0.000863693
0.00315811
0.000889465
0.00316833
0.00091155
0.00317963
0.000929689
0.00319197
0.000943708
0.0032053
0.00095321
0.00321954
0.000957915
0.00323453
0.000956505
0.00325013
0.000948067
0.00092751
0.00317779
2.84568e-05
0.00317779
7.97841e-05
0.00317781
0.000126798
0.00317785
0.00017092
0.00317795
0.000213778
0.00317813
0.000256116
0.00317843
0.000298539
0.00317889
0.000341306
0.00317956
0.000384531
0.0031805
0.000428168
0.00318177
0.000472069
0.00318344
0.000516
0.00318558
0.000559666
0.00318827
0.000602723
0.0031916
0.0006448
0.00319564
0.000685506
0.00320047
0.000724447
0.00320616
0.000761232
0.00321278
0.000795489
0.00322039
0.000826866
0.00322903
0.000855054
0.00323873
0.000879766
0.0032495
0.00090078
0.00326133
0.000917859
0.00327419
0.000930845
0.00328802
0.000939383
0.00330274
0.000943196
0.00331817
0.000941073
0.00333418
0.000932058
0.000911371
0.00325336
2.84341e-05
0.00325341
7.9729e-05
0.00325351
0.000126699
0.00325367
0.000170765
0.0032539
0.000213541
0.00325425
0.000255769
0.00325474
0.000298045
0.00325543
0.00034062
0.00325636
0.000383604
0.00325758
0.000426942
0.00325917
0.000470482
0.00326119
0.000513981
0.00326371
0.000557141
0.00326682
0.000599616
0.00327059
0.000641031
0.0032751
0.000680998
0.00328042
0.000719123
0.00328663
0.000755022
0.00329379
0.000788331
0.00330195
0.000818709
0.00331114
0.000845859
0.0033214
0.000869511
0.00333272
0.000889458
0.00334509
0.000905488
0.00335848
0.000917458
0.00337281
0.000925053
0.003388
0.000928004
0.00340387
0.000925198
0.00342029
0.000915644
0.000894857
0.00333072
2.83917e-05
0.00333083
7.96191e-05
0.00333102
0.000126512
0.00333129
0.000170492
0.00333168
0.000213157
0.0033322
0.000255245
0.00333291
0.000297342
0.00333383
0.000339695
0.00333503
0.000382406
0.00333656
0.000425414
0.00333848
0.000468558
0.00334087
0.000511593
0.00334379
0.000554215
0.00334733
0.000596076
0.00335157
0.0006368
0.00335656
0.000675999
0.0033624
0.000713284
0.00336915
0.000748277
0.00337686
0.000780622
0.00338558
0.00080999
0.00339534
0.000836096
0.00340616
0.000858689
0.00341804
0.000877576
0.00343096
0.00089257
0.00344488
0.000903544
0.00345971
0.000910221
0.00347537
0.000912339
0.00349169
0.00090888
0.00350851
0.000898827
0.00087797
0.00340993
2.83284e-05
0.0034101
7.94508e-05
0.00341038
0.000126232
0.00341078
0.000170093
0.00341132
0.000212614
0.00341203
0.000254531
0.00341296
0.000296418
0.00341414
0.000338517
0.00341562
0.000380922
0.00341747
0.000423565
0.00341975
0.00046628
0.00342252
0.000508818
0.00342587
0.000550869
0.00342986
0.000592084
0.00343457
0.000632087
0.00344008
0.000670491
0.00344645
0.000706913
0.00345375
0.00074098
0.00346203
0.000772346
0.00347132
0.000800694
0.00348167
0.000825753
0.00349307
0.00084729
0.00350551
0.000865127
0.00351898
0.000879101
0.00353343
0.0008891
0.00354876
0.000894885
0.0035649
0.000896203
0.00358166
0.000892122
0.00359888
0.000881607
0.000860711
0.00349102
2.8243e-05
0.00349125
7.92204e-05
0.00349163
0.000125852
0.00349216
0.00016956
0.00349287
0.000211904
0.00349379
0.000253616
0.00349495
0.000295259
0.00349639
0.00033707
0.00349818
0.000379134
0.00350037
0.000421378
0.00350302
0.00046363
0.0035062
0.000505636
0.00350999
0.000547083
0.00351445
0.00058762
0.00351967
0.000626872
0.0035257
0.000664455
0.00353262
0.00069999
0.00354049
0.000733113
0.00354935
0.000763487
0.00355924
0.000790808
0.00357017
0.00081482
0.00358216
0.000835305
0.00359518
0.000852104
0.0036092
0.000865076
0.00362418
0.000874124
0.00364002
0.000879044
0.00365663
0.000879595
0.00367383
0.000874925
0.00369144
0.000863989
0.000843083
0.00357404
2.8134e-05
0.00357434
7.8924e-05
0.00357482
0.000125367
0.0035755
0.000168885
0.00357638
0.000211017
0.00357751
0.000252488
0.00357892
0.000293853
0.00358065
0.00033534
0.00358276
0.000377027
0.0035853
0.000418836
0.00358834
0.000460589
0.00359195
0.000502027
0.00359619
0.000542836
0.00360115
0.000582663
0.00360689
0.000621135
0.00361347
0.000657871
0.00362096
0.000692498
0.00362942
0.000724659
0.00363887
0.00075403
0.00364936
0.000780319
0.0036609
0.000803284
0.00367348
0.000822725
0.00368708
0.000838501
0.00370167
0.00085049
0.00371718
0.000858613
0.00373352
0.000862699
0.0037506
0.000862518
0.00376823
0.000857292
0.00378625
0.000845975
0.000825089
0.00365903
2.80001e-05
0.0036594
7.85578e-05
0.00366
0.00012477
0.00366082
0.00016806
0.0036619
0.000209941
0.00366325
0.000251135
0.00366492
0.000292184
0.00366695
0.00033331
0.00366939
0.000374584
0.00367231
0.00041592
0.00367576
0.000457137
0.00367981
0.000497973
0.00368454
0.000538109
0.00369001
0.000577195
0.00369629
0.000614857
0.00370344
0.000650721
0.00371152
0.000684418
0.00372057
0.000715603
0.00373064
0.00074396
0.00374175
0.000769213
0.0037539
0.000791135
0.00376708
0.000809542
0.00378127
0.00082431
0.00379642
0.000835339
0.00381247
0.000842566
0.00382932
0.000845848
0.00384686
0.000844971
0.00386493
0.000839225
0.00388334
0.000827568
0.000806734
0.00374605
2.78397e-05
0.00374649
7.81176e-05
0.00374721
0.000124055
0.00374819
0.000167076
0.00374946
0.000208667
0.00375105
0.000249545
0.003753
0.000290239
0.00375534
0.000330965
0.00375814
0.000371786
0.00376145
0.000412612
0.00376533
0.000453256
0.00376985
0.000493452
0.00377508
0.000532882
0.00378108
0.000571194
0.00378792
0.000608019
0.00379565
0.000642985
0.00380434
0.000675734
0.00381401
0.000705928
0.00382471
0.000733264
0.00383644
0.00075748
0.00384921
0.000778363
0.00386301
0.000795749
0.00387779
0.000809528
0.00389351
0.000819621
0.00391009
0.00082598
0.00392745
0.000828493
0.00394546
0.000826958
0.00396396
0.000820727
0.00398276
0.00080877
0.00078802
0.00383514
2.76515e-05
0.00383565
7.75991e-05
0.00383649
0.000123216
0.00383765
0.000165925
0.00383913
0.000207183
0.00384097
0.000247704
0.00384321
0.000288003
0.00384588
0.000328289
0.00384905
0.000368618
0.00385277
0.000408894
0.0038571
0.000448926
0.00386211
0.000488446
0.00386785
0.000527134
0.00387441
0.000564641
0.00388183
0.0006006
0.00389017
0.000634645
0.00389947
0.000666427
0.00390978
0.000695618
0.00392112
0.000721927
0.00393349
0.000745106
0.0039469
0.000764959
0.00396131
0.000781337
0.00397669
0.000794148
0.00399298
0.000803331
0.0040101
0.000808856
0.00402796
0.000810633
0.00404644
0.000808479
0.00406537
0.0008018
0.00408455
0.000789585
0.000768951
0.00392634
2.74339e-05
0.00392694
7.69982e-05
0.00392791
0.000122246
0.00392924
0.000164596
0.00393094
0.000205479
0.00393305
0.0002456
0.00393559
0.000285461
0.00393861
0.000325266
0.00394217
0.000365061
0.00394632
0.000404746
0.00395112
0.000444127
0.00395663
0.000482933
0.00396292
0.000520845
0.00397005
0.000557515
0.00397807
0.00059258
0.00398703
0.000625683
0.00399697
0.000656481
0.00400793
0.000684657
0.00401993
0.000709935
0.00403295
0.000732081
0.004047
0.000750913
0.00406203
0.0007663
0.00407802
0.000778166
0.00409488
0.000786468
0.00411254
0.000791191
0.00413091
0.000792269
0.00414985
0.000789535
0.0041692
0.000782447
0.00418877
0.000770016
0.000749531
0.00401971
2.71852e-05
0.0040204
7.63104e-05
0.00402151
0.000121136
0.00402303
0.000163081
0.00402496
0.000203542
0.00402734
0.000243219
0.00403021
0.000282599
0.00403359
0.000321878
0.00403756
0.000361096
0.00404215
0.000400149
0.00404744
0.000438839
0.00405348
0.000476894
0.00406033
0.000513995
0.00406805
0.000549797
0.00407669
0.000583942
0.00408629
0.000616081
0.00409689
0.000645879
0.00410852
0.000673032
0.00412118
0.000697276
0.00413486
0.000718393
0.00414956
0.000736216
0.00416523
0.000750631
0.00418182
0.000761577
0.00419926
0.000769029
0.00421746
0.000772985
0.00423633
0.000773402
0.00425574
0.000770129
0.00427551
0.000762671
0.00429546
0.000750066
0.000729764
0.00411531
2.6904e-05
0.00411609
7.5531e-05
0.00411734
0.000119882
0.00411905
0.000161371
0.00412123
0.000201362
0.0041239
0.000240547
0.0041271
0.0002794
0.00413087
0.000318108
0.00413526
0.000356706
0.00414033
0.000395085
0.00414612
0.000433043
0.00415271
0.000470308
0.00416014
0.000506563
0.00416847
0.000541466
0.00417775
0.000574667
0.00418801
0.00060582
0.00419928
0.000634605
0.00421159
0.000660727
0.00422492
0.000683938
0.00423928
0.000704033
0.00425464
0.000720861
0.00427094
0.000734325
0.00428814
0.000744377
0.00430616
0.000751011
0.00432491
0.000754237
0.00434428
0.000754032
0.00436415
0.000750263
0.00438434
0.000742476
0.00440467
0.000729738
0.000709653
0.00421318
2.65885e-05
0.00421405
7.46557e-05
0.00421546
0.000118475
0.00421737
0.000159455
0.00421981
0.000198926
0.00422279
0.000237572
0.00422634
0.000275849
0.0042305
0.000313941
0.00423534
0.000351873
0.00424089
0.000389534
0.00424721
0.000426719
0.00425436
0.000463156
0.0042624
0.000498531
0.00427136
0.000532505
0.00428129
0.000564734
0.00429223
0.000594884
0.00430419
0.000622642
0.00431719
0.000647729
0.00433122
0.000669908
0.00434626
0.000688991
0.00436228
0.00070484
0.00437923
0.000717375
0.00439704
0.000726564
0.00441564
0.000732412
0.00443493
0.000734948
0.0044548
0.000734161
0.00447513
0.000729938
0.00449574
0.000721862
0.00451644
0.000709036
0.000689201
0.00431337
2.62372e-05
0.00431435
7.36796e-05
0.00431591
0.000116908
0.00431804
0.000157325
0.00432075
0.000196223
0.00432404
0.000234278
0.00432796
0.000271931
0.00433254
0.000309358
0.00433784
0.000346578
0.00434389
0.000383476
0.00435077
0.000419846
0.00435851
0.000455417
0.00436716
0.000489877
0.00437677
0.000522892
0.00438738
0.000554127
0.00439901
0.000583256
0.00441167
0.000609977
0.00442538
0.000634025
0.00444011
0.000655176
0.00445584
0.000673257
0.00447254
0.000688146
0.00449014
0.000699777
0.00450857
0.000708133
0.00452775
0.000713232
0.00454758
0.000715115
0.00456795
0.000713789
0.00458873
0.000709156
0.00460976
0.000700834
0.00463084
0.000687961
0.000668412
0.00441595
2.58483e-05
0.00441703
7.25981e-05
0.00441877
0.000115173
0.00442112
0.00015497
0.0044241
0.000193241
0.00442773
0.000230652
0.00443203
0.00026763
0.00443705
0.000304343
0.00444282
0.000340804
0.0044494
0.000376893
0.00445684
0.000412406
0.00446519
0.000447072
0.00447448
0.000480583
0.00448476
0.000512611
0.00449606
0.000542828
0.0045084
0.000570919
0.00452178
0.000596594
0.00453621
0.000619601
0.00455165
0.00063973
0.00456809
0.000656822
0.00458546
0.000670772
0.00460371
0.000681526
0.00462276
0.000689081
0.00464253
0.000693469
0.0046629
0.000694741
0.00468377
0.000692918
0.00470501
0.000687918
0.00472645
0.000679393
0.0047479
0.000666516
0.000647289
0.00452097
2.54202e-05
0.00452216
7.14064e-05
0.00452407
0.000113264
0.00452666
0.00015238
0.00452993
0.000189967
0.0045339
0.00022668
0.0045386
0.00026293
0.00454407
0.000298878
0.00455034
0.000334531
0.00455747
0.000369767
0.00456549
0.000404379
0.00457446
0.000438102
0.00458442
0.000470629
0.00459539
0.000501642
0.0046074
0.00053082
0.00462046
0.000557858
0.00463457
0.00058248
0.00464973
0.000604445
0.0046659
0.00062356
0.00468304
0.00063968
0.0047011
0.000652712
0.00472001
0.000662618
0.00473968
0.000669406
0.00476003
0.000673121
0.00478095
0.000673823
0.00480232
0.000671548
0.00482401
0.000666226
0.00484586
0.000657541
0.00486768
0.000644703
0.000625833
0.00462848
2.49511e-05
0.00462979
7.00997e-05
0.00463188
0.000111173
0.00463472
0.000149546
0.00463829
0.00018639
0.00464262
0.000222349
0.00464774
0.000257817
0.00465367
0.000292947
0.00466046
0.000327742
0.00466815
0.000362077
0.00467678
0.000395747
0.0046864
0.000428487
0.00469703
0.000459998
0.0047087
0.000489968
0.00472144
0.000518085
0.00473524
0.000544058
0.0047501
0.00056762
0.00476599
0.000588547
0.0047829
0.000606657
0.00480076
0.000621821
0.00481951
0.00063396
0.00483908
0.000643048
0.00485938
0.000649105
0.00488031
0.000652187
0.00490177
0.000652363
0.00492364
0.000649679
0.00494579
0.000644082
0.00496805
0.00063528
0.00499023
0.000622523
0.000604046
0.00473856
2.44395e-05
0.00473998
6.86733e-05
0.00474226
0.000108892
0.00474535
0.000146457
0.00474924
0.000182497
0.00475395
0.000217644
0.00475949
0.000252273
0.00476591
0.000286533
0.00477323
0.000320419
0.0047815
0.000353806
0.00479076
0.00038649
0.00480104
0.000418209
0.00481236
0.000448671
0.00482476
0.000477571
0.00483824
0.000504609
0.00485279
0.000529504
0.00486841
0.000552003
0.00488506
0.000571894
0.00490271
0.000589011
0.00492129
0.000603239
0.00494074
0.000614511
0.00496097
0.000622813
0.0049819
0.000628176
0.00500342
0.000630666
0.00502543
0.000630359
0.00504779
0.000627313
0.00507039
0.000621485
0.00509306
0.00061261
0.0051156
0.000599979
0.000581929
0.00485125
2.38836e-05
0.0048528
6.71224e-05
0.00485527
0.000106414
0.00485863
0.000143104
0.00486285
0.000178278
0.00486794
0.000212551
0.00487393
0.000246285
0.00488084
0.00027962
0.00488871
0.000312545
0.00489758
0.000344936
0.00490748
0.00037659
0.00491844
0.00040725
0.00493048
0.00043663
0.00494362
0.000464435
0.00495785
0.000490376
0.00497318
0.000514182
0.00498956
0.000535615
0.00500698
0.000554477
0.00502538
0.000570615
0.00504469
0.000583926
0.00506484
0.000594359
0.00508574
0.000601909
0.0051073
0.000606617
0.00512941
0.000608556
0.00515196
0.000607812
0.00517483
0.000604448
0.00519787
0.000598436
0.00522095
0.000589534
0.00524386
0.000577069
0.000559484
0.00496662
2.32818e-05
0.0049683
6.54423e-05
0.00497098
0.000103732
0.0049746
0.000139478
0.00497916
0.000173719
0.00498466
0.000207058
0.0049911
0.000239837
0.00499853
0.00027219
0.00500697
0.000304103
0.00501646
0.00033545
0.00502702
0.00036603
0.00503868
0.000395592
0.00505145
0.000423859
0.00506534
0.000450545
0.00508034
0.00047537
0.00509645
0.000498079
0.00511362
0.000518446
0.00513181
0.000536286
0.00515096
0.00055146
0.00517101
0.000563878
0.00519187
0.0005735
0.00521345
0.000580333
0.00523564
0.000584425
0.00525834
0.000585856
0.00528143
0.00058472
0.00530479
0.000581086
0.00532829
0.000574936
0.00535178
0.00056605
0.00537505
0.000553795
0.000536709
0.00508473
2.26325e-05
0.00508654
6.36284e-05
0.00508944
0.000100839
0.00509335
0.000135569
0.00509825
0.000168811
0.00510416
0.000201151
0.00511108
0.000232915
0.00511904
0.00026423
0.00512807
0.000295076
0.00513819
0.00032533
0.00514943
0.000354792
0.0051618
0.00038322
0.00517532
0.000410343
0.00518998
0.000435885
0.00520577
0.00045958
0.00522266
0.000481183
0.00524062
0.000500484
0.0052596
0.000517311
0.00527952
0.000531538
0.00530031
0.000543087
0.00532188
0.000551929
0.00534413
0.000558081
0.00536696
0.000561597
0.00539025
0.000562566
0.00541389
0.000561083
0.00543775
0.000557224
0.0054617
0.000550983
0.0054856
0.000542157
0.00550924
0.000530154
0.000513603
0.00520565
2.19341e-05
0.0052076
6.16764e-05
0.00521071
9.77271e-05
0.00521492
0.000131367
0.00522018
0.000163541
0.00522652
0.000194817
0.00523393
0.000225505
0.00524244
0.000255723
0.00525206
0.000285449
0.00526283
0.00031456
0.00527476
0.000342862
0.00528786
0.000370117
0.00530214
0.000396065
0.00531759
0.000420441
0.00533418
0.000442991
0.00535188
0.000463483
0.00537064
0.00048172
0.00539041
0.000497544
0.0054111
0.000510842
0.00543264
0.000521548
0.00545493
0.000529642
0.00547786
0.000535149
0.00550132
0.000538132
0.00552521
0.000538681
0.00554939
0.000536898
0.00557375
0.000532862
0.00559816
0.000526575
0.00562246
0.000517855
0.00564647
0.000506145
0.000490164
0.00532945
2.11851e-05
0.00533154
5.95818e-05
0.00533488
9.43906e-05
0.00533938
0.000126865
0.00534502
0.0001579
0.00535179
0.000188045
0.00535971
0.000217594
0.00536877
0.000246656
0.00537901
0.000275208
0.00539045
0.000303126
0.00540309
0.000330223
0.00541694
0.000356269
0.00543199
0.000381012
0.00544823
0.0004042
0.00546563
0.000425591
0.00548414
0.000444968
0.00550372
0.000462145
0.00552429
0.000476978
0.00554576
0.000489367
0.00556805
0.000499256
0.00559106
0.000506635
0.00561467
0.000511536
0.00563878
0.000514026
0.00566326
0.000514201
0.00568799
0.000512163
0.00571286
0.000507998
0.00573772
0.000501711
0.00576244
0.00049314
0.00578682
0.000481765
0.00046639
0.00545619
2.03841e-05
0.00545843
5.73407e-05
0.005462
9.08229e-05
0.00546681
0.000122054
0.00547283
0.000151877
0.00548005
0.000180823
0.00548848
0.000209168
0.00549812
0.000237015
0.00550899
0.000264337
0.0055211
0.000291013
0.00553446
0.000316862
0.00554907
0.000341661
0.00556491
0.000365171
0.00558196
0.00038715
0.00560018
0.00040737
0.00561952
0.000425627
0.00563992
0.000441749
0.00566129
0.000455605
0.00568355
0.000467105
0.00570661
0.000476205
0.00573034
0.000482903
0.00575464
0.000487236
0.00577939
0.000489276
0.00580447
0.000489122
0.00582975
0.000486877
0.00585512
0.000482627
0.00588045
0.000476387
0.00590558
0.00046801
0.00593033
0.00045701
0.000442275
0.00558594
1.95298e-05
0.00558833
5.49492e-05
0.00559214
8.70183e-05
0.00559727
0.000116925
0.00560368
0.000145463
0.00561136
0.000173141
0.00562031
0.000200217
0.00563054
0.000226788
0.00564205
0.000252824
0.00565486
0.000278209
0.00566895
0.000302766
0.00568433
0.000326282
0.00570097
0.00034853
0.00571884
0.00036928
0.0057379
0.000388317
0.00575807
0.000405452
0.0057793
0.000420525
0.00580148
0.000433418
0.00582454
0.000444052
0.00584835
0.000452391
0.00587281
0.000458442
0.0058978
0.000462246
0.0059232
0.000463879
0.00594888
0.00046344
0.00597472
0.000461034
0.0060006
0.000456747
0.00602639
0.000450599
0.00605194
0.000442458
0.00607708
0.000431874
0.000417815
0.00571878
1.8621e-05
0.00572132
5.24039e-05
0.00572537
8.29713e-05
0.00573082
0.000111473
0.00573764
0.00013865
0.00574579
0.000164989
0.00575528
0.00019073
0.0057661
0.000215963
0.00577827
0.000240657
0.00579178
0.0002647
0.00580662
0.000287922
0.00582278
0.00031012
0.00584023
0.000331078
0.00585893
0.00035058
0.00587883
0.000368424
0.00589985
0.000384435
0.0059219
0.000398466
0.00594491
0.000410411
0.00596876
0.000420201
0.00599334
0.000427809
0.00601854
0.000433247
0.00604422
0.000436562
0.00607027
0.000437831
0.00609656
0.000437152
0.00612296
0.00043463
0.00614936
0.000430352
0.00617562
0.000424341
0.0062016
0.000416479
0.00622712
0.000406351
0.000393002
0.00585478
1.76565e-05
0.00585748
4.97016e-05
0.00586177
7.86771e-05
0.00586755
0.000105691
0.00587477
0.00013143
0.00588341
0.000156357
0.00589344
0.000180697
0.00590487
0.00020453
0.0059177
0.000227827
0.00593192
0.000250478
0.00594752
0.000272321
0.00596448
0.000293165
0.00598275
0.000312806
0.00600229
0.000331041
0.00602303
0.000347682
0.0060449
0.000362568
0.0060678
0.000375565
0.00609163
0.000386578
0.00611629
0.000395547
0.00614164
0.000402454
0.00616757
0.000407314
0.00619396
0.000410179
0.00622066
0.000411126
0.00624756
0.000410252
0.00627453
0.00040766
0.00630145
0.000403436
0.00632818
0.000397607
0.0063546
0.000390066
0.00638052
0.000380433
0.000367827
0.00599401
1.66356e-05
0.00599687
4.68396e-05
0.00600141
7.41316e-05
0.00600753
9.95727e-05
0.00601516
0.000123797
0.00602428
0.000147241
0.00603487
0.00017011
0.00604692
0.000192482
0.00606042
0.000214325
0.00607536
0.000235533
0.00609173
0.000255955
0.00610949
0.000275409
0.00612859
0.000293706
0.00614897
0.000310656
0.00617057
0.000326086
0.00619329
0.000339846
0.00621704
0.000351817
0.0062417
0.000361913
0.00626716
0.000370086
0.0062933
0.00037632
0.00631997
0.000380638
0.00634706
0.000383092
0.00637443
0.000383758
0.00640195
0.000382733
0.00642949
0.000380116
0.00645693
0.000375991
0.00648415
0.000370387
0.00651101
0.000363209
0.00653733
0.00035411
0.00034228
0.00613654
1.55573e-05
0.00613957
4.38157e-05
0.00614437
6.93316e-05
0.00615083
9.31149e-05
0.00615888
0.000115746
0.00616849
0.000137632
0.00617963
0.000158964
0.0061923
0.000179812
0.00620648
0.000200143
0.00622216
0.000219859
0.0062393
0.000238816
0.00625786
0.000256846
0.00627779
0.000273772
0.00629903
0.000289419
0.00632149
0.000303628
0.00634507
0.000316263
0.00636967
0.000327217
0.00639517
0.000336414
0.00642145
0.000343812
0.00644836
0.000349404
0.00647579
0.000353214
0.00650358
0.000355295
0.00653162
0.000355722
0.00655976
0.000354589
0.00658789
0.000351991
0.00661587
0.000348008
0.00664359
0.000342672
0.0066709
0.000335898
0.00669764
0.00032737
0.00031635
0.00628247
1.44213e-05
0.00628566
4.06284e-05
0.00629072
6.42746e-05
0.00629752
8.63141e-05
0.00630599
0.000107272
0.00631609
0.000127527
0.0063278
0.000147254
0.0063411
0.000166514
0.00635597
0.000185277
0.00637238
0.00020345
0.00639029
0.0002209
0.00640967
0.000237471
0.00643044
0.000253
0.00645253
0.000267326
0.00647585
0.000280306
0.0065003
0.000291816
0.00652576
0.000301761
0.0065521
0.000310074
0.00657919
0.000316721
0.00660689
0.000321699
0.00663507
0.000325035
0.00666359
0.000326781
0.0066923
0.00032701
0.00672108
0.000325811
0.00674979
0.000323274
0.00677833
0.000319476
0.00680655
0.000314449
0.00683433
0.000308119
0.0068615
0.000300199
0.000290022
0.00643187
1.32273e-05
0.00643522
3.72767e-05
0.00644053
5.89593e-05
0.00644768
7.91685e-05
0.00645658
9.8374e-05
0.00646718
0.000116925
0.00647946
0.000134977
0.00649338
0.000152587
0.00650894
0.000169725
0.00652608
0.000186305
0.00654478
0.000202205
0.00656497
0.000217282
0.00658658
0.000231387
0.00660953
0.000244376
0.00663372
0.000256117
0.00665903
0.000266502
0.00668535
0.000275445
0.00671253
0.00028289
0.00674044
0.000288808
0.00676894
0.0002932
0.00679788
0.000296095
0.00682712
0.000297542
0.00685652
0.000297612
0.00688594
0.000296388
0.00691526
0.000293954
0.00694435
0.000290383
0.0069731
0.000285706
0.00700136
0.000279857
0.00702898
0.000272582
0.00026328
0.00658481
1.19751e-05
0.00658833
3.37604e-05
0.0065939
5.33855e-05
0.00660139
7.16781e-05
0.00661071
8.90518e-05
0.00662182
0.000105824
0.00663466
0.000122134
0.00664922
0.00013803
0.00666545
0.000153486
0.00668334
0.000168423
0.00670281
0.00018273
0.00672381
0.000196278
0.00674627
0.000208934
0.00677008
0.000220566
0.00679513
0.000231061
0.00682132
0.00024032
0.00684849
0.000248269
0.00687652
0.000254859
0.00690526
0.00026007
0.00693456
0.000263903
0.00696427
0.000266387
0.00699424
0.000267571
0.00702433
0.000267519
0.00705441
0.000266308
0.00708435
0.000264018
0.00711402
0.000260713
0.0071433
0.000256425
0.00717206
0.000251096
0.00720014
0.0002445
0.000236104
0.00674139
1.06652e-05
0.00674507
3.00801e-05
0.0067509
4.75544e-05
0.00675874
6.38442e-05
0.00676848
7.93072e-05
0.00678008
9.42266e-05
0.00679349
0.000108726
0.00680867
0.000122847
0.00682559
0.000136564
0.00684421
0.000149808
0.00686446
0.00016248
0.00688627
0.000174464
0.00690956
0.000185642
0.00693423
0.000195901
0.00696015
0.000205138
0.0069872
0.000213269
0.00701524
0.000220229
0.00704412
0.000225979
0.00707369
0.000230501
0.00710379
0.0002338
0.00713428
0.000235904
0.00716499
0.000236857
0.00719579
0.000236719
0.00722654
0.000235559
0.00725711
0.00023345
0.00728737
0.00023045
0.00731721
0.000226588
0.00734649
0.000221815
0.00737506
0.000215933
0.000208475
0.00690169
9.29809e-06
0.00690554
2.62375e-05
0.00691162
4.14686e-05
0.00691979
5.56706e-05
0.00692996
6.91444e-05
0.00694205
8.21386e-05
0.00695601
9.47592e-05
0.00697182
0.000107042
0.00698942
0.000118965
0.00700876
0.000130466
0.00702978
0.000141459
0.0070524
0.000151843
0.00707652
0.000161517
0.00710204
0.000170383
0.00712883
0.000178351
0.00715675
0.000185351
0.00718565
0.000191327
0.00721538
0.000196248
0.00724578
0.000200099
0.0072767
0.000202887
0.00730796
0.000204637
0.00733943
0.000205389
0.00737095
0.000205198
0.00740239
0.000204125
0.0074336
0.000202233
0.00746448
0.000199574
0.00749489
0.000196174
0.00752472
0.000191992
0.00755379
0.000186858
0.000180368
0.0070658
7.87496e-06
0.0070698
2.22353e-05
0.00707614
3.51326e-05
0.00708465
4.71628e-05
0.00709522
5.85703e-05
0.00710779
6.95674e-05
0.00712231
8.02427e-05
0.00713873
9.06262e-05
0.00715699
0.000100698
0.00717705
0.000110406
0.00719883
0.000119677
0.00722225
0.000128427
0.0072472
0.000136568
0.00727356
0.000144019
0.00730121
0.000150706
0.00732999
0.000156569
0.00735975
0.000161564
0.00739034
0.000165664
0.00742158
0.000168858
0.00745331
0.000171155
0.00748537
0.000172576
0.0075176
0.000173156
0.00754986
0.000172943
0.00758199
0.000171989
0.00761388
0.000170347
0.00764539
0.000168063
0.00767641
0.000165159
0.0077068
0.000161601
0.00773641
0.000157247
0.000151757
0.00723381
6.39725e-06
0.00723797
1.80772e-05
0.00724455
2.85525e-05
0.00725338
3.83291e-05
0.00726436
4.75949e-05
0.0072774
5.65244e-05
0.00729245
6.51888e-05
0.00730947
7.36119e-05
0.00732839
8.17776e-05
0.00734915
8.9643e-05
0.00737168
9.71485e-05
0.00739588
0.000104226
0.00742164
0.000110805
0.00744884
0.00011682
0.00747734
0.000122211
0.00750698
0.00012693
0.0075376
0.000130942
0.00756904
0.000134227
0.00760112
0.000136777
0.00763367
0.000138599
0.00766654
0.000139712
0.00769955
0.000140145
0.00773256
0.000139936
0.00776542
0.00013913
0.00779799
0.000137769
0.00783016
0.000135892
0.00786181
0.000133516
0.00789279
0.000130614
0.00792297
0.000127071
0.000122611
0.00740581
4.86701e-06
0.00741012
1.37684e-05
0.00741693
2.17368e-05
0.00742608
2.91804e-05
0.00743745
3.62313e-05
0.00745095
4.30246e-05
0.00746652
4.96138e-05
0.00748412
5.6017e-05
0.00750367
6.22214e-05
0.00752512
6.81945e-05
0.00754838
7.38908e-05
0.00757335
7.92586e-05
0.00759991
8.42446e-05
0.00762793
8.87985e-05
0.00765726
9.28759e-05
0.00768775
9.64408e-05
0.00771923
9.9467e-05
0.00775152
0.000101939
0.00778444
0.000103852
0.00781783
0.000105212
0.00785151
0.000106033
0.00788531
0.00010634
0.00791909
0.00010616
0.00795269
0.000105527
0.00798598
0.000104475
0.00801884
0.000103034
0.00805114
0.000101215
0.00808276
9.89989e-05
0.00811353
9.62972e-05
9.28991e-05
0.00758189
3.28682e-06
0.00758635
9.31558e-06
0.00759339
1.46961e-05
0.00760284
1.97305e-05
0.00761457
2.44963e-05
0.00762851
2.90872e-05
0.00764459
3.3539e-05
0.00766274
3.78638e-05
0.00768291
4.20529e-05
0.00770502
4.60841e-05
0.00772898
4.99268e-05
0.00775469
5.35461e-05
0.00778203
5.69059e-05
0.00781086
5.99726e-05
0.00784102
6.27162e-05
0.00787235
6.51127e-05
0.00790467
6.71446e-05
0.00793781
6.88018e-05
0.00797158
7.00814e-05
0.0080058
7.09873e-05
0.0080403
7.153e-05
0.00807492
7.17252e-05
0.00810949
7.1593e-05
0.00814386
7.1156e-05
0.0081779
7.04371e-05
0.00821147
6.94559e-05
0.00824447
6.82213e-05
0.00827675
6.67192e-05
0.00830815
6.48891e-05
6.25851e-05
0.00776216
1.65975e-06
0.00776675
4.72713e-06
0.007774
7.44349e-06
0.00778374
9.99697e-06
0.00779582
1.24106e-05
0.00781017
1.4736e-05
0.00782672
1.69905e-05
0.0078454
1.91802e-05
0.00786616
2.13007e-05
0.0078889
2.33408e-05
0.00791354
2.5285e-05
0.00793997
2.71155e-05
0.00796806
2.88142e-05
0.00799767
3.03641e-05
0.00802864
3.17499e-05
0.00806079
3.29598e-05
0.00809395
3.39848e-05
0.00812793
3.48199e-05
0.00816255
3.54638e-05
0.00819762
3.59185e-05
0.00823296
3.61895e-05
0.0082684
3.62847e-05
0.00830378
3.62144e-05
0.00833895
3.59901e-05
0.00837376
3.56234e-05
0.00840809
3.51242e-05
0.00844182
3.44971e-05
0.0084748
3.37348e-05
0.00850688
3.28055e-05
3.16319e-05
0.0079467
0.00795143
0.00795887
0.00796887
0.00798128
0.00799601
0.008013
0.00803218
0.00805348
0.00807683
0.00810211
0.00812923
0.00815804
0.0081884
0.00822015
0.00825311
0.0082871
0.00832192
0.00835738
0.0083933
0.00842949
0.00846577
0.00850199
0.00853798
0.0085736
0.00860873
0.00864322
0.00867696
0.00870976
)
;

boundaryField
{
    inlet
    {
        type            calculated;
        value           nonuniform List<scalar> 
44
(
-0.00289272
-0.00296149
-0.0030319
-0.00310399
-0.00317778
-0.00325333
-0.00333068
-0.00340987
-0.00349094
-0.00357393
-0.0036589
-0.00374589
-0.00383495
-0.00392612
-0.00401946
-0.00411503
-0.00421286
-0.00431302
-0.00441556
-0.00452054
-0.00462801
-0.00473804
-0.00485069
-0.00496601
-0.00508408
-0.00520495
-0.0053287
-0.00545539
-0.00558509
-0.00571787
-0.00585381
-0.00599298
-0.00613547
-0.00628133
-0.00643067
-0.00658356
-0.00674008
-0.00690033
-0.00706438
-0.00723233
-0.00740428
-0.00758031
-0.00776053
-0.00794504
)
;
    }
    outlet
    {
        type            calculated;
        value           nonuniform 0();
    }
    cylinder
    {
        type            calculated;
        value           nonuniform 0();
    }
    top
    {
        type            symmetryPlane;
        value           uniform 0;
    }
    bottom
    {
        type            symmetryPlane;
        value           nonuniform 0();
    }
    defaultFaces
    {
        type            empty;
        value           nonuniform 0();
    }
    procBoundary12to8
    {
        type            processor;
        value           nonuniform List<scalar> 
69
(
0.000778457
0.000850882
0.000922567
-0.0115051
0.00110859
0.00118277
0.0012561
0.00132855
-0.00187691
0.00139456
-0.00192813
0.00145843
-0.00198163
0.00152009
-0.00203757
-0.00208772
0.00157108
-0.00214805
0.00162713
-0.00221122
0.00168067
-0.00227736
0.00173162
-0.0023466
0.00177992
0.00188317
-0.00241906
0.00182549
-0.00250973
0.00192436
-0.00259014
0.00196272
-0.00267407
0.0019983
-0.00276164
0.0020308
-0.00285294
0.0020602
-0.000385235
-0.000430056
-0.000475505
-0.000521387
-0.000567443
-0.000613358
-0.000658783
-0.000703336
-0.000746621
-0.000788231
-0.000827762
-0.000864814
-0.000899012
-0.000929986
-0.000957418
-0.000980942
-0.0010003
-0.00101489
-0.0010244
-0.00102699
-0.00102196
-0.00100258
-2.8317e-05
-7.93523e-05
-0.000126164
-0.000170172
-0.000213048
-0.000255548
-0.00029831
-0.00282258
-0.00034162
)
;
    }
    procBoundary12to9
    {
        type            processor;
        value           nonuniform List<scalar> 
13
(
0.011924
0.000725599
0.00070532
0.00184879
0.00189237
0.001937
0.00198271
0.00202953
0.0020775
0.00212664
0.00217699
0.00222858
0.00228145
)
;
    }
    procBoundary12to13
    {
        type            processor;
        value           nonuniform List<scalar> 
52
(
0.00233562
0.00239113
0.00244802
0.00250631
0.00256604
0.00262725
0.00268997
0.00275423
0.00282007
0.00288753
0.00295663
0.00302741
0.00309991
0.00317417
0.00325023
0.00332811
-0.000618144
0.00341674
0.00349886
0.00358294
0.00366903
0.00375717
0.0038474
0.00393977
0.00403433
0.00413113
0.00423022
0.00433165
0.00443547
0.00454175
0.00465053
0.00476188
0.00487587
0.00499254
0.00511198
0.00523424
0.0053594
0.00548752
0.00561869
0.00575297
0.00589045
0.0060312
0.00617531
0.00632285
0.00647392
0.00662859
0.00678696
0.00694909
0.00711509
0.00728502
-3.17093e-05
0.00749068
)
;
    }
}


// ************************************************************************* //
