/*--------------------------------*- C++ -*----------------------------------*\
  =========                 |
  \\      /  F ield         | OpenFOAM: The Open Source CFD Toolbox
   \\    /   O peration     | Website:  https://openfoam.org
    \\  /    A nd           | Version:  7
     \\/     M anipulation  |
\*---------------------------------------------------------------------------*/
FoamFile
{
    version     2.0;
    format      ascii;
    class       volVectorField;
    location    "10";
    object      U;
}
// * * * * * * * * * * * * * * * * * * * * * * * * * * * * * * * * * * * * * //

dimensions      [0 1 -1 0 0 0 0];

internalField   nonuniform List<vector> 
2625
(
(0.989447 0.0661823 0)
(0.989399 0.0650804 0)
(0.98942 0.0637809 0)
(0.989511 0.0622757 0)
(0.989668 0.0605597 0)
(0.989888 0.0586313 0)
(0.990167 0.0564937 0)
(0.9905 0.0541545 0)
(0.99088 0.051627 0)
(0.991301 0.0489295 0)
(0.991757 0.0460859 0)
(0.992238 0.0431252 0)
(0.992738 0.0400797 0)
(0.993249 0.0369864 0)
(0.993765 0.0338821 0)
(0.994274 0.0308075 0)
(0.99478 0.027796 0)
(0.995262 0.0248897 0)
(0.995738 0.0221074 0)
(0.996172 0.0194961 0)
(0.996609 0.0170407 0)
(0.996973 0.0148156 0)
(0.997374 0.0127272 0)
(0.997649 0.0109492 0)
(0.998034 0.00918965 0)
(0.998187 0.00792722 0)
(0.998607 0.00630515 0)
(1.00533 0.0659965 0)
(1.0038 0.0661116 0)
(1.00234 0.0662519 0)
(1.00094 0.0664174 0)
(0.999616 0.0666074 0)
(0.998353 0.0668204 0)
(0.997153 0.0670543 0)
(0.996017 0.067306 0)
(0.994944 0.0675716 0)
(0.993933 0.0678465 0)
(0.992984 0.0681249 0)
(0.992097 0.0684005 0)
(0.991273 0.0686655 0)
(0.990512 0.0689118 0)
(0.989813 0.0691297 0)
(0.989179 0.0693092 0)
(0.988609 0.069439 0)
(0.988105 0.069507 0)
(0.987668 0.0695006 0)
(0.987298 0.069406 0)
(0.986998 0.0692092 0)
(0.986767 0.0688957 0)
(0.986607 0.0684508 0)
(0.986518 0.0678596 0)
(0.986501 0.0671078 0)
(0.986555 0.0661819 0)
(0.98668 0.0650695 0)
(0.986874 0.0637601 0)
(0.987135 0.0622457 0)
(0.987459 0.060521 0)
(0.987843 0.058585 0)
(0.988282 0.0564405 0)
(0.98877 0.0540955 0)
(0.9893 0.0515632 0)
(0.989865 0.0488621 0)
(0.990458 0.046016 0)
(0.991069 0.0430537 0)
(0.991692 0.0400079 0)
(0.992317 0.0369152 0)
(0.99294 0.0338123 0)
(0.993548 0.0307399 0)
(0.994143 0.0277314 0)
(0.994708 0.0248283 0)
(0.995258 0.02205 0)
(0.995757 0.0194425 0)
(0.996254 0.0169917 0)
(0.996669 0.0147704 0)
(0.997118 0.0126868 0)
(0.997428 0.0109121 0)
(0.997854 0.00915769 0)
(0.998027 0.00789727 0)
(0.998487 0.0062806 0)
(0.99865 0.0663091 0)
(0.997248 0.0664056 0)
(0.995917 0.066528 0)
(0.994654 0.0666762 0)
(0.993459 0.0668495 0)
(0.992331 0.0670464 0)
(0.991269 0.0672647 0)
(0.990273 0.0675013 0)
(0.989342 0.0677524 0)
(0.988476 0.068013 0)
(0.987674 0.0682777 0)
(0.986938 0.0685398 0)
(0.986266 0.0687917 0)
(0.985659 0.069025 0)
(0.985118 0.0692303 0)
(0.984643 0.0693973 0)
(0.984236 0.0695148 0)
(0.983896 0.0695708 0)
(0.983625 0.0695523 0)
(0.983423 0.069446 0)
(0.983292 0.0692376 0)
(0.983232 0.0689128 0)
(0.983244 0.0684566 0)
(0.983328 0.0678545 0)
(0.983483 0.0670922 0)
(0.98371 0.0661561 0)
(0.984006 0.0650341 0)
(0.98437 0.0637156 0)
(0.984798 0.0621927 0)
(0.985288 0.0604605 0)
(0.985834 0.0585176 0)
(0.986431 0.0563674 0)
(0.987071 0.0540177 0)
(0.987749 0.0514818 0)
(0.988456 0.0487782 0)
(0.989184 0.0459307 0)
(0.989923 0.0429682 0)
(0.990666 0.0399231 0)
(0.991404 0.0368322 0)
(0.992131 0.0337319 0)
(0.992836 0.0306628 0)
(0.99352 0.0276582 0)
(0.994164 0.0247595 0)
(0.994787 0.021986 0)
(0.995351 0.0193832 0)
(0.995906 0.0169377 0)
(0.996371 0.014721 0)
(0.996867 0.012643 0)
(0.997212 0.0108719 0)
(0.997678 0.00912333 0)
(0.99787 0.00786497 0)
(0.99837 0.00625453 0)
(0.992039 0.0665888 0)
(0.990765 0.066667 0)
(0.989563 0.0667718 0)
(0.988431 0.0669031 0)
(0.98737 0.0670601 0)
(0.986377 0.0672413 0)
(0.985453 0.0674443 0)
(0.984597 0.0676661 0)
(0.983808 0.0679028 0)
(0.983086 0.0681496 0)
(0.982431 0.0684007 0)
(0.981844 0.0686495 0)
(0.981324 0.0688885 0)
(0.980871 0.0691091 0)
(0.980486 0.0693021 0)
(0.98017 0.0694569 0)
(0.979924 0.0695624 0)
(0.979747 0.0696066 0)
(0.979641 0.0695766 0)
(0.979606 0.0694589 0)
(0.979643 0.0692393 0)
(0.979752 0.0689035 0)
(0.979934 0.0684367 0)
(0.980189 0.0678243 0)
(0.980515 0.067052 0)
(0.980911 0.0661064 0)
(0.981377 0.0649754 0)
(0.981909 0.0636487 0)
(0.982503 0.0621182 0)
(0.983155 0.0603793 0)
(0.983861 0.0584307 0)
(0.984613 0.0562757 0)
(0.985404 0.0539223 0)
(0.986227 0.0513839 0)
(0.987073 0.0486789 0)
(0.987934 0.0458311 0)
(0.988799 0.0428695 0)
(0.989661 0.0398264 0)
(0.990509 0.0367382 0)
(0.991339 0.0336416 0)
(0.992138 0.0305768 0)
(0.992909 0.0275772 0)
(0.993632 0.0246837 0)
(0.994327 0.0219159 0)
(0.994954 0.0193186 0)
(0.995566 0.0168792 0)
(0.99608 0.0146675 0)
(0.996621 0.0125958 0)
(0.997002 0.0108288 0)
(0.997505 0.00908678 0)
(0.997717 0.00783048 0)
(0.998255 0.00622707 0)
(0.9855 0.0668367 0)
(0.984354 0.0668971 0)
(0.983281 0.0669848 0)
(0.982281 0.0670996 0)
(0.981352 0.0672406 0)
(0.980495 0.0674063 0)
(0.979708 0.0675944 0)
(0.978991 0.0678017 0)
(0.978344 0.0680244 0)
(0.977767 0.0682575 0)
(0.977258 0.0684953 0)
(0.976819 0.0687311 0)
(0.97645 0.0689574 0)
(0.97615 0.0691657 0)
(0.975921 0.0693465 0)
(0.975763 0.0694894 0)
(0.975676 0.0695833 0)
(0.97566 0.069616 0)
(0.975718 0.0695748 0)
(0.975848 0.069446 0)
(0.976051 0.0692158 0)
(0.976328 0.0688695 0)
(0.976679 0.0683925 0)
(0.977102 0.0677703 0)
(0.977597 0.0669887 0)
(0.978161 0.0660343 0)
(0.978794 0.0648951 0)
(0.979491 0.0635608 0)
(0.980249 0.0620236 0)
(0.981062 0.0602788 0)
(0.981924 0.0583254 0)
(0.982829 0.0561666 0)
(0.983769 0.0538105 0)
(0.984735 0.0512705 0)
(0.985718 0.0485652 0)
(0.986708 0.0457183 0)
(0.987697 0.0427586 0)
(0.988675 0.0397184 0)
(0.989632 0.0366341 0)
(0.990563 0.0335422 0)
(0.991455 0.0304826 0)
(0.992311 0.0274889 0)
(0.993112 0.0246014 0)
(0.993876 0.0218402 0)
(0.994565 0.019249 0)
(0.995234 0.0168165 0)
(0.995795 0.0146105 0)
(0.996381 0.0125457 0)
(0.996796 0.010783 0)
(0.997337 0.00904822 0)
(0.997567 0.00779399 0)
(0.998143 0.00619835 0)
(0.979037 0.0670543 0)
(0.978019 0.0670974 0)
(0.977075 0.0671683 0)
(0.976206 0.0672669 0)
(0.975411 0.0673923 0)
(0.974689 0.0675429 0)
(0.974039 0.0677164 0)
(0.973461 0.0679096 0)
(0.972955 0.0681185 0)
(0.972521 0.0683382 0)
(0.972158 0.068563 0)
(0.971866 0.0687861 0)
(0.971647 0.069 0)
(0.971499 0.0691962 0)
(0.971424 0.0693651 0)
(0.971422 0.0694965 0)
(0.971494 0.0695789 0)
(0.971638 0.0696005 0)
(0.971858 0.0695484 0)
(0.972151 0.069409 0)
(0.972519 0.0691684 0)
(0.972962 0.0688121 0)
(0.973479 0.0683254 0)
(0.974068 0.0676939 0)
(0.97473 0.0669036 0)
(0.97546 0.065941 0)
(0.976258 0.0647942 0)
(0.977118 0.0634531 0)
(0.978037 0.06191 0)
(0.979008 0.0601602 0)
(0.980025 0.0582027 0)
(0.98108 0.0560411 0)
(0.982165 0.0536833 0)
(0.983272 0.0511428 0)
(0.984389 0.0484381 0)
(0.985508 0.045593 0)
(0.986618 0.0426362 0)
(0.98771 0.0395999 0)
(0.988773 0.0365204 0)
(0.989803 0.0334342 0)
(0.990786 0.0303807 0)
(0.991726 0.0273938 0)
(0.992602 0.0245131 0)
(0.993435 0.0217593 0)
(0.994185 0.0191749 0)
(0.994908 0.0167499 0)
(0.995517 0.01455 0)
(0.996147 0.0124928 0)
(0.996594 0.0107347 0)
(0.997173 0.00900782 0)
(0.997421 0.00775564 0)
(0.998034 0.00616849 0)
(0.972655 0.0672427 0)
(0.971764 0.0672689 0)
(0.97095 0.0673235 0)
(0.970212 0.0674063 0)
(0.969549 0.0675165 0)
(0.968962 0.0676524 0)
(0.968448 0.0678115 0)
(0.968009 0.0679909 0)
(0.967643 0.0681863 0)
(0.967351 0.0683929 0)
(0.967132 0.068605 0)
(0.966988 0.0688157 0)
(0.966917 0.0690175 0)
(0.96692 0.0692018 0)
(0.966998 0.0693592 0)
(0.967151 0.0694792 0)
(0.967379 0.0695506 0)
(0.967682 0.0695614 0)
(0.968062 0.0694987 0)
(0.968517 0.0693491 0)
(0.969048 0.0690985 0)
(0.969654 0.0687326 0)
(0.970335 0.0682367 0)
(0.971089 0.0675965 0)
(0.971915 0.066798 0)
(0.972809 0.0658278 0)
(0.973769 0.0646741 0)
(0.97479 0.063327 0)
(0.975866 0.0617786 0)
(0.976993 0.0600246 0)
(0.978162 0.058064 0)
(0.979365 0.0559003 0)
(0.980594 0.0535418 0)
(0.981838 0.0510016 0)
(0.983087 0.0482985 0)
(0.984332 0.0454562 0)
(0.985561 0.0425032 0)
(0.986765 0.0394718 0)
(0.987933 0.036398 0)
(0.98906 0.0333182 0)
(0.990132 0.0302718 0)
(0.991154 0.0272924 0)
(0.992104 0.0244193 0)
(0.993004 0.0216736 0)
(0.993813 0.0190967 0)
(0.994591 0.0166798 0)
(0.995245 0.0144865 0)
(0.995917 0.0124373 0)
(0.996398 0.0106842 0)
(0.997012 0.00896575 0)
(0.997278 0.00771561 0)
(0.997928 0.0061376 0)
(0.966358 0.0674026 0)
(0.965594 0.0674122 0)
(0.964909 0.0674509 0)
(0.964301 0.0675183 0)
(0.963771 0.0676136 0)
(0.963317 0.067735 0)
(0.962939 0.0678802 0)
(0.962637 0.068046 0)
(0.96241 0.0682283 0)
(0.96226 0.0684221 0)
(0.962184 0.0686217 0)
(0.962185 0.0688203 0)
(0.962262 0.0690103 0)
(0.962415 0.0691832 0)
(0.962644 0.0693293 0)
(0.96295 0.0694383 0)
(0.963333 0.0694991 0)
(0.963793 0.0694995 0)
(0.964331 0.0694267 0)
(0.964945 0.0692673 0)
(0.965637 0.0690073 0)
(0.966405 0.0686323 0)
(0.967248 0.0681278 0)
(0.968164 0.0674795 0)
(0.969152 0.0666734 0)
(0.970207 0.0656964 0)
(0.971327 0.0645366 0)
(0.972506 0.0631841 0)
(0.973739 0.0616314 0)
(0.975018 0.059874 0)
(0.976336 0.0579112 0)
(0.977685 0.0557464 0)
(0.979054 0.0533879 0)
(0.980434 0.050849 0)
(0.981812 0.0481484 0)
(0.98318 0.0453096 0)
(0.984526 0.0423613 0)
(0.98584 0.0393356 0)
(0.98711 0.0362683 0)
(0.988332 0.0331959 0)
(0.989492 0.0301571 0)
(0.990594 0.027186 0)
(0.991616 0.024321 0)
(0.992582 0.0215839 0)
(0.99345 0.0190149 0)
(0.99428 0.0166067 0)
(0.994979 0.0144203 0)
(0.995693 0.0123798 0)
(0.996206 0.0106318 0)
(0.996855 0.00892228 0)
(0.997139 0.00767403 0)
(0.997824 0.00610583 0)
(0.960149 0.0675349 0)
(0.959512 0.0675284 0)
(0.958955 0.0675514 0)
(0.958477 0.0676037 0)
(0.958077 0.0676844 0)
(0.957756 0.0677917 0)
(0.957513 0.0679233 0)
(0.957347 0.0680758 0)
(0.957259 0.0682452 0)
(0.957249 0.0684266 0)
(0.957316 0.0686141 0)
(0.957461 0.0688009 0)
(0.957683 0.0689795 0)
(0.957984 0.0691412 0)
(0.958363 0.0692765 0)
(0.95882 0.069375 0)
(0.959357 0.0694256 0)
(0.959972 0.0694161 0)
(0.960666 0.0693337 0)
(0.961438 0.0691651 0)
(0.962289 0.0688963 0)
(0.963216 0.0685129 0)
(0.964219 0.0680006 0)
(0.965295 0.0673449 0)
(0.966442 0.0665321 0)
(0.967656 0.065549 0)
(0.968933 0.0643839 0)
(0.970267 0.063027 0)
(0.971653 0.0614708 0)
(0.973083 0.059711 0)
(0.974548 0.0577468 0)
(0.976039 0.0555817 0)
(0.977546 0.0532241 0)
(0.979059 0.0506874 0)
(0.980564 0.04799 0)
(0.982053 0.0451557 0)
(0.983513 0.0422128 0)
(0.984934 0.0391935 0)
(0.986305 0.0361333 0)
(0.98762 0.0330687 0)
(0.988866 0.0300381 0)
(0.990046 0.0270757 0)
(0.99114 0.0242194 0)
(0.99217 0.0214913 0)
(0.993094 0.0189306 0)
(0.993976 0.0165313 0)
(0.994719 0.0143522 0)
(0.995475 0.0123205 0)
(0.996018 0.0105777 0)
(0.996702 0.00887768 0)
(0.997003 0.00763106 0)
(0.997722 0.00607332 0)
(0.954031 0.067647 0)
(0.95352 0.067625 0)
(0.95309 0.067633 0)
(0.952741 0.0676709 0)
(0.952472 0.0677375 0)
(0.952283 0.0678312 0)
(0.952173 0.0679495 0)
(0.952143 0.0680892 0)
(0.952192 0.0682461 0)
(0.95232 0.0684153 0)
(0.952528 0.0685909 0)
(0.952815 0.0687662 0)
(0.953182 0.0689334 0)
(0.953629 0.0690841 0)
(0.954156 0.0692086 0)
(0.954764 0.0692966 0)
(0.955452 0.0693369 0)
(0.95622 0.0693175 0)
(0.957068 0.0692255 0)
(0.957996 0.0690476 0)
(0.959003 0.0687698 0)
(0.960087 0.0683779 0)
(0.961247 0.0678575 0)
(0.962481 0.0671944 0)
(0.963784 0.0663747 0)
(0.965155 0.0653855 0)
(0.966586 0.0642151 0)
(0.968074 0.0628538 0)
(0.96961 0.0612942 0)
(0.971187 0.059532 0)
(0.972797 0.0575666 0)
(0.974428 0.0554017 0)
(0.97607 0.0530455 0)
(0.977713 0.0505114 0)
(0.979343 0.0478179 0)
(0.980951 0.0449887 0)
(0.982522 0.042052 0)
(0.984049 0.0390399 0)
(0.985518 0.0359877 0)
(0.986924 0.0329319 0)
(0.988253 0.0299105 0)
(0.98951 0.0269578 0)
(0.990674 0.024111 0)
(0.991767 0.0213928 0)
(0.992747 0.0188413 0)
(0.993679 0.0164518 0)
(0.994465 0.0142806 0)
(0.995261 0.0122585 0)
(0.995836 0.0105215 0)
(0.996552 0.00883132 0)
(0.99687 0.00758691 0)
(0.997623 0.00603984 0)
(0.945802 0.0677903 5.24769e-21)
(0.945466 0.0677495 1.3707e-22)
(0.945213 0.0677393 -2.71044e-21)
(0.945041 0.0677593 3.13967e-21)
(0.944952 0.0678085 -2.22961e-21)
(0.944944 0.0678851 1.97231e-21)
(0.945017 0.0679866 -3.74653e-21)
(0.945172 0.0681097 1.09937e-21)
(0.945408 0.0682501 1.54449e-21)
(0.945725 0.068403 -3.38916e-21)
(0.946124 0.0685623 3.33137e-21)
(0.946605 0.0687214 -8.29574e-22)
(0.947168 0.0688724 -1.24498e-21)
(0.947812 0.0690068 1.38598e-21)
(0.948539 0.0691151 -9.34167e-23)
(0.949348 0.0691869 -1.58766e-22)
(0.95024 0.069211 1.95913e-23)
(0.951214 0.0691754 -4.51231e-22)
(0.952269 0.0690674 6.42338e-23)
(0.953405 0.0688737 3.68335e-22)
(0.954621 0.0685804 -2.17427e-23)
(0.955915 0.0681735 -5.5896e-22)
(0.957285 0.0676385 3.28486e-22)
(0.958729 0.0669615 -7.289e-23)
(0.960241 0.0661288 2.69726e-22)
(0.96182 0.0651277 -3.26744e-22)
(0.963457 0.0639466 -4.77094e-23)
(0.965148 0.0625761 2.07525e-22)
(0.966884 0.061009 -1.31515e-22)
(0.968658 0.0592413 -7.53152e-24)
(0.970458 0.0572724 2.69563e-23)
(0.972275 0.0551061 6.32481e-23)
(0.974098 0.052751 3.75765e-24)
(0.975913 0.0502203 -6.65408e-24)
(0.977709 0.0475327 -2.4693e-24)
(0.979474 0.0447116 -2.20995e-23)
(0.981195 0.0417852 2.77395e-23)
(0.982861 0.0387853 -1.43063e-25)
(0.984461 0.035747 -1.05633e-23)
(0.985989 0.0327064 4.40473e-24)
(0.98743 0.0297013 -1.86703e-24)
(0.988789 0.0267655 -1.89006e-24)
(0.990045 0.0239357 4.29972e-25)
(0.991223 0.0212348 8.71053e-25)
(0.992278 0.0186997 -2.2229e-25)
(0.993278 0.0163266 2.33447e-26)
(0.994121 0.0141699 1.84894e-25)
(0.994971 0.0121629 1.2951e-26)
(0.995587 0.0104372 -2.51014e-25)
(0.996348 0.00876112 8.1777e-26)
(0.996689 0.0075235 -4.75262e-26)
(0.997488 0.00599048 -6.74834e-25)
(0.934656 0.0678576 5.48114e-21)
(0.934578 0.0677988 -4.8377e-21)
(0.934582 0.0677709 1.83526e-21)
(0.93467 0.0677735 3.04573e-21)
(0.934841 0.0678053 -3.71225e-22)
(0.935095 0.0678645 -3.48149e-21)
(0.935432 0.0679485 9.66956e-22)
(0.935852 0.0680537 1.612e-21)
(0.936355 0.068176 -9.93248e-22)
(0.936941 0.0683102 7.18635e-22)
(0.93761 0.0684504 -2.90164e-22)
(0.938363 0.0685898 1.83986e-22)
(0.939199 0.0687206 -7.36002e-22)
(0.94012 0.0688342 9.43759e-23)
(0.941124 0.0689211 -1.84469e-22)
(0.942213 0.068971 1.88106e-22)
(0.943384 0.0689728 -3.31486e-22)
(0.94464 0.0689145 7.56897e-22)
(0.945978 0.0687835 -4.02174e-22)
(0.947397 0.0685667 3.78095e-22)
(0.948896 0.0682504 -1.64704e-22)
(0.950473 0.0678207 -7.72427e-23)
(0.952126 0.0672636 1.47049e-22)
(0.95385 0.0665653 -3.29449e-22)
(0.955642 0.0657125 2.5369e-22)
(0.957497 0.0646927 5.93067e-24)
(0.959407 0.0634949 -8.9988e-23)
(0.961367 0.06211 -1.0232e-22)
(0.963366 0.0605312 9.76994e-23)
(0.965397 0.0587548 9.01974e-23)
(0.967448 0.0567808 -6.01043e-23)
(0.969508 0.054613 -1.8147e-23)
(0.971565 0.0522603 1.91212e-23)
(0.973605 0.0497362 -5.80939e-23)
(0.975615 0.0470592 2.58026e-23)
(0.977584 0.0442527 -3.21768e-23)
(0.979497 0.0413446 1.98428e-23)
(0.981344 0.0383665 -3.06103e-24)
(0.983112 0.0353527 -1.03646e-23)
(0.984795 0.032339 8.50959e-24)
(0.98638 0.0293624 -2.04314e-24)
(0.98787 0.0264561 1.07795e-24)
(0.989245 0.0236563 -1.51181e-24)
(0.99053 0.0209849 4.22792e-25)
(0.991681 0.0184786 9.78046e-26)
(0.992766 0.0161328 8.80588e-27)
(0.993684 0.0140018 2.72315e-26)
(0.994601 0.0120184 -5.07684e-25)
(0.99527 0.0103141 4.52563e-25)
(0.996087 0.0086571 -6.01886e-25)
(0.996458 0.00743616 -2.17775e-25)
(0.997315 0.00591932 1.52492e-24)
(0.923304 0.0678245 -5.46159e-22)
(0.92349 0.0677493 -3.69614e-21)
(0.92376 0.0677053 2.58783e-22)
(0.924114 0.0676919 -1.32709e-22)
(0.924553 0.0677077 8.9844e-22)
(0.925076 0.0677508 6.06333e-22)
(0.925683 0.0678184 -5.18253e-22)
(0.926374 0.067907 3.17101e-22)
(0.927151 0.0680123 3.95986e-23)
(0.928012 0.0681291 -2.21955e-21)
(0.928958 0.0682514 1.95881e-21)
(0.929989 0.0683723 -3.68057e-22)
(0.931106 0.0684841 1.68986e-22)
(0.932309 0.0685782 -1.87625e-22)
(0.933597 0.0686451 1.61466e-22)
(0.934971 0.0686745 -2.11792e-22)
(0.936429 0.0686553 1.73414e-22)
(0.937972 0.0685758 2.16939e-22)
(0.939598 0.0684234 -4.41704e-22)
(0.941307 0.0681852 2.40771e-22)
(0.943095 0.0678478 2.55284e-22)
(0.944961 0.0673973 -2.46923e-22)
(0.946901 0.0668201 -2.06907e-23)
(0.948912 0.0661026 2.60059e-22)
(0.950988 0.0652319 -9.9455e-23)
(0.953124 0.0641959 1.57898e-22)
(0.955312 0.0629839 -7.21013e-23)
(0.957545 0.0615872 -1.13629e-22)
(0.959812 0.0599994 -8.87995e-23)
(0.962105 0.0582171 2.94717e-23)
(0.96441 0.0562406 1.18519e-22)
(0.966717 0.0540743 -7.12904e-23)
(0.96901 0.0517269 9.20553e-23)
(0.971278 0.0492122 -2.56807e-23)
(0.973506 0.0465487 -4.16887e-23)
(0.975681 0.0437596 3.07915e-24)
(0.977789 0.0408726 1.64746e-24)
(0.979818 0.0379187 1.13628e-23)
(0.981756 0.0349321 -6.19164e-24)
(0.983597 0.0319477 3.06873e-24)
(0.985327 0.0290019 -3.14421e-24)
(0.986949 0.0261273 -2.87311e-25)
(0.988444 0.0233594 -5.36027e-25)
(0.989837 0.0207195 1.02988e-25)
(0.991083 0.0182436 -1.18315e-25)
(0.992255 0.0159268 1.3324e-25)
(0.993246 0.0138229 -9.09923e-26)
(0.994232 0.0118643 2.04753e-25)
(0.994953 0.0101829 3.72452e-25)
(0.995828 0.00854581 1.91953e-24)
(0.996227 0.00734296 -4.74259e-25)
(0.997143 0.00584284 -2.7812e-24)
(0.911761 0.0677099 -1.15378e-21)
(0.912218 0.0676183 4.79582e-21)
(0.91276 0.0675582 -5.01963e-21)
(0.913388 0.0675287 3.76716e-21)
(0.914101 0.0675285 -4.94502e-22)
(0.914899 0.0675555 -8.35429e-22)
(0.915783 0.0676069 -1.46617e-21)
(0.916752 0.067679 2.28674e-21)
(0.917808 0.0677674 -4.54066e-22)
(0.918951 0.0678671 -5.02169e-22)
(0.92018 0.0679718 -1.074e-22)
(0.921496 0.0680747 -4.99871e-22)
(0.922899 0.068168 1.74754e-22)
(0.92439 0.0682432 -1.49094e-22)
(0.925968 0.0682909 2.01466e-22)
(0.927632 0.0683007 2.03182e-22)
(0.929383 0.0682617 -8.45305e-23)
(0.931219 0.0681622 3.4654e-23)
(0.93314 0.0679899 3.63376e-22)
(0.935142 0.0677319 -6.51563e-22)
(0.937225 0.067375 5.34615e-22)
(0.939385 0.0669056 -3.34564e-22)
(0.941618 0.0663104 7.76571e-23)
(0.94392 0.065576 -2.53525e-22)
(0.946286 0.0646899 1.23223e-22)
(0.948707 0.0636402 2.35508e-22)
(0.951177 0.0624168 -7.44968e-23)
(0.953687 0.0610111 -1.41303e-22)
(0.956227 0.0594172 1.29785e-22)
(0.958784 0.057632 -6.16875e-23)
(0.961348 0.0556562 -1.00433e-22)
(0.963904 0.0534943 5.27385e-23)
(0.966438 0.0511553 -7.10297e-23)
(0.968937 0.0486529 5.55531e-23)
(0.971385 0.0460057 -5.29071e-24)
(0.973768 0.0432368 8.4726e-24)
(0.976073 0.0403734 2.05267e-24)
(0.978286 0.0374463 -6.88681e-24)
(0.980396 0.0344891 3.53555e-24)
(0.982396 0.031536 -3.84263e-24)
(0.984271 0.028623 1.86348e-24)
(0.986027 0.025782 1.18241e-24)
(0.987642 0.0230476 -5.54683e-26)
(0.989143 0.0204406 -2.81727e-25)
(0.990486 0.0179966 1.88114e-25)
(0.991745 0.01571 -6.1347e-25)
(0.99281 0.0136343 -5.41197e-26)
(0.993865 0.0117018 1.69295e-24)
(0.994638 0.0100439 -1.05419e-25)
(0.99557 0.00842804 4.79637e-26)
(0.995998 0.00724344 1.96479e-24)
(0.996971 0.00576156 2.22836e-24)
(0.900043 0.067512 1.399e-21)
(0.900779 0.0674044 7.67682e-22)
(0.9016 0.0673285 -1.43763e-21)
(0.902506 0.0672834 -3.77281e-22)
(0.9035 0.0672675 2.39139e-21)
(0.904579 0.0672787 8.6724e-22)
(0.905746 0.0673141 -3.28329e-21)
(0.906999 0.06737 8.96657e-22)
(0.908341 0.067442 4.20037e-22)
(0.90977 0.0675248 1.48206e-22)
(0.911288 0.0676122 -1.27916e-22)
(0.912895 0.0676975 -2.63626e-22)
(0.91459 0.0677729 -2.23222e-22)
(0.916374 0.0678297 2.81084e-22)
(0.918247 0.0678587 -4.44607e-22)
(0.920208 0.0678496 7.85759e-23)
(0.922256 0.0677915 1.76605e-22)
(0.924391 0.0676729 5.3429e-22)
(0.926611 0.0674816 -1.93795e-22)
(0.928913 0.0672049 -3.12932e-22)
(0.931295 0.0668298 -1.01182e-23)
(0.933754 0.066343 1.83942e-22)
(0.936284 0.0657313 4.90048e-23)
(0.938882 0.0649818 -3.78331e-22)
(0.94154 0.0640821 1.23679e-22)
(0.944252 0.0630208 1.22353e-22)
(0.947008 0.061788 -1.35584e-22)
(0.949799 0.0603757 -2.59428e-23)
(0.952614 0.0587782 6.83398e-23)
(0.95544 0.0569929 3.61308e-23)
(0.958265 0.0550204 9.07598e-24)
(0.961074 0.0528658 -3.75409e-23)
(0.963851 0.0505381 9.76289e-24)
(0.966583 0.048051 -2.33536e-23)
(0.969253 0.0454231 6.27815e-24)
(0.971847 0.0426772 5.09899e-24)
(0.97435 0.0398404 -8.58601e-25)
(0.97675 0.0369429 8.99387e-25)
(0.979032 0.0340178 -3.45976e-24)
(0.981192 0.0310988 2.2287e-24)
(0.983214 0.0282211 -1.13954e-24)
(0.985104 0.0254159 -4.74112e-25)
(0.98684 0.0227172 -7.5276e-25)
(0.988451 0.0201453 4.36385e-25)
(0.98989 0.017735 -7.38655e-25)
(0.991236 0.0154804 4.87838e-25)
(0.992375 0.0134345 -6.16731e-25)
(0.993498 0.0115296 -1.43167e-24)
(0.994325 0.00989636 -8.39147e-26)
(0.995313 0.00830322 -4.30866e-24)
(0.99577 0.00713748 -8.49969e-25)
(0.9968 0.00567537 -5.68652e-24)
(0.888171 0.0672252 -2.42501e-21)
(0.88919 0.0671025 5.99272e-22)
(0.890295 0.0670115 -1.53669e-22)
(0.891487 0.0669513 1.67075e-21)
(0.892766 0.0669204 -1.48756e-21)
(0.894133 0.0669164 -3.11056e-22)
(0.895587 0.0669364 1.23888e-21)
(0.897131 0.0669766 -1.23156e-21)
(0.898763 0.0670326 1.49e-21)
(0.900485 0.067099 -1.10768e-21)
(0.902297 0.0671698 4.21172e-22)
(0.904199 0.067238 -8.51683e-22)
(0.906191 0.0672959 6.06365e-22)
(0.908274 0.067335 -7.29995e-23)
(0.910446 0.067346 -5.32253e-22)
(0.912709 0.0673187 5.69461e-24)
(0.915059 0.0672424 2.29145e-22)
(0.917497 0.0671056 -2.71763e-22)
(0.920021 0.0668964 3.35544e-22)
(0.922627 0.0666021 2.62069e-22)
(0.925313 0.06621 -2.70805e-22)
(0.928074 0.0657071 -8.34382e-23)
(0.930907 0.0650805 -6.6582e-23)
(0.933804 0.0643175 7.56949e-23)
(0.93676 0.063406 1.85145e-22)
(0.939765 0.0623352 -1.4039e-22)
(0.942811 0.0610953 1.89864e-22)
(0.945887 0.0596787 5.45304e-23)
(0.94898 0.0580801 -1.01682e-23)
(0.952078 0.0562971 -6.9786e-23)
(0.955166 0.0543309 -3.79078e-23)
(0.95823 0.0521863 4.77839e-23)
(0.961254 0.0498728 -3.70962e-23)
(0.964221 0.0474041 4.16741e-23)
(0.967115 0.0447985 3.46028e-24)
(0.969921 0.0420788 -1.25156e-23)
(0.972624 0.0392715 -2.77799e-24)
(0.975211 0.0364066 6.39994e-25)
(0.977668 0.0335165 2.72518e-24)
(0.979988 0.0306343 1.73033e-24)
(0.982157 0.0277946 1.96354e-25)
(0.984182 0.0250278 -1.39175e-24)
(0.98604 0.0223673 -3.11224e-25)
(0.98776 0.0198326 -7.6168e-25)
(0.989296 0.0174581 2.88952e-25)
(0.990728 0.0152374 7.36991e-25)
(0.991942 0.0132231 -6.19136e-25)
(0.993134 0.0113474 9.21154e-25)
(0.994013 0.00974017 -5.17433e-25)
(0.995058 0.00817117 4.20076e-25)
(0.995543 0.00702511 -7.62095e-26)
(0.996631 0.00558419 4.156e-24)
(0.87494 0.0670154 -3.1388e-21)
(0.876163 0.0668461 9.87213e-22)
(0.877471 0.066709 7.90719e-22)
(0.878866 0.0666038 2.92564e-21)
(0.880348 0.0665293 -3.33459e-21)
(0.881918 0.066484 -1.39343e-22)
(0.883577 0.0664655 1.50273e-21)
(0.885325 0.0664707 2.27467e-22)
(0.887162 0.0664958 -3.73723e-23)
(0.88909 0.0665364 -4.09442e-22)
(0.891109 0.0665871 -4.8989e-22)
(0.89322 0.0666417 1.53799e-21)
(0.895422 0.0666935 -1.59509e-21)
(0.897716 0.0667346 1.0443e-22)
(0.900101 0.0667567 6.58931e-22)
(0.902578 0.0667504 -3.83167e-22)
(0.905146 0.0667058 3.54616e-22)
(0.907804 0.0666122 1.36023e-22)
(0.910549 0.0664582 -1.61453e-22)
(0.91338 0.0662321 5.85374e-22)
(0.916294 0.0659215 -3.02088e-22)
(0.919288 0.0655139 -8.04072e-23)
(0.922357 0.0649964 -1.2659e-22)
(0.925494 0.0643565 2.66453e-22)
(0.928695 0.0635818 -1.95837e-22)
(0.931951 0.0626607 4.26661e-24)
(0.935254 0.0615824 1.82925e-23)
(0.938592 0.0603377 -3.073e-23)
(0.941955 0.0589192 2.25555e-22)
(0.945329 0.0573221 -1.56523e-22)
(0.948702 0.0555443 1.51078e-22)
(0.952056 0.053587 -1.42487e-22)
(0.955378 0.0514556 1.23101e-22)
(0.958649 0.0491593 -7.11117e-23)
(0.961853 0.046712 4.75062e-23)
(0.964972 0.0441318 6.05347e-25)
(0.967993 0.0414413 1.29735e-25)
(0.970896 0.0386667 -2.82406e-24)
(0.973671 0.0358373 -2.87215e-24)
(0.976303 0.0329852 4.90654e-24)
(0.978785 0.0301427 -1.94341e-24)
(0.981103 0.0273436 -5.86061e-25)
(0.983262 0.0246177 -7.57147e-26)
(0.985241 0.0219978 -6.47489e-25)
(0.987071 0.0195027 1.70549e-24)
(0.988704 0.017166 2.27425e-25)
(0.990224 0.0149812 1.57894e-24)
(0.991511 0.0130001 -4.01386e-25)
(0.992771 0.0111552 7.08352e-25)
(0.993703 0.00957535 -4.24183e-25)
(0.994804 0.00803191 4.15759e-24)
(0.995319 0.00690638 -3.9348e-25)
(0.996463 0.00548804 5.62943e-24)
(0.862525 0.0665551 -1.61136e-21)
(0.864041 0.0663721 -2.34482e-22)
(0.865643 0.0662216 -1.50679e-21)
(0.867333 0.0661029 3.46983e-21)
(0.86911 0.0660149 -3.07295e-21)
(0.870976 0.065956 9.8201e-22)
(0.872931 0.0659235 1.49108e-22)
(0.874976 0.0659146 -8.64493e-22)
(0.877112 0.0659253 3.7499e-22)
(0.87934 0.0659511 -3.17844e-22)
(0.88166 0.0659867 4.67022e-22)
(0.884073 0.0660259 2.40226e-22)
(0.886579 0.0660619 3.17932e-22)
(0.889178 0.066087 -7.1612e-22)
(0.891871 0.0660928 2.33812e-22)
(0.894656 0.0660701 -3.93783e-22)
(0.897533 0.0660091 3.34667e-22)
(0.900501 0.0658991 -8.58379e-24)
(0.903558 0.0657291 -5.24669e-22)
(0.9067 0.0654873 -5.31319e-22)
(0.909926 0.0651618 1.24253e-22)
(0.913231 0.06474 6.08841e-22)
(0.916609 0.0642096 -1.64524e-22)
(0.920056 0.0635582 -3.34208e-22)
(0.923563 0.0627737 2.00074e-22)
(0.927122 0.0618449 -1.22184e-22)
(0.930724 0.0607614 4.02364e-23)
(0.934358 0.0595143 1.08581e-22)
(0.938011 0.0580966 -2.70501e-23)
(0.941669 0.0565036 1.64275e-23)
(0.945317 0.0547337 -1.30263e-22)
(0.94894 0.0527884 3.57274e-23)
(0.95252 0.0506731 7.94384e-23)
(0.95604 0.0483971 -7.25861e-23)
(0.959483 0.0459744 -8.47705e-24)
(0.962829 0.0434228 6.51887e-24)
(0.966064 0.0407646 4.52031e-24)
(0.96917 0.0380258 -6.1272e-25)
(0.972134 0.0352351 1.64876e-24)
(0.974941 0.0324239 1.57352e-24)
(0.977585 0.0296238 -6.37479e-25)
(0.980051 0.0268682 -8.19508e-25)
(0.982345 0.0241858 2.8164e-25)
(0.984446 0.0216088 5.53917e-26)
(0.986386 0.0191555 -3.17757e-25)
(0.988116 0.0168588 2.45435e-26)
(0.989722 0.0147118 -1.01495e-24)
(0.991084 0.0127656 3.86397e-25)
(0.992411 0.0109532 -9.59031e-26)
(0.993396 0.00940196 3.29786e-25)
(0.994553 0.0078855 7.65906e-25)
(0.995096 0.00678133 1.59625e-25)
(0.996296 0.00538697 2.51292e-24)
(0.850015 0.0659964 4.48585e-21)
(0.851829 0.0658009 -1.14673e-21)
(0.853729 0.0656378 -1.12291e-22)
(0.855717 0.0655066 1.07079e-21)
(0.857793 0.0654059 -2.53745e-21)
(0.859958 0.0653341 1.00336e-21)
(0.862213 0.0652885 4.8711e-22)
(0.864559 0.0652662 -8.08772e-22)
(0.866998 0.0652631 -7.92015e-22)
(0.869529 0.0652749 -1.17361e-22)
(0.872154 0.065296 4.35928e-22)
(0.874873 0.0653205 5.77852e-22)
(0.877686 0.0653414 2.95671e-22)
(0.880595 0.0653512 -3.16571e-22)
(0.883598 0.0653416 3.96027e-22)
(0.886694 0.0653034 -3.73833e-22)
(0.889884 0.0652269 -1.10568e-22)
(0.893165 0.0651016 4.12635e-22)
(0.896536 0.0649167 1.32495e-22)
(0.899993 0.0646606 -1.86138e-22)
(0.903533 0.0643214 -6.09437e-24)
(0.907151 0.0638871 2.08046e-22)
(0.910843 0.0633454 -1.11554e-22)
(0.9146 0.0626843 1.12638e-22)
(0.918416 0.0618921 -8.02001e-23)
(0.922281 0.0609577 -7.56597e-23)
(0.926185 0.0598713 1.11348e-22)
(0.930116 0.0586242 -1.43531e-23)
(0.93406 0.0572099 -9.39342e-23)
(0.938003 0.0556239 1.81263e-23)
(0.94193 0.0538648 -1.43774e-23)
(0.945822 0.0519345 5.35124e-24)
(0.949662 0.0498383 -4.05682e-23)
(0.953433 0.0475859 1.83419e-23)
(0.957114 0.0451909 -1.15028e-23)
(0.960689 0.0426711 1.01396e-23)
(0.964139 0.0400485 2.39622e-23)
(0.967447 0.0373486 -5.5285e-24)
(0.970601 0.0345996 -2.5314e-24)
(0.973583 0.0318323 1.56143e-24)
(0.976389 0.0290777 2.3682e-24)
(0.979003 0.0263681 -2.84243e-25)
(0.981433 0.0237319 4.76191e-25)
(0.983656 0.0212004 -1.40579e-24)
(0.985704 0.0187911 1.19647e-24)
(0.987532 0.0165364 -8.22724e-25)
(0.989224 0.0144292 2.28844e-24)
(0.990659 0.0125196 5.84685e-25)
(0.992055 0.0107413 -3.67985e-25)
(0.993091 0.00922001 5.49394e-25)
(0.994304 0.00773196 -5.75921e-24)
(0.994876 0.00664998 1.31443e-24)
(0.996131 0.005281 -1.19744e-23)
(0.837434 0.0653372 6.79671e-22)
(0.83955 0.0651302 9.32983e-22)
(0.841752 0.0649556 -8.43611e-22)
(0.844041 0.0648127 5.37602e-22)
(0.846419 0.0647002 -2.96899e-22)
(0.848887 0.0646163 -2.60755e-22)
(0.851445 0.0645584 -5.00147e-22)
(0.854096 0.0645234 -2.49121e-22)
(0.856839 0.0645074 1.63923e-21)
(0.859677 0.0645058 -7.00628e-22)
(0.862609 0.0645132 1.90373e-22)
(0.865637 0.0645237 -3.49635e-23)
(0.868761 0.0645304 3.19898e-22)
(0.871981 0.0645258 -8.11868e-22)
(0.875297 0.0645016 1.47562e-22)
(0.878708 0.0644488 1.84691e-22)
(0.882212 0.0643578 -3.76925e-22)
(0.88581 0.0642184 -2.44576e-22)
(0.889497 0.0640198 9.34549e-24)
(0.89327 0.0637506 1.24052e-23)
(0.897127 0.0633993 8.23258e-23)
(0.901061 0.062954 2.85988e-22)
(0.905067 0.0624027 8.84168e-23)
(0.909138 0.0617338 -1.72091e-22)
(0.913264 0.0609359 3.249e-23)
(0.917437 0.0599982 3.4327e-23)
(0.921644 0.0589113 1.77834e-22)
(0.925873 0.0576668 -2.6497e-22)
(0.930111 0.0562584 1.11715e-22)
(0.93434 0.0546822 -9.28725e-23)
(0.938545 0.052937 2.21414e-23)
(0.942708 0.0510246 7.00942e-23)
(0.94681 0.0489508 -2.95308e-23)
(0.950831 0.0467251 -2.99475e-23)
(0.954752 0.0443611 -1.80451e-23)
(0.958555 0.0418764 1.02073e-23)
(0.96222 0.0392926 -1.46153e-23)
(0.965731 0.0366348 8.5558e-24)
(0.969074 0.0339307 7.54904e-24)
(0.972232 0.0312104 -3.05087e-24)
(0.9752 0.028504 2.00831e-24)
(0.977963 0.0258434 2.51496e-25)
(0.980527 0.023256 -1.27795e-24)
(0.982871 0.0207723 1.5246e-24)
(0.985029 0.0184094 6.44826e-25)
(0.986952 0.0161989 -1.19021e-24)
(0.98873 0.0141333 -2.10543e-24)
(0.990239 0.0122621 -6.49834e-25)
(0.991702 0.0105196 -1.88361e-24)
(0.99279 0.00902954 -5.46245e-25)
(0.994058 0.00757132 1.81518e-24)
(0.994658 0.0065124 -1.43044e-25)
(0.995969 0.00517018 5.14214e-24)
(0.824811 0.0645753 -2.97135e-21)
(0.827231 0.064358 4.78371e-21)
(0.829737 0.0641729 -2.42615e-21)
(0.83233 0.0640194 5.34947e-22)
(0.835013 0.063896 1.99067e-22)
(0.837786 0.063801 -2.56349e-22)
(0.84065 0.0637316 -9.75506e-22)
(0.843607 0.0636848 7.96554e-22)
(0.846658 0.0636565 -2.49822e-22)
(0.849804 0.0636424 5.91267e-22)
(0.853046 0.0636369 1.71357e-23)
(0.856385 0.0636343 -1.28057e-21)
(0.859821 0.0636275 6.15265e-23)
(0.863354 0.0636093 6.4318e-22)
(0.866985 0.0635715 -3.18441e-22)
(0.870712 0.0635051 -9.47931e-23)
(0.874533 0.0634007 6.64432e-22)
(0.878448 0.0632483 -6.70738e-22)
(0.882453 0.0630372 3.32132e-22)
(0.886545 0.0627563 2.54122e-23)
(0.89072 0.0623944 2.67099e-22)
(0.894972 0.0619397 -3.09452e-22)
(0.899294 0.0613807 2.66094e-22)
(0.903679 0.060706 -2.5303e-22)
(0.908117 0.0599044 -9.23966e-24)
(0.912598 0.0589657 5.98711e-23)
(0.917109 0.0578806 -6.57023e-23)
(0.921638 0.0566413 2.17529e-22)
(0.926169 0.0552417 -5.48294e-23)
(0.930686 0.0536782 3.7101e-24)
(0.93517 0.0519497 -6.05597e-23)
(0.939604 0.0500585 1.21374e-23)
(0.943967 0.0480103 -2.44181e-24)
(0.948239 0.0458145 1.11304e-23)
(0.9524 0.0434848 -3.00136e-23)
(0.95643 0.0410385 -2.03804e-23)
(0.960312 0.0384968 2.79307e-23)
(0.964025 0.0358844 -6.56762e-24)
(0.967556 0.0332283 3.72639e-24)
(0.97089 0.030558 -7.28864e-24)
(0.974019 0.0279029 4.45515e-25)
(0.97693 0.025294 -8.92151e-25)
(0.979628 0.0227581 2.37011e-24)
(0.982093 0.0203247 2.88133e-25)
(0.984359 0.0180105 1.0417e-25)
(0.986378 0.0158462 -1.95818e-25)
(0.988242 0.0138243 9.17469e-25)
(0.989824 0.0119932 -1.58359e-24)
(0.991353 0.010288 -2.14817e-24)
(0.992492 0.00883063 2.42348e-25)
(0.993815 0.00740364 -1.61176e-24)
(0.994443 0.00636865 -1.43487e-24)
(0.995808 0.00505456 -4.41752e-25)
(0.812171 0.0637091 -1.73403e-21)
(0.814898 0.0634826 1.19502e-21)
(0.81771 0.0632882 -1.87527e-21)
(0.820609 0.0631251 -2.04037e-22)
(0.823598 0.0629918 9.50377e-22)
(0.826677 0.0628865 -6.13503e-22)
(0.829849 0.0628066 5.09593e-22)
(0.833114 0.0627488 1.46115e-21)
(0.836474 0.0627092 -7.04667e-22)
(0.83993 0.0626833 2.46055e-22)
(0.843483 0.0626658 -8.13103e-22)
(0.847135 0.0626508 5.23504e-23)
(0.850884 0.0626315 -1.20182e-23)
(0.854733 0.0626007 3.24759e-22)
(0.858679 0.0625501 -3.14906e-22)
(0.862723 0.0624712 1.68521e-22)
(0.866863 0.0623545 1.91744e-22)
(0.871096 0.0621903 -1.01044e-22)
(0.87542 0.061968 -3.76966e-22)
(0.879832 0.0616769 -1.57531e-23)
(0.884325 0.0613059 2.19182e-22)
(0.888895 0.0608436 -5.6705e-23)
(0.893534 0.0602787 1.11061e-22)
(0.898234 0.0596 -6.47658e-23)
(0.902984 0.058797 1.30435e-22)
(0.907774 0.0578596 -1.73337e-22)
(0.91259 0.0567789 5.57451e-23)
(0.917419 0.0555473 1.6156e-22)
(0.922244 0.0541593 -1.04166e-22)
(0.927047 0.0526113 -1.18095e-22)
(0.931811 0.0509027 1.08998e-22)
(0.936515 0.0490358 -7.30295e-23)
(0.941139 0.0470164 1.11531e-22)
(0.945661 0.0448539 -4.32358e-23)
(0.950062 0.0425618 1.89219e-23)
(0.95432 0.0401573 2.19359e-24)
(0.958416 0.037661 -2.25907e-23)
(0.962331 0.0350972 6.52807e-24)
(0.966051 0.0324924 -1.58286e-26)
(0.969559 0.0298751 -8.59937e-25)
(0.972849 0.0272743 1.63076e-24)
(0.975906 0.02472 1.12491e-25)
(0.978738 0.0222381 -2.94796e-25)
(0.981323 0.0198576 -8.86988e-25)
(0.983697 0.0175944 -6.87438e-25)
(0.985811 0.0154785 -1.62197e-24)
(0.98776 0.0135022 -3.79427e-25)
(0.989414 0.0117129 7.60983e-25)
(0.991009 0.0100468 6.56881e-24)
(0.992199 0.00862332 4.50541e-25)
(0.993576 0.00722898 -2.20224e-25)
(0.994232 0.00621878 6.423e-25)
(0.99565 0.00493419 -2.72479e-24)
(0.799545 0.0627372 5.05459e-22)
(0.802579 0.0625027 6.80126e-22)
(0.805698 0.0623001 -7.93718e-22)
(0.808905 0.0621285 1.5262e-21)
(0.812201 0.0619864 -1.02356e-21)
(0.815588 0.0618719 -1.07776e-21)
(0.819067 0.0617822 -2.26542e-22)
(0.822641 0.0617144 4.2286e-22)
(0.826311 0.0616643 1.12533e-21)
(0.830078 0.0616276 -5.79972e-22)
(0.833943 0.0615989 4.71918e-22)
(0.837907 0.0615724 -4.38193e-22)
(0.841971 0.0615415 -1.32928e-22)
(0.846134 0.0614989 2.5219e-22)
(0.850397 0.0614367 -4.73966e-23)
(0.854759 0.0613463 -5.2239e-22)
(0.859217 0.0612185 1.7868e-22)
(0.863769 0.0610437 2.87952e-22)
(0.868413 0.0608117 -1.35778e-22)
(0.873144 0.0605118 4.33254e-22)
(0.877956 0.0601332 -4.80833e-23)
(0.882844 0.059665 -5.28732e-22)
(0.8878 0.059096 4.98679e-23)
(0.892814 0.0584156 1.75317e-22)
(0.897877 0.0576133 -1.62516e-22)
(0.902975 0.0566795 1.32627e-22)
(0.908096 0.0556057 1.11746e-22)
(0.913224 0.0543846 1.15511e-23)
(0.918342 0.053011 -1.38129e-23)
(0.923431 0.0514816 6.3863e-23)
(0.928474 0.0497959 -1.05366e-22)
(0.933447 0.0479565 4.70136e-23)
(0.938332 0.0459691 2.8981e-23)
(0.943104 0.0438433 8.16351e-24)
(0.947743 0.0415922 -3.2525e-24)
(0.952227 0.0392327 2.06114e-23)
(0.956537 0.0367853 -5.77439e-24)
(0.960653 0.0342734 -7.3818e-24)
(0.96456 0.0317229 -4.17086e-24)
(0.968242 0.0291619 1.42663e-24)
(0.971691 0.0266183 -1.68781e-26)
(0.974894 0.0241213 7.90806e-25)
(0.977858 0.0216963 -1.0621e-24)
(0.980563 0.0193711 -5.52902e-25)
(0.983044 0.0171613 -1.92425e-25)
(0.985252 0.0150958 2.50152e-24)
(0.987284 0.0131671 -1.37217e-24)
(0.989009 0.0114214 -1.76015e-24)
(0.99067 0.00979594 -4.012e-24)
(0.991911 0.00840772 -3.79493e-25)
(0.99334 0.00704742 4.34901e-25)
(0.994023 0.00606287 -1.16253e-24)
(0.995494 0.00480913 1.08491e-24)
(0.783704 0.0619315 -7.99588e-22)
(0.786962 0.0616585 -1.74085e-21)
(0.790303 0.0614174 2.43477e-21)
(0.79373 0.0612078 -1.48563e-21)
(0.797244 0.0610287 5.90334e-22)
(0.800847 0.0608788 5.55815e-22)
(0.804542 0.060756 -8.12512e-22)
(0.808329 0.0606577 4.69772e-22)
(0.812212 0.0605807 -5.59232e-22)
(0.816191 0.0605211 3.10897e-22)
(0.820269 0.0604744 -3.83101e-22)
(0.824446 0.0604355 1.67687e-22)
(0.828723 0.0603985 -2.76932e-22)
(0.8331 0.0603569 -4.7957e-23)
(0.837579 0.0603036 2.42795e-22)
(0.842158 0.0602307 -5.74523e-22)
(0.846836 0.0601299 6.8593e-22)
(0.851612 0.0599922 -4.3269e-22)
(0.856483 0.0598081 5.30517e-23)
(0.861446 0.0595676 1.26261e-22)
(0.866496 0.0592604 -2.2929e-22)
(0.871626 0.058876 2.77723e-22)
(0.876832 0.0584036 -1.15678e-22)
(0.882104 0.0578326 2.94334e-22)
(0.887432 0.0571524 -2.31102e-22)
(0.892805 0.056353 4.96979e-23)
(0.898211 0.0554253 -1.50096e-22)
(0.903635 0.0543609 4.40407e-23)
(0.909061 0.0531531 1.52762e-22)
(0.914471 0.0517966 -7.84855e-24)
(0.919846 0.0502888 -9.77267e-23)
(0.925166 0.0486292 -5.432e-23)
(0.930408 0.0468204 -1.55204e-23)
(0.935551 0.0448684 -1.38776e-23)
(0.940571 0.0427826 -2.1496e-23)
(0.945447 0.0405759 1.06678e-25)
(0.950157 0.0382649 -7.01293e-24)
(0.954679 0.0358696 1.88495e-23)
(0.958994 0.0334129 2.5873e-24)
(0.963086 0.0309201 -1.45385e-24)
(0.96694 0.0284184 1.0246e-24)
(0.970548 0.025935 -7.9657e-25)
(0.973896 0.0234983 3.4396e-25)
(0.976991 0.0211327 6.10472e-25)
(0.979813 0.0188654 1.00416e-24)
(0.9824 0.0167112 -1.32925e-24)
(0.984701 0.0146983 -2.85089e-24)
(0.986816 0.0128192 4.29761e-24)
(0.988612 0.0111187 1.46014e-24)
(0.990337 0.00953555 1.28187e-24)
(0.991627 0.00818391 1.48057e-25)
(0.993109 0.00685903 -1.26348e-24)
(0.993819 0.00590102 1.59175e-24)
(0.995342 0.00467946 -1.39863e-25)
(0.770888 0.0607503 3.982e-22)
(0.774453 0.0604722 -1.43672e-21)
(0.778101 0.0602258 6.32133e-22)
(0.781834 0.0600104 9.57359e-24)
(0.785655 0.0598252 -9.14511e-22)
(0.789565 0.0596686 2.54819e-22)
(0.793566 0.0595386 7.65593e-22)
(0.797661 0.0594326 9.64752e-22)
(0.801852 0.0593474 2.63318e-22)
(0.80614 0.0592791 -9.2615e-22)
(0.810527 0.0592234 -2.83721e-22)
(0.815015 0.0591752 1.01578e-21)
(0.819604 0.0591286 -5.29197e-22)
(0.824294 0.0590772 -1.60693e-22)
(0.829087 0.0590142 1.09701e-21)
(0.833981 0.0589317 -4.44048e-22)
(0.838975 0.0588217 -3.70324e-22)
(0.844068 0.0586753 3.52484e-22)
(0.849256 0.0584831 -1.51181e-22)
(0.854536 0.0582357 -8.40702e-23)
(0.859903 0.0579228 9.80876e-23)
(0.865351 0.0575341 1.5211e-22)
(0.870872 0.0570594 -6.57538e-23)
(0.876458 0.0564882 1.26464e-22)
(0.882098 0.0558103 -1.73019e-22)
(0.887781 0.0550162 1.13954e-23)
(0.893493 0.054097 -9.95689e-23)
(0.899219 0.0530446 2.84254e-23)
(0.904941 0.0518527 6.09993e-23)
(0.910641 0.0505164 1.0615e-24)
(0.916299 0.0490331 2.59861e-23)
(0.921894 0.0474027 4.97475e-24)
(0.927402 0.0456279 5.62654e-24)
(0.932802 0.0437146 -1.25005e-23)
(0.938069 0.0416721 2.40326e-23)
(0.94318 0.0395131 -1.15506e-23)
(0.948112 0.037254 -7.68774e-24)
(0.952844 0.0349142 -1.14226e-24)
(0.957357 0.0325161 3.01077e-24)
(0.961633 0.0300841 -3.19326e-24)
(0.965657 0.0276449 -1.36916e-24)
(0.969422 0.0252246 2.8465e-25)
(0.972912 0.0228509 -6.20507e-25)
(0.976137 0.0205475 -4.46046e-25)
(0.979076 0.0183405 8.53131e-25)
(0.981766 0.0162443 2.85035e-25)
(0.984159 0.0142861 -3.09188e-25)
(0.986356 0.0124585 -1.90268e-24)
(0.988221 0.010805 -3.31181e-25)
(0.99001 0.00926575 2.17713e-24)
(0.991349 0.00795202 3.81521e-25)
(0.992882 0.00666393 2.77311e-24)
(0.993619 0.00573332 2.37756e-24)
(0.995192 0.00454526 1.74201e-24)
(0.758179 0.0594598 -1.7101e-21)
(0.76205 0.0591782 1.41892e-21)
(0.766004 0.0589277 -1.63592e-21)
(0.770042 0.0587078 2.0794e-22)
(0.774167 0.0585175 6.68643e-22)
(0.778382 0.0583553 -1.68944e-22)
(0.782689 0.0582191 7.69903e-22)
(0.78709 0.0581065 -8.90134e-22)
(0.791587 0.0580141 -2.99514e-22)
(0.796182 0.0579382 -7.11235e-22)
(0.800877 0.0578744 8.36218e-22)
(0.805673 0.0578178 1.99854e-22)
(0.810572 0.0577626 -1.06849e-22)
(0.815573 0.0577025 -6.63134e-22)
(0.820678 0.0576308 -6.08452e-22)
(0.825885 0.0575398 6.22575e-22)
(0.831193 0.0574217 1.19857e-22)
(0.8366 0.0572678 -1.73476e-22)
(0.842103 0.057069 -1.75789e-22)
(0.847699 0.0568159 8.7955e-24)
(0.853381 0.0564989 2.00358e-22)
(0.859143 0.0561077 -1.70749e-22)
(0.864978 0.0556325 1.65071e-22)
(0.870876 0.055063 -3.00212e-22)
(0.876826 0.0543897 1.14349e-22)
(0.882816 0.0536031 2.81475e-22)
(0.888831 0.0526948 -2.31343e-22)
(0.894856 0.051657 1.69273e-22)
(0.900871 0.0504838 -6.59979e-23)
(0.906859 0.0491705 -6.92772e-23)
(0.912798 0.0477149 -2.97993e-23)
(0.918665 0.0461168 -2.85118e-23)
(0.924437 0.0443792 5.12103e-23)
(0.930091 0.0425079 -1.06134e-23)
(0.935602 0.040512 1.03672e-23)
(0.940945 0.0384043 1.21064e-23)
(0.946098 0.0362004 -1.21626e-23)
(0.951038 0.0339194 7.75908e-24)
(0.955745 0.0315831 4.52644e-24)
(0.960203 0.0292153 1.90302e-24)
(0.964395 0.0268415 1.00322e-24)
(0.968314 0.0244874 -1.37592e-25)
(0.971946 0.0221796 7.34326e-25)
(0.975298 0.0199409 -3.9114e-25)
(0.978352 0.0177967 -1.00944e-24)
(0.981145 0.0157608 7.90565e-25)
(0.983628 0.0138594 2.38563e-24)
(0.985906 0.0120852 1.33376e-24)
(0.987839 0.0104805 -3.10087e-24)
(0.98969 0.0089867 3.94298e-24)
(0.991076 0.00771217 -5.38903e-25)
(0.99266 0.00646221 4.88496e-24)
(0.993423 0.00555987 -3.13877e-24)
(0.995046 0.0044066 -1.52377e-23)
(0.745611 0.0580601 5.93082e-22)
(0.749786 0.0577763 -1.91214e-21)
(0.754042 0.0575231 1.30122e-21)
(0.758383 0.0572999 2.52281e-23)
(0.762811 0.0571058 -2.19306e-22)
(0.767328 0.0569391 -1.98115e-22)
(0.771938 0.0567979 -5.32398e-22)
(0.776642 0.0566796 3.92475e-22)
(0.781442 0.056581 -1.83954e-22)
(0.786342 0.0564985 -2.263e-22)
(0.791342 0.0564276 2.50864e-22)
(0.796445 0.0563635 -1.00469e-21)
(0.80165 0.0563007 8.69637e-22)
(0.80696 0.0562329 -6.11409e-22)
(0.812374 0.0561535 7.64001e-22)
(0.817891 0.0560552 -4.69574e-22)
(0.82351 0.0559302 -2.18316e-23)
(0.829229 0.05577 5.75911e-22)
(0.835044 0.0555659 -1.69454e-22)
(0.840951 0.0553088 1.54452e-22)
(0.846946 0.054989 -4.65474e-22)
(0.853019 0.0545971 4.20325e-22)
(0.859165 0.0541232 -4.20851e-23)
(0.865372 0.0535575 -5.60294e-23)
(0.871628 0.0528908 -2.95114e-22)
(0.877922 0.0521141 7.5164e-23)
(0.884237 0.0512191 -1.1778e-22)
(0.890557 0.0501986 -7.08956e-24)
(0.896863 0.0490468 2.26629e-22)
(0.903135 0.0477595 -8.80775e-23)
(0.90935 0.0463344 7.44914e-23)
(0.915487 0.0447719 3.46573e-23)
(0.92152 0.0430747 3.83768e-23)
(0.927424 0.0412487 -3.22068e-23)
(0.933175 0.0393029 -1.25891e-23)
(0.938748 0.0372497 -2.13857e-23)
(0.944118 0.0351044 7.74611e-24)
(0.949263 0.0328856 -1.15604e-23)
(0.954163 0.0306144 -9.29585e-24)
(0.9588 0.0283138 2.02703e-24)
(0.963157 0.0260087 1.32944e-25)
(0.967228 0.0237237 -2.1257e-24)
(0.970998 0.0214846 1.65609e-24)
(0.974476 0.0193133 -1.69759e-24)
(0.977642 0.0172344 -3.96287e-25)
(0.980536 0.0152609 3.34394e-24)
(0.983108 0.0134185 -7.07893e-25)
(0.985465 0.0116996 -2.48194e-24)
(0.987465 0.0101453 3.82249e-24)
(0.989377 0.00869855 -3.12649e-25)
(0.990811 0.00746452 4.73972e-25)
(0.992444 0.00625402 -8.66539e-24)
(0.993232 0.0053808 1.19892e-24)
(0.994904 0.00426359 1.16149e-23)
(0.733218 0.0565516 -2.91217e-21)
(0.737693 0.0562671 2.03049e-21)
(0.742249 0.0560125 -1.76947e-23)
(0.746889 0.0557873 -4.63561e-22)
(0.751616 0.0555905 3.18379e-22)
(0.756433 0.0554205 -1.3965e-21)
(0.761342 0.0552753 8.1921e-22)
(0.766345 0.0551524 -9.95447e-22)
(0.771446 0.0550487 9.38003e-22)
(0.776646 0.0549604 -6.65329e-22)
(0.781948 0.0548835 -5.92491e-22)
(0.787353 0.0548129 -4.42103e-23)
(0.792862 0.0547435 6.70149e-23)
(0.798477 0.054669 1.19224e-22)
(0.804196 0.0545831 -1.7629e-22)
(0.810019 0.0544785 -1.03229e-22)
(0.815945 0.0543477 -2.16295e-22)
(0.821972 0.0541825 3.52799e-22)
(0.828095 0.0539745 -5.86532e-23)
(0.834311 0.0537147 -3.44872e-22)
(0.840613 0.053394 1.63145e-22)
(0.846995 0.0530029 1.08808e-22)
(0.853446 0.0525321 -2.96449e-24)
(0.859958 0.0519723 8.4518e-24)
(0.866517 0.0513144 1.72794e-22)
(0.87311 0.0505498 -2.20812e-23)
(0.879721 0.0496706 -2.35161e-23)
(0.886332 0.04867 7.78128e-23)
(0.892924 0.0475424 -8.6432e-23)
(0.899476 0.0462839 1.99659e-23)
(0.905965 0.0448925 -2.12143e-23)
(0.912367 0.0433686 4.82571e-23)
(0.918656 0.041715 -5.20076e-23)
(0.924808 0.0399376 1.73183e-23)
(0.930795 0.0380453 1.01455e-23)
(0.936594 0.0360499 1.13492e-23)
(0.942177 0.0339666 -5.36467e-25)
(0.947524 0.0318133 2.34965e-24)
(0.952612 0.0296105 6.64556e-24)
(0.957425 0.0273803 -1.47063e-24)
(0.961945 0.0251468 7.16963e-26)
(0.966165 0.0229339 -4.24666e-25)
(0.970071 0.0207662 9.1729e-26)
(0.973673 0.0186649 -3.00771e-24)
(0.976949 0.0166537 2.88289e-24)
(0.979942 0.014745 -6.38624e-24)
(0.982601 0.0129636 1.55241e-24)
(0.985035 0.0113019 2.67427e-24)
(0.987101 0.00979962 -4.96825e-25)
(0.989072 0.00840148 -6.59547e-24)
(0.990551 0.00720922 -3.52299e-25)
(0.992233 0.00603948 -2.65009e-25)
(0.993046 0.00519623 -7.4686e-25)
(0.994765 0.00411633 -4.49308e-24)
(0.721035 0.054935 1.83415e-21)
(0.725806 0.0546512 -1.73504e-21)
(0.730658 0.0543966 1.62361e-21)
(0.735593 0.0541707 -1.30358e-21)
(0.740614 0.0539724 -6.47839e-22)
(0.745726 0.0538003 8.72875e-22)
(0.750929 0.0536522 -2.78998e-22)
(0.756228 0.0535257 -1.92858e-22)
(0.761625 0.0534179 1.01238e-22)
(0.767121 0.0533249 4.14664e-22)
(0.77272 0.0532428 -1.99363e-22)
(0.778423 0.0531669 1.32876e-21)
(0.784231 0.0530917 -5.78675e-22)
(0.790145 0.0530116 4.38251e-22)
(0.796165 0.0529202 -3.89989e-22)
(0.802291 0.0528105 8.88093e-22)
(0.808519 0.0526751 -5.27634e-22)
(0.814849 0.0525063 2.05553e-22)
(0.821276 0.0522957 1.06042e-22)
(0.827795 0.0520347 -2.14391e-22)
(0.8344 0.0517145 -4.76799e-22)
(0.841084 0.0513261 4.45305e-22)
(0.847837 0.0508603 -5.02465e-24)
(0.854649 0.0503083 1.44711e-22)
(0.861505 0.0496613 2.0941e-23)
(0.868393 0.048911 2.31101e-24)
(0.875295 0.0480501 -8.62671e-23)
(0.882193 0.047072 6.41529e-24)
(0.889066 0.0459714 8.32599e-23)
(0.895893 0.0447446 -1.85346e-23)
(0.90265 0.0433899 8.64593e-24)
(0.909312 0.0419076 -7.10257e-23)
(0.915854 0.0403009 -2.43589e-23)
(0.922248 0.0385754 -4.77928e-24)
(0.928467 0.0367398 -6.20989e-24)
(0.934487 0.0348057 2.94083e-24)
(0.94028 0.0327877 2.26678e-24)
(0.945825 0.0307031 4.49843e-24)
(0.951098 0.0285718 -3.62837e-24)
(0.956083 0.0264152 5.96872e-25)
(0.960762 0.0242565 -1.9382e-25)
(0.965128 0.0221184 2.98898e-25)
(0.969167 0.0200248 -1.93461e-24)
(0.972889 0.0179962 5.10289e-24)
(0.976274 0.016055 -7.115e-25)
(0.979363 0.0142134 3.96973e-24)
(0.982107 0.0124949 -2.99116e-24)
(0.984616 0.0108923 1.39825e-24)
(0.986746 0.0094437 -3.22219e-24)
(0.988776 0.00809569 -1.31787e-24)
(0.9903 0.00694645 -4.32817e-25)
(0.992028 0.00581874 4.71281e-24)
(0.992866 0.0050063 -1.65368e-24)
(0.994631 0.00396492 -6.59035e-24)
(0.709097 0.0532116 -9.62701e-22)
(0.714159 0.0529299 2.02945e-23)
(0.7193 0.0526767 -2.01926e-22)
(0.724525 0.0524513 -8.14723e-23)
(0.729836 0.0522528 -7.56252e-22)
(0.735237 0.0520796 -5.30217e-22)
(0.74073 0.0519297 8.22592e-22)
(0.746319 0.0518008 -8.60315e-22)
(0.752006 0.0516897 -9.39129e-22)
(0.757793 0.0515931 2.91875e-22)
(0.763684 0.0515069 6.69766e-22)
(0.76968 0.0514265 2.86301e-22)
(0.775781 0.0513467 -5.631e-22)
(0.78199 0.051262 6.04358e-22)
(0.788305 0.0511661 3.12972e-22)
(0.794726 0.0510524 -2.60599e-22)
(0.801252 0.0509137 3.97907e-22)
(0.807879 0.0507424 -4.83754e-22)
(0.814603 0.0505305 3.69486e-22)
(0.821421 0.0502698 1.21272e-22)
(0.828324 0.0499518 -3.0951e-22)
(0.835304 0.0495677 2.38125e-22)
(0.842353 0.0491088 -1.95229e-22)
(0.849458 0.0485665 6.52079e-23)
(0.856607 0.0479326 1.37969e-22)
(0.863783 0.0471991 -2.78888e-23)
(0.87097 0.0463589 -2.87972e-23)
(0.878149 0.0454058 -4.12709e-23)
(0.885298 0.0443348 1.28809e-23)
(0.892394 0.0431426 1.46904e-23)
(0.899414 0.0418275 8.50251e-25)
(0.906331 0.0403901 -1.30698e-23)
(0.913119 0.0388334 3.68218e-24)
(0.91975 0.037163 4.40686e-23)
(0.926197 0.0353873 -1.03224e-24)
(0.932433 0.0335177 1.70396e-24)
(0.938431 0.0315683 -3.95045e-24)
(0.944169 0.0295558 -4.5807e-24)
(0.949623 0.0274992 -2.3008e-24)
(0.954776 0.0254192 4.49312e-25)
(0.95961 0.0233381 1.40421e-24)
(0.964119 0.0212778 -4.34848e-25)
(0.968288 0.0192611 3.40811e-24)
(0.972128 0.0173075 -3.85688e-24)
(0.975618 0.0154388 1.17665e-24)
(0.978801 0.0136664 -6.51735e-24)
(0.981628 0.0120128 1.60252e-24)
(0.98421 0.0104711 2.81878e-24)
(0.986402 0.00907781 -4.70982e-26)
(0.988488 0.00778141 4.46258e-24)
(0.990056 0.00667641 -4.19473e-25)
(0.991829 0.00559198 4.21384e-24)
(0.992691 0.00481115 5.53407e-24)
(0.9945 0.00380949 2.33099e-23)
(0.697439 0.051383 1.21006e-21)
(0.702785 0.0511048 -1.66061e-21)
(0.708211 0.0508542 1.59904e-21)
(0.713719 0.0506307 3.91768e-22)
(0.719313 0.0504331 -1.89239e-21)
(0.724997 0.05026 1.82197e-22)
(0.730774 0.0501094 4.25353e-22)
(0.736646 0.049979 6.75585e-22)
(0.742617 0.0498658 4.19728e-22)
(0.74869 0.0497665 -1.11769e-21)
(0.754866 0.0496771 -4.83182e-23)
(0.761148 0.0495932 5.69086e-22)
(0.767536 0.0495099 9.67478e-23)
(0.774033 0.0494215 -1.80443e-22)
(0.780637 0.0493223 2.65451e-22)
(0.787348 0.0492057 -1.62481e-22)
(0.794163 0.0490648 -3.13812e-22)
(0.801081 0.0488923 5.37183e-22)
(0.808097 0.0486806 -2.68979e-22)
(0.815205 0.0484216 8.59313e-23)
(0.822399 0.0481073 4.50673e-22)
(0.82967 0.0477292 -1.07943e-22)
(0.837008 0.047279 -8.44422e-23)
(0.8444 0.0467485 -1.10077e-22)
(0.851834 0.0461297 1.0735e-23)
(0.859292 0.0454151 -1.44954e-22)
(0.866758 0.044598 6.36365e-23)
(0.874211 0.0436725 -7.617e-25)
(0.881629 0.042634 4.64043e-23)
(0.888988 0.0414791 -1.82905e-23)
(0.896265 0.0402066 1.35316e-24)
(0.903431 0.0388171 3.782e-25)
(0.910459 0.0373135 -2.26065e-23)
(0.917322 0.0357013 -1.28621e-23)
(0.92399 0.0339889 -1.27136e-23)
(0.930437 0.032187 8.9483e-24)
(0.936635 0.0303093 4.12825e-25)
(0.94256 0.028372 2.26531e-24)
(0.94819 0.0263933 1.61873e-24)
(0.953507 0.024393 4.07063e-25)
(0.958492 0.0223924 1.17355e-24)
(0.96314 0.0204126 -3.52194e-24)
(0.967435 0.0184754 -1.23733e-24)
(0.971389 0.0165994 4.2057e-24)
(0.974982 0.0148055 -2.60703e-24)
(0.978256 0.0131044 3.82031e-24)
(0.981163 0.0115177 2.17251e-24)
(0.983817 0.0100386 -2.74256e-24)
(0.986069 0.0087022 1.08636e-24)
(0.98821 0.00745886 3.27759e-24)
(0.98982 0.00639931 3.30478e-25)
(0.991638 0.00535936 -3.3829e-24)
(0.992522 0.00461096 -5.48002e-24)
(0.994374 0.00365017 -1.8691e-23)
(0.686097 0.0494512 -1.01627e-21)
(0.69172 0.0491779 -2.55809e-22)
(0.697422 0.0489313 8.9379e-22)
(0.703206 0.0487107 1.27406e-21)
(0.709077 0.0485152 -2.54247e-23)
(0.715037 0.0483433 -1.08965e-21)
(0.721089 0.0481931 5.74416e-23)
(0.727238 0.0480623 5.3488e-22)
(0.733486 0.047948 1.55599e-22)
(0.739836 0.047847 -7.49288e-23)
(0.746291 0.0477554 1.47722e-22)
(0.752852 0.047669 1.4773e-22)
(0.75952 0.047583 -5.21084e-22)
(0.766297 0.0474921 3.21921e-22)
(0.773183 0.0473905 -1.34481e-22)
(0.780176 0.0472721 -4.89515e-22)
(0.787275 0.0471302 1.72233e-22)
(0.794476 0.0469578 2.90146e-23)
(0.801775 0.0467476 1.89163e-22)
(0.809167 0.0464918 -5.07773e-23)
(0.816644 0.0461827 8.28107e-23)
(0.824198 0.0458123 -8.88185e-23)
(0.831817 0.0453726 6.37728e-23)
(0.839489 0.0448558 -1.88441e-22)
(0.8472 0.0442542 -1.07978e-23)
(0.854933 0.0435609 -4.35495e-24)
(0.86267 0.0427693 2.02907e-23)
(0.870389 0.0418739 -9.66543e-24)
(0.878069 0.0408703 -2.99885e-23)
(0.885685 0.0397556 -1.69799e-23)
(0.893211 0.0385285 2.39811e-23)
(0.900619 0.0371898 1.61242e-23)
(0.907881 0.0357424 -2.33158e-23)
(0.914968 0.0341917 -9.07993e-24)
(0.921851 0.0325455 1.26815e-23)
(0.928503 0.0308146 -3.03621e-24)
(0.934895 0.0290118 6.82794e-24)
(0.941003 0.0271528 -3.00171e-24)
(0.946804 0.0252549 -1.99595e-24)
(0.952279 0.0233373 -2.44048e-25)
(0.957412 0.0214201 -1.67816e-25)
(0.962194 0.0195236 2.71112e-24)
(0.966611 0.0176684 1.45953e-24)
(0.970676 0.0158725 -5.43698e-24)
(0.974368 0.0141555 1.64887e-24)
(0.977731 0.0125278 -2.50338e-24)
(0.980715 0.0110099 -1.96203e-24)
(0.983437 0.0095952 -2.68123e-24)
(0.985748 0.00831717 -2.53688e-24)
(0.987942 0.0071283 -5.79752e-24)
(0.989593 0.00611537 -5.69787e-25)
(0.991453 0.00512108 -2.26633e-24)
(0.99236 0.00440588 -1.70498e-24)
(0.994253 0.00348707 2.3545e-23)
(0.669287 0.0477116 -2.97507e-22)
(0.675104 0.0474186 1.21165e-21)
(0.680997 0.0471515 2.77722e-22)
(0.686967 0.0469102 -2.12088e-21)
(0.69302 0.0466939 1.68219e-21)
(0.699158 0.0465016 -4.36372e-22)
(0.705386 0.046332 2.09653e-23)
(0.711707 0.0461832 -1.96618e-22)
(0.718124 0.046053 -7.61211e-22)
(0.724641 0.0459386 -2.92248e-23)
(0.731261 0.0458368 3.62463e-22)
(0.737985 0.045744 -3.0121e-22)
(0.744817 0.045656 -5.36638e-22)
(0.751757 0.0455683 6.62985e-22)
(0.758806 0.0454758 2.33387e-22)
(0.765965 0.045373 -1.64179e-22)
(0.773232 0.0452539 4.03881e-22)
(0.780605 0.0451122 -7.9016e-22)
(0.788081 0.0449411 -1.87457e-22)
(0.795656 0.0447336 3.69415e-22)
(0.803323 0.0444824 1.31388e-22)
(0.811075 0.0441801 -2.98318e-22)
(0.818903 0.043819 3.5755e-23)
(0.826795 0.0433916 1.23684e-22)
(0.834739 0.0428903 -4.65625e-24)
(0.842719 0.0423081 9.94216e-23)
(0.850718 0.0416381 -1.06324e-22)
(0.858717 0.0408743 8.18215e-23)
(0.866695 0.0400114 -4.77095e-23)
(0.874629 0.0390455 -7.07759e-23)
(0.882493 0.0379736 1.5378e-23)
(0.89026 0.0367948 4.5165e-23)
(0.897902 0.0355099 6.01767e-23)
(0.905391 0.0341216 -2.2676e-23)
(0.912696 0.0326353 -6.5647e-24)
(0.919787 0.0310586 -1.17673e-24)
(0.926637 0.0294016 -3.66662e-24)
(0.933217 0.0276769 1.89904e-24)
(0.939501 0.0258992 -1.56727e-24)
(0.945467 0.0240852 5.09887e-25)
(0.951096 0.022253 5.68529e-25)
(0.95637 0.0204221 2.86955e-26)
(0.961282 0.0186114 -3.58743e-24)
(0.965818 0.0168408 -8.06439e-25)
(0.969989 0.0151272 7.39257e-24)
(0.973776 0.0134894 -2.87207e-24)
(0.977225 0.0119371 3.03752e-24)
(0.980284 0.0104898 3.31667e-24)
(0.983073 0.0091412 -1.05879e-24)
(0.98544 0.00792306 1.26552e-24)
(0.987685 0.00679002 2.66279e-24)
(0.989375 0.00582483 -2.6968e-25)
(0.991276 0.00487734 -5.37409e-26)
(0.992204 0.00419609 3.87969e-25)
(0.994137 0.00332036 -2.52528e-23)
(0.658419 0.0455724 -1.81826e-21)
(0.664497 0.045288 2.44762e-21)
(0.670649 0.0450285 -8.3435e-22)
(0.67688 0.0447936 5.35574e-23)
(0.683191 0.0445827 -4.39222e-22)
(0.689589 0.0443949 -1.14123e-21)
(0.696076 0.0442286 -3.41712e-22)
(0.702656 0.0440823 1.68783e-21)
(0.709332 0.0439536 -3.37708e-22)
(0.716109 0.04384 -8.10488e-22)
(0.722989 0.0437384 -1.37645e-22)
(0.729974 0.0436453 5.40953e-22)
(0.737067 0.0435568 -3.32778e-22)
(0.74427 0.0434683 2.0925e-22)
(0.751583 0.0433752 -2.30754e-22)
(0.759005 0.0432721 9.54933e-23)
(0.766537 0.0431534 2.94428e-22)
(0.774175 0.0430129 -4.07828e-22)
(0.781917 0.0428443 3.66309e-22)
(0.789758 0.0426409 -1.79538e-22)
(0.797691 0.0423958 9.6695e-23)
(0.805708 0.0421017 1.34866e-22)
(0.813801 0.0417516 -8.4192e-23)
(0.821956 0.0413381 -9.52095e-23)
(0.830162 0.0408543 -1.06858e-22)
(0.838402 0.0402933 1.06676e-22)
(0.846658 0.0396488 -5.93844e-23)
(0.854911 0.0389151 5.61545e-23)
(0.863139 0.0380872 3.56543e-24)
(0.871317 0.0371614 4.09944e-23)
(0.879421 0.0361351 -7.41187e-23)
(0.887421 0.0350073 5.30524e-23)
(0.895289 0.0337789 -4.69599e-23)
(0.902996 0.0324527 1.50625e-23)
(0.91051 0.0310338 7.96867e-24)
(0.917803 0.0295295 1.60494e-23)
(0.924843 0.0279495 -1.19321e-23)
(0.931604 0.0263058 1.33383e-24)
(0.938058 0.0246123 -1.42589e-24)
(0.944183 0.022885 1.29731e-25)
(0.94996 0.0211412 8.29191e-25)
(0.95537 0.0193991 2.19513e-24)
(0.960407 0.0176769 -1.58802e-24)
(0.965057 0.0159933 2.14045e-25)
(0.969331 0.0143644 -4.63268e-24)
(0.97321 0.0128078 3.8814e-24)
(0.97674 0.0113328 -9.03388e-25)
(0.979871 0.00995795 -4.90666e-24)
(0.982724 0.00867702 3.58744e-24)
(0.985145 0.00752019 7.83375e-26)
(0.987439 0.00644431 2.76404e-25)
(0.989166 0.00552795 -2.08364e-26)
(0.991106 0.00462835 3.50574e-25)
(0.992055 0.00398179 5.3835e-24)
(0.994026 0.00315017 9.04481e-24)
(0.64798 0.043337 -1.5318e-21)
(0.654309 0.0430626 8.52534e-22)
(0.660711 0.0428119 9.79111e-22)
(0.667191 0.0425847 -1.3815e-21)
(0.673752 0.0423804 1.49518e-21)
(0.680398 0.042198 1.66046e-22)
(0.687134 0.0420362 -1.47142e-21)
(0.693963 0.0418933 1.27431e-21)
(0.70089 0.0417671 -5.48273e-23)
(0.707916 0.0416553 2.33415e-22)
(0.715046 0.0415548 -7.79996e-22)
(0.722283 0.0414623 2.08454e-23)
(0.729628 0.041374 1.86094e-22)
(0.737083 0.0412858 2.99331e-22)
(0.744649 0.0411931 -7.37076e-22)
(0.752325 0.0410907 3.20162e-22)
(0.760111 0.0409734 4.58448e-22)
(0.768005 0.0408353 -1.49069e-22)
(0.776002 0.0406704 9.65655e-23)
(0.784098 0.0404723 1.24803e-22)
(0.792287 0.0402344 2.19918e-23)
(0.80056 0.0399501 4.34078e-23)
(0.808907 0.0396124 -6.31724e-23)
(0.817316 0.0392147 1.76721e-22)
(0.825774 0.0387501 -9.9747e-23)
(0.834263 0.0382124 1.47154e-23)
(0.842767 0.0375954 1.19183e-23)
(0.851263 0.036894 -2.1284e-23)
(0.859731 0.0361034 8.19173e-23)
(0.868144 0.0352201 -8.11903e-23)
(0.876477 0.0342418 2.95839e-23)
(0.884701 0.0331677 -1.83611e-24)
(0.892786 0.0319987 1.57427e-23)
(0.900702 0.0307374 6.74362e-25)
(0.908418 0.0293888 -1.76165e-23)
(0.915903 0.0279598 -1.02635e-23)
(0.923127 0.0264597 1.70186e-24)
(0.930061 0.0248998 2.36595e-24)
(0.936678 0.0232934 1.939e-24)
(0.942956 0.0216556 6.84591e-27)
(0.948874 0.0200028 6.96932e-25)
(0.954415 0.0183521 -4.80146e-24)
(0.959571 0.0167208 1.8731e-24)
(0.96433 0.0151266 -6.17057e-25)
(0.968702 0.0135845 6.60708e-24)
(0.972669 0.0121113 -3.47677e-24)
(0.976278 0.0107155 3.95331e-24)
(0.979478 0.00941476 4.89726e-25)
(0.982391 0.00820307 -3.24048e-24)
(0.984864 0.00710893 2.33534e-24)
(0.987204 0.00609147 2.32608e-25)
(0.988968 0.005225 4.76169e-25)
(0.990945 0.00437434 5.43957e-24)
(0.991913 0.00376318 -4.7618e-25)
(0.99392 0.00297666 6.73509e-24)
(0.638004 0.0410092 1.15019e-21)
(0.644573 0.040746 -3.87474e-22)
(0.651214 0.0405054 1.59828e-21)
(0.657933 0.0402871 -7.62507e-22)
(0.664732 0.0400904 -1.45377e-21)
(0.671617 0.0399145 1.64173e-21)
(0.678591 0.0397581 -3.93964e-22)
(0.685659 0.0396195 -3.34404e-22)
(0.692824 0.0394968 5.47371e-22)
(0.70009 0.0393876 -6.58531e-22)
(0.707459 0.0392891 1.227e-21)
(0.714936 0.0391981 -3.15357e-22)
(0.722522 0.0391111 -3.1895e-22)
(0.730218 0.039024 -1.06784e-22)
(0.738026 0.0389325 -3.30188e-22)
(0.745946 0.0388318 5.2928e-23)
(0.753975 0.0387168 -1.11709e-22)
(0.762113 0.0385822 3.14612e-22)
(0.770355 0.0384221 -3.29112e-23)
(0.778696 0.0382305 -3.50227e-22)
(0.787129 0.0380013 -9.08503e-23)
(0.795646 0.0377281 2.09834e-22)
(0.804236 0.0374045 -3.06287e-23)
(0.812888 0.037024 -3.54409e-23)
(0.821586 0.0365804 7.32352e-25)
(0.830314 0.0360678 6.08616e-23)
(0.839054 0.0354804 -5.12904e-23)
(0.847784 0.0348133 -1.21105e-23)
(0.85648 0.0340623 -1.14518e-22)
(0.865118 0.0332239 6.47129e-23)
(0.873671 0.0322962 1.37685e-23)
(0.882108 0.0312783 -5.45661e-23)
(0.890401 0.0301712 7.56185e-24)
(0.898517 0.0289776 -9.71836e-26)
(0.906425 0.027702 1.04992e-23)
(0.914094 0.0263511 -5.19978e-24)
(0.921493 0.0249336 4.34247e-24)
(0.928592 0.0234603 -4.70263e-25)
(0.935365 0.0219438 1.70677e-25)
(0.941787 0.0203982 -2.4605e-25)
(0.947841 0.018839 -2.26101e-24)
(0.953506 0.0172823 4.8013e-24)
(0.958777 0.0157443 -2.2682e-24)
(0.963639 0.0142416 -3.48041e-24)
(0.968104 0.0127885 -1.37321e-24)
(0.972155 0.0114005 -4.29206e-25)
(0.975838 0.0100858 -2.83787e-24)
(0.979104 0.00886076 6.18011e-25)
(0.982075 0.0077198 1.88489e-24)
(0.984597 0.00668968 -1.22169e-24)
(0.986982 0.00573185 -3.17587e-24)
(0.988779 0.00491627 6.78307e-25)
(0.990792 0.00411555 -5.15526e-24)
(0.991779 0.00354046 2.35059e-24)
(0.99382 0.0028 8.38394e-24)
(0.628525 0.0385929 -1.24417e-21)
(0.635322 0.0383422 -5.2186e-22)
(0.642191 0.0381128 -1.37017e-23)
(0.649136 0.0379044 1.20579e-21)
(0.656163 0.0377164 -4.18464e-22)
(0.663274 0.037548 6.15148e-23)
(0.670475 0.037398 -3.88682e-22)
(0.677769 0.0372647 6.64669e-22)
(0.685161 0.0371464 -5.16562e-22)
(0.692655 0.0370407 -1.69788e-22)
(0.700252 0.036945 1.07529e-22)
(0.707957 0.0368563 -2.70745e-22)
(0.715772 0.0367713 5.59161e-22)
(0.723699 0.0366862 -1.50447e-22)
(0.731737 0.0365968 -2.33255e-23)
(0.739888 0.0364987 -9.15378e-23)
(0.748149 0.0363872 1.15804e-22)
(0.756518 0.036257 -3.06678e-22)
(0.764993 0.0361028 1.05891e-22)
(0.773566 0.0359189 1.87657e-22)
(0.782232 0.0356996 6.22777e-23)
(0.790981 0.0354389 3.11423e-23)
(0.799803 0.0351307 4.58985e-23)
(0.808685 0.0347691 -3.98193e-23)
(0.817612 0.0343482 -1.5914e-22)
(0.826568 0.0338624 4.39817e-23)
(0.835532 0.0333065 2.76198e-23)
(0.844483 0.0326759 -7.29351e-23)
(0.853398 0.0319665 1.23979e-22)
(0.862249 0.0311754 -3.64239e-23)
(0.87101 0.0303005 -2.78602e-23)
(0.879651 0.0293414 6.52527e-24)
(0.88814 0.0282988 -9.25628e-24)
(0.896446 0.0271753 -1.14585e-23)
(0.904537 0.0259753 1.48232e-23)
(0.91238 0.0247052 -3.08204e-24)
(0.919945 0.0233731 -5.00821e-24)
(0.927201 0.0219891 -2.86999e-24)
(0.934121 0.020565 -3.44683e-27)
(0.940682 0.0191142 2.62407e-25)
(0.946863 0.0176509 1.15793e-24)
(0.952646 0.0161906 -1.17922e-24)
(0.958025 0.0147481 2.9746e-25)
(0.962985 0.0133392 -8.59397e-25)
(0.967539 0.011977 3.55312e-24)
(0.97167 0.0106762 2.43622e-24)
(0.975424 0.00944424 -2.74338e-24)
(0.978751 0.00829649 2.58394e-24)
(0.981777 0.00722768 1.72972e-26)
(0.984345 0.00626283 1.75953e-24)
(0.986772 0.00536579 5.02174e-24)
(0.988601 0.00460206 2.06932e-25)
(0.990648 0.00385223 -4.57219e-24)
(0.991652 0.00331385 -4.84241e-24)
(0.993726 0.00262035 -4.15443e-24)
(0.619574 0.0360924 1.25269e-21)
(0.626586 0.0358554 -8.14347e-22)
(0.633671 0.0356383 2.69406e-22)
(0.640831 0.0354409 4.28637e-22)
(0.648071 0.0352627 -2.25664e-23)
(0.655397 0.0351027 4.24622e-23)
(0.662812 0.0349599 3.57984e-24)
(0.670321 0.0348328 7.38658e-23)
(0.677928 0.0347197 1.70849e-23)
(0.685636 0.0346183 -1.02302e-22)
(0.693449 0.0345263 5.1597e-22)
(0.70137 0.0344407 -2.1304e-22)
(0.709402 0.0343586 2.66857e-23)
(0.717545 0.0342762 -6.6346e-23)
(0.725801 0.0341898 -1.05747e-23)
(0.73417 0.0340953 -2.7637e-22)
(0.74265 0.033988 1.46058e-22)
(0.75124 0.0338632 -2.20289e-23)
(0.759933 0.033716 2.88174e-22)
(0.768727 0.0335409 -1.26075e-22)
(0.777612 0.0333327 1.51933e-23)
(0.786581 0.0330857 -2.09576e-22)
(0.795622 0.0327944 1.42562e-22)
(0.804722 0.0324531 -1.25362e-22)
(0.813865 0.0320565 1.33856e-22)
(0.823035 0.0315994 -1.16484e-22)
(0.832211 0.0310768 1.71627e-22)
(0.841372 0.0304845 -1.01059e-22)
(0.850492 0.0298189 3.53816e-23)
(0.859545 0.0290771 2.36944e-23)
(0.868503 0.0282574 4.23388e-23)
(0.877335 0.0273592 5.30856e-24)
(0.88601 0.0263835 -6.57614e-24)
(0.894496 0.0253327 2.06874e-23)
(0.902759 0.0242109 -1.08533e-23)
(0.910766 0.0230241 1.08008e-23)
(0.918487 0.0217798 -8.03278e-25)
(0.925891 0.0204876 1.46843e-24)
(0.932951 0.0191585 1.24185e-25)
(0.939641 0.0178048 -6.18591e-25)
(0.945943 0.01644 -2.58077e-24)
(0.951838 0.0150782 -2.17272e-24)
(0.957318 0.0137335 4.46898e-24)
(0.962371 0.0124204 2.70065e-24)
(0.967009 0.011151 1.56546e-24)
(0.971213 0.00993904 -2.49948e-24)
(0.975034 0.00879149 -1.60227e-24)
(0.978419 0.00772253 -3.22822e-24)
(0.981497 0.00672722 -4.85906e-25)
(0.984109 0.00582882 1.82068e-24)
(0.986575 0.00499365 8.86665e-25)
(0.988435 0.00428268 9.50774e-26)
(0.990512 0.00358463 2.76628e-24)
(0.991533 0.00308357 1.39936e-24)
(0.993638 0.00243789 -1.75865e-23)
(0.611183 0.0335126 1.30059e-23)
(0.618397 0.0332903 -5.15253e-23)
(0.625683 0.0330866 1.86278e-22)
(0.633045 0.0329012 -9.93369e-22)
(0.640486 0.0327336 2.0596e-22)
(0.648013 0.032583 7.92844e-24)
(0.655629 0.0324483 3.88707e-22)
(0.663339 0.0323282 -3.31513e-22)
(0.671147 0.0322211 1.17643e-23)
(0.679057 0.0321248 1.61103e-22)
(0.687072 0.0320372 -9.11626e-23)
(0.695196 0.0319555 -1.76331e-22)
(0.703431 0.0318769 -1.92858e-22)
(0.711778 0.0317982 2.80384e-22)
(0.720239 0.0317156 -2.50433e-22)
(0.728813 0.0316253 3.22213e-22)
(0.737498 0.0315232 -1.66037e-22)
(0.746293 0.0314048 -2.93588e-23)
(0.755194 0.0312655 1.83949e-22)
(0.764193 0.0311003 -2.27328e-22)
(0.773285 0.0309043 2.12641e-22)
(0.782459 0.0306723 -6.57206e-23)
(0.791705 0.0303991 -1.30993e-22)
(0.80101 0.0300796 2.47177e-24)
(0.810356 0.0297088 1.12549e-22)
(0.819727 0.0292819 -3.21286e-23)
(0.829102 0.0287943 -4.94631e-24)
(0.838459 0.0282423 -6.93285e-23)
(0.847772 0.0276223 5.23517e-23)
(0.857014 0.0269319 1.27989e-23)
(0.866157 0.0261695 -3.46466e-23)
(0.875169 0.0253346 -4.91023e-24)
(0.884018 0.0244281 3.36186e-24)
(0.892671 0.0234523 -5.81063e-24)
(0.901095 0.022411 -2.89939e-24)
(0.909257 0.0213098 1.28756e-24)
(0.917125 0.0201558 3.35634e-26)
(0.924667 0.0189578 9.03502e-25)
(0.931857 0.0177259 -4.62233e-26)
(0.938669 0.0164717 1.03594e-24)
(0.945084 0.0152075 2.41707e-24)
(0.951082 0.0139464 7.13801e-26)
(0.956658 0.0127015 6.97752e-25)
(0.961797 0.011486 -2.82669e-24)
(0.966513 0.0103113 -5.2634e-24)
(0.970788 0.00918989 1.02389e-24)
(0.97467 0.00812825 7.76832e-24)
(0.97811 0.00713946 4.63064e-24)
(0.981236 0.00621891 -3.32771e-25)
(0.983888 0.00538809 8.46971e-25)
(0.986391 0.00461582 -1.08141e-23)
(0.98828 0.00395846 -1.52721e-25)
(0.990386 0.00331304 -3.63973e-24)
(0.991423 0.00284987 -1.66212e-24)
(0.993555 0.0022528 2.41423e-23)
(0.60338 0.0308585 4.16322e-22)
(0.610783 0.030652 -1.05137e-21)
(0.618256 0.0304626 1.7909e-22)
(0.625805 0.0302901 -2.05662e-22)
(0.633434 0.030134 1.41268e-22)
(0.641148 0.0299936 -1.84874e-22)
(0.648951 0.0298679 5.21841e-22)
(0.656848 0.0297555 -3.87459e-22)
(0.664843 0.0296551 3.95198e-22)
(0.672941 0.0295646 1.98594e-23)
(0.681144 0.0294821 -1.58593e-22)
(0.689457 0.0294051 -1.98996e-22)
(0.697881 0.0293308 1.88276e-22)
(0.706418 0.0292563 -1.10576e-22)
(0.715069 0.0291783 2.41206e-22)
(0.723833 0.0290931 -3.24702e-22)
(0.73271 0.028997 4.44344e-22)
(0.741697 0.0288858 -2.87195e-22)
(0.750789 0.0287553 1.63233e-22)
(0.75998 0.028601 -2.06997e-22)
(0.769264 0.0284183 5.14735e-23)
(0.77863 0.0282024 4.33398e-23)
(0.788067 0.0279486 9.57868e-23)
(0.797561 0.0276523 9.63009e-24)
(0.807097 0.0273087 1.73382e-23)
(0.816655 0.0269135 -1.37103e-22)
(0.826215 0.0264626 1.09178e-22)
(0.835754 0.0259525 -2.75833e-23)
(0.845246 0.02538 8.9027e-23)
(0.854664 0.0247429 -4.80376e-23)
(0.863979 0.0240397 3.38356e-24)
(0.873158 0.0232702 1.55107e-23)
(0.882169 0.022435 -8.65561e-25)
(0.890978 0.0215364 -1.51937e-23)
(0.899552 0.0205779 -2.58625e-24)
(0.907857 0.0195646 5.015e-24)
(0.915861 0.0185031 1.80134e-24)
(0.923532 0.0174015 3.69798e-25)
(0.930843 0.016269 1.59092e-25)
(0.937768 0.0151164 -1.1236e-24)
(0.944288 0.0139549 -6.05164e-25)
(0.950383 0.0127966 1.44651e-24)
(0.956047 0.0116533 -2.87192e-24)
(0.961266 0.0105372 -3.06961e-25)
(0.966054 0.00945881 3.96832e-24)
(0.970394 0.00842953 -1.87843e-24)
(0.974334 0.00745524 -4.7938e-24)
(0.977824 0.00654791 -4.85919e-24)
(0.980994 0.00570331 -1.50035e-24)
(0.983684 0.00494112 -5.02536e-24)
(0.986221 0.00423269 4.25864e-24)
(0.988136 0.00362974 5.0189e-25)
(0.99027 0.00303773 1.08606e-23)
(0.991321 0.00261299 8.21499e-25)
(0.993479 0.00206527 -1.93044e-23)
(0.596193 0.0281354 -9.58548e-23)
(0.603769 0.0279456 -3.90636e-22)
(0.611415 0.0277715 -4.36147e-22)
(0.619137 0.0276128 4.55338e-22)
(0.626938 0.027469 5.40919e-22)
(0.634825 0.0273395 -5.02145e-22)
(0.6428 0.0272235 4.97003e-23)
(0.65087 0.0271196 1.46692e-22)
(0.659038 0.0270265 -7.65156e-23)
(0.667309 0.0269426 1.32015e-22)
(0.675686 0.0268659 -4.59441e-22)
(0.684172 0.0267941 7.30068e-22)
(0.69277 0.0267248 -1.40297e-22)
(0.701482 0.0266553 3.73698e-23)
(0.710308 0.0265825 -3.82002e-22)
(0.719249 0.0265031 -3.73444e-24)
(0.728302 0.0264138 1.42854e-22)
(0.737465 0.0263107 -1.25481e-22)
(0.746734 0.0261899 1.80875e-22)
(0.756102 0.0260474 -1.91806e-22)
(0.765563 0.0258789 -9.44227e-23)
(0.775106 0.0256802 2.75355e-22)
(0.784719 0.025447 -1.51796e-22)
(0.794388 0.0251749 -3.5239e-23)
(0.804097 0.0248599 3.38282e-23)
(0.813828 0.0244979 2.95231e-23)
(0.823559 0.0240852 -1.44189e-23)
(0.833266 0.0236186 -4.64641e-23)
(0.842923 0.0230953 4.07381e-23)
(0.852503 0.0225133 -3.52902e-23)
(0.861976 0.0218712 1.77102e-23)
(0.871308 0.0211689 -1.54682e-23)
(0.880469 0.0204071 1.16965e-23)
(0.889422 0.0195876 -1.00202e-23)
(0.898134 0.018714 6.19384e-24)
(0.906571 0.0177907 -3.92262e-24)
(0.9147 0.0168238 1.3107e-24)
(0.92249 0.0158206 -1.84437e-24)
(0.929912 0.0147897 5.24113e-25)
(0.93694 0.0137406 1.73886e-24)
(0.943556 0.0126837 -1.01941e-24)
(0.94974 0.0116299 5.14526e-25)
(0.955485 0.01059 -8.16355e-25)
(0.960779 0.0095751 2.71439e-25)
(0.965633 0.00859455 -2.97222e-24)
(0.970032 0.00765882 2.93447e-24)
(0.974025 0.00677319 1.03668e-24)
(0.977562 0.00594854 -1.10966e-24)
(0.980773 0.00518098 6.95697e-24)
(0.983498 0.00448837 2.57395e-24)
(0.986066 0.00384468 -7.3965e-25)
(0.988005 0.00329686 -3.24858e-25)
(0.990163 0.002759 -8.49732e-24)
(0.991227 0.00237317 -2.63838e-24)
(0.99341 0.00187549 3.65846e-24)
(0.589648 0.025349 -3.62369e-22)
(0.597382 0.0251768 -5.30699e-23)
(0.605186 0.0250187 1.76446e-22)
(0.613065 0.0248746 1.34052e-22)
(0.621023 0.0247439 -1.25508e-22)
(0.629067 0.0246261 -1.95865e-22)
(0.637199 0.0245203 4.1159e-22)
(0.645426 0.0244256 -2.26924e-22)
(0.653752 0.0243406 -4.91044e-22)
(0.66218 0.0242638 -1.32251e-22)
(0.670715 0.0241934 4.47712e-22)
(0.67936 0.0241275 -1.17023e-22)
(0.688117 0.0240639 -9.52668e-23)
(0.696988 0.0239999 2.99626e-22)
(0.705974 0.023933 -2.81545e-22)
(0.715075 0.0238602 3.49997e-23)
(0.724289 0.0237782 -1.76679e-23)
(0.733613 0.0236839 6.82506e-23)
(0.743043 0.0235736 1.18245e-22)
(0.752573 0.0234437 -6.12859e-23)
(0.762194 0.0232905 -5.39447e-23)
(0.771898 0.02311 1.392e-23)
(0.781671 0.0228983 1.02106e-22)
(0.7915 0.0226517 -2.29592e-24)
(0.801368 0.0223665 5.90063e-27)
(0.811256 0.0220389 1.45234e-24)
(0.821142 0.0216658 6.86387e-25)
(0.831002 0.0212442 -4.63947e-23)
(0.84081 0.0207717 5.23577e-24)
(0.850538 0.0202464 3.95225e-23)
(0.860154 0.0196672 -2.40562e-23)
(0.869627 0.0190339 -2.14468e-23)
(0.878923 0.0183472 8.77512e-24)
(0.888007 0.0176088 1.68991e-23)
(0.896845 0.0168219 -8.56484e-24)
(0.905402 0.0159905 -5.89243e-25)
(0.913645 0.0151201 3.33873e-25)
(0.921542 0.0142172 1.01801e-25)
(0.929065 0.0132897 3.41813e-26)
(0.936189 0.012346 -1.90118e-25)
(0.942892 0.0113955 -9.95666e-25)
(0.949157 0.0104479 6.88103e-25)
(0.954976 0.00951305 2.06092e-24)
(0.960336 0.00860077 -1.01958e-24)
(0.965251 0.00771951 2.6491e-24)
(0.969704 0.00687864 -3.26605e-24)
(0.973745 0.00608289 1.97129e-24)
(0.977324 0.00534201 1.43432e-24)
(0.980572 0.00465249 -8.31225e-26)
(0.983328 0.00403035 -3.23411e-26)
(0.985925 0.0034522 4.56925e-24)
(0.987885 0.0029602 -2.43908e-25)
(0.990067 0.00247713 7.2297e-24)
(0.991142 0.00213067 2.73637e-24)
(0.993347 0.00168366 1.44727e-23)
(0.583768 0.0225052 2.32736e-23)
(0.591644 0.0223513 5.64174e-24)
(0.599589 0.0222101 1.03838e-22)
(0.60761 0.0220812 -9.18673e-22)
(0.615709 0.0219643 7.552e-22)
(0.623894 0.0218588 9.49963e-23)
(0.632168 0.021764 -7.45784e-22)
(0.640536 0.021679 7.1661e-22)
(0.649003 0.0216026 -3.98126e-22)
(0.657573 0.0215335 -3.95358e-22)
(0.66625 0.0214701 3.57036e-22)
(0.675038 0.0214106 -3.59692e-23)
(0.683937 0.0213531 -1.96997e-23)
(0.692952 0.0212953 1.28584e-22)
(0.702082 0.0212348 5.17208e-23)
(0.711326 0.0211691 -2.40342e-22)
(0.720685 0.0210953 1.25272e-22)
(0.730153 0.0210104 -7.93062e-23)
(0.739728 0.0209113 5.94784e-23)
(0.749403 0.0207948 -6.67298e-23)
(0.75917 0.0206576 -4.6777e-23)
(0.769018 0.0204962 8.45741e-23)
(0.778936 0.0203071 1.60477e-23)
(0.788908 0.020087 -5.63969e-23)
(0.798918 0.0198326 -1.76276e-23)
(0.808947 0.0195407 2.73921e-23)
(0.818973 0.0192085 2.24081e-23)
(0.828971 0.0188332 -1.18052e-23)
(0.838914 0.0184128 -1.4047e-23)
(0.848774 0.0179457 1.77379e-23)
(0.85852 0.017431 -2.64017e-23)
(0.868118 0.0168683 4.14469e-23)
(0.877536 0.0162583 -1.29563e-23)
(0.886738 0.0156028 6.63514e-24)
(0.895688 0.0149042 6.25753e-24)
(0.904353 0.0141665 -3.31092e-24)
(0.912698 0.0133943 2.46182e-24)
(0.920692 0.0125935 -7.88895e-26)
(0.928307 0.011771 1.34981e-25)
(0.935515 0.0109344 -3.05466e-24)
(0.942297 0.0100918 2.26684e-25)
(0.948634 0.00925208 -3.54522e-25)
(0.954519 0.00842366 -1.54467e-24)
(0.959939 0.0076154 -2.6038e-24)
(0.964909 0.00683472 1.73043e-24)
(0.96941 0.0060899 -2.37246e-25)
(0.973494 0.00538514 -2.14378e-24)
(0.977111 0.00472902 -1.62158e-26)
(0.980392 0.00411845 1.6635e-24)
(0.983177 0.00356758 -1.18246e-25)
(0.985799 0.0030557 -2.3633e-24)
(0.987779 0.00262012 5.68813e-27)
(0.98998 0.00219245 -7.39464e-24)
(0.991067 0.00188577 -1.72523e-24)
(0.99329 0.00148999 -1.42259e-23)
(0.578575 0.0196101 1.28729e-21)
(0.586576 0.0194754 2.57529e-22)
(0.594647 0.0193516 -1.32647e-21)
(0.602792 0.0192386 9.25835e-22)
(0.611016 0.019136 -5.33682e-23)
(0.619325 0.0190434 -5.03189e-23)
(0.627724 0.0189602 -4.74063e-24)
(0.636217 0.0188854 1.24194e-22)
(0.644809 0.0188181 1.29364e-22)
(0.653505 0.0187572 -1.50642e-22)
(0.662308 0.0187012 8.55671e-23)
(0.671221 0.0186487 -4.02381e-23)
(0.680247 0.0185978 2.19041e-22)
(0.689388 0.0185467 -6.84739e-23)
(0.698644 0.0184932 -1.0032e-22)
(0.708016 0.0184351 -1.86616e-23)
(0.717502 0.0183699 -1.68357e-23)
(0.727099 0.0182951 7.4526e-23)
(0.736802 0.0182079 1.04557e-23)
(0.746605 0.0181055 -2.15101e-23)
(0.7565 0.0179851 -8.36955e-23)
(0.766476 0.0178435 -2.66773e-23)
(0.776521 0.0176779 -2.64923e-25)
(0.78662 0.0174852 1.74478e-23)
(0.796756 0.0172627 -1.7588e-23)
(0.80691 0.0170075 7.00998e-24)
(0.817058 0.0167172 5.62459e-23)
(0.827178 0.0163895 -2.74835e-23)
(0.837241 0.0160226 4.76034e-24)
(0.847218 0.015615 -8.38298e-24)
(0.857078 0.015166 -1.67103e-23)
(0.866787 0.0146754 1.0944e-23)
(0.876313 0.0141437 -1.18768e-23)
(0.885618 0.0135724 1.64462e-25)
(0.894668 0.0129639 -5.22107e-26)
(0.903428 0.0123213 -1.77774e-24)
(0.911864 0.0116488 -5.89737e-25)
(0.919943 0.0109517 -2.94509e-25)
(0.927638 0.0102357 -1.55707e-26)
(0.934921 0.00950761 -7.08984e-26)
(0.941772 0.00877447 -4.60033e-25)
(0.948173 0.00804387 7.13242e-25)
(0.954117 0.00732323 1.23639e-24)
(0.95959 0.0066202 1.74436e-24)
(0.964607 0.00594125 -3.37011e-24)
(0.969151 0.00529355 -1.25313e-24)
(0.973273 0.00468074 5.64582e-25)
(0.976923 0.00411028 1.1533e-24)
(0.980234 0.00357946 -2.89893e-24)
(0.983043 0.00310058 -8.44013e-25)
(0.985688 0.00265561 -2.11193e-24)
(0.987685 0.00227699 2.40946e-25)
(0.989904 0.00190526 -1.18363e-24)
(0.991 0.00163872 8.31029e-25)
(0.993241 0.00129468 4.40639e-24)
(0.574088 0.0166702 3.39793e-22)
(0.582197 0.0165552 7.47443e-23)
(0.590375 0.0164494 -5.91891e-22)
(0.598628 0.0163529 3.54319e-22)
(0.606961 0.0162652 -2.02559e-22)
(0.615378 0.016186 3.36878e-24)
(0.623884 0.0161147 -2.48976e-23)
(0.632486 0.0160506 -7.13595e-23)
(0.641186 0.015993 -2.65323e-22)
(0.64999 0.0159406 2.60132e-24)
(0.658901 0.0158925 1.56427e-22)
(0.667923 0.0158473 -1.9872e-22)
(0.677058 0.0158035 7.79618e-23)
(0.686308 0.0157595 3.61258e-23)
(0.695675 0.0157135 1.13342e-22)
(0.705157 0.0156635 -9.45892e-23)
(0.714753 0.0156075 6.76438e-24)
(0.72446 0.0155433 -9.88684e-23)
(0.734274 0.0154685 1.98228e-22)
(0.744188 0.0153809 -7.09853e-23)
(0.754193 0.0152778 -1.098e-23)
(0.76428 0.0151568 1.14676e-23)
(0.774435 0.0150153 4.43852e-23)
(0.784644 0.0148509 1.3439e-23)
(0.794889 0.0146611 5.20306e-23)
(0.80515 0.0144436 -1.00138e-22)
(0.815405 0.0141963 -7.43838e-24)
(0.82563 0.0139172 2.79068e-23)
(0.835796 0.0136048 -6.38124e-24)
(0.845874 0.0132579 -5.44276e-24)
(0.855833 0.0128759 -1.26537e-23)
(0.865638 0.0124586 -5.58142e-24)
(0.875257 0.0120065 3.82422e-24)
(0.884652 0.0115208 -1.5803e-24)
(0.893788 0.0110036 -2.26367e-24)
(0.90263 0.0104575 -1.2386e-24)
(0.911144 0.00988621 1.50982e-24)
(0.919297 0.009294 -4.36394e-25)
(0.927061 0.00868592 -2.62972e-25)
(0.934408 0.00806761 1.0734e-24)
(0.941319 0.00744512 1.31404e-24)
(0.947775 0.00682486 2.69301e-24)
(0.95377 0.00621313 4.59646e-25)
(0.959289 0.00561642 -1.43631e-24)
(0.964347 0.0050402 1.70691e-24)
(0.968928 0.00449055 1.21686e-24)
(0.973083 0.00397056 -1.71059e-24)
(0.976762 0.00348652 -1.86667e-25)
(0.980097 0.00303616 -2.00491e-24)
(0.982928 0.00262988 1.12737e-24)
(0.985592 0.0022524 -6.50085e-25)
(0.987604 0.00193122 1.64228e-25)
(0.989838 0.00161588 4.07178e-24)
(0.990942 0.0013898 1.53876e-24)
(0.993198 0.00109794 1.76646e-24)
(0.570322 0.013692 -2.32476e-22)
(0.578522 0.0135972 -2.76916e-22)
(0.586792 0.01351 4.46937e-22)
(0.595135 0.0134304 -7.8326e-23)
(0.603558 0.013358 3.38371e-23)
(0.612066 0.0132926 -1.4351e-22)
(0.620663 0.0132337 3.8751e-22)
(0.629354 0.0131808 -1.77674e-22)
(0.638145 0.013133 1.35661e-22)
(0.64704 0.0130897 -2.98869e-22)
(0.656042 0.0130499 -3.85211e-23)
(0.665156 0.0130124 1.43592e-22)
(0.674382 0.012976 3.19505e-23)
(0.683725 0.0129395 -6.93679e-24)
(0.693183 0.0129013 6.14299e-23)
(0.702758 0.0128598 -1.52893e-22)
(0.712447 0.0128134 -3.75233e-23)
(0.722247 0.0127603 6.39769e-23)
(0.732153 0.0126984 -6.97355e-23)
(0.74216 0.012626 7.60712e-25)
(0.752258 0.0125409 1.476e-22)
(0.762438 0.0124411 -5.01426e-23)
(0.772685 0.0123244 -1.96609e-23)
(0.782986 0.012189 -2.64097e-23)
(0.793322 0.0120326 4.37691e-24)
(0.803674 0.0118536 -8.58051e-24)
(0.814019 0.01165 1.46157e-23)
(0.824332 0.0114204 5.23621e-25)
(0.834584 0.0111635 -7.13968e-24)
(0.844747 0.0108784 2.62594e-23)
(0.854789 0.0105644 1.6826e-24)
(0.864675 0.0102214 4.02445e-24)
(0.874371 0.00985002 3.94722e-24)
(0.883842 0.0094511 -7.49568e-24)
(0.89305 0.00902631 1.00934e-24)
(0.901961 0.00857794 9.57718e-25)
(0.91054 0.00810892 6.90817e-25)
(0.918755 0.00762281 1.48106e-26)
(0.926577 0.00712373 1.81227e-25)
(0.933979 0.00661632 -4.85634e-25)
(0.94094 0.00610555 -9.88728e-25)
(0.947443 0.00559665 2.34862e-25)
(0.953479 0.00509481 7.92892e-26)
(0.959037 0.00460533 -7.70926e-25)
(0.96413 0.00413269 -3.88599e-25)
(0.968741 0.00368189 1.23111e-24)
(0.972924 0.00325543 9.05022e-25)
(0.976626 0.0028585 1.57479e-24)
(0.979983 0.00248919 7.48208e-25)
(0.982832 0.00215605 -7.35663e-25)
(0.985512 0.00184653 3.43506e-24)
(0.987537 0.00158319 -1.03857e-25)
(0.989784 0.00132464 1.07905e-24)
(0.990894 0.00113929 6.04713e-25)
(0.993162 0.00089998 -5.85608e-25)
(0.567293 0.0106823 -3.65736e-22)
(0.575566 0.0106081 -4.1471e-23)
(0.583908 0.0105399 -4.10526e-23)
(0.592325 0.0104775 -2.2061e-22)
(0.600821 0.0104209 1.5252e-22)
(0.609401 0.0103696 1.3961e-22)
(0.618071 0.0103235 1.40537e-22)
(0.626836 0.010282 -1.05784e-23)
(0.6357 0.0102445 -2.93939e-22)
(0.644667 0.0102105 2.59877e-22)
(0.653743 0.0101792 -2.05902e-22)
(0.66293 0.0101497 2.48207e-22)
(0.67223 0.0101211 -4.54414e-23)
(0.681647 0.0100924 -1.46935e-22)
(0.691179 0.0100623 1.21618e-22)
(0.700828 0.0100297 -1.77849e-23)
(0.710592 0.00999326 3.43802e-23)
(0.720466 0.00995152 -5.69174e-23)
(0.730448 0.00990302 4.58248e-23)
(0.740529 0.00984622 1.42769e-23)
(0.750702 0.00977955 -2.1688e-23)
(0.760956 0.00970139 3.06526e-23)
(0.771278 0.00961012 -4.29905e-24)
(0.781653 0.00950416 6.3871e-24)
(0.792063 0.00938193 -2.07915e-23)
(0.802487 0.00924197 3.31103e-24)
(0.812904 0.00908292 3.0253e-23)
(0.823288 0.00890358 -1.26284e-23)
(0.83361 0.00870295 -5.68496e-24)
(0.843842 0.00848029 3.98982e-24)
(0.85395 0.00823518 -7.85507e-24)
(0.863901 0.00796754 -9.8889e-24)
(0.87366 0.0076777 7.63595e-24)
(0.883191 0.00736645 -2.49258e-24)
(0.892457 0.00703507 1.69726e-24)
(0.901424 0.00668535 2.54359e-24)
(0.910056 0.00631956 -1.06732e-24)
(0.91832 0.00594048 -6.63324e-27)
(0.926189 0.00555134 2.86655e-25)
(0.933634 0.00515575 -3.03983e-25)
(0.940636 0.00475756 -8.50401e-25)
(0.947175 0.00436087 -1.41878e-24)
(0.953246 0.00396972 -1.21376e-25)
(0.958834 0.00358822 1.81621e-24)
(0.963955 0.00321988 1.55548e-24)
(0.968591 0.00286857 -7.24273e-25)
(0.972796 0.00253625 -1.24839e-24)
(0.976518 0.00222695 -1.43412e-24)
(0.979892 0.0019392 1.59998e-24)
(0.982755 0.00167963 2.98774e-25)
(0.985448 0.00143848 -1.25871e-24)
(0.987482 0.00123331 -1.47736e-25)
(0.98974 0.00103188 -1.33858e-24)
(0.990856 0.000887482 -1.979e-24)
(0.993133 0.000701028 -3.31311e-24)
(0.565011 0.00764792 2.47016e-23)
(0.573339 0.00759468 3.34485e-23)
(0.581736 0.00754571 1.61567e-22)
(0.590208 0.00750096 1.30399e-22)
(0.598758 0.00746028 -1.61868e-24)
(0.607394 0.00742349 -9.35068e-23)
(0.616119 0.00739034 -2.42912e-24)
(0.624938 0.0073605 -5.12526e-23)
(0.633857 0.00733358 -1.05773e-22)
(0.64288 0.00730911 6.75305e-23)
(0.652011 0.00728657 7.23475e-23)
(0.661253 0.00726534 -1.23924e-22)
(0.670609 0.00724475 1.56714e-22)
(0.680081 0.00722405 -7.34045e-23)
(0.68967 0.0072024 -1.71998e-23)
(0.699375 0.00717893 2.95999e-24)
(0.709194 0.00715269 2.49977e-23)
(0.719125 0.00712266 -3.72083e-23)
(0.729163 0.00708779 3.57894e-23)
(0.739301 0.00704699 -8.70536e-23)
(0.74953 0.0069991 2.92848e-23)
(0.75984 0.006943 -1.47739e-23)
(0.770219 0.00687751 4.96053e-24)
(0.780649 0.0068015 -1.04395e-23)
(0.791114 0.00671385 9.63439e-24)
(0.801594 0.00661351 2.40746e-24)
(0.812065 0.00649951 -9.90961e-26)
(0.822502 0.00637099 -5.04057e-24)
(0.832877 0.00622725 2.04996e-24)
(0.843159 0.00606775 -4.71835e-24)
(0.853318 0.00589219 5.88067e-24)
(0.863318 0.00570052 -3.95423e-24)
(0.873124 0.00549298 -2.80884e-25)
(0.882701 0.00527014 3.1693e-25)
(0.892011 0.00503291 1.15644e-25)
(0.901019 0.00478257 -3.27523e-25)
(0.90969 0.00452076 6.31304e-26)
(0.917993 0.00424946 5.51726e-26)
(0.925896 0.00397098 -1.9503e-25)
(0.933374 0.00368791 6.61552e-26)
(0.940406 0.003403 1.43622e-24)
(0.946974 0.00311918 1.90176e-25)
(0.95307 0.00283933 1.37604e-24)
(0.958682 0.00256641 -1.10224e-24)
(0.963823 0.00230291 -1.24974e-24)
(0.968479 0.00205161 7.71196e-25)
(0.972699 0.0018139 1.86965e-24)
(0.976436 0.00159267 7.04885e-26)
(0.979823 0.00138685 -6.95729e-25)
(0.982697 0.0012012 4.90209e-25)
(0.985399 0.00102872 -7.77375e-26)
(0.987442 0.000881986 5.97659e-26)
(0.989707 0.000737919 1.21525e-24)
(0.990827 0.000634653 3.64165e-25)
(0.993112 0.000501298 -2.48323e-25)
(0.563485 0.00459583 -1.65023e-22)
(0.57185 0.00456378 2.4885e-22)
(0.580284 0.00453432 -1.48103e-22)
(0.588792 0.00450738 4.86836e-23)
(0.597379 0.00448289 2.8876e-23)
(0.606051 0.00446074 4.59541e-23)
(0.614813 0.00444077 -4.19425e-23)
(0.623669 0.0044228 5.99872e-23)
(0.632625 0.00440657 -1.77233e-23)
(0.641685 0.00439183 -1.52926e-23)
(0.650853 0.00437823 -3.29601e-23)
(0.660132 0.00436543 -2.82616e-23)
(0.669525 0.00435301 5.96358e-23)
(0.679034 0.00434052 -2.12847e-23)
(0.68866 0.00432746 1.16414e-23)
(0.698403 0.0043133 5.81069e-23)
(0.70826 0.00429748 -4.80812e-23)
(0.718229 0.00427938 1.67139e-23)
(0.728304 0.00425837 1.73775e-24)
(0.73848 0.00423378 1.88594e-23)
(0.748747 0.00420495 -2.79233e-23)
(0.759094 0.00417118 2.39098e-23)
(0.76951 0.00413177 4.6519e-24)
(0.779978 0.00408603 -1.56633e-24)
(0.79048 0.0040333 5.42747e-24)
(0.800996 0.00397295 -1.31498e-23)
(0.811504 0.00390439 5.31331e-24)
(0.821976 0.00382712 -9.90519e-24)
(0.832386 0.0037407 1.47576e-23)
(0.842704 0.00364482 -3.88163e-24)
(0.852895 0.00353929 -3.006e-24)
(0.862928 0.00342409 5.70058e-24)
(0.872766 0.00329937 3.01854e-24)
(0.882373 0.00316545 2.01066e-24)
(0.891712 0.00302291 -9.13428e-25)
(0.900748 0.00287249 -1.1329e-25)
(0.909446 0.00271519 2.05759e-25)
(0.917774 0.00255221 2.6782e-26)
(0.925701 0.00238491 1.65933e-26)
(0.933201 0.00221486 -2.3306e-25)
(0.940253 0.00204372 -4.16043e-25)
(0.946839 0.00187324 3.72473e-25)
(0.952953 0.00170515 -4.10818e-25)
(0.95858 0.00154123 -2.55508e-25)
(0.963736 0.00138297 -1.54115e-25)
(0.968403 0.00123204 -4.09823e-25)
(0.972635 0.00108928 -3.62965e-25)
(0.976381 0.000956417 3.29331e-25)
(0.979777 0.000832812 -4.36595e-25)
(0.982658 0.00072132 -4.96562e-25)
(0.985367 0.000617743 2.60385e-25)
(0.987414 0.000529623 -1.2075e-26)
(0.989685 0.000443107 -6.17593e-25)
(0.990808 0.000381095 5.53405e-26)
(0.993098 0.000301011 -5.59217e-25)
(0.56272 0.00153309 4.47763e-23)
(0.571104 0.00152239 -1.44697e-23)
(0.579556 0.00151256 3.87496e-23)
(0.588083 0.00150357 -4.83923e-23)
(0.596689 0.00149539 4.02498e-23)
(0.605379 0.001488 -1.88391e-23)
(0.614159 0.00148133 -9.72778e-24)
(0.623034 0.00147533 -2.01613e-23)
(0.632008 0.00146991 6.16092e-23)
(0.641086 0.00146498 -2.46668e-24)
(0.650273 0.00146044 -3.12554e-23)
(0.65957 0.00145616 4.74287e-24)
(0.668982 0.00145201 1.60149e-23)
(0.67851 0.00144784 8.89968e-25)
(0.688155 0.00144348 -1.1302e-23)
(0.697916 0.00143874 -2.50672e-23)
(0.707792 0.00143346 1.91278e-23)
(0.717779 0.00142741 -4.4816e-24)
(0.727874 0.00142039 -8.46015e-24)
(0.738068 0.00141218 -5.34406e-25)
(0.748354 0.00140256 4.49196e-24)
(0.758721 0.00139128 2.17498e-24)
(0.769155 0.00137813 8.09042e-25)
(0.779642 0.00136286 -3.7162e-25)
(0.790162 0.00134526 -3.1978e-25)
(0.800697 0.00132512 5.26349e-24)
)
;

boundaryField
{
    inlet
    {
        type            uniformFixedValue;
        uniformValue    constant (1 0 0);
        value           nonuniform 0();
    }
    outlet
    {
        type            pressureInletOutletVelocity;
        value           nonuniform List<vector> 
49
(
(0.997488 0.00599048 -6.74834e-25)
(0.997315 0.00591932 1.52492e-24)
(0.997143 0.00584284 -2.7812e-24)
(0.996971 0.00576156 2.22836e-24)
(0.9968 0.00567537 -5.68652e-24)
(0.996631 0.00558419 4.156e-24)
(0.996463 0.00548804 5.62943e-24)
(0.996296 0.00538697 2.51292e-24)
(0.996131 0.005281 -1.19744e-23)
(0.995969 0.00517018 5.14214e-24)
(0.995808 0.00505456 -4.41752e-25)
(0.99565 0.00493419 -2.72479e-24)
(0.995494 0.00480913 1.08491e-24)
(0.995342 0.00467946 -1.39863e-25)
(0.995192 0.00454526 1.74201e-24)
(0.995046 0.0044066 -1.52377e-23)
(0.994904 0.00426359 1.16149e-23)
(0.994765 0.00411633 -4.49308e-24)
(0.994631 0.00396492 -6.59035e-24)
(0.9945 0.00380949 2.33099e-23)
(0.994374 0.00365017 -1.8691e-23)
(0.994253 0.00348707 2.3545e-23)
(0.994137 0.00332036 -2.52528e-23)
(0.994026 0.00315017 9.04481e-24)
(0.99392 0.00297666 6.73509e-24)
(0.99382 0.0028 8.38394e-24)
(0.993726 0.00262035 -4.15443e-24)
(0.993638 0.00243789 -1.75865e-23)
(0.993555 0.0022528 2.41423e-23)
(0.993479 0.00206527 -1.93044e-23)
(0.99341 0.00187549 3.65846e-24)
(0.993347 0.00168366 1.44727e-23)
(0.99329 0.00148999 -1.42259e-23)
(0.993241 0.00129468 4.40639e-24)
(0.993198 0.00109794 1.76646e-24)
(0.993162 0.00089998 -5.85608e-25)
(0.993133 0.000701028 -3.31311e-24)
(0.993112 0.000501298 -2.48323e-25)
(0.993098 0.000301011 -5.59217e-25)
(0.998607 0.00630515 0)
(0.998487 0.0062806 0)
(0.99837 0.00625453 0)
(0.998255 0.00622707 0)
(0.998143 0.00619835 0)
(0.998034 0.00616849 0)
(0.997928 0.0061376 0)
(0.997824 0.00610583 0)
(0.997722 0.00607332 0)
(0.997623 0.00603984 0)
)
;
    }
    cylinder
    {
        type            fixedValue;
        value           nonuniform 0();
    }
    top
    {
        type            symmetryPlane;
    }
    bottom
    {
        type            symmetryPlane;
    }
    defaultFaces
    {
        type            empty;
    }
    procBoundary7to3
    {
        type            processor;
        value           nonuniform List<vector> 
53
(
(0.992384 0.0661559 0)
(0.992161 0.0650651 0)
(0.992008 0.0637764 0)
(0.991927 0.0622814 0)
(0.991915 0.0605749 0)
(0.991969 0.0586554 0)
(0.992085 0.0565257 0)
(0.99226 0.0541935 0)
(0.992489 0.0516719 0)
(0.992764 0.0489794 0)
(0.99308 0.0461395 0)
(0.993429 0.0431815 0)
(0.993805 0.0401376 0)
(0.994198 0.0370451 0)
(0.994606 0.0339404 0)
(0.995015 0.0308648 0)
(0.995429 0.0278515 0)
(0.995828 0.0249429 0)
(0.996229 0.0221577 0)
(0.996595 0.0195434 0)
(0.996971 0.0170844 0)
(0.997284 0.0148562 0)
(0.997636 0.0127637 0)
(0.997874 0.0109829 0)
(0.998219 0.009219 0)
(0.998351 0.00795462 0)
(0.998729 0.00632804 0)
(1.01206 0.0656497 0)
(1.01041 0.0657838 0)
(1.00882 0.0659424 0)
(1.0073 0.0661256 0)
(1.00584 0.0663325 0)
(1.00444 0.066562 0)
(1.0031 0.0668116 0)
(1.00182 0.0670786 0)
(1.00061 0.0673591 0)
(0.999453 0.0676484 0)
(0.998357 0.067941 0)
(0.99732 0.0682302 0)
(0.996343 0.0685087 0)
(0.995426 0.068768 0)
(0.99457 0.068999 0)
(0.993775 0.0691912 0)
(0.993043 0.0693335 0)
(0.992373 0.069414 0)
(0.991769 0.0694197 0)
(0.99123 0.0693373 0)
(0.990758 0.0691526 0)
(0.990355 0.068851 0)
(0.990022 0.0684177 0)
(0.989759 0.067838 0)
(0.989567 0.0670974 0)
(0.989567 0.0670974 0)
)
;
    }
    procBoundary7to6
    {
        type            processor;
        value           nonuniform List<vector> 
52
(
(1.00692 0.065906 0)
(1.00012 0.066238 0)
(0.993386 0.0665366 0)
(0.986721 0.066803 0)
(0.980132 0.0670386 0)
(0.973624 0.0672446 0)
(0.9672 0.0674215 0)
(0.960866 0.0675706 0)
(0.954623 0.0676987 0)
(0.946221 0.0678614 1.96631e-21)
(0.934819 0.0679472 8.84521e-23)
(0.923203 0.0679309 -5.39206e-21)
(0.911388 0.0678331 4.71876e-24)
(0.899394 0.0676514 2.9604e-21)
(0.887237 0.06738 -3.89237e-21)
(0.887237 0.06738 -3.89237e-21)
(0.873804 0.067217 -3.53646e-22)
(0.861094 0.0667704 -3.56189e-21)
(0.848286 0.0662244 1.07923e-21)
(0.835404 0.0655767 4.81947e-22)
(0.822476 0.0648252 -4.00698e-21)
(0.80953 0.063968 -3.67413e-21)
(0.796596 0.0630038 9.87278e-22)
(0.796596 0.0630038 9.87278e-22)
(0.780528 0.0622364 -1.98294e-22)
(0.767404 0.0610599 -4.89227e-22)
(0.754388 0.0597726 -2.78576e-22)
(0.741515 0.0583746 1.15863e-21)
(0.728821 0.0568662 -2.40803e-21)
(0.716342 0.0552483 -1.91503e-21)
(0.704112 0.053522 -1.15599e-21)
(0.692169 0.0516891 5.38802e-23)
(0.680549 0.0497515 -2.55692e-22)
(0.680549 0.0497515 -2.55692e-22)
(0.663541 0.0480306 3.52991e-22)
(0.652411 0.0458817 -3.54639e-22)
(0.641721 0.0436352 7.98335e-22)
(0.631504 0.0412949 9.99697e-22)
(0.621796 0.0388649 -6.46423e-22)
(0.612629 0.0363495 -2.46641e-22)
(0.604035 0.0337535 2.87206e-22)
(0.596044 0.0310822 4.47863e-22)
(0.588684 0.0283409 -5.58355e-22)
(0.58198 0.0255353 5.59294e-22)
(0.575958 0.0226716 -5.36773e-23)
(0.570639 0.0197558 7.11907e-22)
(0.566043 0.0167946 -4.65509e-22)
(0.562186 0.0137946 3.65112e-22)
(0.559084 0.0107625 -4.56864e-23)
(0.556746 0.00770547 1.90806e-22)
(0.555183 0.00463045 1.26688e-22)
(0.5544 0.00154465 6.14044e-24)
)
;
    }
    procBoundary7to11
    {
        type            processor;
        value           nonuniform List<vector> 
56
(
(0.56272 -0.00153318 -4.29504e-23)
(0.571104 -0.00152248 9.82498e-24)
(0.579556 -0.00151264 -2.53755e-23)
(0.588083 -0.00150364 5.74996e-23)
(0.596689 -0.00149546 -6.81636e-23)
(0.605379 -0.00148807 -1.54925e-25)
(0.614159 -0.0014814 2.00043e-23)
(0.623034 -0.00147539 -2.988e-24)
(0.632008 -0.00146997 -2.00569e-23)
(0.641086 -0.00146504 1.18615e-23)
(0.650273 -0.00146049 2.73626e-24)
(0.65957 -0.00145621 3.10007e-23)
(0.668982 -0.00145206 -1.36058e-23)
(0.67851 -0.00144788 -7.77399e-24)
(0.688155 -0.00144351 2.80868e-24)
(0.697916 -0.00143878 1.29602e-23)
(0.707792 -0.00143349 -3.03549e-23)
(0.717779 -0.00142744 1.41082e-23)
(0.727874 -0.00142042 2.14713e-24)
(0.738068 -0.00141221 -6.0962e-24)
(0.748354 -0.00140258 -1.40081e-24)
(0.758721 -0.0013913 1.54798e-24)
(0.769155 -0.00137814 2.37244e-24)
(0.779642 -0.00136288 -1.66479e-25)
(0.790162 -0.00134528 3.6075e-24)
(0.800697 -0.00132514 -4.29952e-24)
(0.811222 0.00130224 1.86197e-24)
(0.821713 0.00127646 -9.5442e-25)
(0.832141 0.00124763 3.07668e-25)
(0.842475 0.00121564 1.20071e-24)
(0.852684 0.00118044 1.21754e-24)
(0.862733 0.00114201 -3.54513e-25)
(0.872587 0.00110041 1.53823e-24)
(0.882209 0.00105574 9.22762e-26)
(0.891563 0.00100819 -5.91346e-25)
(0.900613 0.000958025 3.76727e-25)
(0.909324 0.000905561 -9.38498e-26)
(0.917664 0.0008512 -1.51645e-26)
(0.925603 0.000795405 -4.56925e-26)
(0.933114 0.000738691 1.33527e-25)
(0.940177 0.000681613 1.37335e-25)
(0.946772 0.000624756 1.74887e-25)
(0.952894 0.000568697 -1.18118e-25)
(0.958529 0.000514027 -1.10623e-26)
(0.963691 0.000461246 -8.50059e-26)
(0.968365 0.000410909 2.56658e-26)
(0.972603 0.000363296 -2.96833e-25)
(0.976354 0.000318983 -1.0442e-25)
(0.979754 0.000277759 -8.75573e-26)
(0.982639 0.000240574 -9.93445e-26)
(0.985351 0.000206029 -2.68926e-25)
(0.987401 0.000176638 3.06412e-27)
(0.989673 0.000147783 2.55548e-25)
(0.990798 0.0001271 -1.69235e-25)
(0.99309 0.000100389 -8.9459e-25)
(0.811222 0.00130224 1.86197e-24)
)
;
    }
}


// ************************************************************************* //
