/*--------------------------------*- C++ -*----------------------------------*\
  =========                 |
  \\      /  F ield         | OpenFOAM: The Open Source CFD Toolbox
   \\    /   O peration     | Website:  https://openfoam.org
    \\  /    A nd           | Version:  7
     \\/     M anipulation  |
\*---------------------------------------------------------------------------*/
FoamFile
{
    version     2.0;
    format      ascii;
    class       volVectorField;
    location    "30";
    object      U;
}
// * * * * * * * * * * * * * * * * * * * * * * * * * * * * * * * * * * * * * //

dimensions      [0 1 -1 0 0 0 0];

internalField   nonuniform List<vector> 
2625
(
(0.96836 0.0278788 0)
(0.967583 0.0272543 0)
(0.966848 0.0266431 0)
(0.966152 0.0260452 0)
(0.965496 0.0254603 0)
(0.964879 0.0248883 0)
(0.964301 0.0243289 0)
(0.963761 0.0237818 0)
(0.963259 0.0232468 0)
(0.962794 0.0227237 0)
(0.962367 0.0222116 0)
(0.961974 0.0217108 0)
(0.961619 0.0212197 0)
(0.961296 0.02074 0)
(0.961012 0.0202671 0)
(0.960756 0.0198071 0)
(0.960544 0.0193476 0)
(0.960348 0.0189078 0)
(0.96021 0.0184521 0)
(0.960067 0.0180384 0)
(0.96001 0.0175647 0)
(0.959908 0.0171997 0)
(0.959947 0.0166528 0)
(0.95987 0.0164077 0)
(0.960031 0.0156448 0)
(0.959961 0.0157232 0)
(0.960279 0.0144245 0)
(0.995169 0.0473339 0)
(0.993265 0.0465116 0)
(0.991419 0.0456826 0)
(0.989631 0.0448489 0)
(0.9879 0.0440123 0)
(0.986225 0.0431746 0)
(0.984603 0.0423376 0)
(0.983035 0.0415028 0)
(0.98152 0.0406715 0)
(0.980055 0.0398452 0)
(0.978642 0.0390251 0)
(0.977278 0.0382122 0)
(0.975963 0.0374076 0)
(0.974696 0.0366122 0)
(0.973477 0.0358267 0)
(0.972304 0.0350519 0)
(0.971177 0.0342885 0)
(0.970096 0.0335369 0)
(0.96906 0.0327977 0)
(0.968067 0.0320712 0)
(0.967119 0.0313577 0)
(0.966213 0.0306576 0)
(0.96535 0.0299709 0)
(0.964529 0.0292978 0)
(0.96375 0.0286384 0)
(0.963012 0.0279926 0)
(0.962314 0.0273605 0)
(0.961656 0.026742 0)
(0.961038 0.026137 0)
(0.960459 0.0255453 0)
(0.959918 0.0249667 0)
(0.959416 0.0244009 0)
(0.958951 0.0238477 0)
(0.958524 0.0233068 0)
(0.958133 0.0227779 0)
(0.957778 0.0222604 0)
(0.957459 0.0217544 0)
(0.957176 0.0212582 0)
(0.956924 0.0207736 0)
(0.956712 0.020296 0)
(0.956525 0.0198315 0)
(0.956383 0.0193678 0)
(0.956256 0.0189237 0)
(0.956187 0.0184643 0)
(0.95611 0.0180465 0)
(0.956122 0.0175694 0)
(0.956083 0.0172003 0)
(0.956193 0.0166503 0)
(0.95617 0.0164011 0)
(0.956411 0.0156346 0)
(0.956376 0.0157093 0)
(0.9568 0.0144029 0)
(0.987801 0.0477278 0)
(0.985986 0.0468878 0)
(0.984229 0.0460418 0)
(0.98253 0.0451916 0)
(0.980887 0.0443392 0)
(0.979299 0.0434864 0)
(0.977765 0.0426348 0)
(0.976284 0.0417858 0)
(0.974856 0.040941 0)
(0.973478 0.0401016 0)
(0.972151 0.0392689 0)
(0.970873 0.0384438 0)
(0.969643 0.0376275 0)
(0.968462 0.0368207 0)
(0.967327 0.0360243 0)
(0.966238 0.035239 0)
(0.965195 0.0344654 0)
(0.964197 0.033704 0)
(0.963243 0.0329553 0)
(0.962333 0.0322196 0)
(0.961467 0.0314973 0)
(0.960642 0.0307886 0)
(0.95986 0.0300936 0)
(0.959119 0.0294126 0)
(0.958419 0.0287454 0)
(0.95776 0.0280923 0)
(0.957141 0.027453 0)
(0.956561 0.0268276 0)
(0.95602 0.0262159 0)
(0.955518 0.0256177 0)
(0.955053 0.0250328 0)
(0.954627 0.0244611 0)
(0.954237 0.0239022 0)
(0.953884 0.0233557 0)
(0.953566 0.0228214 0)
(0.953285 0.0222987 0)
(0.953038 0.0217878 0)
(0.952827 0.0212869 0)
(0.952646 0.0207977 0)
(0.952504 0.0203158 0)
(0.952387 0.019847 0)
(0.952315 0.0193794 0)
(0.952255 0.0189313 0)
(0.952255 0.0184685 0)
(0.952244 0.0180467 0)
(0.952324 0.0175667 0)
(0.952346 0.0171936 0)
(0.952527 0.016641 0)
(0.952557 0.0163876 0)
(0.952877 0.0156185 0)
(0.952878 0.0156886 0)
(0.953404 0.0143763 0)
(0.980518 0.0480943 0)
(0.978793 0.0472373 0)
(0.977126 0.0463749 0)
(0.975516 0.0455091 0)
(0.973962 0.0446416 0)
(0.972464 0.0437742 0)
(0.971018 0.0429086 0)
(0.969626 0.0420462 0)
(0.968285 0.0411884 0)
(0.966995 0.0403365 0)
(0.965754 0.0394917 0)
(0.964563 0.0386551 0)
(0.963419 0.0378276 0)
(0.962323 0.03701 0)
(0.961273 0.0362033 0)
(0.960269 0.0354079 0)
(0.95931 0.0346246 0)
(0.958396 0.0338539 0)
(0.957525 0.0330962 0)
(0.956697 0.0323518 0)
(0.955912 0.0316211 0)
(0.955169 0.0309043 0)
(0.954468 0.0302015 0)
(0.953807 0.0295129 0)
(0.953187 0.0288385 0)
(0.952607 0.0281783 0)
(0.952066 0.0275323 0)
(0.951564 0.0269003 0)
(0.9511 0.0262823 0)
(0.950674 0.0256781 0)
(0.950286 0.0250874 0)
(0.949934 0.02451 0)
(0.949619 0.0239456 0)
(0.94934 0.0233939 0)
(0.949096 0.0228547 0)
(0.948887 0.0223272 0)
(0.948711 0.0218116 0)
(0.948572 0.0213063 0)
(0.948462 0.0208128 0)
(0.94839 0.0203269 0)
(0.948342 0.0198541 0)
(0.948338 0.0193829 0)
(0.948346 0.0189311 0)
(0.948413 0.0184651 0)
(0.948467 0.0180397 0)
(0.948615 0.0175571 0)
(0.948698 0.0171801 0)
(0.948948 0.0166255 0)
(0.949032 0.0163676 0)
(0.949429 0.015597 0)
(0.949465 0.0156617 0)
(0.950092 0.0143451 0)
(0.973325 0.0484342 0)
(0.971691 0.0475609 0)
(0.970115 0.0466829 0)
(0.968596 0.045802 0)
(0.967132 0.04492 0)
(0.965723 0.0440388 0)
(0.964367 0.0431598 0)
(0.963064 0.0422845 0)
(0.961811 0.0414144 0)
(0.960609 0.0405506 0)
(0.959456 0.0396944 0)
(0.958351 0.0388467 0)
(0.957294 0.0380086 0)
(0.956283 0.0371808 0)
(0.955319 0.0363641 0)
(0.9544 0.0355593 0)
(0.953525 0.0347668 0)
(0.952694 0.0339873 0)
(0.951906 0.033221 0)
(0.951161 0.0324684 0)
(0.950458 0.0317298 0)
(0.949796 0.0310053 0)
(0.949175 0.0302952 0)
(0.948595 0.0295994 0)
(0.948054 0.0289182 0)
(0.947552 0.0282514 0)
(0.947089 0.027599 0)
(0.946665 0.0269609 0)
(0.946278 0.0263369 0)
(0.945928 0.025727 0)
(0.945615 0.0251308 0)
(0.945339 0.0245481 0)
(0.945098 0.0239787 0)
(0.944892 0.0234221 0)
(0.944721 0.0228782 0)
(0.944584 0.0223462 0)
(0.94448 0.0218262 0)
(0.944411 0.0213169 0)
(0.944371 0.0208193 0)
(0.944368 0.0203298 0)
(0.944388 0.0198533 0)
(0.944452 0.0193788 0)
(0.944527 0.0189234 0)
(0.944661 0.0184547 0)
(0.944779 0.0180257 0)
(0.944994 0.0175409 0)
(0.945137 0.0171601 0)
(0.945456 0.016604 0)
(0.945592 0.0163415 0)
(0.946066 0.0155702 0)
(0.946136 0.0156288 0)
(0.946864 0.0143096 0)
(0.966227 0.0487482 0)
(0.964685 0.0478593 0)
(0.963201 0.0469664 0)
(0.961773 0.0460711 0)
(0.9604 0.0451754 0)
(0.959081 0.0442808 0)
(0.957815 0.0433891 0)
(0.956601 0.0425016 0)
(0.955437 0.0416197 0)
(0.954323 0.0407446 0)
(0.953257 0.0398775 0)
(0.95224 0.0390193 0)
(0.951269 0.0381711 0)
(0.950345 0.0373336 0)
(0.949466 0.0365076 0)
(0.948631 0.0356938 0)
(0.947841 0.0348926 0)
(0.947093 0.0341047 0)
(0.946389 0.0333304 0)
(0.945726 0.03257 0)
(0.945104 0.0318239 0)
(0.944524 0.0310922 0)
(0.943983 0.0303751 0)
(0.943482 0.0296727 0)
(0.943021 0.028985 0)
(0.942598 0.028312 0)
(0.942213 0.0276536 0)
(0.941865 0.0270097 0)
(0.941555 0.0263802 0)
(0.941281 0.0257649 0)
(0.941043 0.0251636 0)
(0.940841 0.024576 0)
(0.940673 0.0240018 0)
(0.94054 0.0234407 0)
(0.940441 0.0228924 0)
(0.940376 0.0223562 0)
(0.940343 0.0218323 0)
(0.940344 0.0213191 0)
(0.940373 0.0208179 0)
(0.940439 0.0203249 0)
(0.940527 0.0198449 0)
(0.940658 0.0193675 0)
(0.940798 0.0189088 0)
(0.940999 0.0184376 0)
(0.94118 0.0180052 0)
(0.94146 0.0175186 0)
(0.941664 0.0171341 0)
(0.94205 0.016577 0)
(0.942238 0.0163098 0)
(0.942787 0.0155386 0)
(0.942892 0.0155904 0)
(0.943717 0.0142701 0)
(0.959228 0.0490371 0)
(0.957779 0.0481334 0)
(0.956387 0.0472262 0)
(0.955051 0.0463172 0)
(0.953769 0.0454083 0)
(0.952541 0.0445012 0)
(0.951365 0.0435973 0)
(0.95024 0.0426982 0)
(0.949165 0.0418051 0)
(0.94814 0.0409193 0)
(0.947162 0.0400418 0)
(0.946232 0.0391737 0)
(0.945348 0.0383159 0)
(0.944509 0.0374692 0)
(0.943715 0.0366344 0)
(0.942966 0.035812 0)
(0.942259 0.0350027 0)
(0.941595 0.0342069 0)
(0.940974 0.033425 0)
(0.940393 0.0326573 0)
(0.939853 0.0319041 0)
(0.939353 0.0311657 0)
(0.938893 0.030442 0)
(0.938471 0.0297333 0)
(0.938089 0.0290395 0)
(0.937744 0.0283607 0)
(0.937436 0.0276967 0)
(0.937165 0.0270474 0)
(0.93693 0.0264127 0)
(0.936732 0.0257925 0)
(0.936568 0.0251863 0)
(0.93644 0.0245941 0)
(0.936345 0.0240155 0)
(0.936285 0.0234502 0)
(0.936257 0.0228978 0)
(0.936263 0.0223578 0)
(0.9363 0.0218301 0)
(0.93637 0.0213135 0)
(0.936468 0.0208088 0)
(0.936602 0.0203127 0)
(0.936756 0.0198295 0)
(0.936954 0.0193493 0)
(0.937159 0.0188876 0)
(0.937425 0.0184141 0)
(0.937669 0.0179787 0)
(0.938014 0.0174905 0)
(0.938276 0.0171024 0)
(0.938729 0.0165448 0)
(0.938968 0.0162726 0)
(0.939591 0.0155025 0)
(0.93973 0.0155468 0)
(0.940651 0.0142269 0)
(0.952332 0.049303 0)
(0.950976 0.0483851 0)
(0.949677 0.0474642 0)
(0.948433 0.0465422 0)
(0.947243 0.0456208 0)
(0.946105 0.0447016 0)
(0.94502 0.0437862 0)
(0.943984 0.042876 0)
(0.942999 0.0419722 0)
(0.942061 0.0410762 0)
(0.941172 0.0401889 0)
(0.940328 0.0393113 0)
(0.939531 0.0384445 0)
(0.938778 0.037589 0)
(0.93807 0.0367458 0)
(0.937405 0.0359154 0)
(0.936782 0.0350983 0)
(0.936202 0.034295 0)
(0.935662 0.0335059 0)
(0.935163 0.0327313 0)
(0.934705 0.0319715 0)
(0.934285 0.0312266 0)
(0.933905 0.0304969 0)
(0.933562 0.0297822 0)
(0.933258 0.0290827 0)
(0.93299 0.0283984 0)
(0.932759 0.0277291 0)
(0.932564 0.0270748 0)
(0.932405 0.0264353 0)
(0.932281 0.0258103 0)
(0.932192 0.0251997 0)
(0.932136 0.0246032 0)
(0.932114 0.0240205 0)
(0.932125 0.0234512 0)
(0.932168 0.0228951 0)
(0.932244 0.0223515 0)
(0.93235 0.0218203 0)
(0.932489 0.0213004 0)
(0.932654 0.0207926 0)
(0.932855 0.0202936 0)
(0.933076 0.0198075 0)
(0.933339 0.0193249 0)
(0.933609 0.0188602 0)
(0.933938 0.0183848 0)
(0.934245 0.0179464 0)
(0.934653 0.017457 0)
(0.934974 0.0170654 0)
(0.935492 0.0165077 0)
(0.935782 0.0162305 0)
(0.936477 0.0154623 0)
(0.936649 0.0154982 0)
(0.937664 0.0141804 0)
(0.945542 0.0495491 0)
(0.94428 0.0486175 0)
(0.943073 0.0476835 0)
(0.941921 0.046749 0)
(0.940823 0.0458155 0)
(0.939776 0.0448848 0)
(0.938781 0.0439583 0)
(0.937835 0.0430375 0)
(0.936939 0.0421235 0)
(0.93609 0.0412177 0)
(0.935288 0.040321 0)
(0.934531 0.0394344 0)
(0.93382 0.0385588 0)
(0.933153 0.0376951 0)
(0.93253 0.0368438 0)
(0.931949 0.0360057 0)
(0.93141 0.0351812 0)
(0.930912 0.0343708 0)
(0.930455 0.0335749 0)
(0.930038 0.0327937 0)
(0.929659 0.0320276 0)
(0.92932 0.0312766 0)
(0.929019 0.030541 0)
(0.928755 0.0298207 0)
(0.928528 0.0291159 0)
(0.928337 0.0284263 0)
(0.928183 0.0277521 0)
(0.928063 0.027093 0)
(0.927979 0.0264489 0)
(0.927929 0.0258195 0)
(0.927912 0.0252047 0)
(0.927929 0.0246042 0)
(0.927979 0.0240176 0)
(0.928061 0.0234447 0)
(0.928174 0.022885 0)
(0.928319 0.022338 0)
(0.928493 0.0218036 0)
(0.9287 0.0212808 0)
(0.928932 0.0207699 0)
(0.929199 0.0202683 0)
(0.929485 0.0197794 0)
(0.929813 0.0192946 0)
(0.930146 0.0188273 0)
(0.930539 0.0183502 0)
(0.930906 0.0179089 0)
(0.931378 0.0174186 0)
(0.931755 0.0170235 0)
(0.932337 0.0164663 0)
(0.932677 0.0161837 0)
(0.933443 0.0154184 0)
(0.933649 0.015445 0)
(0.934757 0.0141309 0)
(0.938861 0.0497694 0)
(0.937692 0.048825 0)
(0.936579 0.0478787 0)
(0.935519 0.0469323 0)
(0.934512 0.0459875 0)
(0.933556 0.045046 0)
(0.932651 0.0441091 0)
(0.931795 0.0431783 0)
(0.930987 0.0422548 0)
(0.930226 0.0413398 0)
(0.929511 0.0404344 0)
(0.928842 0.0395394 0)
(0.928217 0.0386558 0)
(0.927635 0.0377843 0)
(0.927096 0.0369256 0)
(0.926599 0.0360803 0)
(0.926143 0.035249 0)
(0.925728 0.034432 0)
(0.925352 0.0336297 0)
(0.925016 0.0328425 0)
(0.924718 0.0320705 0)
(0.924458 0.031314 0)
(0.924235 0.030573 0)
(0.924049 0.0298475 0)
(0.923899 0.0291377 0)
(0.923785 0.0284434 0)
(0.923706 0.0277646 0)
(0.923661 0.0271011 0)
(0.923651 0.0264528 0)
(0.923674 0.0258194 0)
(0.92373 0.0252008 0)
(0.923818 0.0245966 0)
(0.923939 0.0240065 0)
(0.924091 0.0234301 0)
(0.924273 0.0228672 0)
(0.924487 0.0223173 0)
(0.924729 0.0217799 0)
(0.925002 0.0212543 0)
(0.9253 0.0207408 0)
(0.925633 0.0202368 0)
(0.925983 0.0197454 0)
(0.926374 0.0192586 0)
(0.92677 0.0187888 0)
(0.927225 0.0183103 0)
(0.927652 0.0178664 0)
(0.928186 0.0173754 0)
(0.928619 0.016977 0)
(0.929264 0.0164204 0)
(0.929654 0.0161328 0)
(0.930489 0.0153705 0)
(0.930728 0.0153881 0)
(0.931926 0.0140781 0)
(0.929888 0.0499954 4.56359e-21)
(0.928851 0.0490355 1.27874e-22)
(0.927868 0.0480745 -2.37354e-21)
(0.926937 0.0471141 2.77571e-21)
(0.926058 0.0461561 -1.96977e-21)
(0.925229 0.045202 1.77572e-21)
(0.92445 0.0442533 -3.37829e-21)
(0.923718 0.0433111 9.95106e-22)
(0.923033 0.0423769 1.43221e-21)
(0.922394 0.0414516 -3.17675e-21)
(0.9218 0.0405364 3.15943e-21)
(0.92125 0.0396321 -7.87019e-22)
(0.920743 0.0387397 -1.23065e-21)
(0.920278 0.0378597 1.39331e-21)
(0.919854 0.036993 -8.26965e-23)
(0.919472 0.03614 -1.57037e-22)
(0.919129 0.0353013 3.10288e-23)
(0.918825 0.0344772 -5.06527e-22)
(0.91856 0.0336682 6.89735e-23)
(0.918332 0.0328745 4.51887e-22)
(0.918142 0.0320963 -1.3147e-23)
(0.917988 0.0313338 -7.4676e-22)
(0.91787 0.0305871 4.49183e-22)
(0.917788 0.0298562 -1.09951e-22)
(0.917741 0.0291411 4.33173e-22)
(0.917727 0.0284418 -5.46868e-22)
(0.917748 0.0277581 -1.06857e-22)
(0.917802 0.0270899 3.98352e-22)
(0.917889 0.0264371 -2.84435e-22)
(0.918007 0.0257994 -3.63253e-23)
(0.918158 0.0251766 5.15595e-23)
(0.918339 0.0245684 1.75753e-22)
(0.918551 0.0239745 1.73981e-23)
(0.918794 0.0233945 -2.00248e-23)
(0.919066 0.0228281 -8.72393e-24)
(0.919367 0.0222747 -1.15459e-22)
(0.919695 0.0217342 1.52128e-22)
(0.920054 0.0212055 8.30325e-24)
(0.920436 0.020689 -8.2637e-23)
(0.920851 0.0201823 4.54964e-23)
(0.921282 0.0196882 -1.86949e-23)
(0.921754 0.019199 -3.47814e-23)
(0.922227 0.0187267 -4.84795e-25)
(0.922761 0.0182462 3.76947e-23)
(0.923262 0.0177997 -2.43274e-23)
(0.923872 0.0173074 1.40948e-24)
(0.924376 0.0169058 1.92077e-24)
(0.925098 0.0163491 2.35954e-24)
(0.925547 0.0160567 2.85295e-24)
(0.926469 0.0152963 -2.2153e-24)
(0.926744 0.0153055 8.0943e-25)
(0.928057 0.0139981 -8.72431e-25)
(0.917768 0.0500904 4.77178e-21)
(0.916932 0.0491168 -4.22993e-21)
(0.916148 0.0481431 1.60484e-21)
(0.915414 0.0471712 2.6957e-21)
(0.91473 0.0462024 -3.15886e-22)
(0.914093 0.0452384 -3.11964e-21)
(0.913503 0.0442804 8.66067e-22)
(0.912958 0.0433297 1.47696e-21)
(0.912458 0.0423876 -9.13705e-22)
(0.912001 0.041455 6.7865e-22)
(0.911587 0.0405329 -2.68566e-22)
(0.911214 0.0396223 1.86447e-22)
(0.910882 0.0387239 -7.25757e-22)
(0.910589 0.0378384 9.07003e-23)
(0.910336 0.0369664 -1.96999e-22)
(0.91012 0.0361086 1.94522e-22)
(0.909942 0.0352652 -3.72068e-22)
(0.909801 0.0344368 8.585e-22)
(0.909696 0.0336237 -4.64973e-22)
(0.909626 0.0328261 4.71902e-22)
(0.90959 0.0320442 -1.95794e-22)
(0.909589 0.0312781 -9.54047e-23)
(0.909621 0.030528 2.19219e-22)
(0.909687 0.0297938 -4.90412e-22)
(0.909784 0.0290756 4.05265e-22)
(0.909914 0.0283732 2.63203e-23)
(0.910074 0.0276866 -1.53092e-22)
(0.910266 0.0270157 -2.06382e-22)
(0.910487 0.0263602 2.07682e-22)
(0.910739 0.0257199 2.30281e-22)
(0.911019 0.0250945 -1.36589e-22)
(0.911328 0.0244839 -3.96978e-23)
(0.911666 0.0238876 8.07251e-23)
(0.912031 0.0233054 -2.08737e-22)
(0.912423 0.0227368 1.1444e-22)
(0.912842 0.0221813 -1.60966e-22)
(0.913286 0.0216388 1.15206e-22)
(0.913757 0.0211082 -1.54496e-23)
(0.91425 0.0205898 -9.23788e-23)
(0.914773 0.0200813 8.67193e-23)
(0.91531 0.0195855 -2.4529e-23)
(0.915886 0.0190947 2.75622e-23)
(0.91646 0.0186209 -4.47372e-23)
(0.917093 0.018139 1.09668e-23)
(0.91769 0.0176911 2.95707e-23)
(0.918396 0.0171976 -5.93529e-24)
(0.918987 0.0167947 -3.37316e-24)
(0.919807 0.0162366 6.87574e-24)
(0.920328 0.015943 -5.93226e-24)
(0.921357 0.0151806 1.58337e-24)
(0.921675 0.0151886 -1.83705e-24)
(0.923131 0.0138767 2.42401e-24)
(0.905462 0.0501109 -4.66993e-22)
(0.904835 0.049126 -3.22757e-21)
(0.904257 0.0481421 2.2172e-22)
(0.903727 0.0471607 -1.23341e-22)
(0.903243 0.0461833 7.9427e-22)
(0.902805 0.0452113 5.43701e-22)
(0.902411 0.044246 -4.68195e-22)
(0.902059 0.0432887 2.91042e-22)
(0.90175 0.0423404 4.07272e-23)
(0.901481 0.0414021 -2.09525e-21)
(0.901253 0.0404749 1.85711e-21)
(0.901063 0.0395595 -3.57698e-22)
(0.900911 0.0386566 1.66033e-22)
(0.900796 0.0377671 -1.91331e-22)
(0.900718 0.0368913 1.66268e-22)
(0.900675 0.0360299 -2.29311e-22)
(0.900667 0.0351833 1.8584e-22)
(0.900693 0.0343519 2.48112e-22)
(0.900752 0.0335359 -5.27305e-22)
(0.900845 0.0327355 2.86959e-22)
(0.900969 0.0319511 3.31694e-22)
(0.901125 0.0311826 -3.32168e-22)
(0.901311 0.0304302 -3.7344e-23)
(0.901528 0.0296939 3.97539e-22)
(0.901775 0.0289736 -1.4824e-22)
(0.902051 0.0282692 2.90842e-22)
(0.902355 0.0275808 -1.11613e-22)
(0.902688 0.026908 -2.21071e-22)
(0.903048 0.0262507 -2.05951e-22)
(0.903436 0.0256088 5.31905e-23)
(0.90385 0.0249818 3.1787e-22)
(0.90429 0.0243697 -2.17978e-22)
(0.904756 0.0237719 3.22028e-22)
(0.905248 0.0231883 -7.55467e-23)
(0.905763 0.0226183 -1.79282e-22)
(0.906303 0.0220616 1.23142e-23)
(0.906866 0.0215178 6.60764e-24)
(0.907454 0.0209861 9.00202e-23)
(0.90806 0.0204667 -5.55084e-23)
(0.908695 0.0199571 3.99973e-23)
(0.90934 0.0194604 -5.00201e-23)
(0.910023 0.0189687 -6.31161e-24)
(0.9107 0.0184941 -2.76262e-23)
(0.911436 0.0180115 1.48715e-24)
(0.91213 0.017563 2.06631e-23)
(0.912936 0.0170687 -4.88543e-24)
(0.913616 0.0166654 9.20681e-24)
(0.914536 0.0161065 -9.87391e-25)
(0.915133 0.0158125 -2.19379e-24)
(0.916271 0.0150485 8.88765e-25)
(0.916634 0.0150565 -2.20049e-24)
(0.918234 0.0137397 -4.66196e-24)
(0.892988 0.0500827 -1.00834e-21)
(0.892577 0.0490876 4.19525e-21)
(0.892212 0.0480943 -4.40808e-21)
(0.891892 0.0471042 3.32935e-21)
(0.891616 0.046119 -4.29948e-22)
(0.891382 0.0451398 -7.43356e-22)
(0.89119 0.044168 -1.33246e-21)
(0.891038 0.0432047 2.0976e-21)
(0.890925 0.042251 -4.07811e-22)
(0.890851 0.0413078 -4.64348e-22)
(0.890813 0.0403761 -9.75573e-23)
(0.890812 0.0394565 -4.8669e-22)
(0.890845 0.03855 1.70037e-22)
(0.890914 0.037657 -1.57348e-22)
(0.891015 0.0367781 2.03218e-22)
(0.89115 0.0359139 2.17736e-22)
(0.891317 0.0350646 -9.02401e-23)
(0.891515 0.0342308 4.22796e-23)
(0.891743 0.0334126 4.43229e-22)
(0.892002 0.0326102 -8.05954e-22)
(0.89229 0.0318239 6.96542e-22)
(0.892607 0.0310536 -4.45778e-22)
(0.892952 0.0302996 1.1688e-22)
(0.893324 0.0295617 -3.92613e-22)
(0.893724 0.02884 1.88663e-22)
(0.89415 0.0281344 4.22605e-22)
(0.894602 0.0274446 -1.17356e-22)
(0.89508 0.0267707 -2.82391e-22)
(0.895583 0.0261124 3.05844e-22)
(0.89611 0.0254694 -1.30973e-22)
(0.896661 0.0248415 -2.7382e-22)
(0.897236 0.0242284 1.65642e-22)
(0.897834 0.0236299 -2.59802e-22)
(0.898454 0.0230454 2.13639e-22)
(0.899096 0.0224748 -2.64489e-23)
(0.899761 0.0219174 4.61406e-23)
(0.900445 0.021373 1.68554e-23)
(0.901152 0.0208407 -5.25341e-23)
(0.901874 0.0203208 4.58996e-23)
(0.902623 0.0198109 -4.29132e-23)
(0.90338 0.0193139 3.57398e-23)
(0.904172 0.0188219 4.11891e-23)
(0.904956 0.0183471 1.03577e-23)
(0.905796 0.0178643 7.39942e-25)
(0.906591 0.0174157 -2.50329e-23)
(0.907499 0.0169215 8.95777e-24)
(0.908271 0.0165181 -1.35115e-23)
(0.909292 0.0159593 -1.32569e-23)
(0.909967 0.015665 7.56152e-24)
(0.911216 0.0149009 2.85484e-25)
(0.911627 0.0149078 7.94445e-24)
(0.913373 0.0135881 4.02984e-24)
(0.880366 0.0499936 1.21678e-21)
(0.880177 0.0489896 6.7365e-22)
(0.880032 0.0479881 -1.26428e-21)
(0.879929 0.0469908 -3.38692e-22)
(0.879866 0.045999 2.13449e-21)
(0.879844 0.0450139 7.96305e-22)
(0.879859 0.0440368 -2.97461e-21)
(0.879912 0.0430687 8.1797e-22)
(0.880001 0.0421107 3.91581e-22)
(0.880126 0.0411638 1.44905e-22)
(0.880285 0.0402286 -1.18818e-22)
(0.880476 0.0393061 -2.57962e-22)
(0.880701 0.0383969 -2.2732e-22)
(0.880957 0.0375015 2.84055e-22)
(0.881243 0.0366206 -4.73083e-22)
(0.88156 0.0357545 6.97468e-23)
(0.881906 0.0349037 1.85013e-22)
(0.88228 0.0340684 6.19838e-22)
(0.882682 0.0332489 -2.18686e-22)
(0.883111 0.0324455 -3.89244e-22)
(0.883567 0.0316582 -2.11664e-23)
(0.884049 0.0308872 2.4993e-22)
(0.884556 0.0301324 7.63366e-23)
(0.885088 0.029394 -5.93663e-22)
(0.885644 0.0286717 1.87455e-22)
(0.886224 0.0279656 2.16968e-22)
(0.886827 0.0272755 -2.62397e-22)
(0.887453 0.0266013 -6.8054e-23)
(0.888101 0.0259427 1.49491e-22)
(0.888771 0.0252995 9.91944e-23)
(0.889463 0.0246715 3.36607e-23)
(0.890175 0.0240583 -1.1688e-22)
(0.890907 0.0234597 4.01347e-23)
(0.89166 0.0228752 -9.55384e-23)
(0.892432 0.0223046 2.76479e-23)
(0.893223 0.0217473 3.53881e-23)
(0.894031 0.0212031 1.51165e-24)
(0.89486 0.020671 1.44885e-23)
(0.895702 0.0201514 -3.5386e-23)
(0.896567 0.0196417 4.24107e-23)
(0.897438 0.019145 -7.21087e-24)
(0.898341 0.0186535 9.21774e-24)
(0.899234 0.0181791 -5.62704e-23)
(0.900182 0.0176969 -2.54496e-23)
(0.901079 0.0172488 3.20553e-23)
(0.902091 0.0167553 -1.18188e-23)
(0.902957 0.0163523 1.70538e-23)
(0.904083 0.0157945 4.60112e-24)
(0.904837 0.0155001 2.09192e-24)
(0.9062 0.0147373 -1.45945e-25)
(0.90666 0.0147427 -1.98324e-24)
(0.908554 0.013422 -1.04532e-23)
(0.867618 0.0498364 -2.11237e-21)
(0.867658 0.0488251 5.23638e-22)
(0.867738 0.0478173 -1.34715e-22)
(0.867857 0.0468142 1.48609e-21)
(0.868014 0.0458174 -1.32286e-21)
(0.868208 0.0448279 -2.81938e-22)
(0.868437 0.043847 1.12934e-21)
(0.8687 0.0428756 -1.13138e-21)
(0.868996 0.0419148 1.39511e-21)
(0.869325 0.0409654 -1.04159e-21)
(0.869685 0.0400283 4.09784e-22)
(0.870075 0.0391041 -8.35518e-22)
(0.870494 0.0381935 6.05778e-22)
(0.870942 0.0372971 -6.90514e-23)
(0.871418 0.0364153 -5.61258e-22)
(0.87192 0.0355486 -7.48574e-25)
(0.872449 0.0346973 2.54344e-22)
(0.873004 0.0338618 -3.19252e-22)
(0.873583 0.0330423 4.03464e-22)
(0.874187 0.0322389 3.45485e-22)
(0.874814 0.0314518 -3.43129e-22)
(0.875464 0.030681 -1.1467e-22)
(0.876137 0.0299266 -1.07669e-22)
(0.876832 0.0291885 1.0057e-22)
(0.877548 0.0284668 2.96983e-22)
(0.878285 0.0277612 -2.68327e-22)
(0.879042 0.0270718 3.58406e-22)
(0.879819 0.0263982 1.20868e-22)
(0.880616 0.0257403 -1.8193e-23)
(0.881432 0.0250978 -1.80935e-22)
(0.882266 0.0244705 -1.19745e-22)
(0.883118 0.0238582 1.51e-22)
(0.883988 0.0232604 -1.47825e-22)
(0.884876 0.0226768 1.73791e-22)
(0.885779 0.022107 1.95644e-23)
(0.8867 0.0215507 -8.03575e-23)
(0.887635 0.0210074 -2.98318e-23)
(0.888587 0.0204762 -5.57272e-24)
(0.889551 0.0199576 2.20559e-23)
(0.890535 0.019449 2.60299e-23)
(0.891522 0.0189534 2.57383e-23)
(0.892539 0.018463 -4.60924e-23)
(0.893542 0.0179898 3.85517e-24)
(0.8946 0.0175089 1.46853e-23)
(0.895601 0.0170619 -1.06801e-23)
(0.896719 0.01657 -1.022e-23)
(0.897681 0.0161678 3.56313e-24)
(0.898913 0.015612 -6.96369e-24)
(0.89975 0.0153178 -8.69874e-25)
(0.901228 0.0145575 -1.18953e-24)
(0.901739 0.0145612 -1.42696e-24)
(0.903782 0.0132411 7.78673e-24)
(0.85453 0.0506287 -2.73281e-21)
(0.854766 0.0496092 8.53302e-22)
(0.85504 0.0485924 6.86675e-22)
(0.855352 0.0475798 2.5803e-21)
(0.855699 0.0465728 -2.95988e-21)
(0.85608 0.0455725 -1.36668e-22)
(0.856495 0.0445803 1.34887e-21)
(0.856942 0.043597 2.07748e-22)
(0.857421 0.0426239 -3.33761e-23)
(0.857929 0.0416617 -3.84193e-22)
(0.858466 0.0407114 -4.72278e-22)
(0.859031 0.0397737 1.48776e-21)
(0.859624 0.0388492 -1.57058e-21)
(0.860243 0.0379386 9.05837e-23)
(0.860887 0.0370424 6.74187e-22)
(0.861556 0.0361611 -4.0846e-22)
(0.862248 0.0352951 3.80596e-22)
(0.862964 0.0344446 1.52231e-22)
(0.863702 0.0336101 -1.92963e-22)
(0.864463 0.0327917 7.1353e-22)
(0.865244 0.0319895 -3.76605e-22)
(0.866046 0.0312037 -1.09962e-22)
(0.866868 0.0304343 -1.86434e-22)
(0.867709 0.0296813 3.97098e-22)
(0.868569 0.0289448 -3.03309e-22)
(0.869448 0.0282246 3.15067e-24)
(0.870345 0.0275206 2.65544e-23)
(0.871259 0.0268328 -7.39304e-23)
(0.872191 0.0261608 4.89679e-22)
(0.873138 0.0255046 -3.7526e-22)
(0.874102 0.0248638 4.02351e-22)
(0.875082 0.0242382 -4.28749e-22)
(0.876077 0.0236276 4.0737e-22)
(0.877087 0.0230315 -2.83616e-22)
(0.878111 0.0224496 2.04435e-22)
(0.879149 0.0218816 1.09743e-23)
(0.880201 0.021327 1.09034e-23)
(0.881265 0.0207855 -1.68018e-23)
(0.882344 0.0202561 -2.9657e-23)
(0.88343 0.0197393 7.30925e-23)
(0.884535 0.0192325 -2.12628e-23)
(0.885641 0.0187387 1.36392e-24)
(0.886774 0.0182503 8.5309e-24)
(0.887889 0.0177789 8.85412e-23)
(0.889058 0.0173 -6.26017e-23)
(0.890166 0.0168548 -7.4129e-24)
(0.891391 0.0163652 -1.91781e-23)
(0.892452 0.0159646 1.10314e-23)
(0.893791 0.0154115 -2.54897e-24)
(0.894711 0.015118 1.39737e-24)
(0.896306 0.0143614 9.61656e-25)
(0.89687 0.0143633 -4.02364e-24)
(0.899063 0.0130457 1.1045e-23)
(0.841356 0.0503339 -1.3974e-21)
(0.841835 0.04931 -2.02143e-22)
(0.842349 0.0482897 -1.323e-21)
(0.842896 0.0472742 3.06818e-21)
(0.843476 0.0462649 -2.72563e-21)
(0.844087 0.0452629 8.7903e-22)
(0.844728 0.0442695 1.38234e-22)
(0.845398 0.0432856 -7.90396e-22)
(0.846095 0.0423123 3.43744e-22)
(0.846819 0.0413503 -3.02395e-22)
(0.847569 0.0404005 4.41123e-22)
(0.848344 0.0394637 2.36246e-22)
(0.849143 0.0385403 3.23726e-22)
(0.849965 0.0376311 -7.19114e-22)
(0.850809 0.0367366 2.44484e-22)
(0.851674 0.0358571 -4.18064e-22)
(0.85256 0.034993 3.72721e-22)
(0.853466 0.0341447 5.69427e-24)
(0.854392 0.0333124 -6.07824e-22)
(0.855336 0.0324963 -6.61324e-22)
(0.856298 0.0316965 1.39655e-22)
(0.857277 0.0309132 8.23395e-22)
(0.858274 0.0301464 -2.1102e-22)
(0.859287 0.029396 -5.0114e-22)
(0.860315 0.0286621 3.15604e-22)
(0.861359 0.0279446 -2.09712e-22)
(0.862419 0.0272433 6.96392e-23)
(0.863492 0.0265581 2.25229e-22)
(0.86458 0.0258888 -4.00482e-23)
(0.865681 0.0252352 6.10493e-23)
(0.866796 0.0245971 -3.54099e-22)
(0.867923 0.0239742 9.57498e-23)
(0.869063 0.0233662 2.88128e-22)
(0.870214 0.0227727 -2.8207e-22)
(0.871377 0.0221935 -5.3638e-23)
(0.872551 0.0216281 2.43895e-23)
(0.873737 0.0210761 2.72969e-23)
(0.874931 0.0205372 -4.87488e-24)
(0.876138 0.0200104 1.39814e-23)
(0.87735 0.0194962 2.76887e-23)
(0.878578 0.0189921 -2.63548e-23)
(0.879803 0.0185009 -5.41958e-23)
(0.881053 0.0180151 1.95033e-23)
(0.882283 0.0175463 -3.317e-23)
(0.883564 0.0170702 4.42773e-24)
(0.88478 0.0166275 -1.37761e-24)
(0.886115 0.0161409 7.12221e-24)
(0.887275 0.0157425 -1.10692e-23)
(0.888723 0.0151931 1.55979e-25)
(0.889728 0.0149006 5.94111e-24)
(0.89144 0.0141489 1.40861e-24)
(0.892059 0.014149 1.04354e-24)
(0.894403 0.0128357 5.11603e-24)
(0.828124 0.0499632 3.90699e-21)
(0.82885 0.0489369 -9.9627e-22)
(0.829607 0.0479149 -9.34719e-23)
(0.830395 0.0468983 9.57179e-22)
(0.831212 0.0458886 -2.25216e-21)
(0.832057 0.0448868 9.02529e-22)
(0.832928 0.0438939 4.49645e-22)
(0.833824 0.0429111 -7.33306e-22)
(0.834745 0.0419392 -7.35679e-22)
(0.835689 0.0409791 -1.18279e-22)
(0.836655 0.0400314 4.09211e-22)
(0.837643 0.0390969 5.60878e-22)
(0.838652 0.0381763 2.99231e-22)
(0.83968 0.0372699 -3.20803e-22)
(0.840726 0.0363784 4.09335e-22)
(0.841791 0.0355022 -4.06067e-22)
(0.842874 0.0346415 -1.37924e-22)
(0.843973 0.0337966 4.56159e-22)
(0.845088 0.0329679 1.51296e-22)
(0.846219 0.0321554 -2.39289e-22)
(0.847364 0.0313593 -2.4608e-23)
(0.848524 0.0305797 2.73583e-22)
(0.849697 0.0298166 -1.65167e-22)
(0.850884 0.02907 1.6922e-22)
(0.852083 0.0283399 -1.27878e-22)
(0.853295 0.0276261 -1.37908e-22)
(0.854519 0.0269286 2.10749e-22)
(0.855754 0.0262472 -1.57058e-23)
(0.857 0.0255816 -2.02911e-22)
(0.858257 0.0249317 5.40044e-23)
(0.859523 0.0242973 -3.00515e-23)
(0.8608 0.023678 3.41465e-23)
(0.862086 0.0230736 -1.31186e-22)
(0.863381 0.0224838 8.36438e-23)
(0.864685 0.0219081 -5.5957e-23)
(0.865997 0.0213463 4.73127e-23)
(0.867318 0.0207977 1.64514e-22)
(0.868644 0.0202623 -5.76854e-23)
(0.86998 0.019739 -4.72214e-23)
(0.871319 0.0192282 1.53255e-23)
(0.872671 0.0187275 6.43923e-23)
(0.874017 0.0182397 2.28092e-23)
(0.875386 0.0177573 -8.07331e-23)
(0.876732 0.0172919 6.94124e-23)
(0.878127 0.0168194 -3.31513e-23)
(0.879452 0.0163799 2.02014e-23)
(0.880897 0.0158971 -2.3015e-23)
(0.882158 0.0155015 -6.1487e-24)
(0.883716 0.0149566 4.0971e-24)
(0.884807 0.0146657 -7.26026e-24)
(0.886638 0.0139202 -6.94104e-25)
(0.887313 0.0139182 5.79669e-24)
(0.889808 0.0126114 -2.34308e-23)
(0.814859 0.0495145 5.91777e-22)
(0.815837 0.0484878 8.18992e-22)
(0.816842 0.0474661 -7.40094e-22)
(0.817875 0.0464505 4.76816e-22)
(0.818932 0.0454422 -2.63967e-22)
(0.820014 0.0444424 -2.36089e-22)
(0.821118 0.043452 -4.59361e-22)
(0.822245 0.042472 -2.3824e-22)
(0.823392 0.0415033 1.52466e-21)
(0.824559 0.0405466 -6.55336e-22)
(0.825745 0.0396027 1.85283e-22)
(0.826949 0.0386723 -2.98287e-23)
(0.82817 0.0377558 3.29623e-22)
(0.829407 0.0368539 -8.19326e-22)
(0.830659 0.035967 1.58123e-22)
(0.831927 0.0350954 2.07017e-22)
(0.833208 0.0342395 -4.12886e-22)
(0.834502 0.0333995 -2.88196e-22)
(0.83581 0.0325757 -6.33794e-24)
(0.837129 0.0317681 -4.42455e-24)
(0.83846 0.0309771 8.9637e-23)
(0.839802 0.0302025 3.83588e-22)
(0.841154 0.0294444 1.26412e-22)
(0.842517 0.0287028 -2.74939e-22)
(0.843889 0.0279776 4.10614e-23)
(0.84527 0.0272688 5.59293e-23)
(0.84666 0.0265762 3.54624e-22)
(0.848058 0.0258996 -5.45379e-22)
(0.849464 0.0252389 2.52121e-22)
(0.850878 0.0245938 -2.40196e-22)
(0.852298 0.0239641 4.77877e-23)
(0.853726 0.0233495 2.21162e-22)
(0.85516 0.0227497 -1.03195e-22)
(0.8566 0.0221644 -1.28946e-22)
(0.858046 0.0215932 -1.01982e-22)
(0.859497 0.0210358 4.99904e-23)
(0.860954 0.0204917 -1.2306e-22)
(0.862414 0.0199606 8.16947e-23)
(0.86388 0.0194417 1.05084e-22)
(0.865347 0.0189351 -5.96803e-23)
(0.866824 0.0184387 4.47113e-23)
(0.868292 0.0179551 4.15464e-23)
(0.869781 0.017477 6.2667e-23)
(0.871243 0.0170156 -5.87264e-23)
(0.872753 0.0165474 -6.33214e-24)
(0.874188 0.0161119 2.18398e-23)
(0.875745 0.0156338 1.71288e-23)
(0.877107 0.0152415 4.28726e-24)
(0.878776 0.0147022 3.56078e-24)
(0.879955 0.0144131 -8.12201e-24)
(0.881905 0.0136751 -1.04904e-24)
(0.882636 0.0136711 -3.85561e-25)
(0.885283 0.012373 1.01395e-23)
(0.80159 0.0489858 -2.59863e-21)
(0.802823 0.047961 4.19166e-21)
(0.80408 0.0469417 -2.13501e-21)
(0.80536 0.0459291 4.73024e-22)
(0.806661 0.0449243 1.79447e-22)
(0.807983 0.0439284 -2.29009e-22)
(0.809324 0.0429423 -8.9239e-22)
(0.810683 0.041967 7.27147e-22)
(0.81206 0.0410032 -2.36159e-22)
(0.813452 0.0400518 5.60334e-22)
(0.81486 0.0391134 2.41368e-23)
(0.816283 0.0381886 -1.25684e-21)
(0.817718 0.0372781 4.83145e-23)
(0.819167 0.0363822 6.51365e-22)
(0.820627 0.0355013 -3.40315e-22)
(0.822099 0.0346359 -1.12363e-22)
(0.823581 0.0337863 7.43744e-22)
(0.825073 0.0329526 -7.75138e-22)
(0.826574 0.0321351 3.97048e-22)
(0.828084 0.031334 3.57139e-23)
(0.829602 0.0305492 3.59857e-22)
(0.831128 0.029781 -4.23693e-22)
(0.832661 0.0290292 4.00707e-22)
(0.834201 0.0282938 -3.80014e-22)
(0.835747 0.0275749 -1.42594e-23)
(0.837299 0.0268722 1.09513e-22)
(0.838856 0.0261856 -1.33751e-22)
(0.840418 0.0255151 4.66438e-22)
(0.841986 0.0248603 -1.0594e-22)
(0.843557 0.0242211 3.02587e-23)
(0.845133 0.0235972 -1.6543e-22)
(0.846713 0.0229883 4.26629e-23)
(0.848296 0.0223941 -8.49732e-24)
(0.849882 0.0218144 5.95728e-23)
(0.851471 0.0212487 -1.56013e-22)
(0.853062 0.0206967 -1.37671e-22)
(0.854656 0.0201579 2.20125e-22)
(0.85625 0.0196321 -7.67138e-23)
(0.857848 0.0191183 5.66541e-23)
(0.859443 0.0186169 -1.69739e-22)
(0.861046 0.0181256 1.96065e-23)
(0.862637 0.017647 -7.39827e-23)
(0.864247 0.017174 -1.25539e-22)
(0.865826 0.0167175 4.75625e-24)
(0.867452 0.0162544 1.02143e-24)
(0.868998 0.0158235 2.08822e-24)
(0.870666 0.0153509 -9.36287e-24)
(0.872131 0.0149627 2.46053e-23)
(0.873911 0.0144297 6.23789e-24)
(0.875178 0.0141431 1.86023e-23)
(0.877247 0.0134137 -6.90969e-26)
(0.878036 0.0134078 -5.13244e-24)
(0.880834 0.0121205 -1.03453e-24)
(0.788346 0.0483756 -1.51239e-21)
(0.789837 0.0473549 1.05204e-21)
(0.791348 0.0463402 -1.65375e-21)
(0.792878 0.0453327 -1.8595e-22)
(0.794426 0.0443334 8.48054e-22)
(0.79599 0.0433434 -5.57504e-22)
(0.79757 0.0423636 4.60119e-22)
(0.799164 0.0413949 1.3537e-21)
(0.800772 0.040438 -6.51094e-22)
(0.802392 0.0394936 2.42635e-22)
(0.804024 0.0385625 -7.81861e-22)
(0.805666 0.0376452 4.65518e-23)
(0.807319 0.0367421 -1.67324e-23)
(0.80898 0.0358539 3.33018e-22)
(0.81065 0.0349808 -3.35839e-22)
(0.812328 0.0341231 1.75238e-22)
(0.814012 0.0332813 2.12874e-22)
(0.815703 0.0324554 -1.16514e-22)
(0.817399 0.0316457 -4.63041e-22)
(0.819101 0.0308524 -3.04367e-23)
(0.820808 0.0300753 2.90476e-22)
(0.822519 0.0293148 -7.46489e-23)
(0.824233 0.0285706 1.69432e-22)
(0.825951 0.0278428 -1.01176e-22)
(0.827672 0.0271313 2.16046e-22)
(0.829396 0.026436 -3.28084e-22)
(0.831122 0.0257568 9.52052e-23)
(0.83285 0.0250934 3.62281e-22)
(0.834579 0.0244457 -2.28174e-22)
(0.836309 0.0238135 -3.20016e-22)
(0.838041 0.0231964 3.18395e-22)
(0.839773 0.0225943 -2.62475e-22)
(0.841506 0.0220068 4.30796e-22)
(0.843238 0.0214337 -1.9435e-22)
(0.844971 0.0208744 1.08212e-22)
(0.846702 0.0203288 2.9529e-23)
(0.848434 0.0197963 -1.8846e-22)
(0.850163 0.0192767 7.66592e-23)
(0.851893 0.018769 5.15076e-24)
(0.853617 0.0182736 -4.8547e-23)
(0.855346 0.0177883 3.16132e-23)
(0.857061 0.0173155 7.48469e-23)
(0.858792 0.0168483 2.04915e-23)
(0.860489 0.0163975 2.77744e-23)
(0.86223 0.0159404 1.11214e-23)
(0.863888 0.0155149 2.35842e-23)
(0.865668 0.0150485 2.61346e-24)
(0.867236 0.014665 -1.65884e-23)
(0.869127 0.0141394 -2.08808e-23)
(0.870483 0.0138557 -7.5886e-24)
(0.872671 0.0131362 1.32492e-24)
(0.873519 0.0131283 1.92181e-24)
(0.876468 0.0118541 -5.56926e-24)
(0.775158 0.0476826 4.40246e-22)
(0.776908 0.0466683 5.97638e-22)
(0.778675 0.0456605 -7.02338e-22)
(0.780457 0.0446603 1.36194e-21)
(0.782253 0.0436687 -9.13494e-22)
(0.784061 0.0426867 -9.77749e-22)
(0.785881 0.0417151 -2.13507e-22)
(0.787712 0.0407549 3.8463e-22)
(0.789553 0.0398068 1.0572e-21)
(0.791402 0.0388714 -5.5082e-22)
(0.793259 0.0379493 4.61424e-22)
(0.795123 0.0370412 -4.30752e-22)
(0.796993 0.0361474 -1.37147e-22)
(0.798869 0.0352685 2.61791e-22)
(0.800749 0.0344047 -4.613e-23)
(0.802633 0.0335565 -5.78948e-22)
(0.804521 0.032724 1.87072e-22)
(0.806412 0.0319075 3.31073e-22)
(0.808304 0.0311071 -1.72661e-22)
(0.810199 0.030323 5.52323e-22)
(0.812095 0.0295551 -5.71368e-23)
(0.813991 0.0288036 -7.58444e-22)
(0.815888 0.0280684 4.78979e-23)
(0.817785 0.0273495 2.63782e-22)
(0.819682 0.0266467 -2.95651e-22)
(0.821577 0.0259601 2.29991e-22)
(0.823472 0.0252894 2.26516e-22)
(0.825366 0.0246344 3.14681e-23)
(0.827257 0.0239949 -3.25727e-23)
(0.829147 0.0233708 1.7924e-22)
(0.831035 0.0227618 -3.26837e-22)
(0.83292 0.0221675 1.50595e-22)
(0.834802 0.0215878 1.21512e-22)
(0.836681 0.0210222 4.82949e-23)
(0.838558 0.0204705 -2.36178e-23)
(0.84043 0.0199322 1.52794e-22)
(0.8423 0.0194069 -4.80795e-23)
(0.844164 0.0188944 -8.44005e-23)
(0.846026 0.0183937 -7.13216e-23)
(0.847879 0.0179053 6.56615e-23)
(0.849735 0.0174267 -5.66835e-23)
(0.851573 0.0169607 -1.58852e-23)
(0.853425 0.0165002 3.62739e-23)
(0.855239 0.0160559 1.2224e-23)
(0.857097 0.0156055 6.0455e-24)
(0.858866 0.0151861 -3.45812e-23)
(0.860758 0.0147268 9.58936e-24)
(0.862429 0.0143487 1.72042e-23)
(0.864432 0.0138313 7.20106e-24)
(0.865877 0.013551 -5.57474e-24)
(0.868184 0.0128427 -6.39136e-25)
(0.86909 0.0128329 -5.42177e-24)
(0.87219 0.0115742 2.37424e-24)
(0.760057 0.0479172 -6.95518e-22)
(0.762055 0.0469059 -1.52767e-21)
(0.764066 0.0459003 2.14409e-21)
(0.76609 0.0449016 -1.31465e-21)
(0.768125 0.0439108 5.25572e-22)
(0.77017 0.0429291 5.04435e-22)
(0.772224 0.0419572 -7.33393e-22)
(0.774285 0.040996 4.36099e-22)
(0.776353 0.0400464 -5.12572e-22)
(0.778427 0.039109 2.98294e-22)
(0.780506 0.0381844 -3.62641e-22)
(0.782589 0.0372733 1.67054e-22)
(0.784675 0.0363762 -2.71876e-22)
(0.786764 0.0354934 -4.77029e-23)
(0.788854 0.0346256 2.5801e-22)
(0.790945 0.0337729 -6.13531e-22)
(0.793037 0.0329357 7.61356e-22)
(0.795128 0.0321142 -4.86756e-22)
(0.797219 0.0313086 5.78135e-23)
(0.799308 0.030519 1.49569e-22)
(0.801396 0.0297456 -3.03911e-22)
(0.803481 0.0289883 3.6886e-22)
(0.805563 0.0282473 -1.72417e-22)
(0.807642 0.0275225 4.44663e-22)
(0.809718 0.0268138 -3.68316e-22)
(0.81179 0.0261211 8.74953e-23)
(0.813858 0.0254444 -2.92287e-22)
(0.815922 0.0247834 6.85811e-23)
(0.817981 0.024138 3.40206e-22)
(0.820035 0.023508 -2.52094e-24)
(0.822084 0.0228932 -2.65317e-22)
(0.824128 0.0222933 -1.74671e-22)
(0.826165 0.021708 -5.32322e-23)
(0.828198 0.0211371 -5.26492e-23)
(0.830223 0.0205801 -9.79212e-23)
(0.832243 0.0200369 1.29629e-24)
(0.834256 0.0195069 -6.36027e-23)
(0.836264 0.0189899 1.99599e-22)
(0.838262 0.0184854 5.45311e-23)
(0.840256 0.0179926 -3.27101e-23)
(0.842239 0.017512 5.31644e-23)
(0.84422 0.0170411 7.08562e-24)
(0.846182 0.0165826 -1.15904e-23)
(0.848155 0.0161297 -2.02712e-24)
(0.850087 0.0156926 -2.23489e-23)
(0.85206 0.0152498 1.52133e-23)
(0.85394 0.0148373 3.26195e-23)
(0.855945 0.0143859 -3.07863e-23)
(0.857718 0.0140139 -1.33613e-23)
(0.859832 0.0135056 -2.51845e-24)
(0.861365 0.0132292 7.53811e-24)
(0.863791 0.0125334 -7.59419e-25)
(0.864757 0.0125218 7.21696e-24)
(0.868005 0.011281 -1.44505e-25)
(0.746806 0.0470452 3.51849e-22)
(0.74907 0.0460445 -1.25961e-21)
(0.751342 0.04505 5.57015e-22)
(0.753623 0.0440628 8.97552e-24)
(0.755912 0.0430839 -8.19565e-22)
(0.758206 0.0421141 2.2479e-22)
(0.760505 0.0411545 6.92853e-22)
(0.762808 0.0402058 8.90267e-22)
(0.765113 0.0392688 2.54154e-22)
(0.767421 0.0383441 -8.72222e-22)
(0.76973 0.0374323 -2.82903e-22)
(0.772039 0.0365341 9.85377e-22)
(0.774347 0.0356498 -5.32768e-22)
(0.776654 0.0347799 -1.77283e-22)
(0.778959 0.0339249 1.14346e-21)
(0.781261 0.033085 -4.75957e-22)
(0.783559 0.0322605 -4.17292e-22)
(0.785854 0.0314516 4.02012e-22)
(0.788144 0.0306585 -1.76269e-22)
(0.79043 0.0298813 -1.07265e-22)
(0.79271 0.0291201 1.24108e-22)
(0.794984 0.0283749 2.12591e-22)
(0.797252 0.0276458 -8.71032e-23)
(0.799513 0.0269328 2.07394e-22)
(0.801767 0.0262356 -2.7427e-22)
(0.804015 0.0255544 2.42033e-23)
(0.806254 0.0248889 -1.899e-22)
(0.808486 0.0242389 5.49922e-23)
(0.810711 0.0236044 1.44043e-22)
(0.812926 0.0229851 1.53869e-23)
(0.815134 0.0223807 8.43929e-23)
(0.817333 0.021791 1.91512e-23)
(0.819523 0.0212158 2.24655e-23)
(0.821704 0.0206548 -5.38697e-23)
(0.823876 0.0201075 1.29024e-22)
(0.826039 0.0195738 -5.82528e-23)
(0.828192 0.0190532 -6.89028e-23)
(0.830337 0.0185453 -3.01381e-23)
(0.83247 0.0180498 5.27185e-23)
(0.834595 0.0175659 -5.00738e-23)
(0.836706 0.0170939 -1.1185e-22)
(0.838813 0.0166316 1.7117e-23)
(0.840897 0.0161815 5.64887e-24)
(0.84299 0.0157369 9.80481e-24)
(0.845039 0.015308 -1.29097e-23)
(0.847128 0.0148735 -3.9954e-24)
(0.849118 0.0144686 2.47373e-24)
(0.851234 0.014026 1.18153e-23)
(0.85311 0.0136607 4.51337e-24)
(0.855334 0.0131624 -4.95013e-24)
(0.856956 0.0128905 -1.42109e-23)
(0.8595 0.0122085 1.73922e-24)
(0.860524 0.0121951 1.11246e-23)
(0.86392 0.0109746 3.57427e-24)
(0.733705 0.0460856 -1.49591e-21)
(0.736233 0.0450981 1.24906e-21)
(0.738767 0.0441172 -1.44403e-21)
(0.741305 0.0431438 1.82631e-22)
(0.743846 0.0421789 5.97684e-22)
(0.746389 0.0412235 -1.52105e-22)
(0.748933 0.0402784 7.08565e-22)
(0.751476 0.0393443 -8.14242e-22)
(0.754019 0.0384219 -2.78057e-22)
(0.75656 0.037512 -6.78112e-22)
(0.759097 0.036615 8.07407e-22)
(0.761632 0.0357315 2.10099e-22)
(0.764161 0.034862 -9.28152e-23)
(0.766686 0.0340068 -6.74935e-22)
(0.769204 0.0331664 -6.50287e-22)
(0.771716 0.032341 6.63558e-22)
(0.774221 0.0315309 1.33442e-22)
(0.776719 0.0307363 -2.02129e-22)
(0.779208 0.0299573 -2.21387e-22)
(0.781688 0.029194 -1.77844e-24)
(0.78416 0.0284466 2.57626e-22)
(0.786622 0.027715 -2.36841e-22)
(0.789075 0.0269993 2.43242e-22)
(0.791517 0.0262994 -4.6779e-22)
(0.793949 0.0256153 1.75572e-22)
(0.796371 0.0249468 5.06826e-22)
(0.798781 0.0242938 -4.4771e-22)
(0.801181 0.0236562 3.54606e-22)
(0.803569 0.0230337 -1.48233e-22)
(0.805946 0.0224262 -1.81899e-22)
(0.808311 0.0218335 -9.85724e-23)
(0.810664 0.0212553 -1.07364e-22)
(0.813006 0.0206912 1.90845e-22)
(0.815335 0.0201411 -4.99213e-23)
(0.817652 0.0196047 4.28062e-23)
(0.819957 0.0190815 7.70629e-23)
(0.822249 0.0185712 -1.05606e-22)
(0.824529 0.0180734 8.36559e-23)
(0.826796 0.0175879 6.02784e-23)
(0.829051 0.0171138 1.72183e-23)
(0.831289 0.0166514 1.30232e-23)
(0.833521 0.0161985 2.00812e-23)
(0.835728 0.0157576 -3.21959e-23)
(0.837939 0.0153223 2.72805e-24)
(0.840104 0.0149022 1.65486e-23)
(0.842308 0.0144769 -8.36785e-24)
(0.844408 0.0140804 -2.58932e-23)
(0.846634 0.0136473 -8.63828e-24)
(0.848611 0.0132895 2.74925e-23)
(0.850945 0.0128022 -9.5517e-24)
(0.852655 0.0125352 1.85417e-23)
(0.855315 0.0118681 4.38199e-24)
(0.856398 0.0118532 -1.2799e-23)
(0.859939 0.0106555 -3.29473e-23)
(0.720787 0.0450382 5.23215e-22)
(0.723579 0.0440665 -1.6838e-21)
(0.726372 0.0431016 1.15094e-21)
(0.729165 0.0421444 2.56759e-23)
(0.731958 0.041196 -1.9363e-22)
(0.734748 0.0402571 -1.76897e-22)
(0.737535 0.0393287 -4.87746e-22)
(0.740319 0.0384113 3.62739e-22)
(0.743097 0.0375058 -1.72499e-22)
(0.745869 0.0366126 -2.14395e-22)
(0.748635 0.0357324 2.46473e-22)
(0.751393 0.0348657 -9.93927e-22)
(0.754142 0.0340128 8.72404e-22)
(0.756883 0.0331742 -6.32979e-22)
(0.759614 0.0323502 8.08152e-22)
(0.762334 0.0315411 -5.06454e-22)
(0.765044 0.0307471 -2.89229e-23)
(0.767743 0.0299684 6.75186e-22)
(0.770429 0.0292051 -1.91347e-22)
(0.773104 0.0284574 2.10969e-22)
(0.775766 0.0277253 -6.12306e-22)
(0.778415 0.0270088 5.91432e-22)
(0.78105 0.026308 -4.25199e-23)
(0.783672 0.0256227 -6.80845e-23)
(0.78628 0.0249529 -4.89652e-22)
(0.788875 0.0242985 1.33549e-22)
(0.791454 0.0236594 -2.41382e-22)
(0.79402 0.0230354 -3.3715e-23)
(0.796571 0.0224263 5.39182e-22)
(0.799107 0.0218319 -2.28847e-22)
(0.801628 0.0212519 2.19956e-22)
(0.804134 0.0206863 1.24197e-22)
(0.806626 0.0201345 1.60475e-22)
(0.809102 0.0195965 -1.56323e-22)
(0.811563 0.0190719 -7.94075e-23)
(0.814008 0.0185602 -1.63536e-22)
(0.816438 0.0180613 6.84262e-23)
(0.818853 0.0175747 -1.32274e-22)
(0.821251 0.0171 -1.90383e-22)
(0.823636 0.0166366 7.36402e-23)
(0.826 0.0161847 1.25125e-23)
(0.828355 0.0157421 9.50989e-23)
(0.830682 0.0153113 -4.22946e-23)
(0.833012 0.0148861 2.94265e-23)
(0.835292 0.0144757 4.27914e-24)
(0.837608 0.0140603 -3.2453e-23)
(0.839817 0.013673 9.14914e-24)
(0.842152 0.0132502 1.58886e-23)
(0.84423 0.0129005 -3.27081e-23)
(0.846671 0.0124251 2.78804e-24)
(0.848468 0.0121637 -1.37053e-23)
(0.851243 0.0115127 -6.7133e-24)
(0.852384 0.0114963 4.25453e-24)
(0.856069 0.0103239 2.50582e-23)
(0.708085 0.0439033 -2.55697e-21)
(0.711138 0.0429498 1.78997e-21)
(0.714189 0.0420034 -1.14816e-23)
(0.717235 0.0410649 -4.1055e-22)
(0.720277 0.0401352 2.90937e-22)
(0.723313 0.0392152 -1.26704e-21)
(0.726342 0.0383057 7.51309e-22)
(0.729362 0.0374073 -9.24514e-22)
(0.732374 0.0365206 8.83776e-22)
(0.735376 0.0356464 -6.32057e-22)
(0.738367 0.0347849 -5.82241e-22)
(0.741347 0.0339369 -5.61745e-23)
(0.744314 0.0331026 5.69551e-23)
(0.747269 0.0322824 1.18495e-22)
(0.75021 0.0314766 -1.90205e-22)
(0.753137 0.0306856 -1.18714e-22)
(0.75605 0.0299094 -2.54517e-22)
(0.758947 0.0291483 4.09958e-22)
(0.761829 0.0284025 -6.62943e-23)
(0.764696 0.0276719 -4.45143e-22)
(0.767546 0.0269567 2.01698e-22)
(0.770379 0.0262568 1.43248e-22)
(0.773196 0.0255723 -1.19786e-23)
(0.775995 0.024903 1.0607e-24)
(0.778778 0.024249 2.85021e-22)
(0.781542 0.0236101 -4.11962e-23)
(0.78429 0.0229861 -5.23563e-23)
(0.787019 0.022377 1.67321e-22)
(0.789731 0.0217824 -2.05015e-22)
(0.792424 0.0212023 6.16668e-23)
(0.7951 0.0206364 -6.53767e-23)
(0.797757 0.0200844 1.75958e-22)
(0.800396 0.0195462 -2.06798e-22)
(0.803017 0.0190213 7.92954e-23)
(0.80562 0.0185095 5.61625e-23)
(0.808204 0.0180105 8.64585e-23)
(0.81077 0.0175239 -8.86472e-24)
(0.813318 0.0170493 1.5236e-23)
(0.815846 0.0165865 1.57012e-22)
(0.818358 0.0161347 -5.50246e-23)
(0.820847 0.0156942 1.61724e-23)
(0.823323 0.0152628 2.86313e-23)
(0.825769 0.014843 6.97241e-25)
(0.828215 0.0144286 4.09072e-23)
(0.830608 0.0140286 -3.47643e-23)
(0.833036 0.013624 6.0359e-23)
(0.835352 0.0132467 -1.71738e-23)
(0.837795 0.012835 -1.76968e-23)
(0.839972 0.0124941 4.10176e-24)
(0.84252 0.0120314 1.2417e-23)
(0.844402 0.0117761 1.75697e-24)
(0.84729 0.0111425 -1.8275e-25)
(0.848489 0.0111248 -4.53361e-24)
(0.852315 0.0099801 -9.76557e-24)
(0.695634 0.0426813 1.61581e-21)
(0.698945 0.0417486 -1.53052e-21)
(0.70225 0.0408231 1.44645e-21)
(0.705547 0.0399056 -1.16358e-21)
(0.708835 0.0389971 -5.89411e-22)
(0.712113 0.0380983 7.90628e-22)
(0.71538 0.0372099 -2.60945e-22)
(0.718635 0.0363326 -1.87137e-22)
(0.721877 0.035467 8.44531e-23)
(0.725106 0.0346136 3.85576e-22)
(0.728319 0.0337731 -2.09021e-22)
(0.731518 0.0329456 1.31821e-21)
(0.734701 0.0321318 -5.87542e-22)
(0.737867 0.0313319 4.54263e-22)
(0.741015 0.0305462 -4.24243e-22)
(0.744146 0.029775 9.77277e-22)
(0.747259 0.0290184 -5.99151e-22)
(0.750353 0.0282766 2.37902e-22)
(0.753428 0.0275498 1.3145e-22)
(0.756483 0.0268379 -2.72933e-22)
(0.759519 0.0261411 -6.56499e-22)
(0.762534 0.0254594 6.21267e-22)
(0.765529 0.0247926 -1.37722e-23)
(0.768504 0.0241409 2.26722e-22)
(0.771458 0.023504 3.83882e-23)
(0.774391 0.0228819 1.22576e-23)
(0.777303 0.0222744 -1.71387e-22)
(0.780194 0.0216815 9.25257e-24)
(0.783063 0.0211028 2.01165e-22)
(0.785912 0.0205382 -5.19283e-23)
(0.788739 0.0199874 2.96381e-23)
(0.791546 0.0194503 -2.58608e-22)
(0.79433 0.0189266 -1.12778e-22)
(0.797094 0.0184159 -2.46303e-23)
(0.799836 0.0179181 -2.92367e-23)
(0.802557 0.0174327 3.25431e-23)
(0.805256 0.0169594 2.43642e-23)
(0.807935 0.0164979 8.67346e-23)
(0.810591 0.0160479 -9.43919e-23)
(0.813228 0.0156086 1.11177e-23)
(0.815839 0.0151803 -2.94794e-23)
(0.818435 0.014761 -1.15641e-23)
(0.820998 0.0143529 3.31129e-23)
(0.823558 0.0139502 -6.90551e-23)
(0.826063 0.0135616 8.50378e-24)
(0.8286 0.0131685 -3.40642e-23)
(0.831021 0.0128018 2.51351e-23)
(0.833569 0.0124021 -1.01637e-23)
(0.835844 0.0120707 2.79961e-23)
(0.838496 0.0116216 1.95438e-24)
(0.840464 0.0113729 4.82392e-24)
(0.843462 0.0107579 4.02676e-24)
(0.844718 0.010739 -7.39195e-24)
(0.848681 0.00962455 -1.46509e-23)
(0.683466 0.0413731 -8.45466e-22)
(0.687031 0.0404637 1.88377e-23)
(0.690586 0.0395615 -1.78563e-22)
(0.69413 0.0386675 -7.06791e-23)
(0.69766 0.0377824 -6.84634e-22)
(0.701177 0.0369071 -4.88536e-22)
(0.704679 0.036042 7.59202e-22)
(0.708164 0.035188 -8.02342e-22)
(0.711633 0.0343456 -8.9857e-22)
(0.715085 0.0335152 2.67472e-22)
(0.718518 0.0326975 6.47308e-22)
(0.721932 0.0318927 2.85037e-22)
(0.725326 0.0311013 -5.82476e-22)
(0.7287 0.0303235 6.26761e-22)
(0.732053 0.0295597 3.44361e-22)
(0.735384 0.0288101 -2.83369e-22)
(0.738693 0.0280748 4.62005e-22)
(0.74198 0.027354 -5.76817e-22)
(0.745244 0.0266478 4.51434e-22)
(0.748486 0.0259562 1.59043e-22)
(0.751703 0.0252794 -4.3124e-22)
(0.754898 0.0246173 3.33353e-22)
(0.758068 0.0239698 -3.04994e-22)
(0.761214 0.0233369 9.37815e-23)
(0.764337 0.0227186 2.36936e-22)
(0.767435 0.0221147 -5.49661e-23)
(0.770509 0.021525 -6.34595e-23)
(0.773558 0.0209495 -1.01393e-22)
(0.776583 0.0203879 1.71952e-23)
(0.779584 0.01984 3.73466e-23)
(0.78256 0.0193056 1.42164e-23)
(0.785512 0.0187845 -3.37087e-23)
(0.78844 0.0182764 2.2981e-23)
(0.791343 0.017781 2.29277e-22)
(0.794222 0.0172982 -1.25295e-23)
(0.797077 0.0168274 2.79628e-23)
(0.799908 0.0163685 -1.80115e-23)
(0.802714 0.015921 -5.75088e-23)
(0.805496 0.0154847 -1.0035e-22)
(0.808255 0.0150588 1.32713e-22)
(0.810986 0.0146436 -9.66816e-23)
(0.8137 0.0142373 1.19126e-23)
(0.816377 0.0138418 -6.08439e-23)
(0.819049 0.0134515 4.77643e-23)
(0.821663 0.013075 -1.07271e-23)
(0.824307 0.0126942 5.35513e-23)
(0.826832 0.0123389 -1.47318e-23)
(0.829483 0.0119519 -1.39681e-23)
(0.831854 0.0116307 -9.36835e-25)
(0.834608 0.011196 -9.02771e-24)
(0.836658 0.0109545 -2.45712e-24)
(0.839764 0.0103592 3.40195e-24)
(0.841077 0.0103394 2.35719e-23)
(0.845174 0.00925758 5.14454e-23)
(0.671615 0.0399797 1.071e-21)
(0.67543 0.0390961 -1.47101e-21)
(0.679231 0.0382198 1.42976e-21)
(0.683016 0.0373516 3.60267e-22)
(0.686784 0.0364923 -1.71499e-21)
(0.690534 0.0356426 1.59495e-22)
(0.694266 0.0348032 3.86382e-22)
(0.697978 0.0339746 6.29102e-22)
(0.70167 0.0331574 4.01397e-22)
(0.70534 0.0323522 -1.0822e-21)
(0.708988 0.0315592 -5.91127e-23)
(0.712613 0.030779 5.62685e-22)
(0.716214 0.0300119 9.50138e-23)
(0.719791 0.0292581 -1.97414e-22)
(0.723344 0.028518 2.81897e-22)
(0.726872 0.0277917 -1.85508e-22)
(0.730374 0.0270794 -3.73441e-22)
(0.73385 0.0263812 6.37709e-22)
(0.737299 0.0256973 -3.3918e-22)
(0.740722 0.0250277 1.066e-22)
(0.744118 0.0243724 6.32171e-22)
(0.747488 0.0237313 -1.34161e-22)
(0.75083 0.0231046 -1.12377e-22)
(0.754144 0.022492 -1.68628e-22)
(0.757431 0.0218936 3.04406e-23)
(0.760691 0.0213092 -2.73396e-22)
(0.763923 0.0207386 1.32242e-22)
(0.767128 0.0201818 3.60403e-24)
(0.770305 0.0196385 1.30016e-22)
(0.773454 0.0191085 -4.56964e-23)
(0.776576 0.0185916 3.06962e-24)
(0.779671 0.0180876 2.08591e-24)
(0.782738 0.0175963 -9.53155e-23)
(0.785778 0.0171173 -6.12482e-23)
(0.78879 0.0166504 -9.85091e-23)
(0.791776 0.0161953 6.88282e-23)
(0.794734 0.0157517 1.18157e-23)
(0.797667 0.0153191 5.5098e-23)
(0.80057 0.0148974 6.64299e-23)
(0.803449 0.0144859 9.25881e-24)
(0.806297 0.0140847 -3.06102e-23)
(0.809126 0.0136921 7.56998e-23)
(0.811914 0.01331 1.81823e-23)
(0.814696 0.012933 -5.09319e-23)
(0.817416 0.0125693 2.84106e-23)
(0.820165 0.0122016 -2.93934e-23)
(0.82279 0.0118584 -1.44945e-23)
(0.825543 0.0114849 1.59833e-23)
(0.828007 0.0111745 -1.04884e-23)
(0.83086 0.0107551 -5.62655e-24)
(0.832992 0.0105213 -5.75103e-24)
(0.836203 0.00994696 -2.64276e-24)
(0.83757 0.00992635 -2.34213e-23)
(0.841799 0.0088796 -4.17915e-23)
(0.660116 0.0385027 -9.00932e-22)
(0.664174 0.0376474 -2.33866e-22)
(0.668214 0.0367993 7.9469e-22)
(0.672235 0.0359593 1.1499e-21)
(0.676236 0.035128 -1.73859e-23)
(0.680214 0.0343063 -1.00136e-21)
(0.684171 0.0334946 4.745e-23)
(0.688104 0.0326936 5.0004e-22)
(0.692012 0.0319038 1.47892e-22)
(0.695896 0.0311256 -7.39685e-23)
(0.699753 0.0303595 1.45888e-22)
(0.703584 0.0296058 1.54071e-22)
(0.707388 0.0288648 -5.35543e-22)
(0.711164 0.0281369 3.40627e-22)
(0.714912 0.0274222 -1.38559e-22)
(0.718631 0.026721 -5.51657e-22)
(0.722321 0.0260334 1.90475e-22)
(0.725981 0.0253595 3.0228e-23)
(0.729612 0.0246995 2.41492e-22)
(0.733212 0.0240533 -5.9625e-23)
(0.736782 0.023421 1.26491e-22)
(0.740322 0.0228025 -1.16678e-22)
(0.743831 0.0221979 1.12785e-22)
(0.74731 0.0216071 -3.08744e-22)
(0.750758 0.02103 -2.21685e-23)
(0.754175 0.0204664 -1.00658e-23)
(0.757561 0.0199162 4.07051e-23)
(0.760916 0.0193793 -2.23099e-23)
(0.764241 0.0188555 -8.21374e-23)
(0.767536 0.0183445 -5.85181e-23)
(0.770799 0.0178463 7.50225e-23)
(0.774033 0.0173606 6.21396e-23)
(0.777236 0.016887 -1.06402e-22)
(0.780409 0.0164254 -4.95495e-23)
(0.783552 0.0159756 1.00471e-22)
(0.786665 0.0155371 -3.77959e-23)
(0.789748 0.0151097 9.78618e-23)
(0.792801 0.014693 -3.34784e-23)
(0.795824 0.0142868 -1.2316e-22)
(0.79882 0.0138905 1.09647e-22)
(0.801782 0.0135041 1.24408e-23)
(0.804721 0.0131261 -5.49344e-23)
(0.807619 0.0127581 -2.10433e-23)
(0.810507 0.0123953 5.70579e-23)
(0.81333 0.0120451 -1.64926e-23)
(0.816181 0.0116913 2.00327e-23)
(0.818904 0.0113609 1.59743e-23)
(0.821755 0.0110016 1.2297e-23)
(0.824309 0.0107027 1.88057e-23)
(0.82726 0.0102994 8.55606e-24)
(0.82947 0.0100739 1.5204e-23)
(0.832784 0.00952151 -2.2349e-24)
(0.834204 0.00950032 -6.79627e-24)
(0.838559 0.00849101 5.28478e-23)
(0.644683 0.0377751 -2.62926e-22)
(0.648999 0.036944 1.07469e-21)
(0.653294 0.0361193 2.53353e-22)
(0.657568 0.0353018 -1.8999e-21)
(0.661818 0.0344922 1.52131e-21)
(0.666044 0.0336913 -3.92075e-22)
(0.670245 0.0328997 2.43274e-23)
(0.67442 0.032118 -1.76893e-22)
(0.678568 0.0313466 -7.16984e-22)
(0.682688 0.0305862 -3.1825e-23)
(0.686779 0.0298371 3.51443e-22)
(0.69084 0.0290997 -3.00927e-22)
(0.694871 0.0283744 -5.55429e-22)
(0.698872 0.0276614 6.80478e-22)
(0.702841 0.0269611 2.54238e-22)
(0.706778 0.0262737 -1.76977e-22)
(0.710683 0.0255993 4.64313e-22)
(0.714555 0.024938 -9.19526e-22)
(0.718395 0.02429 -2.42479e-22)
(0.722201 0.0236554 4.60428e-22)
(0.725974 0.0230342 1.78965e-22)
(0.729713 0.0224264 -4.20936e-22)
(0.733418 0.021832 4.28266e-23)
(0.73709 0.021251 1.94665e-22)
(0.740727 0.0206832 -2.93527e-24)
(0.744331 0.0201287 1.87052e-22)
(0.747901 0.0195872 -2.06656e-22)
(0.751437 0.0190586 1.80978e-22)
(0.754939 0.0185429 -1.07555e-22)
(0.758407 0.0180398 -1.95687e-22)
(0.761842 0.0175491 3.42623e-23)
(0.765243 0.0170706 1.51815e-22)
(0.768611 0.0166042 2.53956e-22)
(0.771946 0.0161495 -9.81858e-23)
(0.775248 0.0157063 -4.19372e-23)
(0.778517 0.0152744 -9.13564e-25)
(0.781754 0.0148535 -3.96442e-23)
(0.784957 0.0144433 2.00133e-23)
(0.788129 0.0140434 -3.33639e-23)
(0.791267 0.0136536 3.648e-23)
(0.794376 0.0132733 -4.3389e-23)
(0.797448 0.0129026 6.30864e-24)
(0.800495 0.0125399 6.03786e-23)
(0.803498 0.012187 9.20163e-24)
(0.806489 0.011839 -7.77442e-23)
(0.809413 0.0115031 2.46872e-23)
(0.812362 0.0111639 -2.33396e-23)
(0.81518 0.010847 -2.47991e-23)
(0.818126 0.0105025 4.2389e-24)
(0.820768 0.0102158 -1.11138e-23)
(0.823812 0.0098294 -4.00844e-24)
(0.826099 0.00961264 1.96636e-24)
(0.829511 0.00908336 -2.30001e-25)
(0.830983 0.0090618 1.34497e-24)
(0.835461 0.00809226 -5.70511e-23)
(0.633749 0.0361036 -1.6056e-21)
(0.638298 0.0353056 2.17359e-21)
(0.642822 0.0345139 -7.38847e-22)
(0.647321 0.0337293 5.2869e-23)
(0.651794 0.0329525 -3.93359e-22)
(0.656239 0.0321841 -1.04446e-21)
(0.660655 0.0314248 -3.25299e-22)
(0.665041 0.0306751 1.57344e-21)
(0.669397 0.0299355 -3.1499e-22)
(0.673721 0.0292064 -7.80935e-22)
(0.678012 0.0284883 -1.40728e-22)
(0.682271 0.0277816 5.40724e-22)
(0.686496 0.0270865 -3.35264e-22)
(0.690687 0.0264034 2.16801e-22)
(0.694843 0.0257325 -2.51786e-22)
(0.698963 0.0250739 9.84486e-23)
(0.703048 0.024428 3.34609e-22)
(0.707097 0.0237947 -4.83355e-22)
(0.71111 0.0231742 4.4489e-22)
(0.715086 0.0225666 -2.30084e-22)
(0.719025 0.0219719 1.27987e-22)
(0.722928 0.02139 1.92749e-22)
(0.726793 0.0208211 -1.22881e-22)
(0.730621 0.020265 -1.50643e-22)
(0.734413 0.0197216 -1.86782e-22)
(0.738167 0.0191909 1.92127e-22)
(0.741884 0.0186728 -1.21695e-22)
(0.745565 0.0181671 1.2333e-22)
(0.749208 0.0176737 1.81879e-23)
(0.752815 0.0171925 1.22304e-22)
(0.756386 0.0167231 -2.31921e-22)
(0.75992 0.0162655 1.8963e-22)
(0.763418 0.0158194 -1.93319e-22)
(0.76688 0.0153846 6.87581e-23)
(0.770306 0.0149609 4.26329e-23)
(0.773697 0.014548 1.32994e-22)
(0.777053 0.0141456 -1.21022e-22)
(0.780373 0.0137534 1.55493e-23)
(0.783659 0.0133712 -8.26023e-23)
(0.786908 0.0129986 -4.7889e-23)
(0.790126 0.0126351 -2.73686e-23)
(0.793304 0.0122809 -3.61512e-23)
(0.796455 0.0119344 2.74072e-23)
(0.79956 0.0115972 -1.94479e-24)
(0.802651 0.0112647 4.24262e-23)
(0.805671 0.0109439 -3.50411e-23)
(0.808715 0.0106199 6.519e-24)
(0.811624 0.0103172 3.46693e-23)
(0.814661 0.00998837 -1.65416e-23)
(0.817389 0.00971435 1.20926e-24)
(0.820523 0.00934563 -2.01205e-25)
(0.822883 0.00913817 -2.30407e-24)
(0.82639 0.00863303 1.99895e-25)
(0.827913 0.00861129 2.26837e-23)
(0.832508 0.00768377 2.05753e-23)
(0.623271 0.0343527 -1.35544e-21)
(0.628044 0.0335901 7.55869e-22)
(0.632789 0.0328337 8.7773e-22)
(0.637505 0.0320843 -1.24405e-21)
(0.642192 0.0313424 1.35815e-21)
(0.646847 0.0306087 1.60318e-22)
(0.65147 0.0298837 -1.36003e-21)
(0.65606 0.0291681 1.19688e-21)
(0.660616 0.0284622 -4.22577e-23)
(0.665137 0.0277664 2.35878e-22)
(0.669622 0.0270813 -7.62538e-22)
(0.674071 0.026407 1.38125e-23)
(0.678482 0.025744 1.84142e-22)
(0.682856 0.0250925 3.13556e-22)
(0.687192 0.0244526 -7.98303e-22)
(0.691489 0.0238247 3.40553e-22)
(0.695747 0.0232088 5.19552e-22)
(0.699966 0.0226051 -1.79444e-22)
(0.704145 0.0220136 1.14256e-22)
(0.708284 0.0214345 1.562e-22)
(0.712384 0.0208677 2.76241e-23)
(0.716443 0.0203132 6.76416e-23)
(0.720463 0.0197711 -9.1022e-23)
(0.724442 0.0192413 2.85836e-22)
(0.728381 0.0187236 -1.69577e-22)
(0.732281 0.0182181 2.91039e-23)
(0.73614 0.0177246 2.56598e-23)
(0.739959 0.0172429 -5.23284e-23)
(0.743739 0.016773 2.03138e-22)
(0.747479 0.0163147 -2.22185e-22)
(0.75118 0.0158678 8.72508e-23)
(0.754842 0.0154321 -1.02676e-23)
(0.758465 0.0150074 7.15973e-23)
(0.762049 0.0145935 1.24187e-23)
(0.765595 0.0141901 -1.14034e-22)
(0.769102 0.0137971 -9.48544e-23)
(0.772572 0.0134141 5.30968e-24)
(0.776004 0.0130409 3.58915e-23)
(0.779399 0.0126772 6.98368e-23)
(0.782756 0.0123227 -1.57571e-23)
(0.786078 0.0119768 -2.17016e-23)
(0.789359 0.0116398 9.63358e-23)
(0.79261 0.0113102 -3.14033e-23)
(0.795812 0.0109895 6.79481e-24)
(0.798998 0.0106733 -6.24529e-23)
(0.802111 0.0103682 2.86932e-23)
(0.805246 0.0100601 -2.73544e-23)
(0.808243 0.00977226 -3.45581e-24)
(0.811368 0.00945972 1.27644e-23)
(0.814176 0.00919903 -1.58773e-23)
(0.817397 0.0088487 1.07222e-24)
(0.819829 0.00865103 -5.73176e-24)
(0.823426 0.00817105 5.41977e-24)
(0.824997 0.00814935 -1.79412e-24)
(0.829704 0.00726604 1.55218e-23)
(0.613279 0.0325252 1.01546e-21)
(0.618267 0.0318004 -3.47128e-22)
(0.623223 0.0310815 1.43396e-21)
(0.628148 0.0303694 -6.8338e-22)
(0.63304 0.0296645 -1.32733e-21)
(0.637897 0.0289675 1.5033e-21)
(0.642718 0.028279 -3.65578e-22)
(0.647503 0.0275993 -3.17817e-22)
(0.652251 0.0269291 5.19741e-22)
(0.65696 0.0262685 -6.41601e-22)
(0.66163 0.0256181 1.20974e-21)
(0.666261 0.0249782 -3.0796e-22)
(0.670851 0.024349 -3.223e-22)
(0.6754 0.0237307 -1.12507e-22)
(0.679908 0.0231236 -3.6275e-22)
(0.684374 0.0225279 5.41147e-23)
(0.688798 0.0219436 -1.33405e-22)
(0.69318 0.021371 3.75945e-22)
(0.697518 0.0208101 -3.46354e-23)
(0.701814 0.0202608 -4.57096e-22)
(0.706067 0.0197234 -1.34796e-22)
(0.710277 0.0191977 2.96021e-22)
(0.714444 0.0186837 -4.19869e-23)
(0.718568 0.0181814 -5.26459e-23)
(0.722648 0.0176907 4.35106e-24)
(0.726686 0.0172115 1.24271e-22)
(0.730681 0.0167438 -9.43708e-23)
(0.734633 0.0162874 -1.78932e-23)
(0.738543 0.0158421 -2.90623e-22)
(0.742411 0.0154078 1.78759e-22)
(0.746236 0.0149844 5.33747e-23)
(0.75002 0.0145716 -2.08615e-22)
(0.753762 0.0141693 1.58475e-23)
(0.757463 0.0137772 -1.26085e-23)
(0.761123 0.0133951 6.94091e-23)
(0.764743 0.0130229 -4.72021e-23)
(0.768322 0.0126602 4.73075e-23)
(0.771861 0.0123068 -2.66075e-24)
(0.77536 0.0119623 2.63862e-23)
(0.778819 0.0116267 -1.85526e-23)
(0.782241 0.0112993 5.44813e-23)
(0.785619 0.0109803 -9.93912e-23)
(0.788966 0.0106683 2.68659e-23)
(0.79226 0.0103647 3.75091e-23)
(0.795538 0.0100655 1.10349e-23)
(0.798739 0.00977671 4.88043e-24)
(0.801962 0.00948528 1.91047e-23)
(0.805042 0.00921285 -4.60412e-24)
(0.808251 0.00891724 -7.03266e-24)
(0.811137 0.00867047 1.06121e-23)
(0.81444 0.00833924 4.67371e-24)
(0.816939 0.00815184 -6.12582e-24)
(0.820624 0.00769798 -5.28479e-24)
(0.822241 0.00767652 1.00816e-23)
(0.827055 0.00683953 1.93831e-23)
(0.603804 0.0306245 -1.10129e-21)
(0.608996 0.0299395 -4.67281e-22)
(0.614154 0.0292603 -1.64609e-23)
(0.619278 0.0285875 1.0907e-21)
(0.624364 0.0279217 -3.77548e-22)
(0.629413 0.0272634 5.97497e-23)
(0.634424 0.0266132 -3.60898e-22)
(0.639395 0.0259715 6.28188e-22)
(0.644325 0.0253387 -4.90552e-22)
(0.649214 0.0247152 -1.65014e-22)
(0.65406 0.0241013 1.07336e-22)
(0.658864 0.0234974 -2.73115e-22)
(0.663624 0.0229036 5.79608e-22)
(0.668341 0.0223203 -1.51917e-22)
(0.673012 0.0217476 -2.29782e-23)
(0.677639 0.0211856 -1.04218e-22)
(0.682221 0.0206345 1.31583e-22)
(0.686757 0.0200944 -3.74562e-22)
(0.691248 0.0195654 1.26835e-22)
(0.695693 0.0190475 2.45525e-22)
(0.700092 0.0185407 8.63442e-23)
(0.704444 0.0180451 4.5655e-23)
(0.708751 0.0175605 7.47546e-23)
(0.713012 0.017087 -5.42873e-23)
(0.717228 0.0166245 -2.78183e-22)
(0.721397 0.0161729 8.13979e-23)
(0.725521 0.0157321 5.79554e-23)
(0.7296 0.0153019 -1.74708e-22)
(0.733633 0.0148823 3.15807e-22)
(0.737622 0.0144731 -9.34083e-23)
(0.741566 0.0140742 -8.18013e-23)
(0.745466 0.0136853 4.06093e-23)
(0.749321 0.0133063 -2.60096e-23)
(0.753133 0.0129369 -6.16173e-23)
(0.756902 0.0125771 1.05325e-22)
(0.760628 0.0122265 -2.2305e-23)
(0.764311 0.0118849 -6.75083e-23)
(0.767951 0.0115521 -7.5076e-23)
(0.77155 0.0112278 -2.87898e-23)
(0.775106 0.0109117 3.27033e-23)
(0.778622 0.0106035 -2.56305e-23)
(0.782093 0.0103032 1.86516e-23)
(0.78553 0.0100095 -4.95858e-24)
(0.788913 0.00972371 9.04352e-24)
(0.792277 0.00944212 -3.13427e-23)
(0.795563 0.00917033 -1.89013e-23)
(0.798868 0.00889611 1.73251e-23)
(0.802028 0.00863973 -1.78556e-23)
(0.805316 0.00836167 -1.13122e-24)
(0.808276 0.00812936 -1.0554e-23)
(0.811657 0.00781788 -5.73977e-24)
(0.814221 0.00764123 -7.66124e-24)
(0.817987 0.00721442 -5.31426e-24)
(0.819648 0.0071934 -1.99033e-23)
(0.824564 0.00640474 -9.44649e-24)
(0.594875 0.0286541 1.11058e-21)
(0.600261 0.028011 -7.29695e-22)
(0.60561 0.0273734 2.38623e-22)
(0.61092 0.0267419 3.86191e-22)
(0.616192 0.0261171 -2.09531e-23)
(0.621423 0.0254995 3.92668e-23)
(0.626612 0.0248895 4.54497e-24)
(0.631758 0.0242875 7.15657e-23)
(0.636861 0.023694 1.67076e-23)
(0.64192 0.0231092 -1.01868e-22)
(0.646933 0.0225335 5.1341e-22)
(0.651901 0.0219672 -2.12135e-22)
(0.656822 0.0214106 2.94673e-23)
(0.661696 0.0208637 -6.7736e-23)
(0.666523 0.0203268 -8.26924e-24)
(0.671302 0.0198001 -3.10459e-22)
(0.676033 0.0192836 1.69623e-22)
(0.680716 0.0187775 -2.82061e-23)
(0.68535 0.0182817 3.62483e-22)
(0.689935 0.0177965 -1.60812e-22)
(0.694472 0.0173217 2.34553e-23)
(0.69896 0.0168573 -3.08568e-22)
(0.7034 0.0164034 2.17966e-22)
(0.707791 0.0159599 -2.10001e-22)
(0.712133 0.0155267 2.36095e-22)
(0.716427 0.0151037 -2.29342e-22)
(0.720673 0.0146909 3.62127e-22)
(0.724871 0.0142881 -2.3373e-22)
(0.729021 0.0138952 8.27009e-23)
(0.733124 0.0135121 6.18126e-23)
(0.73718 0.0131386 1.35304e-22)
(0.741189 0.0127745 1.71842e-23)
(0.745152 0.0124197 -3.3133e-23)
(0.749069 0.012074 1.20019e-22)
(0.75294 0.0117372 -8.02794e-23)
(0.756766 0.011409 1.04703e-22)
(0.760547 0.0110894 -8.88798e-24)
(0.764283 0.0107779 3.62646e-23)
(0.767976 0.0104745 -5.28428e-24)
(0.771623 0.0101788 3.99999e-23)
(0.775229 0.00989041 6.70292e-23)
(0.778788 0.00960944 3.47842e-23)
(0.78231 0.0093347 -5.39229e-23)
(0.785777 0.00906741 -2.54183e-23)
(0.789222 0.00880405 -1.23903e-23)
(0.792587 0.00854985 1.89824e-23)
(0.79597 0.00829345 8.43667e-24)
(0.799205 0.00805366 2.02409e-23)
(0.802568 0.00779374 4.43568e-25)
(0.805598 0.00757641 -1.06086e-23)
(0.809053 0.00728533 5.35616e-25)
(0.811677 0.00711986 6.37385e-24)
(0.815521 0.00672098 3.0227e-24)
(0.817223 0.00670059 6.63715e-24)
(0.822234 0.00596218 -4.08493e-23)
(0.586519 0.0266177 1.28143e-23)
(0.592087 0.0260185 -4.48225e-23)
(0.597615 0.0254245 1.70135e-22)
(0.603102 0.0248362 -9.02761e-22)
(0.608547 0.0242543 1.8435e-22)
(0.613948 0.023679 4.51306e-24)
(0.619305 0.0231109 3.63184e-22)
(0.624617 0.0225504 -3.14051e-22)
(0.629882 0.0219978 1.11742e-23)
(0.6351 0.0214534 1.59852e-22)
(0.64027 0.0209176 -8.75129e-23)
(0.645392 0.0203905 -1.78866e-22)
(0.650464 0.0198724 -2.05087e-22)
(0.655486 0.0193635 2.95006e-22)
(0.660459 0.0188639 -2.79427e-22)
(0.665381 0.0183738 3.58878e-22)
(0.670252 0.0178933 -1.98758e-22)
(0.675072 0.0174224 -4.32777e-23)
(0.679841 0.0169613 2.30311e-22)
(0.684558 0.0165099 -3.02856e-22)
(0.689225 0.0160683 2.97874e-22)
(0.69384 0.0156365 -9.07337e-23)
(0.698403 0.0152144 -2.10067e-22)
(0.702916 0.014802 -7.74042e-24)
(0.707377 0.0143992 1.9786e-22)
(0.711788 0.0140059 -6.24518e-23)
(0.716149 0.0136221 -1.02461e-23)
(0.720459 0.0132476 -1.6605e-22)
(0.724718 0.0128824 1.36657e-22)
(0.728929 0.0125263 5.33017e-23)
(0.73309 0.0121791 -1.05019e-22)
(0.737202 0.0118408 -1.48013e-23)
(0.741265 0.011511 2.22562e-23)
(0.74528 0.0111898 -3.04823e-23)
(0.749247 0.0108768 -2.20035e-23)
(0.753167 0.0105719 1.25063e-23)
(0.75704 0.0102749 -9.76582e-24)
(0.760866 0.00998554 1.52445e-23)
(0.764646 0.00970362 -1.3126e-23)
(0.768379 0.00942896 -4.41964e-23)
(0.772069 0.00916109 -4.63915e-23)
(0.77571 0.00890013 7.41998e-25)
(0.779312 0.00864497 -7.0272e-24)
(0.782857 0.00839675 2.83181e-23)
(0.786378 0.00815221 4.24757e-23)
(0.789818 0.00791616 -7.70493e-24)
(0.793274 0.00767812 -4.57621e-23)
(0.796579 0.00745547 -2.8542e-23)
(0.800013 0.00721423 2.2306e-24)
(0.803107 0.00701237 -4.53589e-24)
(0.806631 0.0067423 1.18748e-23)
(0.809312 0.00658842 5.20248e-24)
(0.813228 0.00621828 -4.05798e-24)
(0.814969 0.00619874 -5.89482e-24)
(0.820069 0.00551238 5.61074e-23)
(0.578763 0.0245196 3.72968e-22)
(0.5845 0.0239661 -9.41845e-22)
(0.590194 0.0234174 1.59928e-22)
(0.595846 0.0228741 -1.8858e-22)
(0.601452 0.0223367 1.28507e-22)
(0.607012 0.0218056 -1.72958e-22)
(0.612526 0.0212811 4.89438e-22)
(0.617991 0.0207636 -3.67671e-22)
(0.623408 0.0202535 3.81679e-22)
(0.628774 0.0197511 2.16706e-23)
(0.63409 0.0192565 -1.57836e-22)
(0.639355 0.0187701 -2.04565e-22)
(0.644568 0.018292 1.96334e-22)
(0.649728 0.0178224 -1.18126e-22)
(0.654836 0.0173615 2.66053e-22)
(0.659891 0.0169094 -3.69536e-22)
(0.664892 0.0164661 5.24833e-22)
(0.66984 0.0160318 -3.44934e-22)
(0.674735 0.0156065 2.12052e-22)
(0.679575 0.0151902 -2.7362e-22)
(0.684362 0.0147829 6.73369e-23)
(0.689095 0.0143847 6.20387e-23)
(0.693775 0.0139955 1.51264e-22)
(0.698401 0.0136152 1.45066e-23)
(0.702973 0.0132438 2.8666e-23)
(0.707493 0.0128813 -2.7817e-22)
(0.711959 0.0125275 2.2739e-22)
(0.716373 0.0121823 -7.49631e-23)
(0.720735 0.0118456 2.30158e-22)
(0.725045 0.0115174 -1.45417e-22)
(0.729304 0.0111974 7.47376e-24)
(0.733511 0.0108856 5.88652e-23)
(0.737668 0.0105817 -5.67008e-24)
(0.741775 0.0102857 -9.26839e-23)
(0.745831 0.00999726 -2.76748e-23)
(0.749838 0.00971633 4.93738e-23)
(0.753797 0.00944268 3.59307e-23)
(0.757706 0.00917613 2.73746e-23)
(0.761568 0.00891641 -6.77885e-24)
(0.765381 0.0086634 5.24843e-23)
(0.769149 0.00841667 1.31641e-23)
(0.772865 0.00817631 -2.09327e-23)
(0.776542 0.00794132 3.28291e-23)
(0.780159 0.00771272 2.09086e-24)
(0.783752 0.00748753 -3.08188e-23)
(0.78726 0.00727018 1.42685e-23)
(0.790784 0.00705102 2.80035e-23)
(0.794155 0.00684599 3.04416e-23)
(0.797653 0.00662395 4.22706e-24)
(0.800808 0.00643803 3.02486e-23)
(0.804396 0.00618951 -5.04939e-24)
(0.80713 0.00604763 -1.50812e-24)
(0.811114 0.005707 1.31153e-23)
(0.81289 0.00568847 4.0359e-24)
(0.818073 0.00505587 -4.50547e-23)
(0.57163 0.0223641 -8.25605e-23)
(0.577523 0.021858 -3.49142e-22)
(0.583372 0.0213564 -3.9526e-22)
(0.589174 0.0208597 4.13819e-22)
(0.59493 0.0203685 4.98885e-22)
(0.600637 0.019883 -4.65357e-22)
(0.606294 0.0194036 4.51707e-23)
(0.611902 0.0189307 1.37992e-22)
(0.617457 0.0184646 -7.48565e-23)
(0.622961 0.0180055 1.31057e-22)
(0.628411 0.0175536 -4.62488e-22)
(0.633808 0.0171092 7.46552e-22)
(0.639151 0.0166725 -1.40621e-22)
(0.644439 0.0162435 4.66245e-23)
(0.649671 0.0158225 -4.19932e-22)
(0.654849 0.0154096 -1.01897e-23)
(0.659971 0.0150048 1.65974e-22)
(0.665037 0.0146081 -1.55841e-22)
(0.670047 0.0142198 2.3157e-22)
(0.675 0.0138396 -2.54524e-22)
(0.679898 0.0134678 -1.40513e-22)
(0.68474 0.0131042 4.09571e-22)
(0.689526 0.0127489 -2.33843e-22)
(0.694257 0.0124017 -5.89876e-23)
(0.698932 0.0120627 6.15352e-23)
(0.703551 0.0117318 5.81782e-23)
(0.708116 0.0114089 -3.1863e-23)
(0.712626 0.0110938 -1.14852e-22)
(0.717082 0.0107866 1.08767e-22)
(0.721484 0.0104871 -1.06339e-22)
(0.725832 0.0101951 6.48324e-23)
(0.730128 0.00991052 -6.47694e-23)
(0.73437 0.00963327 5.51167e-23)
(0.738561 0.00936316 -6.55888e-23)
(0.7427 0.00910004 4.89974e-23)
(0.746787 0.00884376 -4.15184e-23)
(0.750824 0.00859413 2.87344e-23)
(0.754811 0.00835098 -7.31339e-23)
(0.758748 0.00811409 4.34146e-25)
(0.762634 0.00788332 -5.82122e-23)
(0.766474 0.00765829 1.86905e-23)
(0.77026 0.00743909 -9.54014e-24)
(0.774005 0.0072248 7.17672e-24)
(0.777689 0.00701635 -3.35615e-24)
(0.781347 0.00681103 2.18932e-23)
(0.784919 0.00661284 -2.09532e-23)
(0.788506 0.00641305 -5.68492e-24)
(0.791936 0.00622611 5.27518e-24)
(0.795495 0.00602374 -2.64838e-23)
(0.798706 0.00585419 -1.49878e-23)
(0.802352 0.00562773 1.32991e-24)
(0.805135 0.00549821 3.81514e-24)
(0.80918 0.00518781 -1.00418e-23)
(0.81099 0.00517048 -1.13211e-23)
(0.816249 0.0045932 8.588e-24)
(0.565144 0.020156 -3.23911e-22)
(0.571179 0.0196988 -4.86042e-23)
(0.577168 0.0192458 1.58949e-22)
(0.583108 0.0187972 1.2294e-22)
(0.589 0.0183536 -1.14592e-22)
(0.594841 0.0179152 -1.82529e-22)
(0.60063 0.0174824 3.90653e-22)
(0.606366 0.0170554 -2.10918e-22)
(0.612049 0.0166346 -4.758e-22)
(0.617677 0.0162201 -1.35865e-22)
(0.62325 0.0158122 4.46678e-22)
(0.628768 0.0154111 -1.19684e-22)
(0.634229 0.015017 -1.02335e-22)
(0.639633 0.0146299 3.23729e-22)
(0.644979 0.0142499 -3.09205e-22)
(0.650269 0.0138773 3.82086e-23)
(0.6555 0.013512 -2.46665e-23)
(0.660673 0.0131542 8.18113e-23)
(0.665789 0.0128038 1.52975e-22)
(0.670846 0.0124609 -8.24673e-23)
(0.675845 0.0121254 -7.92719e-23)
(0.680786 0.0117974 1.79642e-23)
(0.685669 0.0114769 1.63068e-22)
(0.690495 0.0111638 -5.06234e-25)
(0.695263 0.0108581 7.53051e-25)
(0.699974 0.0105596 2.46699e-24)
(0.704628 0.0102684 2.98747e-24)
(0.709225 0.00998428 -1.13072e-22)
(0.713767 0.00970724 1.30224e-23)
(0.718252 0.00943713 1.26592e-22)
(0.722683 0.00917386 -8.40715e-23)
(0.727058 0.00891731 -9.77e-23)
(0.731379 0.00866735 3.73564e-23)
(0.735647 0.00842384 1.08372e-22)
(0.73986 0.00818665 -6.90414e-23)
(0.744021 0.00795562 -6.17569e-24)
(0.74813 0.00773061 5.97624e-24)
(0.752186 0.00751144 7.56579e-24)
(0.756192 0.00729793 1.21866e-24)
(0.760145 0.00708995 8.82955e-24)
(0.764049 0.00688716 1.44026e-23)
(0.7679 0.00668962 -9.84198e-24)
(0.771707 0.00649652 -2.12325e-23)
(0.775452 0.00630869 8.62122e-24)
(0.779169 0.0061237 -2.05446e-23)
(0.782799 0.00594514 2.26228e-23)
(0.786442 0.00576516 -1.14945e-23)
(0.789928 0.00559673 -8.82816e-24)
(0.793541 0.00541446 -2.63974e-25)
(0.796802 0.00526167 -7.7894e-25)
(0.800503 0.00505775 -5.44901e-24)
(0.803329 0.00494093 1.54308e-24)
(0.807431 0.00466141 8.47218e-24)
(0.809271 0.00464543 1.09556e-23)
(0.814599 0.00412492 3.40891e-23)
(0.559325 0.0179001 2.2769e-23)
(0.565488 0.0174933 7.5558e-24)
(0.571603 0.0170902 9.73897e-23)
(0.577667 0.0166911 -8.39343e-22)
(0.583681 0.0162964 6.96461e-22)
(0.589642 0.0159064 9.21334e-23)
(0.595549 0.0155214 -7.04531e-22)
(0.601402 0.0151416 6.84932e-22)
(0.607199 0.0147674 -3.8421e-22)
(0.61294 0.0143988 -3.94258e-22)
(0.618623 0.014036 3.56312e-22)
(0.624249 0.0136794 -3.67021e-23)
(0.629816 0.0133289 -2.10636e-23)
(0.635324 0.0129847 1.41596e-22)
(0.640774 0.0126469 6.38812e-23)
(0.646163 0.0123156 -2.72946e-22)
(0.651493 0.0119909 1.48452e-22)
(0.656763 0.0116728 -9.81512e-23)
(0.661973 0.0113613 7.78425e-23)
(0.667123 0.0110565 -8.97144e-23)
(0.672213 0.0107583 -7.03337e-23)
(0.677244 0.0104669 1.25485e-22)
(0.682214 0.010182 2.78781e-23)
(0.687125 0.00990374 -9.61018e-23)
(0.691977 0.00963203 -3.33047e-23)
(0.69677 0.00936682 5.70798e-23)
(0.701504 0.00910804 5.557e-23)
(0.70618 0.00885561 -2.37094e-23)
(0.710799 0.00860946 -3.91764e-23)
(0.715359 0.00836948 5.73413e-23)
(0.719863 0.00813559 -9.67953e-23)
(0.724311 0.00790767 1.78201e-22)
(0.728702 0.00768562 -6.55979e-23)
(0.733038 0.00746931 3.70833e-23)
(0.737319 0.00725862 4.88374e-23)
(0.741546 0.00705341 -4.95982e-23)
(0.745719 0.00685356 4.00034e-23)
(0.749838 0.00665891 -4.00622e-24)
(0.753905 0.00646929 -3.73176e-25)
(0.757918 0.00628459 8.04612e-23)
(0.761882 0.0061045 -9.1007e-24)
(0.765789 0.00592909 4.02864e-24)
(0.769653 0.00575763 1.66778e-23)
(0.773452 0.00559086 2.22953e-23)
(0.777223 0.00542662 -1.30081e-23)
(0.780904 0.00526808 9.97018e-25)
(0.784598 0.00510832 1.13692e-23)
(0.788133 0.00495878 4.11837e-25)
(0.791795 0.00479701 -5.38318e-24)
(0.795102 0.00466133 1.98499e-24)
(0.79885 0.00448038 2.80648e-24)
(0.801717 0.00437656 5.07735e-25)
(0.805868 0.00412851 -8.54408e-24)
(0.807736 0.00411403 -7.42863e-24)
(0.813125 0.00365161 -3.34145e-23)
(0.554191 0.0156015 1.15255e-21)
(0.560467 0.0152463 2.35698e-22)
(0.566693 0.0148944 -1.20381e-21)
(0.572868 0.014546 8.46393e-22)
(0.578989 0.0142015 -4.69786e-23)
(0.585057 0.0138611 -4.53744e-23)
(0.591069 0.013525 -3.50214e-24)
(0.597024 0.0131936 1.2004e-22)
(0.602922 0.0128669 1.28008e-22)
(0.608762 0.0125453 -1.47679e-22)
(0.614543 0.0122287 8.58993e-23)
(0.620264 0.0119175 -4.16516e-23)
(0.625926 0.0116117 2.33169e-22)
(0.631526 0.0113114 -7.27543e-23)
(0.637066 0.0110167 -1.13688e-22)
(0.642545 0.0107277 -2.22302e-23)
(0.647962 0.0104444 -1.96733e-23)
(0.653317 0.0101669 9.41524e-23)
(0.658611 0.00989517 1.85802e-23)
(0.663843 0.0096293 -2.43342e-23)
(0.669014 0.00936925 -1.18836e-22)
(0.674123 0.00911502 -4.3408e-23)
(0.67917 0.00886658 -3.11156e-24)
(0.684157 0.0086239 2.98392e-23)
(0.689083 0.00838695 -3.31099e-23)
(0.693948 0.00815567 1.43157e-23)
(0.698753 0.00793001 1.299e-22)
(0.703499 0.0077099 -6.16549e-23)
(0.708185 0.00749527 1.82285e-23)
(0.712812 0.00728603 -2.03479e-23)
(0.717381 0.0070821 -5.83824e-23)
(0.721892 0.00688339 5.07003e-23)
(0.726346 0.0066898 -5.76211e-23)
(0.730742 0.00650123 5.57825e-24)
(0.735083 0.00631756 5.11337e-24)
(0.739368 0.00613868 -1.99371e-23)
(0.743597 0.00596447 -7.14094e-24)
(0.747772 0.0057948 -2.8614e-24)
(0.751893 0.00562953 -1.9256e-24)
(0.755959 0.00546855 -2.24893e-24)
(0.759974 0.00531159 6.91525e-24)
(0.763932 0.00515872 -8.88251e-24)
(0.767845 0.0050093 -1.15356e-23)
(0.771693 0.00486397 -1.47037e-23)
(0.775511 0.00472085 2.37772e-23)
(0.779238 0.00458271 8.48336e-24)
(0.782977 0.00444351 -2.79891e-24)
(0.786555 0.00431321 -5.94313e-24)
(0.79026 0.00417228 1.06193e-23)
(0.793607 0.00405404 4.56401e-24)
(0.797398 0.00389644 1.81762e-24)
(0.8003 0.00380589 -4.20652e-24)
(0.804496 0.00358984 -1.26073e-24)
(0.806387 0.003577 3.43039e-24)
(0.811831 0.00317382 1.03636e-23)
(0.549759 0.0132656 3.04716e-22)
(0.556133 0.0129631 6.89342e-23)
(0.562456 0.0126634 -5.37961e-22)
(0.568725 0.0123668 3.24209e-22)
(0.57494 0.0120735 -1.86481e-22)
(0.581099 0.0117837 3.77839e-24)
(0.587202 0.0114976 -2.23898e-23)
(0.593246 0.0112155 -6.68518e-23)
(0.599231 0.0109374 -2.5833e-22)
(0.605157 0.0106636 1.60604e-24)
(0.611022 0.0103942 1.58979e-22)
(0.616827 0.0101293 -2.05696e-22)
(0.622569 0.00986903 8.07768e-23)
(0.62825 0.00961346 3.986e-23)
(0.633868 0.00936267 1.29568e-22)
(0.639423 0.00911672 -1.07558e-22)
(0.644915 0.00887567 8.11531e-24)
(0.650345 0.00863954 -1.2571e-22)
(0.655711 0.00840836 2.57311e-22)
(0.661014 0.00818214 -9.40875e-23)
(0.666254 0.00796089 -1.7446e-23)
(0.671431 0.0077446 1.45763e-23)
(0.676546 0.00753324 7.19615e-23)
(0.681598 0.00732679 2.7506e-23)
(0.686587 0.00712522 1.03716e-22)
(0.691515 0.00692848 -2.05007e-22)
(0.696382 0.00673653 -2.19739e-23)
(0.701187 0.0065493 6.84185e-23)
(0.705932 0.00636674 -1.69084e-23)
(0.710617 0.00618877 -1.7201e-23)
(0.715242 0.00601532 -4.83636e-23)
(0.719808 0.00584632 -2.62134e-23)
(0.724315 0.00568168 2.1482e-23)
(0.728764 0.00552131 -8.65484e-24)
(0.733156 0.00536512 -1.94609e-23)
(0.737491 0.005213 -1.83124e-23)
(0.74177 0.00506486 3.47779e-23)
(0.745992 0.00492059 -6.73851e-24)
(0.75016 0.00478006 1.46858e-25)
(0.754272 0.00464318 -2.94014e-23)
(0.758332 0.00450973 -2.37935e-23)
(0.762334 0.00437976 -3.23859e-23)
(0.766289 0.00425273 -3.34148e-24)
(0.770178 0.00412918 1.30979e-23)
(0.774037 0.00400752 -1.18377e-23)
(0.777804 0.00389008 -8.74279e-24)
(0.781582 0.00377176 8.73246e-24)
(0.785197 0.00366099 1.68568e-24)
(0.78894 0.00354122 7.40708e-24)
(0.792322 0.00344069 -6.36375e-24)
(0.796149 0.00330676 9.40842e-25)
(0.799081 0.00322973 6.74719e-25)
(0.803315 0.00304613 5.06596e-24)
(0.805227 0.00303506 6.02697e-24)
(0.810718 0.00269215 4.23014e-24)
(0.546044 0.0108977 -2.0783e-22)
(0.5525 0.0106489 -2.5072e-22)
(0.558904 0.0104024 4.0621e-22)
(0.565253 0.0101585 -7.10761e-23)
(0.571546 0.00991725 3.17701e-23)
(0.577782 0.00967893 -1.34614e-22)
(0.583961 0.00944369 3.67981e-22)
(0.590079 0.00921168 -1.69355e-22)
(0.596138 0.00898305 1.33327e-22)
(0.602136 0.00875792 -2.96821e-22)
(0.608072 0.00853641 -4.18631e-23)
(0.613946 0.00831862 1.46965e-22)
(0.619757 0.00810464 3.46609e-23)
(0.625504 0.00789453 -6.403e-24)
(0.631188 0.00768836 7.13567e-23)
(0.636808 0.00748617 -1.7564e-22)
(0.642363 0.00728802 -4.72285e-23)
(0.647855 0.00709392 7.77821e-23)
(0.653282 0.00690389 -9.38703e-23)
(0.658644 0.00671795 -4.40675e-24)
(0.663943 0.0065361 2.12406e-22)
(0.669177 0.00635833 -7.22797e-23)
(0.674347 0.00618461 -3.14727e-23)
(0.679454 0.00601494 -4.92271e-23)
(0.684497 0.00584928 7.59119e-24)
(0.689478 0.0056876 -1.7455e-23)
(0.694396 0.00552986 3.21334e-23)
(0.699252 0.005376 1.24216e-24)
(0.704046 0.00522598 -2.27439e-23)
(0.708779 0.00507974 8.31566e-23)
(0.713451 0.00493722 6.7991e-24)
(0.718063 0.00479836 1.54372e-23)
(0.722615 0.00466308 2.01326e-23)
(0.727108 0.00453131 -5.06219e-23)
(0.731543 0.00440298 7.85305e-24)
(0.73592 0.004278 9.41831e-24)
(0.74024 0.0041563 1.28058e-23)
(0.744503 0.00403777 1.40638e-23)
(0.74871 0.00392232 -1.5059e-23)
(0.75286 0.00380988 1.47509e-23)
(0.756958 0.00370026 1.55038e-23)
(0.760996 0.00359349 -2.7897e-24)
(0.764988 0.00348915 -7.33327e-25)
(0.768912 0.00338766 5.95935e-24)
(0.772804 0.00328773 2.26023e-24)
(0.776604 0.00319127 -8.0041e-24)
(0.780415 0.0030941 -4.54668e-24)
(0.784062 0.00300312 -8.75649e-24)
(0.787835 0.00290477 -2.37505e-24)
(0.791246 0.00282219 4.80045e-24)
(0.795104 0.00271222 -3.3117e-24)
(0.798062 0.00264891 2.51035e-25)
(0.802328 0.00249816 1.28542e-24)
(0.804258 0.00248895 2.47211e-24)
(0.809788 0.00220719 -1.37118e-24)
(0.543057 0.00850348 -3.27495e-22)
(0.549579 0.00830918 -3.77126e-23)
(0.556048 0.00811668 -3.78323e-23)
(0.562461 0.00792615 -2.03962e-22)
(0.568818 0.00773775 1.39493e-22)
(0.575116 0.00755163 1.30213e-22)
(0.581355 0.00736792 1.34292e-22)
(0.587534 0.00718675 -8.08394e-24)
(0.593652 0.00700821 -2.87523e-22)
(0.599708 0.00683242 2.5716e-22)
(0.605701 0.00665946 -2.09816e-22)
(0.611631 0.00648941 2.5676e-22)
(0.617496 0.00632233 -4.60358e-23)
(0.623298 0.00615828 -1.60107e-22)
(0.629035 0.00599732 1.36622e-22)
(0.634706 0.00583947 -1.93068e-23)
(0.640313 0.00568476 4.19706e-23)
(0.645854 0.00553323 -7.16972e-23)
(0.65133 0.00538489 5.829e-23)
(0.65674 0.00523973 1.93814e-23)
(0.662086 0.00509777 -3.0979e-23)
(0.667366 0.004959 4.79147e-23)
(0.672581 0.0048234 -5.08498e-24)
(0.677732 0.00469096 1.29283e-23)
(0.682819 0.00456166 -4.02237e-23)
(0.687842 0.00443546 3.37214e-24)
(0.692801 0.00431233 6.88113e-23)
(0.697697 0.00419225 -2.93962e-23)
(0.702531 0.00407516 -1.6307e-23)
(0.707302 0.00396102 1.39672e-23)
(0.712013 0.00384979 -2.64172e-23)
(0.716662 0.00374142 -4.40089e-23)
(0.72125 0.00363584 4.20197e-23)
(0.725779 0.00353301 -1.96026e-23)
(0.730249 0.00343286 7.56313e-24)
(0.73466 0.00333534 3.25839e-23)
(0.739013 0.00324036 -2.32764e-23)
(0.743308 0.00314787 -3.55217e-24)
(0.747546 0.00305779 -6.47699e-24)
(0.751728 0.00297005 9.07474e-24)
(0.755855 0.00288451 1.22235e-23)
(0.759923 0.00280121 1.52509e-23)
(0.763943 0.00271979 5.26488e-25)
(0.767895 0.00264061 -1.49136e-23)
(0.771815 0.00256265 -1.08107e-23)
(0.775642 0.00248739 4.75986e-24)
(0.779479 0.00241159 6.50845e-24)
(0.783151 0.0023406 8.21521e-24)
(0.786949 0.00226388 -5.20273e-24)
(0.790384 0.00219945 -1.50244e-24)
(0.794267 0.00211367 1.23289e-24)
(0.797244 0.00206426 4.33884e-24)
(0.801537 0.00194667 -1.49646e-24)
(0.80348 0.00193941 -8.06132e-24)
(0.809042 0.00171951 -7.85334e-24)
(0.540808 0.00608869 2.14294e-23)
(0.54738 0.00594947 2.96018e-23)
(0.553898 0.00581154 1.46986e-22)
(0.56036 0.00567502 1.20458e-22)
(0.566764 0.00554004 -4.34191e-25)
(0.573109 0.00540669 -8.70325e-23)
(0.579394 0.00527507 -1.71281e-24)
(0.585618 0.00514527 -4.85767e-23)
(0.591781 0.00501736 -1.03884e-22)
(0.59788 0.00489143 6.61869e-23)
(0.603916 0.00476752 7.35726e-23)
(0.609888 0.0046457 -1.29305e-22)
(0.615795 0.00452601 1.66123e-22)
(0.621637 0.00440849 -7.94786e-23)
(0.627414 0.00429319 -2.03244e-23)
(0.633125 0.00418012 2.67636e-24)
(0.63877 0.00406931 3.08166e-23)
(0.644348 0.00396077 -4.62413e-23)
(0.649861 0.00385451 4.80219e-23)
(0.655308 0.00375054 -1.19371e-22)
(0.660688 0.00364886 4.13266e-23)
(0.666003 0.00354947 -2.29301e-23)
(0.671253 0.00345235 8.08129e-24)
(0.676437 0.00335749 -1.81396e-23)
(0.681556 0.00326489 1.89144e-23)
(0.686611 0.0031745 6.71795e-24)
(0.691601 0.00308632 9.66501e-25)
(0.696528 0.00300032 -1.2811e-23)
(0.701391 0.00291647 6.31073e-24)
(0.706192 0.00283473 -1.53025e-23)
(0.710931 0.00275508 2.20745e-23)
(0.715608 0.00267747 -1.79254e-23)
(0.720224 0.00260187 -2.74588e-24)
(0.724779 0.00252823 2.1466e-24)
(0.729275 0.00245652 2.50566e-24)
(0.733711 0.00238668 -3.47985e-24)
(0.738089 0.00231867 1.83036e-24)
(0.742409 0.00225245 -2.52261e-24)
(0.746671 0.00218794 1.09675e-23)
(0.750876 0.00212512 -4.11409e-24)
(0.755026 0.00206387 -2.19226e-23)
(0.759116 0.00200423 -2.74275e-24)
(0.763158 0.00194594 -1.31511e-23)
(0.767131 0.00188924 9.17354e-24)
(0.771072 0.00183343 8.6781e-24)
(0.774918 0.00177955 -5.17379e-24)
(0.778775 0.00172528 -9.82258e-24)
(0.782466 0.00167446 -6.85738e-25)
(0.786284 0.00161953 2.12354e-24)
(0.789736 0.0015734 -2.68353e-24)
(0.793637 0.001512 4.83493e-26)
(0.79663 0.00147661 -1.24522e-24)
(0.800942 0.00139244 1.56305e-24)
(0.802896 0.00138721 1.43726e-24)
(0.808482 0.00122973 -6.01172e-25)
(0.539305 0.00365914 -1.48748e-22)
(0.54591 0.00357543 2.24729e-22)
(0.552461 0.0034925 -1.34954e-22)
(0.558955 0.00341042 4.44217e-23)
(0.565391 0.00332926 2.69076e-23)
(0.571767 0.00324909 4.36204e-23)
(0.578083 0.00316996 -3.94972e-23)
(0.584338 0.00309192 5.80497e-23)
(0.59053 0.00301502 -1.68076e-23)
(0.596659 0.00293931 -1.48161e-23)
(0.602724 0.00286482 -3.32879e-23)
(0.608724 0.00279159 -2.97562e-23)
(0.614658 0.00271964 6.31984e-23)
(0.620528 0.00264899 -2.31706e-23)
(0.626331 0.00257968 1.28577e-23)
(0.632068 0.00251171 6.81156e-23)
(0.637738 0.00244509 -5.7465e-23)
(0.643342 0.00237985 2.1066e-23)
(0.648879 0.00231598 2.73314e-24)
(0.65435 0.00225348 2.6827e-23)
(0.659755 0.00219236 -4.03441e-23)
(0.665093 0.00213262 3.66202e-23)
(0.670365 0.00207424 8.5463e-24)
(0.675571 0.00201722 -2.17761e-24)
(0.680712 0.00196156 1.12036e-23)
(0.685788 0.00190723 -2.66003e-23)
(0.690799 0.00185423 1.25496e-23)
(0.695747 0.00180254 -2.54829e-23)
(0.70063 0.00175214 4.19609e-23)
(0.70545 0.00170302 -1.21282e-23)
(0.710208 0.00165514 -1.26117e-23)
(0.714904 0.0016085 2.45597e-23)
(0.719538 0.00156306 1.65425e-23)
(0.724111 0.0015188 1.42732e-23)
(0.728625 0.0014757 -8.34899e-24)
(0.733078 0.00143373 -2.02847e-24)
(0.737473 0.00139286 4.09568e-24)
(0.741808 0.00135306 -1.28159e-23)
(0.746087 0.00131429 1.51451e-24)
(0.750307 0.00127653 3.86893e-24)
(0.754472 0.00123973 5.33572e-24)
(0.758577 0.00120388 -3.99366e-24)
(0.762633 0.00116885 3.98633e-24)
(0.766621 0.00113478 1.95857e-24)
(0.770575 0.00110124 1.0307e-24)
(0.774435 0.00106886 2.61781e-24)
(0.778305 0.00103625 1.83296e-24)
(0.782009 0.00100571 -1.71043e-24)
(0.785839 0.000972711 1.60047e-24)
(0.789303 0.000944986 2.85452e-24)
(0.793217 0.000908095 -2.7054e-25)
(0.79622 0.000886821 -1.00004e-24)
(0.800545 0.000836244 -8.70215e-25)
(0.802506 0.000833087 2.5688e-25)
(0.808107 0.000738439 -1.32537e-24)
(0.538552 0.0012207 4.0127e-23)
(0.545174 0.00119276 -1.31299e-23)
(0.551741 0.00116509 3.53375e-23)
(0.558251 0.0011377 -4.45397e-23)
(0.564703 0.00111062 3.73014e-23)
(0.571095 0.00108387 -1.74992e-23)
(0.577427 0.00105747 -9.19737e-24)
(0.583697 0.00103143 -1.96592e-23)
(0.589904 0.00100577 6.0321e-23)
(0.596047 0.000980512 -1.99858e-24)
(0.602126 0.000955658 -3.16379e-23)
(0.60814 0.000931223 4.70658e-24)
(0.614089 0.000907216 1.69999e-23)
(0.619972 0.000883645 1.21823e-24)
(0.625788 0.000860518 -1.25046e-23)
(0.631538 0.00083784 -2.94484e-23)
(0.637222 0.000815616 2.29301e-23)
(0.642838 0.000793847 -5.42639e-24)
(0.648388 0.000772537 -1.13079e-23)
(0.653871 0.000751686 -1.04795e-24)
(0.659287 0.000731295 6.28791e-24)
(0.664637 0.000711362 3.23338e-24)
(0.66992 0.000691885 1.30618e-24)
(0.675138 0.000672863 -7.40085e-25)
(0.68029 0.000654292 -8.77536e-25)
(0.685376 0.000636168 1.09394e-23)
)
;

boundaryField
{
    inlet
    {
        type            uniformFixedValue;
        uniformValue    constant (1 0 0);
        value           nonuniform 0();
    }
    outlet
    {
        type            pressureInletOutletVelocity;
        value           nonuniform List<vector> 
49
(
(0.928057 0.0139981 -8.72431e-25)
(0.923131 0.0138767 2.42401e-24)
(0.918234 0.0137397 -4.66196e-24)
(0.913373 0.0135881 4.02984e-24)
(0.908554 0.013422 -1.04532e-23)
(0.903782 0.0132411 7.78673e-24)
(0.899063 0.0130457 1.1045e-23)
(0.894403 0.0128357 5.11603e-24)
(0.889808 0.0126114 -2.34308e-23)
(0.885283 0.012373 1.01395e-23)
(0.880834 0.0121205 -1.03453e-24)
(0.876468 0.0118541 -5.56926e-24)
(0.87219 0.0115742 2.37424e-24)
(0.868005 0.011281 -1.44505e-25)
(0.86392 0.0109746 3.57427e-24)
(0.859939 0.0106555 -3.29473e-23)
(0.856069 0.0103239 2.50582e-23)
(0.852315 0.0099801 -9.76557e-24)
(0.848681 0.00962455 -1.46509e-23)
(0.845174 0.00925758 5.14454e-23)
(0.841799 0.0088796 -4.17915e-23)
(0.838559 0.00849101 5.28478e-23)
(0.835461 0.00809226 -5.70511e-23)
(0.832508 0.00768377 2.05753e-23)
(0.829704 0.00726604 1.55218e-23)
(0.827055 0.00683953 1.93831e-23)
(0.824564 0.00640474 -9.44649e-24)
(0.822234 0.00596218 -4.08493e-23)
(0.820069 0.00551238 5.61074e-23)
(0.818073 0.00505587 -4.50547e-23)
(0.816249 0.0045932 8.588e-24)
(0.814599 0.00412492 3.40891e-23)
(0.813125 0.00365161 -3.34145e-23)
(0.811831 0.00317382 1.03636e-23)
(0.810718 0.00269215 4.23014e-24)
(0.809788 0.00220719 -1.37118e-24)
(0.809042 0.00171951 -7.85334e-24)
(0.808482 0.00122973 -6.01172e-25)
(0.808107 0.000738439 -1.32537e-24)
(0.960279 0.0144245 0)
(0.9568 0.0144029 0)
(0.953404 0.0143763 0)
(0.950092 0.0143451 0)
(0.946864 0.0143096 0)
(0.943717 0.0142701 0)
(0.940651 0.0142269 0)
(0.937664 0.0141804 0)
(0.934757 0.0141309 0)
(0.931926 0.0140781 0)
)
;
    }
    cylinder
    {
        type            fixedValue;
        value           nonuniform 0();
    }
    top
    {
        type            symmetryPlane;
    }
    bottom
    {
        type            symmetryPlane;
    }
    defaultFaces
    {
        type            empty;
    }
    procBoundary7to3
    {
        type            processor;
        value           nonuniform List<vector> 
53
(
(0.973803 0.0277501 0)
(0.972948 0.0271336 0)
(0.972135 0.0265302 0)
(0.971362 0.0259398 0)
(0.970629 0.0253621 0)
(0.969936 0.0247971 0)
(0.969282 0.0242444 0)
(0.968667 0.0237039 0)
(0.96809 0.0231752 0)
(0.96755 0.0226581 0)
(0.967049 0.0221518 0)
(0.966583 0.0216567 0)
(0.966156 0.021171 0)
(0.965761 0.0206965 0)
(0.965406 0.0202285 0)
(0.965078 0.0197734 0)
(0.964796 0.0193183 0)
(0.964531 0.0188831 0)
(0.964324 0.0184316 0)
(0.964114 0.0180222 0)
(0.963988 0.0175522 0)
(0.963823 0.0171913 0)
(0.96379 0.0166482 0)
(0.963658 0.016407 0)
(0.963738 0.0156487 0)
(0.963632 0.01573 0)
(0.963844 0.0144408 0)
(1.00262 0.0469118 0)
(1.00062 0.046108 0)
(0.998692 0.0452967 0)
(0.996817 0.04448 0)
(0.994999 0.0436599 0)
(0.993236 0.0428381 0)
(0.991528 0.0420163 0)
(0.989874 0.0411962 0)
(0.988272 0.0403792 0)
(0.986723 0.0395666 0)
(0.985224 0.0387596 0)
(0.983775 0.0379595 0)
(0.982375 0.0371672 0)
(0.981024 0.0363836 0)
(0.97972 0.0356096 0)
(0.978464 0.0348459 0)
(0.977254 0.0340932 0)
(0.97609 0.033352 0)
(0.974971 0.0326227 0)
(0.973897 0.0319059 0)
(0.972867 0.0312017 0)
(0.97188 0.0305106 0)
(0.970937 0.0298326 0)
(0.970036 0.0291679 0)
(0.969177 0.0285166 0)
(0.969177 0.0285166 0)
)
;
    }
    procBoundary7to6
    {
        type            processor;
        value           nonuniform List<vector> 
52
(
(0.997134 0.0481472 0)
(0.989677 0.0485595 0)
(0.982303 0.0489437 0)
(0.975018 0.0493005 0)
(0.967828 0.0496308 0)
(0.960736 0.0499352 0)
(0.953746 0.050216 0)
(0.946862 0.0504762 0)
(0.940087 0.05071 0)
(0.930981 0.0509525 1.7101e-21)
(0.918657 0.0510621 8.4339e-23)
(0.906139 0.0510948 -4.67791e-21)
(0.893446 0.051078 5.62073e-24)
(0.880599 0.0509987 2.56964e-21)
(0.867619 0.0508496 -3.38157e-21)
(0.867619 0.0508496 -3.38157e-21)
(0.854334 0.0516494 -3.06567e-22)
(0.840914 0.0513599 -3.09076e-21)
(0.82743 0.0509923 9.40978e-22)
(0.81391 0.0505446 4.19673e-22)
(0.800382 0.0500147 -3.47971e-21)
(0.786877 0.0494011 -3.19775e-21)
(0.773425 0.0487023 8.61576e-22)
(0.773425 0.0487023 8.61576e-22)
(0.758074 0.0489332 -1.75379e-22)
(0.744554 0.0480509 -4.27938e-22)
(0.731184 0.0470784 -2.45436e-22)
(0.717998 0.0460157 1.00784e-21)
(0.705031 0.0448628 -2.10631e-21)
(0.692317 0.0436202 -1.67406e-21)
(0.679891 0.0422888 -1.0159e-21)
(0.667788 0.0408697 4.65421e-23)
(0.65604 0.0393645 -2.24122e-22)
(0.65604 0.0393645 -2.24122e-22)
(0.640348 0.0386117 3.09401e-22)
(0.629178 0.0369071 -3.14336e-22)
(0.618472 0.0351207 6.99518e-22)
(0.608262 0.0332554 8.84944e-22)
(0.598579 0.0313146 -5.74764e-22)
(0.589454 0.029302 -2.13386e-22)
(0.580914 0.0272216 2.53229e-22)
(0.572986 0.0250775 3.96192e-22)
(0.565695 0.0228743 -4.9824e-22)
(0.559064 0.0206169 4.95472e-22)
(0.553115 0.0183102 -4.92746e-23)
(0.547866 0.0159596 6.36233e-22)
(0.543335 0.0135705 -4.15353e-22)
(0.539536 0.0111485 3.25907e-22)
(0.536482 0.0086994 -4.05213e-23)
(0.534183 0.00622908 1.70846e-22)
(0.532646 0.00374355 1.12835e-22)
(0.531876 0.00124886 5.70231e-24)
)
;
    }
    procBoundary7to11
    {
        type            processor;
        value           nonuniform List<vector> 
56
(
(0.538552 -0.0012207 -3.84862e-23)
(0.545174 -0.00119276 8.92934e-24)
(0.551741 -0.00116509 -2.31526e-23)
(0.558251 -0.0011377 5.2908e-23)
(0.564703 -0.00111062 -6.32002e-23)
(0.571095 -0.00108387 -3.19146e-25)
(0.577427 -0.00105747 1.89588e-23)
(0.583697 -0.00103143 -2.88375e-24)
(0.589904 -0.00100577 -1.99047e-23)
(0.596047 -0.000980511 1.13559e-23)
(0.602126 -0.000955657 2.37891e-24)
(0.60814 -0.000931221 3.21068e-23)
(0.614089 -0.000907214 -1.44372e-23)
(0.619972 -0.000883644 -8.7411e-24)
(0.625788 -0.000860516 2.94255e-24)
(0.631538 -0.000837838 1.53623e-23)
(0.637222 -0.000815613 -3.64751e-23)
(0.642838 -0.000793844 1.75144e-23)
(0.648388 -0.000772533 3.02383e-24)
(0.653871 -0.000751682 -8.08521e-24)
(0.659287 -0.00073129 -2.02231e-24)
(0.664637 -0.000711357 2.25942e-24)
(0.66992 -0.000691881 3.92359e-24)
(0.675138 -0.000672858 -2.09819e-25)
(0.68029 -0.000654287 7.15638e-24)
(0.685376 -0.000636162 -8.93114e-24)
(0.690398 0.000618485 3.94119e-24)
(0.695355 0.00060124 -2.66447e-24)
(0.700249 0.000584426 4.60397e-25)
(0.705079 0.000568036 3.54279e-24)
(0.709846 0.000552064 4.69963e-24)
(0.714551 0.000536502 -1.57638e-24)
(0.719195 0.000521343 8.76543e-24)
(0.723777 0.000506579 1.06654e-24)
(0.728299 0.0004922 -6.03362e-24)
(0.732761 0.000478197 5.66585e-24)
(0.737164 0.000464562 -1.63214e-24)
(0.741508 0.000451284 -3.5392e-24)
(0.745794 0.000438351 1.34298e-24)
(0.750022 0.000425755 -3.20255e-24)
(0.754195 0.000413477 -1.90182e-24)
(0.758307 0.000401518 -1.92342e-24)
(0.762371 0.000389832 9.94074e-25)
(0.766365 0.000378466 6.89102e-26)
(0.770327 0.000367276 5.95293e-25)
(0.774194 0.000356475 -1.55645e-25)
(0.77807 0.000345595 1.5603e-24)
(0.78178 0.000335407 5.75031e-25)
(0.785617 0.000324398 2.84597e-25)
(0.789086 0.000315149 6.31081e-25)
(0.793006 0.000302843 2.75988e-25)
(0.796015 0.000295745 4.65081e-26)
(0.800346 0.000278874 3.17974e-25)
(0.802311 0.000277819 -6.98769e-25)
(0.80792 0.000246243 -2.11939e-24)
(0.690398 0.000618485 3.94119e-24)
)
;
    }
}


// ************************************************************************* //
