/*--------------------------------*- C++ -*----------------------------------*\
  =========                 |
  \\      /  F ield         | OpenFOAM: The Open Source CFD Toolbox
   \\    /   O peration     | Website:  https://openfoam.org
    \\  /    A nd           | Version:  7
     \\/     M anipulation  |
\*---------------------------------------------------------------------------*/
FoamFile
{
    version     2.0;
    format      ascii;
    class       volVectorField;
    location    "20";
    object      U;
}
// * * * * * * * * * * * * * * * * * * * * * * * * * * * * * * * * * * * * * //

dimensions      [0 1 -1 0 0 0 0];

internalField   nonuniform List<vector> 
2625
(
(1.1498 0.302325 1.89779e-20)
(1.15748 0.301385 -3.25969e-21)
(1.16506 0.300218 -5.36933e-21)
(1.17255 0.298824 -5.86516e-21)
(1.13478 0.297658 1.54421e-20)
(1.14246 0.297236 1.18953e-20)
(1.15007 0.296594 -1.01136e-20)
(1.1576 0.295732 -4.6464e-22)
(1.16505 0.294652 -3.76552e-21)
(1.1724 0.293356 -4.42371e-21)
(1.12776 0.292075 1.76798e-20)
(1.13533 0.291899 -1.10133e-20)
(1.14284 0.291512 -1.35091e-20)
(1.15029 0.290917 -2.94069e-21)
(1.15767 0.290114 1.45142e-20)
(1.16498 0.289104 1.22532e-20)
(1.17219 0.287888 6.5746e-21)
(1.11366 0.286036 1.52505e-20)
(1.1211 0.286272 1.08562e-20)
(1.12852 0.28631 -8.85874e-22)
(1.1359 0.286148 5.05987e-21)
(1.14323 0.285789 3.26264e-21)
(1.15052 0.285233 -1.56195e-21)
(1.15773 0.284481 -4.94674e-22)
(1.16489 0.283534 -5.28935e-21)
(1.17196 0.282392 -7.00062e-22)
(1.10035 0.279333 -4.66674e-21)
(1.10761 0.279918 4.00318e-21)
(1.11487 0.280319 -1.97226e-20)
(1.1221 0.280534 -8.57618e-21)
(1.12932 0.280564 -1.2461e-20)
(1.1365 0.280409 2.23724e-21)
(1.14365 0.280069 5.87604e-21)
(1.15075 0.279545 4.95674e-21)
(1.1578 0.278837 -8.19939e-23)
(1.16479 0.277945 3.5916e-21)
(1.17171 0.27687 -5.98496e-21)
(1.09502 0.273084 2.27681e-21)
(1.10205 0.273778 7.88675e-21)
(1.10909 0.274304 -9.08326e-21)
(1.11612 0.274659 -4.90042e-21)
(1.12314 0.274844 2.50501e-21)
(1.13015 0.274858 -4.29698e-21)
(1.13713 0.2747 -1.3336e-20)
(1.14408 0.274371 -4.51834e-21)
(1.151 0.27387 -4.61575e-21)
(1.15787 0.273197 -7.99155e-21)
(1.16469 0.272353 -2.77329e-21)
(1.17144 0.271337 5.57432e-22)
(1.08342 0.266006 -1.49355e-20)
(1.09019 0.26692 -1.93948e-21)
(1.09698 0.267685 -1.38524e-20)
(1.10378 0.268298 -1.07213e-20)
(1.11059 0.268757 1.88295e-20)
(1.1174 0.269061 2.07656e-20)
(1.12421 0.269209 4.61033e-21)
(1.131 0.269199 6.03122e-21)
(1.13778 0.269031 3.7232e-21)
(1.14454 0.268704 3.60597e-21)
(1.15126 0.268218 8.60208e-21)
(1.15795 0.267573 3.50396e-21)
(1.16459 0.266769 1.6759e-21)
(1.17118 0.265805 9.74364e-21)
(1.07937 0.259956 -1.53088e-20)
(1.08587 0.260889 -2.35941e-20)
(1.09241 0.261691 1.69071e-20)
(1.09896 0.262358 4.43225e-21)
(1.10553 0.262887 2.49146e-21)
(1.11212 0.263277 -5.21924e-22)
(1.11871 0.263525 -1.6927e-20)
(1.1253 0.26363 4.60771e-21)
(1.13188 0.26359 7.2862e-21)
(1.13845 0.263406 1.05477e-20)
(1.145 0.263075 -2.62582e-21)
(1.15153 0.262598 -7.76945e-22)
(1.15803 0.261974 -7.03938e-21)
(1.16449 0.261202 -1.16574e-20)
(1.17091 0.260282 3.63951e-22)
(1.06957 0.253054 -1.12583e-20)
(1.07578 0.254094 5.32322e-21)
(1.08203 0.255021 -1.49174e-20)
(1.08831 0.255833 5.69691e-21)
(1.09462 0.256525 -6.84043e-21)
(1.10094 0.257095 1.70708e-20)
(1.10729 0.257541 1.12787e-20)
(1.11365 0.257859 1.35192e-21)
(1.12002 0.258048 -4.07015e-21)
(1.1264 0.258107 -9.8866e-21)
(1.13277 0.258034 2.88776e-21)
(1.13913 0.257828 4.15811e-21)
(1.14549 0.257489 -8.62293e-21)
(1.15182 0.257014 -6.81615e-21)
(1.15813 0.256405 5.56778e-21)
(1.1644 0.255659 8.4776e-21)
(1.17064 0.254777 -3.35255e-21)
(1.06667 0.247414 -1.78409e-20)
(1.07263 0.24842 2.58681e-20)
(1.07863 0.249326 -2.53262e-21)
(1.08466 0.250129 1.57691e-20)
(1.09072 0.250825 8.20163e-21)
(1.0968 0.251413 -1.14429e-20)
(1.10291 0.251889 -1.76751e-20)
(1.10904 0.252252 -1.54347e-20)
(1.11518 0.252499 -1.26751e-20)
(1.12134 0.252629 2.65886e-20)
(1.1275 0.252641 -2.00651e-21)
(1.13366 0.252532 -1.2607e-20)
(1.13982 0.252301 -4.14452e-21)
(1.14597 0.251948 8.32292e-23)
(1.15211 0.251472 1.2255e-20)
(1.15823 0.250872 -6.87471e-21)
(1.16432 0.250147 7.3499e-22)
(1.17038 0.249296 -4.43994e-21)
(1.05843 0.240894 -3.08461e-21)
(1.06412 0.241952 2.87821e-20)
(1.06986 0.24292 -1.1774e-20)
(1.07562 0.243796 -3.2404e-20)
(1.08141 0.244579 1.15651e-20)
(1.08723 0.245266 -1.18569e-20)
(1.09308 0.245855 9.06032e-24)
(1.09895 0.246344 -5.09359e-21)
(1.10485 0.246731 1.25992e-20)
(1.11077 0.247015 1.79742e-20)
(1.1167 0.247193 2.63041e-21)
(1.12264 0.247265 -1.60474e-20)
(1.1286 0.247228 -4.3689e-21)
(1.13456 0.247082 -3.47722e-21)
(1.14051 0.246824 -4.60123e-21)
(1.14647 0.246456 8.94338e-22)
(1.15241 0.245974 -1.44825e-20)
(1.15834 0.245379 9.74937e-21)
(1.16424 0.24467 -1.74017e-21)
(1.17013 0.243845 4.7036e-21)
(1.05647 0.235614 2.72069e-20)
(1.0619 0.236635 -2.39722e-20)
(1.06741 0.237568 -1.39871e-20)
(1.07295 0.238413 6.68785e-21)
(1.07852 0.239172 3.77625e-20)
(1.08411 0.239842 8.36607e-21)
(1.08974 0.240422 1.09725e-20)
(1.09538 0.240912 1.53622e-20)
(1.10105 0.24131 2.14347e-20)
(1.10675 0.241614 6.5026e-21)
(1.11246 0.241823 -8.68671e-21)
(1.11819 0.241935 4.45838e-21)
(1.12393 0.24195 6.40584e-21)
(1.12968 0.241866 1.22272e-20)
(1.13544 0.241683 1.49927e-20)
(1.1412 0.241398 -2.22076e-21)
(1.14695 0.241011 1.25987e-20)
(1.1527 0.240522 9.57161e-21)
(1.15844 0.239929 -1.55591e-21)
(1.16417 0.239231 -1.67065e-21)
(1.16987 0.238429 -4.9635e-21)
(1.049 0.229373 -5.38426e-21)
(1.05466 0.230446 -1.61966e-20)
(1.06 0.23143 -2.3741e-20)
(1.06526 0.232333 2.87353e-20)
(1.07059 0.233152 4.40324e-21)
(1.07595 0.233887 -1.54526e-20)
(1.08133 0.234538 -1.51553e-20)
(1.08673 0.235106 -9.48446e-21)
(1.09216 0.23559 -1.24703e-20)
(1.09762 0.235989 4.25461e-22)
(1.1031 0.236303 -3.26581e-21)
(1.10859 0.23653 -8.34032e-22)
(1.11411 0.236669 -1.45726e-21)
(1.11964 0.23672 -1.47431e-21)
(1.12518 0.236681 -1.70027e-21)
(1.13074 0.236553 4.74864e-21)
(1.1363 0.236332 -7.21993e-21)
(1.14186 0.23602 -3.70629e-21)
(1.14743 0.235615 -1.36604e-20)
(1.15299 0.235116 -1.88962e-21)
(1.15855 0.234523 2.62183e-22)
(1.16409 0.233834 7.51829e-22)
(1.16962 0.233049 7.79482e-24)
(1.05278 0.225355 -2.34723e-22)
(1.05824 0.226317 -7.17281e-21)
(1.06341 0.22719 -3.63628e-21)
(1.0685 0.227986 -1.90042e-20)
(1.07365 0.228701 1.32439e-20)
(1.07884 0.229336 1.62274e-21)
(1.08404 0.229891 -1.60387e-21)
(1.08926 0.230366 1.68354e-20)
(1.09451 0.230763 1.24855e-20)
(1.09978 0.231079 -1.62563e-20)
(1.10507 0.231316 -6.90266e-21)
(1.11038 0.231472 -5.62312e-21)
(1.1157 0.231548 3.88901e-21)
(1.12104 0.231542 -7.50004e-21)
(1.1264 0.231454 -4.5933e-21)
(1.13176 0.231282 -1.70994e-20)
(1.13713 0.231028 4.74273e-21)
(1.14251 0.230689 -3.24923e-22)
(1.14789 0.230265 5.45948e-21)
(1.15327 0.229756 -2.03185e-21)
(1.15865 0.229161 -2.42203e-22)
(1.16401 0.228479 -4.12275e-21)
(1.16937 0.22771 3.70007e-21)
(1.05642 0.221265 1.12486e-20)
(1.06169 0.222123 8.47879e-21)
(1.06669 0.222896 -1.58286e-21)
(1.07162 0.223594 3.03012e-20)
(1.0766 0.224214 -1.4752e-20)
(1.08161 0.224757 1.5489e-20)
(1.08664 0.225225 -1.56392e-20)
(1.09169 0.225617 -2.93833e-20)
(1.09676 0.225934 1.20817e-20)
(1.10185 0.226177 8.24099e-21)
(1.10696 0.226344 6.36159e-21)
(1.11209 0.226437 -4.68318e-22)
(1.11723 0.226454 -1.77688e-20)
(1.12239 0.226396 5.74663e-21)
(1.12756 0.226262 4.51612e-21)
(1.13274 0.226052 6.90948e-21)
(1.13793 0.225765 -3.974e-21)
(1.14313 0.225402 8.54738e-21)
(1.14833 0.224961 -4.44599e-21)
(1.15353 0.224441 2.9117e-21)
(1.15873 0.223844 4.95722e-21)
(1.16392 0.223167 9.22092e-21)
(1.16911 0.222411 -1.84617e-21)
(1.05992 0.217106 1.60727e-20)
(1.06501 0.217867 -1.03314e-21)
(1.06985 0.218547 -6.58926e-22)
(1.07461 0.219155 -1.78865e-20)
(1.07943 0.21969 1.34686e-20)
(1.08428 0.22015 -8.20384e-21)
(1.08914 0.220539 2.23529e-20)
(1.09402 0.220856 1.42154e-20)
(1.09892 0.221102 -1.14748e-20)
(1.10384 0.221277 8.90068e-21)
(1.10877 0.221383 1.24623e-21)
(1.11373 0.221418 2.02463e-22)
(1.1187 0.221383 1.56947e-20)
(1.12368 0.221278 -6.07405e-21)
(1.12867 0.221103 -8.03005e-21)
(1.13368 0.220858 -1.3301e-21)
(1.13869 0.220542 -6.58574e-21)
(1.14371 0.220156 6.30591e-21)
(1.14874 0.219698 5.92015e-21)
(1.15377 0.21917 -1.02269e-21)
(1.15879 0.218569 -8.6569e-21)
(1.16382 0.217897 -3.99052e-21)
(1.06328 0.21288 -2.7424e-20)
(1.06819 0.213552 1.80811e-20)
(1.07287 0.214147 2.56984e-20)
(1.07748 0.214673 -7.88515e-21)
(1.08214 0.215128 3.6504e-21)
(1.08682 0.215514 1.89116e-20)
(1.09152 0.215831 9.56884e-21)
(1.09624 0.21608 -8.27292e-21)
(1.10098 0.216263 -2.90064e-21)
(1.10573 0.216378 -1.7051e-20)
(1.1105 0.216428 -1.45588e-20)
(1.11528 0.216412 1.58088e-21)
(1.12008 0.216331 -1.00781e-20)
(1.1249 0.216184 1.44211e-20)
(1.12972 0.215972 9.09063e-21)
(1.13456 0.215696 -6.92614e-21)
(1.1394 0.215354 2.11029e-21)
(1.14426 0.214948 -6.0408e-21)
(1.14911 0.214476 -6.88646e-22)
(1.15397 0.213939 -4.35882e-21)
(1.15884 0.213337 -1.47548e-21)
(1.1637 0.212668 -4.6638e-21)
(1.0665 0.208592 8.22192e-21)
(1.07124 0.209182 -1.95428e-20)
(1.07576 0.209697 -2.33149e-21)
(1.08022 0.210148 1.68496e-20)
(1.08472 0.210531 1.26341e-21)
(1.08925 0.210849 -6.13995e-22)
(1.09379 0.211101 -1.82728e-20)
(1.09835 0.21129 7.3964e-21)
(1.10293 0.211415 -3.38005e-21)
(1.10752 0.211477 1.22323e-21)
(1.11213 0.211478 1.42324e-20)
(1.11676 0.211416 -6.24143e-21)
(1.12139 0.211294 -9.03398e-21)
(1.12604 0.211111 -1.22333e-20)
(1.13071 0.210867 2.9171e-21)
(1.13538 0.210563 1.33133e-20)
(1.14006 0.210199 1.38801e-20)
(1.14475 0.209775 -3.61581e-21)
(1.14945 0.209291 -5.00781e-22)
(1.15415 0.208747 4.26241e-21)
(1.15885 0.208144 7.47461e-21)
(1.16355 0.20748 2.63083e-21)
(1.06958 0.204245 -3.67493e-21)
(1.07415 0.204758 -6.25785e-21)
(1.07851 0.205201 -7.78444e-21)
(1.08282 0.205582 4.73044e-21)
(1.08717 0.205901 -9.17308e-21)
(1.09155 0.206156 -2.32601e-20)
(1.09594 0.206351 5.21557e-21)
(1.10035 0.206485 -8.7497e-21)
(1.10477 0.206559 1.13779e-20)
(1.10921 0.206574 1.07375e-20)
(1.11367 0.20653 -1.11807e-20)
(1.11814 0.206429 -3.51466e-23)
(1.12262 0.206271 1.35243e-20)
(1.12712 0.206055 4.76478e-21)
(1.13162 0.205784 -8.41621e-21)
(1.13614 0.205456 -6.64676e-21)
(1.14066 0.205073 -1.04224e-20)
(1.1452 0.204635 -1.72235e-21)
(1.14974 0.204141 2.08031e-21)
(1.15428 0.203592 1.69455e-21)
(1.15883 0.202988 -7.76658e-21)
(1.16338 0.202329 -1.21978e-21)
(1.07252 0.199843 -1.15179e-20)
(1.07692 0.200285 6.2792e-21)
(1.08114 0.200661 -8.40513e-21)
(1.0853 0.200979 -2.63964e-20)
(1.0895 0.201238 -9.22285e-21)
(1.09373 0.201438 9.3755e-21)
(1.09798 0.20158 -1.09564e-21)
(1.10224 0.201665 -1.03259e-21)
(1.10651 0.201693 -2.77903e-21)
(1.1108 0.201666 -4.80125e-21)
(1.11511 0.201584 1.43461e-20)
(1.11943 0.201448 1.39685e-21)
(1.12376 0.201259 -1.28124e-21)
(1.12811 0.201016 2.92084e-21)
(1.13246 0.200721 5.05528e-21)
(1.13683 0.200373 1.93747e-21)
(1.14121 0.199974 -4.06916e-21)
(1.14559 0.199524 5.99087e-21)
(1.14998 0.199023 -6.88357e-21)
(1.15438 0.19847 -3.91534e-21)
(1.15877 0.197868 6.30976e-21)
(1.16318 0.197214 -9.48036e-22)
(1.07531 0.195389 2.7105e-20)
(1.07955 0.195766 4.1254e-21)
(1.08362 0.196081 7.11395e-21)
(1.08765 0.196342 1.18808e-21)
(1.09171 0.196546 1.08859e-20)
(1.09579 0.196695 1.32541e-20)
(1.09989 0.19679 5.28609e-21)
(1.10401 0.196831 -5.98513e-21)
(1.10814 0.196819 -5.18262e-21)
(1.11229 0.196755 4.60758e-21)
(1.11645 0.196639 -6.83879e-21)
(1.12063 0.196473 1.40199e-20)
(1.12482 0.196257 1.80807e-21)
(1.12902 0.19599 2.89378e-21)
(1.13323 0.195675 8.88349e-21)
(1.13745 0.195312 1.20778e-21)
(1.14168 0.1949 1.02076e-20)
(1.14592 0.194441 -3.25447e-21)
(1.15017 0.193934 1.82497e-21)
(1.15442 0.193381 1.56402e-22)
(1.15868 0.192781 8.89621e-22)
(1.16294 0.192134 5.57972e-22)
(1.07796 0.190888 -7.93704e-21)
(1.08204 0.191205 2.12858e-21)
(1.08597 0.191464 -7.48811e-21)
(1.08986 0.191672 2.16986e-20)
(1.09378 0.191827 1.79848e-21)
(1.09773 0.19193 -9.35134e-21)
(1.10169 0.191983 2.01368e-21)
(1.10567 0.191985 2.12739e-20)
(1.10967 0.191937 -2.16668e-21)
(1.11367 0.19184 -1.05814e-20)
(1.1177 0.191695 -3.17629e-22)
(1.12173 0.191503 -2.15028e-20)
(1.12578 0.191264 -3.93108e-21)
(1.12985 0.190978 -5.18991e-21)
(1.13392 0.190646 -2.51783e-21)
(1.138 0.190269 -6.60829e-21)
(1.1421 0.189848 -9.82189e-21)
(1.1462 0.189382 -3.78874e-21)
(1.15031 0.188873 5.00592e-21)
(1.15442 0.18832 3.53886e-21)
(1.15854 0.187724 -8.67254e-22)
(1.16267 0.187086 -2.73852e-22)
(1.08046 0.186343 1.87961e-21)
(1.0844 0.186606 1.24772e-20)
(1.08819 0.186813 -6.04388e-21)
(1.09194 0.186973 -2.77868e-20)
(1.09573 0.187084 3.06332e-21)
(1.09954 0.187146 9.04012e-21)
(1.10337 0.18716 -1.00196e-20)
(1.10722 0.187127 -3.56811e-21)
(1.11108 0.187048 1.21576e-20)
(1.11495 0.186923 1.58262e-20)
(1.11884 0.186753 -5.12212e-21)
(1.12275 0.186538 1.79205e-20)
(1.12666 0.186279 4.71506e-21)
(1.13059 0.185977 -3.59352e-21)
(1.13453 0.185632 -5.40181e-21)
(1.13848 0.185246 1.43759e-21)
(1.14244 0.184817 4.89093e-21)
(1.14641 0.184348 3.82851e-21)
(1.15039 0.183838 3.88644e-21)
(1.15437 0.183287 -3.36658e-21)
(1.15836 0.182697 -3.16174e-21)
(1.16235 0.182068 -4.22987e-22)
(1.08282 0.181758 -3.07594e-21)
(1.08661 0.18197 -2.72311e-20)
(1.09027 0.182131 1.63446e-20)
(1.09389 0.182248 2.21628e-21)
(1.09755 0.182318 -2.00021e-20)
(1.10124 0.182343 -8.41937e-21)
(1.10494 0.182324 -8.85042e-21)
(1.10865 0.18226 -1.09558e-20)
(1.11238 0.182153 3.14848e-21)
(1.11613 0.182003 -1.90611e-20)
(1.11989 0.181811 1.20273e-20)
(1.12366 0.181578 -5.08119e-21)
(1.12745 0.181303 1.62698e-21)
(1.13125 0.180988 6.594e-21)
(1.13506 0.180633 -4.90598e-21)
(1.13889 0.180239 -1.305e-22)
(1.14272 0.179806 2.09504e-21)
(1.14656 0.179335 -4.72013e-21)
(1.15041 0.178826 -5.71844e-21)
(1.15427 0.17828 4.68909e-21)
(1.15813 0.177697 5.58443e-21)
(1.162 0.177078 1.99295e-21)
(1.08504 0.177136 3.44986e-21)
(1.08869 0.177303 1.40235e-20)
(1.09221 0.177422 -1.21848e-20)
(1.09572 0.177499 1.01019e-20)
(1.09925 0.177533 -1.29291e-21)
(1.10281 0.177525 -2.8146e-22)
(1.10638 0.177476 9.52369e-21)
(1.10997 0.177385 1.28299e-20)
(1.11358 0.177254 -1.53703e-20)
(1.1172 0.177083 6.36677e-21)
(1.12084 0.176872 -1.17831e-20)
(1.12449 0.176623 3.87565e-21)
(1.12815 0.176335 -3.16437e-22)
(1.13183 0.17601 -6.50269e-21)
(1.13552 0.175647 6.23333e-21)
(1.13922 0.175248 -1.87479e-21)
(1.14293 0.174813 2.85916e-21)
(1.14665 0.174343 9.65375e-21)
(1.15037 0.173837 3.51634e-21)
(1.15411 0.173297 -3.84189e-21)
(1.15785 0.172723 -1.26255e-21)
(1.1616 0.172115 7.53073e-23)
(1.08711 0.172482 -9.98928e-21)
(1.09062 0.172607 -6.91505e-21)
(1.09403 0.172688 3.58224e-21)
(1.09741 0.172729 9.2297e-21)
(1.10082 0.172731 3.81845e-21)
(1.10426 0.172694 -9.21218e-21)
(1.10771 0.172618 5.26307e-21)
(1.11118 0.172503 -5.38853e-21)
(1.11467 0.172351 6.45087e-21)
(1.11817 0.172162 6.49456e-21)
(1.12169 0.171936 9.53513e-21)
(1.12522 0.171673 -6.04819e-21)
(1.12876 0.171375 -5.42862e-21)
(1.13232 0.171042 5.45039e-21)
(1.13589 0.170675 8.73884e-22)
(1.13947 0.170273 3.41302e-21)
(1.14307 0.169838 -5.51834e-21)
(1.14667 0.16937 -2.69935e-21)
(1.15028 0.168869 -2.6496e-21)
(1.1539 0.168336 2.91234e-21)
(1.15752 0.167772 -4.57706e-21)
(1.16116 0.167176 2.32108e-21)
(1.08904 0.167797 1.21775e-20)
(1.09242 0.167885 1.85369e-20)
(1.09571 0.167931 8.40401e-21)
(1.09897 0.167941 -3.91041e-21)
(1.10227 0.167914 1.17455e-20)
(1.10559 0.167851 5.2002e-21)
(1.10893 0.167752 -7.16812e-21)
(1.11228 0.167617 -1.64544e-21)
(1.11565 0.167446 3.3461e-21)
(1.11904 0.167242 -3.74583e-21)
(1.12244 0.167003 -7.90774e-21)
(1.12586 0.16673 2.64966e-21)
(1.12929 0.166424 -2.69026e-21)
(1.13273 0.166086 -1.74465e-21)
(1.13619 0.165715 -3.04659e-21)
(1.13966 0.165313 1.02772e-21)
(1.14314 0.16488 2.16378e-21)
(1.14663 0.164415 -6.37978e-21)
(1.15013 0.163921 -1.92875e-21)
(1.15363 0.163397 -5.13664e-21)
(1.15715 0.162843 1.55881e-21)
(1.16067 0.162261 -5.14663e-21)
(1.09083 0.163086 -1.09522e-20)
(1.09409 0.16314 -1.19732e-20)
(1.09726 0.163155 -9.69629e-21)
(1.10041 0.163137 1.72372e-21)
(1.10359 0.163085 2.55924e-21)
(1.1068 0.162999 -4.02805e-21)
(1.11003 0.162879 6.77756e-21)
(1.11327 0.162726 -7.9012e-21)
(1.11653 0.162541 -2.88226e-21)
(1.11981 0.162323 4.2009e-21)
(1.1231 0.162074 -8.85469e-21)
(1.1264 0.161793 5.40861e-21)
(1.12973 0.161482 -5.84506e-21)
(1.13306 0.16114 8.04333e-21)
(1.13641 0.160768 2.61911e-21)
(1.13977 0.160367 -1.45581e-21)
(1.14314 0.159937 -2.46877e-22)
(1.14652 0.159479 5.4189e-21)
(1.14991 0.158992 -8.30089e-22)
(1.15331 0.158478 1.71603e-21)
(1.15672 0.157936 2.69824e-21)
(1.16013 0.157368 1.9174e-21)
(1.09248 0.15835 4.16497e-21)
(1.09562 0.158374 5.65301e-22)
(1.09868 0.158362 -4.2159e-21)
(1.10172 0.158319 -1.04136e-20)
(1.1048 0.158245 -1.97413e-20)
(1.1079 0.158139 1.96374e-20)
(1.11102 0.158001 -2.01198e-21)
(1.11415 0.157834 1.03931e-20)
(1.11731 0.157635 6.3491e-22)
(1.12048 0.157407 5.30557e-21)
(1.12366 0.15715 1.89841e-20)
(1.12686 0.156863 -8.34086e-21)
(1.13008 0.156548 1.26975e-20)
(1.13331 0.156205 -4.84749e-21)
(1.13655 0.155834 -1.19854e-20)
(1.13981 0.155436 1.64023e-21)
(1.14308 0.15501 3.23761e-22)
(1.14635 0.154559 -3.13123e-21)
(1.14964 0.154081 4.44216e-21)
(1.15294 0.153578 -2.65823e-22)
(1.15624 0.153049 2.15082e-21)
(1.15956 0.152496 -2.00471e-21)
(1.09399 0.153593 5.98705e-21)
(1.09702 0.15359 -1.15379e-21)
(1.09997 0.153555 1.84374e-20)
(1.10291 0.15349 5.02057e-21)
(1.10588 0.153396 1.5999e-20)
(1.10888 0.153272 -1.00284e-20)
(1.1119 0.15312 8.50791e-22)
(1.11493 0.15294 -7.01899e-21)
(1.11798 0.152731 1.81063e-21)
(1.12105 0.152495 -1.44937e-20)
(1.12413 0.152231 -1.56757e-20)
(1.12723 0.151941 -1.40953e-21)
(1.13035 0.151624 4.04604e-21)
(1.13348 0.151281 3.96595e-21)
(1.13662 0.150912 1.06944e-20)
(1.13978 0.150518 3.53694e-21)
(1.14295 0.150099 2.95217e-21)
(1.14612 0.149655 -2.8276e-22)
(1.14931 0.149187 -2.24489e-21)
(1.15251 0.148696 1.47273e-21)
(1.15572 0.148181 -2.95827e-22)
(1.15893 0.147643 2.12919e-22)
(1.09537 0.148818 -9.84396e-21)
(1.09829 0.148791 -2.36414e-21)
(1.10114 0.148734 -1.46858e-20)
(1.10398 0.14865 -6.11403e-21)
(1.10686 0.148539 -6.3298e-21)
(1.10975 0.148402 -5.44188e-21)
(1.11267 0.148237 -8.11419e-21)
(1.11561 0.148046 -6.42951e-21)
(1.11856 0.147829 -4.76429e-21)
(1.12153 0.147587 9.8111e-21)
(1.12452 0.147319 1.10492e-20)
(1.12752 0.147026 5.18898e-21)
(1.13054 0.146709 -1.00338e-20)
(1.13357 0.146368 -7.76024e-21)
(1.13662 0.146002 -2.34407e-21)
(1.13968 0.145614 -5.61925e-21)
(1.14275 0.145202 2.46054e-22)
(1.14583 0.144767 2.39793e-21)
(1.14893 0.14431 -1.82877e-22)
(1.15203 0.143831 2.36361e-21)
(1.15515 0.14333 2.18479e-22)
(1.15827 0.142808 2.99929e-21)
(1.09661 0.144025 -9.37462e-21)
(1.09943 0.143978 -3.87393e-21)
(1.10218 0.143903 1.08722e-20)
(1.10493 0.143802 1.04023e-20)
(1.10771 0.143677 -1.25768e-21)
(1.11052 0.143527 1.23292e-20)
(1.11334 0.143352 -7.68221e-22)
(1.11618 0.143153 1.2932e-20)
(1.11904 0.14293 6.25825e-21)
(1.12192 0.142683 -9.12106e-21)
(1.12481 0.142413 -1.12058e-20)
(1.12772 0.14212 -3.8883e-21)
(1.13065 0.141804 2.66401e-21)
(1.13359 0.141465 2.26116e-21)
(1.13654 0.141105 7.99019e-22)
(1.13951 0.140722 5.8343e-21)
(1.14249 0.140319 -1.60214e-21)
(1.14549 0.139894 -2.68315e-21)
(1.14849 0.139448 2.43972e-21)
(1.1515 0.138983 9.55508e-22)
(1.15453 0.138497 -5.33969e-21)
(1.15756 0.137991 -3.39487e-23)
(1.09772 0.139218 1.44631e-20)
(1.10044 0.139152 1.78214e-20)
(1.1031 0.139062 -3.24053e-21)
(1.10577 0.138948 2.68697e-21)
(1.10846 0.13881 -7.0714e-21)
(1.11117 0.13865 -8.14309e-21)
(1.1139 0.138467 1.91967e-21)
(1.11666 0.138262 8.43535e-22)
(1.11943 0.138034 -4.35676e-21)
(1.12222 0.137785 6.2154e-21)
(1.12502 0.137513 9.30964e-21)
(1.12784 0.137221 -3.36329e-21)
(1.13068 0.136907 2.83535e-21)
(1.13354 0.136573 1.72271e-21)
(1.1364 0.136219 1.02849e-21)
(1.13928 0.135844 -3.67985e-21)
(1.14218 0.135449 8.74868e-22)
(1.14508 0.135035 3.05612e-23)
(1.148 0.134602 -2.07851e-21)
(1.15093 0.13415 -2.91441e-21)
(1.15386 0.13368 2.83871e-21)
(1.15681 0.133191 -1.38237e-21)
(1.09871 0.134397 6.97583e-21)
(1.10134 0.134317 -1.04863e-20)
(1.10391 0.134212 -1.13187e-20)
(1.10649 0.134087 -6.27386e-21)
(1.10909 0.13394 6.33837e-21)
(1.11172 0.133772 -3.68853e-21)
(1.11437 0.133583 5.31964e-21)
(1.11704 0.133373 5.01579e-21)
(1.11972 0.133142 1.19742e-21)
(1.12243 0.132891 -1.81898e-21)
(1.12515 0.132621 -4.33517e-21)
(1.12789 0.13233 2.08988e-21)
(1.13064 0.132021 -6.25212e-21)
(1.13341 0.131692 -2.64971e-21)
(1.13619 0.131344 -3.84075e-21)
(1.13899 0.130978 -4.15631e-22)
(1.1418 0.130593 -2.18507e-21)
(1.14462 0.13019 -1.5475e-21)
(1.14746 0.12977 2.12128e-21)
(1.1503 0.129332 3.63748e-22)
(1.15316 0.128877 1.63772e-21)
(1.15602 0.128406 -4.70773e-22)
(1.09958 0.129565 -1.29695e-21)
(1.10211 0.129472 3.31919e-21)
(1.1046 0.129356 1.30383e-20)
(1.1071 0.129221 -9.23063e-21)
(1.10963 0.129067 -7.44042e-21)
(1.11217 0.128892 1.98246e-21)
(1.11474 0.128699 -9.05643e-21)
(1.11733 0.128486 -7.01098e-21)
(1.11993 0.128254 -6.2155e-21)
(1.12256 0.128004 -5.25791e-21)
(1.1252 0.127735 3.44772e-21)
(1.12786 0.127448 3.78418e-21)
(1.13053 0.127143 3.25619e-21)
(1.13322 0.12682 -1.95206e-21)
(1.13592 0.12648 7.84939e-22)
(1.13864 0.126123 2.42273e-22)
(1.14137 0.125749 -3.36198e-22)
(1.14411 0.125358 7.79742e-23)
(1.14687 0.124951 -3.19502e-21)
(1.14963 0.124528 -3.46888e-21)
(1.15241 0.124089 -1.13762e-21)
(1.15519 0.123635 3.49205e-21)
(1.10032 0.124723 -1.90788e-21)
(1.10278 0.124618 -1.18269e-20)
(1.10519 0.124494 -5.84517e-21)
(1.10761 0.124352 1.58376e-20)
(1.11006 0.124191 1.53066e-20)
(1.11253 0.124013 -3.82686e-21)
(1.11502 0.123816 3.23577e-21)
(1.11753 0.123602 4.95762e-22)
(1.12006 0.12337 1.10605e-20)
(1.12261 0.123121 4.26405e-21)
(1.12517 0.122855 -1.81206e-21)
(1.12775 0.122573 -2.41386e-21)
(1.13035 0.122274 2.13083e-21)
(1.13296 0.121958 4.81672e-22)
(1.13559 0.121627 -8.52667e-23)
(1.13823 0.12128 -2.46881e-21)
(1.14089 0.120917 5.58011e-21)
(1.14356 0.120538 7.88464e-22)
(1.14623 0.120145 2.09115e-22)
(1.14892 0.119737 3.81251e-22)
(1.15162 0.119315 -5.79426e-22)
(1.15433 0.118878 -1.07844e-21)
(1.10095 0.119871 -7.05218e-21)
(1.10333 0.119758 7.28683e-21)
(1.10567 0.119627 1.57797e-21)
(1.10802 0.119479 -8.28943e-21)
(1.11039 0.119314 -1.43172e-20)
(1.11279 0.119133 4.443e-21)
(1.11521 0.118935 1.28832e-20)
(1.11765 0.118721 -6.1497e-22)
(1.12011 0.11849 -7.6109e-21)
(1.12258 0.118244 4.1838e-21)
(1.12507 0.117982 -2.67217e-21)
(1.12758 0.117705 1.27994e-21)
(1.13011 0.117413 -3.48847e-21)
(1.13265 0.117105 -3.36662e-21)
(1.1352 0.116783 2.25847e-21)
(1.13777 0.116446 2.34445e-21)
(1.14036 0.116095 -1.89035e-21)
(1.14295 0.11573 5.28765e-22)
(1.14556 0.115351 -1.48061e-21)
(1.14818 0.114958 1.96549e-21)
(1.1508 0.114552 -2.04276e-21)
(1.15344 0.114132 -2.71172e-21)
(1.10147 0.115011 -6.89241e-21)
(1.10377 0.114891 1.0761e-20)
(1.10604 0.114754 -6.62728e-21)
(1.10833 0.114602 -1.05093e-21)
(1.11063 0.114435 2.07776e-21)
(1.11297 0.114252 -9.25006e-22)
(1.11532 0.114054 -6.94225e-21)
(1.11769 0.113842 1.43674e-22)
(1.12008 0.113614 2.34435e-21)
(1.12248 0.113372 -5.56575e-21)
(1.12491 0.113115 4.37228e-21)
(1.12735 0.112844 2.93408e-21)
(1.1298 0.112559 2.43787e-21)
(1.13228 0.11226 1.61894e-21)
(1.13476 0.111948 2.62517e-21)
(1.13726 0.111622 -1.34949e-21)
(1.13978 0.111283 8.96605e-22)
(1.1423 0.110931 -2.18718e-21)
(1.14484 0.110567 1.35128e-21)
(1.14739 0.11019 -1.15337e-21)
(1.14995 0.1098 7.00286e-22)
(1.15252 0.109398 3.87277e-21)
(1.10188 0.110142 1.28318e-20)
(1.10412 0.110017 -1.11144e-20)
(1.10632 0.109877 1.12338e-20)
(1.10854 0.109723 4.11007e-21)
(1.11079 0.109554 2.20776e-22)
(1.11306 0.109372 5.85634e-22)
(1.11534 0.109175 -3.71099e-21)
(1.11765 0.108965 -2.19877e-21)
(1.11997 0.108741 -2.37866e-21)
(1.12232 0.108503 -3.99155e-22)
(1.12468 0.108252 1.45006e-21)
(1.12705 0.107989 -5.2698e-21)
(1.12944 0.107712 1.48983e-21)
(1.13185 0.107423 2.49321e-21)
(1.13427 0.107121 -5.93192e-22)
(1.13671 0.106806 1.02899e-21)
(1.13916 0.10648 -2.84266e-22)
(1.14162 0.106142 1.92609e-21)
(1.14409 0.105792 1.07497e-21)
(1.14658 0.10543 2.63262e-21)
(1.14907 0.105058 8.4801e-22)
(1.15157 0.104674 -2.6169e-22)
(1.10219 0.105265 -7.78343e-21)
(1.10437 0.105137 9.93272e-22)
(1.10651 0.104995 -3.23288e-21)
(1.10867 0.10484 -1.11942e-21)
(1.11086 0.104671 9.42169e-22)
(1.11307 0.10449 1.61079e-21)
(1.11529 0.104296 1.03603e-21)
(1.11754 0.104089 3.12035e-22)
(1.1198 0.10387 4.67329e-21)
(1.12209 0.103638 8.45753e-22)
(1.12438 0.103394 -3.35731e-21)
(1.1267 0.103138 3.72628e-21)
(1.12903 0.10287 -3.02787e-21)
(1.13138 0.102591 -2.72956e-21)
(1.13374 0.1023 -1.08989e-21)
(1.13611 0.101998 -2.36704e-21)
(1.1385 0.101684 -6.73583e-22)
(1.1409 0.10136 -1.58898e-21)
(1.14331 0.101025 -5.25304e-22)
(1.14573 0.100679 3.43138e-23)
(1.14816 0.100323 -2.51644e-21)
(1.15061 0.0999571 -4.94763e-22)
(1.10241 0.100381 -2.55459e-21)
(1.10453 0.100251 2.81294e-21)
(1.10662 0.100108 -2.02208e-21)
(1.10872 0.0999527 6.12567e-22)
(1.11085 0.0997858 3.83188e-21)
(1.113 0.0996069 -3.85825e-22)
(1.11518 0.0994162 -8.27767e-22)
(1.11737 0.0992139 2.67587e-21)
(1.11957 0.099 -2.04986e-21)
(1.1218 0.0987748 2.12905e-21)
(1.12404 0.0985384 3.60459e-21)
(1.1263 0.098291 -8.5095e-22)
(1.12857 0.0980328 -1.10543e-21)
(1.13086 0.0977638 5.11832e-21)
(1.13316 0.0974843 -2.94657e-21)
(1.13548 0.0971945 -1.00508e-21)
(1.13781 0.0968944 2.66747e-21)
(1.14015 0.0965844 5.03346e-22)
(1.1425 0.0962644 2.89318e-21)
(1.14486 0.0959348 -3.14409e-21)
(1.14724 0.0955956 3.72396e-21)
(1.14962 0.0952471 -2.39591e-22)
(1.10254 0.0954875 3.47567e-21)
(1.1046 0.0953568 -3.09895e-21)
(1.10664 0.0952144 3.74328e-21)
(1.1087 0.095061 1.67298e-22)
(1.11077 0.0948966 1.58956e-21)
(1.11287 0.0947212 2.12097e-21)
(1.11499 0.0945349 -3.92522e-22)
(1.11713 0.094338 -1.62599e-21)
(1.11928 0.0941305 -1.55666e-21)
(1.12146 0.0939126 8.1098e-22)
(1.12365 0.0936844 -4.08234e-21)
(1.12585 0.0934461 -1.57962e-21)
(1.12807 0.0931979 -8.86037e-22)
(1.1303 0.0929399 -1.51461e-21)
(1.13255 0.0926723 1.59835e-21)
(1.13481 0.0923951 1.19715e-21)
(1.13709 0.0921086 -2.73813e-21)
(1.13937 0.091813 -5.51746e-23)
(1.14167 0.0915084 -1.73668e-21)
(1.14398 0.0911948 3.9664e-21)
(1.14629 0.0908726 -2.98484e-22)
(1.14862 0.0905418 -4.58967e-22)
(1.10259 0.0905849 -2.94271e-21)
(1.1046 0.090455 9.29106e-22)
(1.10659 0.0903142 -1.64942e-21)
(1.1086 0.0901635 9.84405e-22)
(1.11063 0.0900025 -6.72034e-22)
(1.11268 0.0898316 -1.30841e-21)
(1.11475 0.0896506 7.06562e-21)
(1.11684 0.0894599 1.98509e-21)
(1.11895 0.0892595 -5.3583e-22)
(1.12107 0.0890495 1.95951e-21)
(1.12321 0.0888302 -1.0415e-21)
(1.12536 0.0886016 1.25305e-21)
(1.12753 0.088364 -1.67778e-21)
(1.12971 0.0881173 1.58265e-21)
(1.13191 0.0878619 -2.42078e-21)
(1.13412 0.0875977 2.87557e-21)
(1.13634 0.0873251 -1.042e-21)
(1.13858 0.0870441 1.38812e-21)
(1.14082 0.0867549 -5.47489e-22)
(1.14308 0.0864575 -6.95585e-22)
(1.14534 0.0861523 -7.29478e-22)
(1.14761 0.0858392 -8.89766e-22)
(1.10256 0.0856721 5.08805e-21)
(1.10453 0.0855439 -3.30978e-24)
(1.10647 0.0854059 -1.38845e-21)
(1.10844 0.0852587 -3.61495e-21)
(1.11043 0.0851022 -1.01943e-21)
(1.11243 0.0849365 3.91178e-22)
(1.11446 0.0847617 -6.13948e-21)
(1.1165 0.0845779 -1.54854e-21)
(1.11856 0.0843853 5.2485e-22)
(1.12064 0.0841839 -1.94726e-21)
(1.12273 0.083974 3.1898e-21)
(1.12484 0.0837556 8.37316e-22)
(1.12696 0.0835289 7.00753e-22)
(1.1291 0.083294 -1.25876e-21)
(1.13124 0.083051 9.08222e-22)
(1.13341 0.0828002 -1.25925e-21)
(1.13558 0.0825416 -2.34392e-22)
(1.13776 0.0822754 -3.84529e-22)
(1.13996 0.0820017 3.48617e-22)
(1.14217 0.0817207 -1.22449e-21)
(1.14438 0.0814324 -4.25818e-22)
(1.1466 0.081137 -5.9521e-22)
(1.10247 0.0807473 -3.67201e-21)
(1.10439 0.080622 -5.52255e-22)
(1.1063 0.0804877 3.18324e-21)
(1.10822 0.080345 2.18326e-21)
(1.11017 0.0801938 -4.01809e-21)
(1.11214 0.0800341 3.83379e-23)
(1.11412 0.0798661 2.36109e-22)
(1.11612 0.0796899 -6.2822e-22)
(1.11814 0.0795057 -2.32223e-21)
(1.12017 0.0793134 -7.89642e-22)
(1.12222 0.0791134 -1.83937e-22)
(1.12429 0.0789056 4.96168e-22)
(1.12636 0.0786903 -2.1656e-22)
(1.12846 0.0784675 -2.26015e-21)
(1.13056 0.0782374 2.50552e-21)
(1.13268 0.0780001 -1.51651e-21)
(1.1348 0.0777558 5.10224e-21)
(1.13694 0.0775045 1.35997e-23)
(1.13909 0.0772465 -7.32522e-22)
(1.14125 0.0769817 2.39932e-21)
(1.14342 0.0767105 -1.19204e-21)
(1.1456 0.0764328 -6.91926e-22)
(1.10232 0.0758089 -1.08235e-21)
(1.1042 0.0756873 1.79011e-21)
(1.10607 0.0755576 -8.5977e-22)
(1.10796 0.0754201 -4.60727e-22)
(1.10987 0.0752749 2.32552e-21)
(1.1118 0.075122 5.73062e-22)
(1.11375 0.0749615 1.47507e-21)
(1.11571 0.0747935 1.46202e-21)
(1.11769 0.0746182 1.68034e-21)
(1.11968 0.0744356 2.14503e-21)
(1.12169 0.0742459 -7.74528e-22)
(1.12371 0.0740492 -9.85651e-22)
(1.12575 0.0738456 -2.41248e-22)
(1.1278 0.0736352 4.01714e-22)
(1.12986 0.0734182 3.43545e-22)
(1.13194 0.0731947 1.77916e-21)
(1.13402 0.0729648 -2.53686e-22)
(1.13612 0.0727286 -1.02345e-21)
(1.13823 0.0724863 -2.45546e-22)
(1.14034 0.072238 -2.67608e-22)
(1.14246 0.0719837 -4.25265e-22)
(1.1446 0.0717237 1.56207e-21)
(1.10211 0.0708545 3.67373e-22)
(1.10396 0.0707375 -1.60651e-21)
(1.1058 0.070613 -2.1503e-21)
(1.10765 0.0704816 -1.9796e-21)
(1.10953 0.0703431 -2.42557e-21)
(1.11143 0.0701976 -4.78756e-21)
(1.11334 0.0700452 2.07483e-21)
(1.11527 0.0698859 -1.87722e-21)
(1.11721 0.06972 2.52751e-21)
(1.11917 0.0695475 -1.51053e-21)
(1.12114 0.0693685 -3.70331e-21)
(1.12312 0.0691832 6.88627e-22)
(1.12512 0.0689917 1.22798e-21)
(1.12714 0.068794 6.4549e-22)
(1.12916 0.0685904 -3.28008e-21)
(1.1312 0.0683808 1.57338e-21)
(1.13324 0.0681656 -2.73662e-21)
(1.1353 0.0679446 -8.31643e-22)
(1.13736 0.0677181 -1.23985e-21)
(1.13944 0.0674863 -6.84645e-22)
(1.14152 0.067249 1.01043e-21)
(1.14361 0.0670066 -5.93248e-22)
(1.10186 0.0658813 -6.03653e-22)
(1.10368 0.0657696 1.76066e-21)
(1.10549 0.0656512 -1.46024e-21)
(1.10732 0.0655264 1.64782e-21)
(1.10916 0.0653952 3.87152e-21)
(1.11103 0.0652577 3.81931e-21)
(1.11291 0.0651138 8.96716e-22)
(1.1148 0.0649638 -6.37051e-24)
(1.11671 0.0648078 -1.74723e-21)
(1.11864 0.0646458 4.8132e-21)
(1.12058 0.064478 6.51041e-22)
(1.12253 0.0643044 1.8839e-21)
(1.12449 0.0641252 4.63832e-22)
(1.12647 0.0639406 3.54616e-22)
(1.12846 0.0637505 4.10002e-21)
(1.13046 0.0635551 -3.7763e-21)
(1.13247 0.0633546 3.12003e-21)
(1.13449 0.063149 1.05966e-21)
(1.13651 0.0629385 -2.91928e-22)
(1.13855 0.0627231 8.76254e-23)
(1.1406 0.0625029 1.01555e-21)
(1.14265 0.0622781 -9.36587e-22)
(1.10158 0.0608859 4.71399e-21)
(1.10337 0.0607803 1.85183e-22)
(1.10515 0.0606685 2.6534e-21)
(1.10695 0.060551 -8.82309e-22)
(1.10877 0.0604277 -3.01806e-21)
(1.11061 0.0602986 -3.74718e-21)
(1.11246 0.0601639 -2.75344e-21)
(1.11433 0.0600236 1.50195e-21)
(1.11621 0.0598778 -1.60397e-21)
(1.1181 0.0597267 -1.46285e-21)
(1.12001 0.0595704 -4.15903e-21)
(1.12193 0.0594089 1.47591e-21)
(1.12386 0.0592424 -9.63484e-23)
(1.12581 0.0590709 2.29101e-22)
(1.12776 0.0588947 1.81578e-21)
(1.12973 0.0587137 -1.68606e-21)
(1.13171 0.0585281 -7.99634e-22)
(1.13369 0.058338 -7.6576e-22)
(1.13569 0.0581434 -1.74597e-22)
(1.13769 0.0579446 4.71965e-22)
(1.1397 0.0577415 -1.35444e-21)
(1.14171 0.0575343 1.05072e-22)
(1.10127 0.0558647 -1.22554e-21)
(1.10303 0.0557656 6.79612e-22)
(1.10479 0.055661 -3.12212e-21)
(1.10657 0.0555513 3.57772e-21)
(1.10837 0.0554364 6.66474e-22)
(1.11018 0.0553162 2.67147e-21)
(1.11201 0.055191 2.09379e-21)
(1.11385 0.0550609 -1.72283e-21)
(1.1157 0.0549258 8.9317e-22)
(1.11757 0.0547859 -1.8641e-21)
(1.11945 0.0546414 2.65662e-21)
(1.12134 0.0544923 -1.33819e-21)
(1.12325 0.0543387 7.91209e-22)
(1.12516 0.0541807 7.02402e-22)
(1.12709 0.0540185 -9.26359e-22)
(1.12902 0.0538521 -6.14382e-22)
(1.13097 0.0536815 1.73784e-21)
(1.13292 0.053507 1.02037e-22)
(1.13488 0.0533286 1.94146e-22)
(1.13685 0.0531464 -4.77155e-22)
(1.13883 0.0529605 1.08076e-21)
(1.14081 0.052771 -8.90906e-22)
(1.10094 0.050813 -4.7183e-22)
(1.10268 0.050721 -2.879e-21)
(1.10443 0.0506242 2.39311e-21)
(1.10619 0.0505227 4.63964e-22)
(1.10796 0.0504166 1.65192e-22)
(1.10975 0.0503059 5.97925e-22)
(1.11155 0.0501906 -2.68697e-21)
(1.11337 0.0500709 1.3984e-21)
(1.1152 0.0499469 -5.40251e-22)
(1.11705 0.0498186 3.82931e-22)
(1.1189 0.0496862 1.29378e-21)
(1.12077 0.0495498 -1.18489e-21)
(1.12265 0.0494094 -1.89423e-21)
(1.12454 0.0492652 -9.01119e-22)
(1.12643 0.0491171 9.88803e-22)
(1.12834 0.0489655 -6.44088e-22)
(1.13026 0.0488102 -6.67094e-22)
(1.13218 0.0486514 1.64828e-21)
(1.13412 0.0484893 2.52934e-22)
(1.13606 0.0483238 -4.5424e-22)
(1.138 0.0481551 -1.56186e-21)
(1.13995 0.0479832 1.56774e-21)
(1.10061 0.0457257 7.60396e-22)
(1.10233 0.0456413 3.37352e-21)
(1.10406 0.0455527 2.67633e-22)
(1.1058 0.0454599 -9.14305e-22)
(1.10756 0.045363 4.49563e-22)
(1.10933 0.0452621 -5.57174e-22)
(1.11111 0.0451571 -3.50096e-22)
(1.11291 0.0450483 3.32185e-22)
(1.11472 0.0449357 2.05411e-21)
(1.11654 0.0448193 -2.01202e-21)
(1.11838 0.0446994 -1.34179e-21)
(1.12022 0.0445759 1.69642e-21)
(1.12208 0.044449 -3.26908e-23)
(1.12394 0.0443187 9.14919e-22)
(1.12581 0.0441851 -1.18886e-21)
(1.1277 0.0440484 6.97998e-22)
(1.12959 0.0439086 1.04409e-21)
(1.13149 0.0437657 -1.37622e-21)
(1.13339 0.04362 -2.4501e-22)
(1.1353 0.0434713 -6.58134e-22)
(1.13722 0.0433199 -1.62531e-22)
(1.13914 0.0431658 -6.18039e-22)
(1.10027 0.040597 -3.1542e-22)
(1.10198 0.0405206 3.91943e-22)
(1.1037 0.0404405 -9.7663e-22)
(1.10542 0.0403568 -1.15732e-21)
(1.10717 0.0402695 1.60939e-21)
(1.10892 0.0401787 -1.3384e-21)
(1.11069 0.0400845 2.11542e-21)
(1.11247 0.0399869 8.19865e-23)
(1.11426 0.039886 -7.23466e-22)
(1.11607 0.0397819 1.68417e-21)
(1.11788 0.0396747 8.08474e-23)
(1.1197 0.0395644 -7.92107e-22)
(1.12154 0.0394513 -1.44569e-21)
(1.12338 0.0393352 1.14074e-21)
(1.12523 0.0392164 -5.52698e-22)
(1.12709 0.0390948 5.37318e-22)
(1.12896 0.0389707 -1.3064e-22)
(1.13084 0.0388439 1.38273e-21)
(1.13272 0.0387147 -8.02569e-22)
(1.13461 0.0385831 -1.03501e-22)
(1.1365 0.0384491 7.86339e-22)
(1.1384 0.0383128 -2.48549e-22)
(1.09995 0.03542 -9.79362e-22)
(1.10165 0.035352 -1.13677e-21)
(1.10335 0.0352808 4.43678e-22)
(1.10507 0.0352066 8.02966e-22)
(1.1068 0.0351293 -8.87266e-23)
(1.10854 0.0350491 1.45456e-21)
(1.11029 0.0349658 5.9265e-22)
(1.11206 0.0348798 -1.6271e-21)
(1.11384 0.034791 -2.32255e-21)
(1.11562 0.0346995 -7.96298e-22)
(1.11742 0.0346053 2.14851e-21)
(1.11923 0.0345087 -1.11952e-21)
(1.12105 0.0344095 -8.71124e-22)
(1.12287 0.034308 -4.91222e-22)
(1.1247 0.0342042 3.71867e-22)
(1.12655 0.0340981 9.52991e-22)
(1.12839 0.0339898 3.25271e-22)
(1.13025 0.0338794 -1.4519e-21)
(1.13211 0.0337669 1.18115e-21)
(1.13397 0.0336524 4.02331e-22)
(1.13584 0.033536 -1.87762e-21)
(1.13772 0.0334177 1.12558e-21)
(1.09965 0.0301872 8.59932e-22)
(1.10134 0.0301279 -1.70656e-24)
(1.10303 0.030066 -4.87516e-22)
(1.10474 0.0300016 -1.41894e-21)
(1.10646 0.0299347 -9.6917e-22)
(1.10819 0.0298653 -8.12813e-22)
(1.10994 0.0297935 -1.03763e-21)
(1.11169 0.0297194 1.36041e-21)
(1.11345 0.029643 -1.13348e-21)
(1.11523 0.0295645 1.1994e-21)
(1.11701 0.0294838 1.43512e-21)
(1.11881 0.029401 -2.46708e-21)
(1.12061 0.0293163 1.98591e-21)
(1.12242 0.0292296 -6.12849e-22)
(1.12423 0.0291411 -1.38792e-22)
(1.12606 0.0290507 -1.37942e-21)
(1.12789 0.0289586 5.27142e-22)
(1.12972 0.0288648 5.55004e-22)
(1.13156 0.0287693 -1.57929e-22)
(1.13341 0.0286722 1.09348e-21)
(1.13526 0.0285735 -4.82369e-22)
(1.09938 0.0248899 -2.35901e-21)
(1.10106 0.0248398 1.41169e-21)
(1.10275 0.0247875 5.93075e-23)
(1.10445 0.0247333 -3.99754e-22)
(1.10617 0.0246771 7.11214e-22)
(1.10789 0.024619 7.70577e-23)
(1.10962 0.024559 -9.85133e-22)
(1.11137 0.0244972 1.53213e-21)
(1.11312 0.0244337 1.14349e-21)
(1.11489 0.0243684 -1.65447e-21)
(1.11666 0.0243016 1.2131e-21)
(1.11844 0.0242331 6.03423e-23)
(1.12023 0.0241631 4.22956e-22)
(1.12202 0.0240917 1.11547e-23)
(1.12383 0.0240188 -9.21187e-22)
(1.12564 0.0239445 -2.42003e-22)
(1.12745 0.0238688 -8.63153e-22)
(1.12927 0.0237919 1.37032e-21)
(1.13109 0.0237136 -3.92662e-22)
(1.13292 0.0236341 -1.8194e-21)
(1.13476 0.0235534 1.84268e-22)
(1.09915 0.0195188 8.57055e-22)
(1.10082 0.0194781 -1.24052e-21)
(1.10251 0.0194358 7.04049e-22)
(1.10421 0.0193922 1.76335e-22)
(1.10592 0.0193472 1.00288e-22)
(1.10764 0.0193008 -7.20752e-22)
(1.10937 0.0192531 1.59452e-21)
(1.1111 0.0192041 -9.12417e-22)
(1.11285 0.0191539 1.01456e-21)
(1.11461 0.0191025 -9.5138e-22)
(1.11637 0.0190499 5.85845e-22)
(1.11814 0.0189962 1.07002e-22)
(1.11992 0.0189414 -6.82306e-22)
(1.1217 0.0188856 -1.1893e-23)
(1.12349 0.0188287 8.21073e-22)
(1.12529 0.0187708 1.42745e-21)
(1.12709 0.0187119 -1.24573e-21)
(1.1289 0.0186521 8.18078e-22)
(1.13071 0.0185914 2.35571e-24)
(1.13253 0.0185297 -5.41016e-22)
(1.13434 0.0184671 1.00681e-21)
(1.09896 0.0140629 3.4868e-22)
(1.10064 0.014032 8.9211e-23)
(1.10233 0.0140002 -9.21195e-22)
(1.10402 0.0139677 1.85934e-22)
(1.10573 0.0139343 2.75535e-23)
(1.10745 0.0139002 8.35855e-22)
(1.10917 0.0138652 2.52621e-22)
(1.1109 0.0138296 -8.10602e-22)
(1.11265 0.0137931 3.19438e-22)
(1.1144 0.013756 8.974e-22)
(1.11615 0.0137182 -4.56451e-22)
(1.11792 0.0136797 -1.96203e-22)
(1.11969 0.0136405 -8.27231e-22)
(1.12146 0.0136006 4.18686e-22)
(1.12324 0.0135601 -8.93384e-22)
(1.12503 0.0135189 8.54302e-22)
(1.12682 0.0134771 -8.94547e-22)
(1.12862 0.0134347 3.05461e-22)
(1.13042 0.0133916 1.58334e-21)
(1.13222 0.0133479 -5.76693e-22)
(1.13403 0.0133037 -3.37283e-22)
(1.09883 0.00851157 -5.31047e-23)
(1.10051 0.00849132 2.66071e-22)
(1.1022 0.00847094 -1.63984e-22)
(1.1039 0.0084504 -4.08269e-22)
(1.1056 0.00842967 5.80651e-22)
(1.10732 0.00840869 1.26002e-22)
(1.10904 0.00838745 -1.64869e-21)
(1.11077 0.00836592 -3.31121e-23)
(1.11251 0.00834409 1.17899e-21)
(1.11426 0.00832194 -9.58551e-22)
(1.11601 0.00829946 -8.4574e-22)
(1.11777 0.00827663 -1.71306e-22)
(1.11953 0.00825345 9.73367e-22)
(1.1213 0.00822991 4.07163e-22)
(1.12308 0.00820601 -8.02091e-22)
(1.12486 0.00818175 -3.2458e-23)
(1.12664 0.00815712 1.51278e-22)
(1.12843 0.00813212 -6.30451e-22)
(1.13022 0.00810676 -4.07223e-22)
(1.13201 0.00808104 6.02644e-22)
(1.13381 0.00805495 4.00625e-22)
(1.09876 0.00285139 3.22925e-22)
(1.10045 0.00284257 -3.14429e-22)
(1.10214 0.00283419 -2.28544e-22)
(1.10384 0.00282613 4.19517e-22)
(1.10555 0.0028183 4.17377e-22)
(1.10726 0.00281062 -3.12741e-22)
(1.10899 0.00280304 6.21354e-22)
(1.11072 0.00279552 -5.53337e-23)
(1.11245 0.00278803 -8.03334e-22)
(1.1142 0.00278054 7.74545e-22)
(1.11595 0.00277305 -3.50235e-22)
(1.1177 0.00276552 1.35798e-21)
(1.11946 0.00275795 -6.33911e-22)
(1.12123 0.00275033 -5.93172e-22)
(1.123 0.00274265 8.98419e-23)
(1.12477 0.0027349 1.11767e-21)
(1.12655 0.00272708 -6.24209e-22)
(1.12833 0.00271919 8.03121e-22)
(1.13012 0.00271121 -1.37597e-21)
(1.13191 0.00270315 8.50321e-22)
(1.1337 0.00269501 5.12973e-22)
(1.00877 0.176613 0)
(1.01278 0.185901 0)
(1.0172 0.194867 0)
(1.02199 0.203371 0)
(1.02711 0.211225 0)
(1.03254 0.21818 0)
(1.03824 0.223899 0)
(1.04322 0.227872 0)
(0.999993 0.00319069 0)
(0.99979 0.00936244 0)
(0.999373 0.0154028 0)
(0.998817 0.0213944 0)
(0.998139 0.0274523 0)
(0.997393 0.0336408 0)
(0.996612 0.0400216 0)
(0.995841 0.0466357 0)
(0.995122 0.0535155 0)
(0.994496 0.0606818 0)
(0.994007 0.0681467 0)
(0.993698 0.0759133 0)
(0.99361 0.0839768 0)
(0.993784 0.0923246 0)
(0.994259 0.100937 0)
(0.99507 0.109786 0)
(0.99625 0.118839 0)
(0.997824 0.128055 0)
(0.999815 0.137389 0)
(1.00224 0.146787 0)
(1.0051 0.156192 0)
(1.0084 0.165538 0)
(1.01213 0.174749 0)
(1.01627 0.183738 0)
(1.02081 0.192396 0)
(1.0257 0.200588 0)
(1.03089 0.208134 0)
(1.03636 0.214796 0)
(1.04207 0.220246 0)
(1.04712 0.224 0)
(0.999994 0.00320826 0)
(0.999816 0.00941613 0)
(0.99945 0.0154892 0)
(0.998963 0.0215097 0)
(0.998375 0.0275907 0)
(0.997734 0.0337957 0)
(0.997074 0.0401848 0)
(0.996439 0.0467978 0)
(0.995868 0.0536654 0)
(0.995404 0.0608068 0)
(0.995087 0.0682323 0)
(0.99496 0.0759432 0)
(0.995063 0.083933 0)
(0.995434 0.0921875 0)
(0.99611 0.100685 0)
(0.997124 0.109398 0)
(0.998505 0.118291 0)
(1.00028 0.127323 0)
(1.00246 0.13645 0)
(1.00507 0.145619 0)
(1.0081 0.154772 0)
(1.01156 0.163848 0)
(1.01543 0.172772 0)
(1.0197 0.181462 0)
(1.02434 0.189813 0)
(1.02931 0.197696 0)
(1.03456 0.204938 0)
(1.04007 0.211313 0)
(1.04578 0.216502 0)
(1.05088 0.220046 0)
(0.999995 0.00322382 0)
(0.999842 0.00946394 0)
(0.999527 0.0155658 0)
(0.999112 0.0216113 0)
(0.998614 0.0277114 0)
(0.99808 0.0339286 0)
(0.997542 0.0403215 0)
(0.997044 0.0469285 0)
(0.996624 0.0537787 0)
(0.996322 0.0608895 0)
(0.996178 0.0682695 0)
(0.996233 0.0759183 0)
(0.996525 0.0838278 0)
(0.997091 0.0919821 0)
(0.997965 0.100358 0)
(0.999179 0.108927 0)
(1.00076 0.117654 0)
(1.00272 0.126497 0)
(1.00509 0.135412 0)
(1.00787 0.144346 0)
(1.01107 0.153245 0)
(1.01468 0.162048 0)
(1.01868 0.170685 0)
(1.02306 0.179075 0)
(1.02779 0.187121 0)
(1.03283 0.194698 0)
(1.03812 0.201642 0)
(1.04366 0.207735 0)
(1.04936 0.212672 0)
(1.0545 0.216013 0)
(0.999997 0.00323726 0)
(0.999868 0.00950547 0)
(0.999606 0.0156319 0)
(0.999263 0.0216984 0)
(0.998856 0.0278133 0)
(0.99843 0.0340382 0)
(0.998016 0.0404301 0)
(0.997656 0.0470259 0)
(0.997387 0.0538531 0)
(0.997248 0.0609275 0)
(0.997277 0.0682558 0)
(0.997514 0.0758362 0)
(0.997994 0.0836588 0)
(0.998753 0.0917062 0)
(0.999823 0.0999546 0)
(1.00123 0.108374 0)
(1.003 0.116928 0)
(1.00515 0.125576 0)
(1.0077 0.134273 0)
(1.01065 0.14297 0)
(1.014 0.151612 0)
(1.01774 0.16014 0)
(1.02186 0.168488 0)
(1.02634 0.17658 0)
(1.03115 0.184323 0)
(1.03625 0.191598 0)
(1.04158 0.198249 0)
(1.04713 0.204068 0)
(1.05281 0.208759 0)
(1.05798 0.211906 0)
(0.999998 0.00324842 0)
(0.999895 0.00954031 0)
(0.999686 0.015687 0)
(0.999415 0.02177 0)
(0.9991 0.0278951 0)
(0.998784 0.034123 0)
(0.998495 0.0405089 0)
(0.998274 0.0470882 0)
(0.998157 0.0538867 0)
(0.998181 0.0609186 0)
(0.998383 0.0681891 0)
(0.9988 0.0756945 0)
(0.999467 0.0834235 0)
(1.00042 0.0913575 0)
(1.00168 0.0994714 0)
(1.00328 0.107734 0)
(1.00523 0.11611 0)
(1.00757 0.124559 0)
(1.01028 0.133034 0)
(1.01339 0.14149 0)
(1.01688 0.149872 0)
(1.02075 0.158125 0)
(1.02498 0.166185 0)
(1.02955 0.17398 0)
(1.03442 0.181422 0)
(1.03957 0.188399 0)
(1.04492 0.194763 0)
(1.05047 0.200314 0)
(1.05613 0.204768 0)
(1.06133 0.207728 0)
(0.999999 0.00325718 0)
(0.999922 0.00956804 0)
(0.999766 0.0157303 0)
(0.999568 0.0218251 0)
(0.999347 0.0279556 0)
(0.99914 0.0341816 0)
(0.998978 0.0405561 0)
(0.998897 0.0471133 0)
(0.998931 0.0538773 0)
(0.999118 0.0608607 0)
(0.999493 0.0680669 0)
(1.00009 0.0754908 0)
(1.00094 0.0831197 0)
(1.00208 0.0909338 0)
(1.00353 0.098907 0)
(1.00531 0.107008 0)
(1.00745 0.1152 0)
(1.00995 0.123444 0)
(1.01283 0.131695 0)
(1.01609 0.139906 0)
(1.01972 0.148027 0)
(1.0237 0.156003 0)
(1.02803 0.163777 0)
(1.03267 0.171278 0)
(1.0376 0.178423 0)
(1.04278 0.185107 0)
(1.04815 0.191189 0)
(1.0537 0.196479 0)
(1.05932 0.200703 0)
(1.06453 0.203483 0)
(1 0.00326339 0)
(0.999949 0.00958823 0)
(0.999847 0.015761 0)
(0.999723 0.0218628 0)
(0.999596 0.0279937 0)
(0.9995 0.0342124 0)
(0.999463 0.0405701 0)
(0.999522 0.0470995 0)
(0.999709 0.053823 0)
(1.00006 0.0607516 0)
(1.0006 0.0678871 0)
(1.00138 0.075223 0)
(1.00241 0.0827453 0)
(1.00373 0.0904331 0)
(1.00536 0.0982596 0)
(1.00733 0.106193 0)
(1.00964 0.114197 0)
(1.01231 0.122232 0)
(1.01535 0.130254 0)
(1.01874 0.138218 0)
(1.02249 0.146077 0)
(1.02659 0.153778 0)
(1.031 0.161266 0)
(1.03571 0.168475 0)
(1.04069 0.175328 0)
(1.04589 0.181725 0)
(1.05126 0.187531 0)
(1.05679 0.192566 0)
(1.06238 0.196568 0)
(1.06758 0.199176 0)
(1 0.00326689 0)
(0.999977 0.00960045 0)
(0.999928 0.0157786 0)
(0.999878 0.0218821 0)
(0.999845 0.028008 0)
(0.999861 0.0342139 0)
(0.999951 0.0405492 0)
(1.00015 0.0470449 0)
(1.00049 0.0537217 0)
(1.001 0.0605891 0)
(1.00172 0.0676475 0)
(1.00266 0.0748889 0)
(1.00388 0.0822982 0)
(1.00538 0.0898534 0)
(1.00719 0.0975274 0)
(1.00933 0.105288 0)
(1.01181 0.113099 0)
(1.01464 0.120921 0)
(1.01782 0.128712 0)
(1.02134 0.136428 0)
(1.02521 0.144024 0)
(1.0294 0.151451 0)
(1.03389 0.158655 0)
(1.03866 0.165576 0)
(1.04367 0.172141 0)
(1.04888 0.178255 0)
(1.05425 0.183793 0)
(1.05976 0.18858 0)
(1.06531 0.192368 0)
(1.07049 0.194811 0)
(1 0.00326754 0)
(1 0.00960426 0)
(1.00001 0.0157822 0)
(1.00003 0.0218819 0)
(1.0001 0.0279973 0)
(1.00022 0.0341848 0)
(1.00044 0.0404917 0)
(1.00078 0.0469475 0)
(1.00127 0.0535714 0)
(1.00194 0.0603713 0)
(1.00282 0.067346 0)
(1.00395 0.0744865 0)
(1.00533 0.0817764 0)
(1.00701 0.0891932 0)
(1.00899 0.096709 0)
(1.0113 0.104292 0)
(1.01394 0.111905 0)
(1.01692 0.119511 0)
(1.02024 0.127069 0)
(1.02389 0.134536 0)
(1.02786 0.14187 0)
(1.03213 0.149023 0)
(1.03669 0.155947 0)
(1.0415 0.162584 0)
(1.04654 0.168865 0)
(1.05176 0.174704 0)
(1.05712 0.179979 0)
(1.06259 0.184526 0)
(1.06809 0.188106 0)
(1.07326 0.190392 0)
(1 0.00326519 0)
(1.00003 0.00959922 0)
(1.00009 0.0157713 0)
(1.00019 0.0218614 0)
(1.00035 0.0279604 0)
(1.00059 0.0341236 0)
(1.00093 0.040396 0)
(1.00141 0.0468057 0)
(1.00205 0.0533703 0)
(1.00288 0.0600961 0)
(1.00393 0.0669807 0)
(1.00522 0.0740139 0)
(1.00678 0.0811783 0)
(1.00863 0.0884507 0)
(1.01078 0.095803 0)
(1.01325 0.103203 0)
(1.01604 0.110616 0)
(1.01916 0.118003 0)
(1.02261 0.125325 0)
(1.02637 0.132543 0)
(1.03044 0.139615 0)
(1.03479 0.146497 0)
(1.0394 0.153143 0)
(1.04425 0.1595 0)
(1.04931 0.165505 0)
(1.05453 0.171073 0)
(1.05987 0.176092 0)
(1.0653 0.180406 0)
(1.07074 0.183787 0)
(1.07588 0.185923 0)
(1.00001 0.00325969 0)
(1.00006 0.00958489 0)
(1.00017 0.0157449 0)
(1.00035 0.0218195 0)
(1.0006 0.0278962 0)
(1.00095 0.0340287 0)
(1.00142 0.0402604 0)
(1.00203 0.0466176 0)
(1.00282 0.0531164 0)
(1.00381 0.0597616 0)
(1.00502 0.0665497 0)
(1.00648 0.0734691 0)
(1.00821 0.080502 0)
(1.01022 0.0876245 0)
(1.01253 0.0948084 0)
(1.01516 0.102022 0)
(1.0181 0.10923 0)
(1.02135 0.116396 0)
(1.02492 0.123482 0)
(1.02878 0.13045 0)
(1.03294 0.137262 0)
(1.03736 0.143875 0)
(1.04202 0.150247 0)
(1.0469 0.156329 0)
(1.05196 0.162062 0)
(1.05717 0.167367 0)
(1.06248 0.172138 0)
(1.06787 0.176226 0)
(1.07326 0.179415 0)
(1.07836 0.181407 0)
(1.00001 0.00325089 0)
(1.00009 0.00956081 0)
(1.00026 0.0157026 0)
(1.0005 0.0217553 0)
(1.00085 0.0278033 0)
(1.00131 0.0338989 0)
(1.0019 0.0400833 0)
(1.00266 0.0463816 0)
(1.00359 0.0528079 0)
(1.00473 0.059366 0)
(1.00611 0.066051 0)
(1.00773 0.0728507 0)
(1.00962 0.0797461 0)
(1.01179 0.0867134 0)
(1.01426 0.0937241 0)
(1.01703 0.100747 0)
(1.02011 0.107747 0)
(1.02349 0.11469 0)
(1.02717 0.12154 0)
(1.03113 0.128259 0)
(1.03536 0.134811 0)
(1.03984 0.141159 0)
(1.04454 0.147262 0)
(1.04944 0.153074 0)
(1.0545 0.158541 0)
(1.05969 0.163589 0)
(1.06497 0.168119 0)
(1.07031 0.171989 0)
(1.07563 0.174994 0)
(1.08069 0.176849 0)
(1.00001 0.00323864 0)
(1.00012 0.00952657 0)
(1.00034 0.0156434 0)
(1.00066 0.0216678 0)
(1.0011 0.0276806 0)
(1.00167 0.0337327 0)
(1.00239 0.0398633 0)
(1.00327 0.0460959 0)
(1.00436 0.0524432 0)
(1.00565 0.0589076 0)
(1.00718 0.0654832 0)
(1.00896 0.0721569 0)
(1.01101 0.0789093 0)
(1.01334 0.0857162 0)
(1.01595 0.0925494 0)
(1.01887 0.0993778 0)
(1.02207 0.106168 0)
(1.02557 0.112887 0)
(1.02935 0.119499 0)
(1.0334 0.12597 0)
(1.0377 0.132266 0)
(1.04223 0.138351 0)
(1.04696 0.144189 0)
(1.05187 0.149737 0)
(1.05693 0.154945 0)
(1.06209 0.159743 0)
(1.06733 0.16404 0)
(1.07261 0.1677 0)
(1.07786 0.170527 0)
(1.08287 0.172253 0)
(1.00001 0.00322279 0)
(1.00014 0.00948171 0)
(1.00042 0.0155669 0)
(1.00082 0.0215561 0)
(1.00135 0.0275269 0)
(1.00202 0.0335288 0)
(1.00287 0.0395988 0)
(1.00389 0.045759 0)
(1.00511 0.0520205 0)
(1.00655 0.0583847 0)
(1.00823 0.0648447 0)
(1.01017 0.0713864 0)
(1.01237 0.0779904 0)
(1.01485 0.0846321 0)
(1.01761 0.0912837 0)
(1.02066 0.0979148 0)
(1.02399 0.104493 0)
(1.02759 0.110987 0)
(1.03147 0.117362 0)
(1.03559 0.123586 0)
(1.03995 0.129628 0)
(1.04452 0.135455 0)
(1.04928 0.141032 0)
(1.05419 0.146322 0)
(1.05923 0.151277 0)
(1.06437 0.155833 0)
(1.06956 0.159903 0)
(1.07478 0.163361 0)
(1.07996 0.166019 0)
(1.08492 0.167622 0)
(1.00001 0.0032032 0)
(1.00017 0.00942582 0)
(1.0005 0.0154722 0)
(1.00097 0.0214193 0)
(1.00159 0.0273412 0)
(1.00238 0.0332859 0)
(1.00334 0.0392885 0)
(1.00449 0.0453694 0)
(1.00586 0.0515385 0)
(1.00744 0.0577959 0)
(1.00927 0.0641339 0)
(1.01136 0.070538 0)
(1.01371 0.0769882 0)
(1.01633 0.0834603 0)
(1.01922 0.0899266 0)
(1.0224 0.0963576 0)
(1.02584 0.102722 0)
(1.02955 0.10899 0)
(1.03351 0.115128 0)
(1.0377 0.121108 0)
(1.04211 0.126899 0)
(1.04671 0.132471 0)
(1.05148 0.137794 0)
(1.0564 0.142832 0)
(1.06142 0.147541 0)
(1.06652 0.151862 0)
(1.07166 0.155714 0)
(1.07681 0.158976 0)
(1.08192 0.161472 0)
(1.08681 0.162958 0)
(1.00001 0.00317973 0)
(1.0002 0.00935847 0)
(1.00058 0.0153587 0)
(1.00112 0.0212564 0)
(1.00184 0.0271223 0)
(1.00273 0.0330028 0)
(1.00381 0.0389308 0)
(1.00509 0.0449256 0)
(1.00659 0.0509955 0)
(1.00832 0.0571398 0)
(1.01029 0.0633498 0)
(1.01252 0.0696106 0)
(1.01501 0.0759021 0)
(1.01777 0.0822002 0)
(1.02079 0.0884779 0)
(1.02408 0.0947065 0)
(1.02763 0.100856 0)
(1.03143 0.106897 0)
(1.03547 0.112801 0)
(1.03972 0.118538 0)
(1.04418 0.124082 0)
(1.04881 0.129404 0)
(1.05358 0.134478 0)
(1.05849 0.13927 0)
(1.06348 0.14374 0)
(1.06854 0.147834 0)
(1.07362 0.151475 0)
(1.07871 0.154549 0)
(1.08374 0.15689 0)
(1.08857 0.158266 0)
(1.00002 0.00315224 0)
(1.00022 0.00927926 0)
(1.00066 0.0152257 0)
(1.00127 0.0210666 0)
(1.00208 0.0268692 0)
(1.00307 0.0326782 0)
(1.00427 0.0385246 0)
(1.00568 0.0444263 0)
(1.00731 0.0503903 0)
(1.00918 0.056415 0)
(1.01129 0.0624911 0)
(1.01366 0.0686032 0)
(1.01628 0.0747313 0)
(1.01917 0.0808515 0)
(1.02231 0.0869376 0)
(1.02571 0.0929618 0)
(1.02936 0.0988957 0)
(1.03325 0.104711 0)
(1.03735 0.110381 0)
(1.04166 0.115878 0)
(1.04615 0.121178 0)
(1.05079 0.126256 0)
(1.05557 0.131086 0)
(1.06046 0.135639 0)
(1.06542 0.139877 0)
(1.07043 0.143751 0)
(1.07546 0.147189 0)
(1.08047 0.150083 0)
(1.08542 0.152277 0)
(1.09019 0.153549 0)
(1.00002 0.0031206 0)
(1.00025 0.00918779 0)
(1.00074 0.0150727 0)
(1.00142 0.0208491 0)
(1.00231 0.0265808 0)
(1.00341 0.032311 0)
(1.00472 0.0380687 0)
(1.00625 0.0438702 0)
(1.00801 0.0497217 0)
(1.01002 0.0556206 0)
(1.01226 0.0615569 0)
(1.01476 0.0675151 0)
(1.01751 0.0734753 0)
(1.02052 0.0794141 0)
(1.02378 0.0853059 0)
(1.02729 0.0911241 0)
(1.03103 0.0968416 0)
(1.03499 0.102432 0)
(1.03915 0.107869 0)
(1.0435 0.11313 0)
(1.04802 0.118191 0)
(1.05268 0.123029 0)
(1.05745 0.127621 0)
(1.06232 0.131941 0)
(1.06724 0.135955 0)
(1.0722 0.139617 0)
(1.07716 0.142859 0)
(1.0821 0.145581 0)
(1.08697 0.147634 0)
(1.09166 0.148808 0)
(1.00002 0.00308469 0)
(1.00028 0.00908368 0)
(1.00081 0.014899 0)
(1.00157 0.020603 0)
(1.00254 0.0262563 0)
(1.00374 0.0319001 0)
(1.00516 0.0375618 0)
(1.00682 0.0432563 0)
(1.0087 0.0489886 0)
(1.01083 0.0547554 0)
(1.01321 0.0605463 0)
(1.01583 0.0663457 0)
(1.01871 0.0721338 0)
(1.02183 0.0778879 0)
(1.0252 0.0835832 0)
(1.0288 0.0891941 0)
(1.03262 0.0946952 0)
(1.03665 0.100061 0)
(1.04087 0.105269 0)
(1.04526 0.110296 0)
(1.04979 0.115122 0)
(1.05445 0.119726 0)
(1.05922 0.124086 0)
(1.06405 0.128181 0)
(1.06894 0.131978 0)
(1.07384 0.135435 0)
(1.07874 0.138489 0)
(1.0836 0.141045 0)
(1.08839 0.142964 0)
(1.09301 0.144046 0)
(1.00002 0.00304438 0)
(1.0003 0.00896657 0)
(1.00089 0.0147041 0)
(1.00171 0.0203276 0)
(1.00277 0.0258947 0)
(1.00407 0.0314446 0)
(1.0056 0.0370029 0)
(1.00737 0.0425834 0)
(1.00937 0.04819 0)
(1.01163 0.0538186 0)
(1.01413 0.0594587 0)
(1.01687 0.0650946 0)
(1.01986 0.0707067 0)
(1.0231 0.076273 0)
(1.02656 0.0817698 0)
(1.03025 0.0871727 0)
(1.03414 0.0924576 0)
(1.03823 0.0976012 0)
(1.0425 0.102582 0)
(1.04691 0.107379 0)
(1.05146 0.111974 0)
(1.05612 0.116349 0)
(1.06087 0.120485 0)
(1.06567 0.12436 0)
(1.07051 0.127947 0)
(1.07536 0.131207 0)
(1.08019 0.13408 0)
(1.08497 0.136479 0)
(1.08967 0.13827 0)
(1.09422 0.139266 0)
(1.00002 0.00299956 0)
(1.00033 0.00883613 0)
(1.00096 0.0144873 0)
(1.00185 0.0200223 0)
(1.00299 0.0254951 0)
(1.00438 0.0309435 0)
(1.00602 0.0363912 0)
(1.0079 0.0418507 0)
(1.01003 0.0473251 0)
(1.0124 0.0528097 0)
(1.01501 0.0582936 0)
(1.01787 0.0637614 0)
(1.02097 0.069194 0)
(1.02431 0.0745699 0)
(1.02786 0.0798666 0)
(1.03163 0.0850608 0)
(1.03559 0.0901301 0)
(1.03973 0.0950529 0)
(1.04404 0.0998091 0)
(1.04848 0.10438 0)
(1.05303 0.10875 0)
(1.05769 0.112901 0)
(1.06241 0.116818 0)
(1.06717 0.120482 0)
(1.07196 0.123867 0)
(1.07675 0.126936 0)
(1.08151 0.129637 0)
(1.08621 0.131884 0)
(1.09083 0.133555 0)
(1.09529 0.134469 0)
(1.00002 0.00295012 0)
(1.00035 0.00869202 0)
(1.00103 0.0142483 0)
(1.00199 0.0196862 0)
(1.00321 0.0250569 0)
(1.00469 0.030396 0)
(1.00643 0.0357257 0)
(1.00842 0.0410573 0)
(1.01066 0.0463931 0)
(1.01314 0.0517278 0)
(1.01587 0.0570506 0)
(1.01884 0.0623461 0)
(1.02204 0.0675958 0)
(1.02547 0.072779 0)
(1.02911 0.0778743 0)
(1.03294 0.0828598 0)
(1.03697 0.0877144 0)
(1.04115 0.0924183 0)
(1.04549 0.0969533 0)
(1.04994 0.101303 0)
(1.0545 0.105451 0)
(1.05914 0.109385 0)
(1.06383 0.11309 0)
(1.06856 0.116548 0)
(1.0733 0.119738 0)
(1.07802 0.122625 0)
(1.08271 0.12516 0)
(1.08733 0.127263 0)
(1.09186 0.128819 0)
(1.09625 0.129657 0)
(1.00003 0.00289597 0)
(1.00038 0.00853396 0)
(1.0011 0.0139865 0)
(1.00212 0.0193189 0)
(1.00342 0.0245793 0)
(1.00499 0.0298013 0)
(1.00683 0.0350057 0)
(1.00892 0.0402026 0)
(1.01126 0.0453935 0)
(1.01386 0.0505728 0)
(1.01669 0.0557296 0)
(1.01976 0.0608488 0)
(1.02306 0.0659125 0)
(1.02657 0.070901 0)
(1.03029 0.0757939 0)
(1.03419 0.0805707 0)
(1.03826 0.0852119 0)
(1.04249 0.0896993 0)
(1.04684 0.0940162 0)
(1.05131 0.0981479 0)
(1.05587 0.102081 0)
(1.06048 0.105803 0)
(1.06515 0.109302 0)
(1.06983 0.112563 0)
(1.07451 0.115564 0)
(1.07917 0.118276 0)
(1.08378 0.120651 0)
(1.08832 0.122618 0)
(1.09277 0.124065 0)
(1.09708 0.124832 0)
(1.00003 0.00283702 0)
(1.0004 0.00836167 0)
(1.00117 0.0137015 0)
(1.00225 0.0189198 0)
(1.00362 0.0240616 0)
(1.00528 0.0291588 0)
(1.00721 0.0342306 0)
(1.0094 0.0392859 0)
(1.01185 0.0443257 0)
(1.01454 0.0493442 0)
(1.01748 0.0543303 0)
(1.02064 0.0592695 0)
(1.02403 0.0641445 0)
(1.02762 0.0689366 0)
(1.0314 0.0736264 0)
(1.03536 0.078195 0)
(1.03948 0.0826243 0)
(1.04374 0.0868977 0)
(1.04811 0.0910002 0)
(1.05258 0.0949186 0)
(1.05713 0.0986415 0)
(1.06172 0.102158 0)
(1.06635 0.105457 0)
(1.07099 0.108526 0)
(1.07561 0.111347 0)
(1.0802 0.11389 0)
(1.08474 0.116114 0)
(1.0892 0.11795 0)
(1.09356 0.119293 0)
(1.09779 0.119995 0)
(1.00003 0.00277318 0)
(1.00042 0.00817491 0)
(1.00123 0.013393 0)
(1.00237 0.0184884 0)
(1.00382 0.0235034 0)
(1.00556 0.0284679 0)
(1.00758 0.0333997 0)
(1.00986 0.0383069 0)
(1.01241 0.0431896 0)
(1.0152 0.0480419 0)
(1.01823 0.052853 0)
(1.02148 0.0576087 0)
(1.02495 0.0622925 0)
(1.02861 0.0668866 0)
(1.03246 0.071373 0)
(1.03647 0.0757341 0)
(1.04063 0.0799532 0)
(1.04491 0.0840153 0)
(1.04929 0.087907 0)
(1.05376 0.0916168 0)
(1.05829 0.0951346 0)
(1.06286 0.0984513 0)
(1.06745 0.101558 0)
(1.07203 0.104442 0)
(1.0766 0.107088 0)
(1.08112 0.10947 0)
(1.08558 0.111549 0)
(1.08996 0.11326 0)
(1.09424 0.114506 0)
(1.09838 0.115146 0)
(1.00003 0.00270439 0)
(1.00044 0.00797346 0)
(1.0013 0.0130605 0)
(1.00249 0.0180243 0)
(1.00401 0.0229041 0)
(1.00583 0.0277281 0)
(1.00793 0.0325127 0)
(1.01031 0.0372651 0)
(1.01294 0.0419849 0)
(1.01582 0.046666 0)
(1.01894 0.0512978 0)
(1.02227 0.0558668 0)
(1.02581 0.0603571 0)
(1.02954 0.0647522 0)
(1.03345 0.0690351 0)
(1.0375 0.0731895 0)
(1.04169 0.0772004 0)
(1.04599 0.0810541 0)
(1.05038 0.0847389 0)
(1.05484 0.0882446 0)
(1.05935 0.0915627 0)
(1.06389 0.0946854 0)
(1.06844 0.0976049 0)
(1.07297 0.100311 0)
(1.07748 0.10279 0)
(1.08193 0.105018 0)
(1.08631 0.106957 0)
(1.09061 0.10855 0)
(1.09481 0.109704 0)
(1.09887 0.110286 0)
(1.00003 0.00263059 0)
(1.00046 0.00775713 0)
(1.00136 0.0127038 0)
(1.0026 0.017527 0)
(1.00419 0.0222633 0)
(1.00608 0.0269391 0)
(1.00827 0.0315693 0)
(1.01073 0.0361603 0)
(1.01345 0.0407114 0)
(1.01642 0.0452164 0)
(1.01961 0.0496651 0)
(1.02302 0.0540443 0)
(1.02663 0.0583392 0)
(1.03042 0.0625342 0)
(1.03437 0.0666137 0)
(1.03846 0.0705627 0)
(1.04268 0.0743675 0)
(1.04699 0.078016 0)
(1.05138 0.0814977 0)
(1.05583 0.084804 0)
(1.06032 0.0879276 0)
(1.06483 0.0908622 0)
(1.06933 0.0936011 0)
(1.07381 0.0961358 0)
(1.07825 0.0984535 0)
(1.08263 0.100533 0)
(1.08694 0.10234 0)
(1.09116 0.10382 0)
(1.09527 0.104888 0)
(1.09925 0.105417 0)
(1.00004 0.00255171 0)
(1.00048 0.00752575 0)
(1.00141 0.0123227 0)
(1.00271 0.0169963 0)
(1.00436 0.0215808 0)
(1.00633 0.0261004 0)
(1.00859 0.0305691 0)
(1.01113 0.0349925 0)
(1.01393 0.0393693 0)
(1.01698 0.0436935 0)
(1.02025 0.0479552 0)
(1.02373 0.0521419 0)
(1.0274 0.0562397 0)
(1.03124 0.060234 0)
(1.03523 0.0641103 0)
(1.03935 0.0678552 0)
(1.04359 0.0714562 0)
(1.04791 0.0749026 0)
(1.0523 0.0781853 0)
(1.05673 0.0812968 0)
(1.06119 0.0842312 0)
(1.06566 0.0869834 0)
(1.07012 0.0895478 0)
(1.07454 0.0919173 0)
(1.07892 0.0940804 0)
(1.08323 0.0960182 0)
(1.08747 0.0976989 0)
(1.0916 0.0990715 0)
(1.09564 0.100057 0)
(1.09954 0.100537 0)
(1.00004 0.00246772 0)
(1.0005 0.00727921 0)
(1.00147 0.0119168 0)
(1.00282 0.016432 0)
(1.00452 0.0208562 0)
(1.00656 0.025212 0)
(1.0089 0.0295122 0)
(1.01151 0.0337615 0)
(1.01439 0.0379586 0)
(1.01751 0.0420975 0)
(1.02085 0.0461687 0)
(1.02439 0.0501604 0)
(1.02811 0.0540594 0)
(1.032 0.0578525 0)
(1.03603 0.0615263 0)
(1.04018 0.0650685 0)
(1.04442 0.0684682 0)
(1.04875 0.0717157 0)
(1.05313 0.0748033 0)
(1.05754 0.0777248 0)
(1.06197 0.0804752 0)
(1.0664 0.0830506 0)
(1.07081 0.0854464 0)
(1.07518 0.0876567 0)
(1.07949 0.0896715 0)
(1.08374 0.0914734 0)
(1.0879 0.0930334 0)
(1.09196 0.0943042 0)
(1.09591 0.0952119 0)
(1.09973 0.0956461 0)
(1.00004 0.00237859 0)
(1.00052 0.00701739 0)
(1.00152 0.0114862 0)
(1.00292 0.0158339 0)
(1.00468 0.0200894 0)
(1.00678 0.0242737 0)
(1.00918 0.0283984 0)
(1.01187 0.0324675 0)
(1.01482 0.0364797 0)
(1.018 0.0404289 0)
(1.0214 0.0443062 0)
(1.025 0.0481004 0)
(1.02878 0.0517995 0)
(1.0327 0.055391 0)
(1.03676 0.0588629 0)
(1.04093 0.0622041 0)
(1.04519 0.0654048 0)
(1.04951 0.0684568 0)
(1.05388 0.0713534 0)
(1.05827 0.0740894 0)
(1.06267 0.076661 0)
(1.06705 0.079065 0)
(1.07141 0.081298 0)
(1.07572 0.083355 0)
(1.07997 0.0852273 0)
(1.08415 0.0868991 0)
(1.08824 0.0883439 0)
(1.09222 0.0895179 0)
(1.09609 0.0903525 0)
(1.09984 0.0907445 0)
(1.00004 0.00228429 0)
(1.00054 0.00674023 0)
(1.00157 0.0110307 0)
(1.00301 0.0152018 0)
(1.00483 0.0192803 0)
(1.00698 0.0232855 0)
(1.00945 0.0272277 0)
(1.0122 0.0311107 0)
(1.01522 0.0349328 0)
(1.01846 0.0386881 0)
(1.02192 0.0423683 0)
(1.02557 0.0459629 0)
(1.02939 0.0494608 0)
(1.03335 0.0528505 0)
(1.03743 0.0561213 0)
(1.04162 0.0592632 0)
(1.04588 0.0622677 0)
(1.05019 0.0651274 0)
(1.05455 0.0678369 0)
(1.05891 0.070392 0)
(1.06328 0.0727897 0)
(1.06762 0.0750277 0)
(1.07193 0.0771034 0)
(1.07618 0.0790128 0)
(1.08037 0.0807482 0)
(1.08448 0.0822955 0)
(1.08849 0.0836303 0)
(1.0924 0.0847123 0)
(1.0962 0.0854779 0)
(1.09987 0.0858308 0)
(1.00004 0.00218481 0)
(1.00055 0.00644768 0)
(1.00162 0.0105502 0)
(1.0031 0.0145358 0)
(1.00496 0.018429 0)
(1.00718 0.0222473 0)
(1.0097 0.0260004 0)
(1.01252 0.0296913 0)
(1.01559 0.0333182 0)
(1.01889 0.0368757 0)
(1.0224 0.0403557 0)
(1.02609 0.0437487 0)
(1.02995 0.0470443 0)
(1.03394 0.0502323 0)
(1.03804 0.0533029 0)
(1.04224 0.0562473 0)
(1.0465 0.0590579 0)
(1.05081 0.0617287 0)
(1.05514 0.064255 0)
(1.05948 0.0666335 0)
(1.06381 0.0688622 0)
(1.06811 0.0709393 0)
(1.07236 0.0728631 0)
(1.07656 0.0746302 0)
(1.08068 0.0762341 0)
(1.08473 0.0776621 0)
(1.08867 0.0788919 0)
(1.09251 0.0798864 0)
(1.09623 0.0805868 0)
(1.09983 0.0809038 0)
(1.00004 0.00208014 0)
(1.00057 0.00613973 0)
(1.00166 0.0100447 0)
(1.00318 0.0138358 0)
(1.00509 0.0175353 0)
(1.00736 0.0211594 0)
(1.00994 0.0247166 0)
(1.01281 0.0282096 0)
(1.01593 0.0316366 0)
(1.01928 0.0349923 0)
(1.02284 0.0382692 0)
(1.02658 0.0414586 0)
(1.03046 0.0445511 0)
(1.03448 0.0475373 0)
(1.0386 0.0504086 0)
(1.04279 0.0531573 0)
(1.04705 0.0557766 0)
(1.05135 0.0582617 0)
(1.05566 0.0606086 0)
(1.05997 0.0628149 0)
(1.06426 0.0648791 0)
(1.06852 0.0668002 0)
(1.07272 0.0685771 0)
(1.07686 0.0702072 0)
(1.08093 0.0716847 0)
(1.0849 0.0729983 0)
(1.08878 0.0741278 0)
(1.09254 0.075039 0)
(1.0962 0.0756779 0)
(1.09972 0.0759616 0)
(1.00005 0.0019703 0)
(1.00058 0.00581638 0)
(1.0017 0.0095142 0)
(1.00325 0.0131018 0)
(1.00521 0.0165995 0)
(1.00752 0.0200219 0)
(1.01016 0.0233767 0)
(1.01307 0.0266661 0)
(1.01625 0.0298883 0)
(1.01965 0.0330384 0)
(1.02324 0.0361094 0)
(1.02701 0.0390935 0)
(1.03093 0.041982 0)
(1.03496 0.0447666 0)
(1.03909 0.0474395 0)
(1.04329 0.0499941 0)
(1.04754 0.0524248 0)
(1.05183 0.0547271 0)
(1.05611 0.0568983 0)
(1.06039 0.0589364 0)
(1.06465 0.0608406 0)
(1.06886 0.0626104 0)
(1.07301 0.0642452 0)
(1.0771 0.0657431 0)
(1.0811 0.067099 0)
(1.08501 0.0683029 0)
(1.08882 0.0693364 0)
(1.09252 0.0701683 0)
(1.09611 0.070749 0)
(1.09956 0.0710022 0)
(1.00005 0.00185529 0)
(1.0006 0.00547769 0)
(1.00173 0.00895882 0)
(1.00332 0.012334 0)
(1.00532 0.0156217 0)
(1.00768 0.018835 0)
(1.01036 0.0219808 0)
(1.01332 0.025061 0)
(1.01654 0.0280738 0)
(1.01998 0.0310146 0)
(1.02361 0.0338771 0)
(1.02741 0.0366541 0)
(1.03135 0.0393377 0)
(1.0354 0.0419208 0)
(1.03953 0.0443963 0)
(1.04373 0.0467586 0)
(1.04798 0.0490029 0)
(1.05224 0.0511256 0)
(1.05651 0.0531244 0)
(1.06075 0.0549982 0)
(1.06497 0.0567466 0)
(1.06913 0.0583695 0)
(1.07324 0.0598668 0)
(1.07727 0.0612369 0)
(1.08121 0.0624757 0)
(1.08507 0.0635743 0)
(1.08881 0.0645159 0)
(1.09245 0.0652722 0)
(1.09596 0.0657979 0)
(1.09936 0.0660229 0)
(1.00005 0.00173513 0)
(1.00061 0.0051237 0)
(1.00177 0.00837864 0)
(1.00339 0.0115326 0)
(1.00542 0.0146022 0)
(1.00782 0.0175991 0)
(1.01054 0.0205295 0)
(1.01354 0.023395 0)
(1.0168 0.0261937 0)
(1.02028 0.0289217 0)
(1.02394 0.0315729 0)
(1.02777 0.034141 0)
(1.03172 0.0366191 0)
(1.03578 0.0390006 0)
(1.03992 0.0412797 0)
(1.04412 0.0434512 0)
(1.04835 0.0455113 0)
(1.0526 0.0474571 0)
(1.05684 0.0492869 0)
(1.06105 0.051 0)
(1.06523 0.0525965 0)
(1.06935 0.0540766 0)
(1.07341 0.0554405 0)
(1.07738 0.0566871 0)
(1.08127 0.0578131 0)
(1.08507 0.0588103 0)
(1.08875 0.0596638 0)
(1.09233 0.0603479 0)
(1.09578 0.0608215 0)
(1.09911 0.0610205 0)
(1.00005 0.00160985 0)
(1.00062 0.00475451 0)
(1.0018 0.00777381 0)
(1.00345 0.0106977 0)
(1.00551 0.0135412 0)
(1.00795 0.0163145 0)
(1.0107 0.0190231 0)
(1.01375 0.0216684 0)
(1.01704 0.0242486 0)
(1.02055 0.02676 0)
(1.02424 0.0291974 0)
(1.02808 0.031555 0)
(1.03205 0.0338266 0)
(1.03612 0.0360066 0)
(1.04027 0.0380898 0)
(1.04446 0.0400721 0)
(1.04868 0.0419501 0)
(1.0529 0.0437216 0)
(1.05711 0.0453854 0)
(1.0613 0.0469411 0)
(1.06544 0.0483892 0)
(1.06952 0.0497303 0)
(1.07352 0.0509647 0)
(1.07745 0.0520918 0)
(1.08129 0.0531086 0)
(1.08503 0.0540082 0)
(1.08866 0.0547771 0)
(1.09217 0.0553922 0)
(1.09557 0.0558162 0)
(1.09884 0.0559912 0)
(1.00005 0.00147948 0)
(1.00063 0.00437022 0)
(1.00183 0.00714448 0)
(1.0035 0.00982967 0)
(1.00559 0.012439 0)
(1.00806 0.0149815 0)
(1.01085 0.017462 0)
(1.01393 0.0198817 0)
(1.01725 0.0222389 0)
(1.02079 0.0245302 0)
(1.0245 0.0267511 0)
(1.02836 0.0288963 0)
(1.03235 0.0309605 0)
(1.03642 0.0329389 0)
(1.04056 0.0348269 0)
(1.04475 0.0366211 0)
(1.04895 0.0383188 0)
(1.05316 0.0399183 0)
(1.05734 0.0414188 0)
(1.0615 0.0428202 0)
(1.0656 0.0441233 0)
(1.06964 0.0453287 0)
(1.0736 0.0464372 0)
(1.07748 0.0474483 0)
(1.08127 0.0483595 0)
(1.08495 0.0491648 0)
(1.08853 0.0498521 0)
(1.09199 0.050401 0)
(1.09533 0.0507779 0)
(1.09854 0.0509307 0)
(1.00005 0.00134408 0)
(1.00064 0.00397096 0)
(1.00185 0.00649088 0)
(1.00355 0.00892867 0)
(1.00567 0.0112959 0)
(1.00816 0.0136005 0)
(1.01099 0.0158467 0)
(1.01409 0.0180354 0)
(1.01744 0.0201651 0)
(1.021 0.0222328 0)
(1.02473 0.0242343 0)
(1.02861 0.0261653 0)
(1.0326 0.0280211 0)
(1.03668 0.0297975 0)
(1.04082 0.0314907 0)
(1.04499 0.0330979 0)
(1.04918 0.0346168 0)
(1.05337 0.0360463 0)
(1.05753 0.0373858 0)
(1.06165 0.0386357 0)
(1.06572 0.0397965 0)
(1.06972 0.0408694 0)
(1.07364 0.0418551 0)
(1.07747 0.0427533 0)
(1.08121 0.043562 0)
(1.08485 0.044276 0)
(1.08837 0.0448847 0)
(1.09178 0.0453698 0)
(1.09507 0.0457017 0)
(1.09824 0.0458339 0)
(1.00005 0.00120368 0)
(1.00065 0.00355687 0)
(1.00187 0.00581324 0)
(1.00359 0.00799506 0)
(1.00573 0.0101124 0)
(1.00825 0.0121721 0)
(1.0111 0.0141777 0)
(1.01423 0.0161299 0)
(1.01761 0.0180276 0)
(1.02118 0.0198679 0)
(1.02494 0.0216474 0)
(1.02882 0.0233621 0)
(1.03282 0.0250082 0)
(1.0369 0.0265821 0)
(1.04104 0.0280806 0)
(1.0452 0.0295015 0)
(1.04938 0.0308429 0)
(1.05354 0.032104 0)
(1.05768 0.0332846 0)
(1.06177 0.0343851 0)
(1.0658 0.0354063 0)
(1.06977 0.0363492 0)
(1.07365 0.0372148 0)
(1.07744 0.0380029 0)
(1.08114 0.0387118 0)
(1.08473 0.0393371 0)
(1.08821 0.0398696 0)
(1.09157 0.0402933 0)
(1.09481 0.040582 0)
(1.09793 0.0406949 0)
(1.00005 0.00105834 0)
(1.00065 0.00312812 0)
(1.00189 0.00511181 0)
(1.00363 0.00702919 0)
(1.00579 0.00888889 0)
(1.00833 0.0106966 0)
(1.0112 0.0124553 0)
(1.01436 0.0141658 0)
(1.01775 0.0158267 0)
(1.02134 0.0174359 0)
(1.02511 0.0189903 0)
(1.02901 0.0204866 0)
(1.03301 0.0219216 0)
(1.03709 0.0232921 0)
(1.04122 0.0245958 0)
(1.04537 0.0258306 0)
(1.04953 0.0269954 0)
(1.05368 0.0280894 0)
(1.05779 0.0291126 0)
(1.06185 0.0300655 0)
(1.06586 0.0309491 0)
(1.06979 0.0317644 0)
(1.07363 0.0325121 0)
(1.07739 0.0331924 0)
(1.08105 0.0338039 0)
(1.0846 0.0343427 0)
(1.08803 0.0348011 0)
(1.09135 0.0351652 0)
(1.09456 0.0354124 0)
(1.09763 0.0355073 0)
(1.00006 0.000908124 0)
(1.00066 0.00268491 0)
(1.00191 0.0043869 0)
(1.00366 0.00603144 0)
(1.00584 0.00762576 0)
(1.0084 0.00917447 0)
(1.01129 0.0106801 0)
(1.01446 0.0121433 0)
(1.01787 0.0135629 0)
(1.02148 0.014937 0)
(1.02525 0.0162631 0)
(1.02916 0.0175385 0)
(1.03317 0.0187605 0)
(1.03724 0.0199266 0)
(1.04137 0.0210348 0)
(1.04551 0.0220836 0)
(1.04966 0.0230721 0)
(1.05379 0.0239997 0)
(1.05788 0.0248667 0)
(1.06192 0.0256735 0)
(1.06589 0.026421 0)
(1.06979 0.0271102 0)
(1.07361 0.0277419 0)
(1.07733 0.0283162 0)
(1.08095 0.0288321 0)
(1.08446 0.0292864 0)
(1.08786 0.0296724 0)
(1.09115 0.0299784 0)
(1.09431 0.0301854 0)
(1.09734 0.0302633 0)
(1.00006 0.000753092 0)
(1.00067 0.00222743 0)
(1.00192 0.00363884 0)
(1.00369 0.00500226 0)
(1.00588 0.00632353 0)
(1.00846 0.00760626 0)
(1.01136 0.00885256 0)
(1.01455 0.0100628 0)
(1.01797 0.0112362 0)
(1.02159 0.0123711 0)
(1.02537 0.0134655 0)
(1.02929 0.0145173 0)
(1.03329 0.0155241 0)
(1.03737 0.0164843 0)
(1.04149 0.017396 0)
(1.04562 0.0182583 0)
(1.04976 0.0190703 0)
(1.05387 0.0198318 0)
(1.05794 0.0205431 0)
(1.06196 0.0212045 0)
(1.06591 0.021817 0)
(1.06978 0.0223814 0)
(1.07357 0.0228983 0)
(1.07726 0.0233681 0)
(1.08085 0.0237897 0)
(1.08433 0.0241607 0)
(1.0877 0.0244757 0)
(1.09096 0.0247249 0)
(1.09409 0.0248928 0)
(1.09709 0.0249545 0)
(1.00006 0.00059331 0)
(1.00067 0.00175596 0)
(1.00194 0.002868 0)
(1.00371 0.0039421 0)
(1.00592 0.00498273 0)
(1.0085 0.0059925 0)
(1.01142 0.00697307 0)
(1.01462 0.00792472 0)
(1.01805 0.00884683 0)
(1.02168 0.00973815 0)
(1.02547 0.0105971 0)
(1.02938 0.011422 0)
(1.03339 0.0122113 0)
(1.03747 0.0129634 0)
(1.04158 0.0136772 0)
(1.04571 0.0143517 0)
(1.04983 0.0149867 0)
(1.05393 0.0155818 0)
(1.05798 0.0161373 0)
(1.06198 0.0166536 0)
(1.06591 0.0171315 0)
(1.06977 0.0175716 0)
(1.07353 0.0179745 0)
(1.0772 0.0183404 0)
(1.08076 0.0186688 0)
(1.08422 0.0189574 0)
(1.08756 0.0192022 0)
(1.09079 0.0193956 0)
(1.09389 0.0195251 0)
(1.09687 0.0195714 0)
(1.00006 0.000428814 0)
(1.00067 0.00127079 0)
(1.00194 0.00207482 0)
(1.00372 0.00285152 0)
(1.00594 0.00360394 0)
(1.00854 0.00433376 0)
(1.01147 0.00504217 0)
(1.01467 0.00572938 0)
(1.01811 0.00639494 0)
(1.02175 0.00703797 0)
(1.02554 0.00765735 0)
(1.02946 0.00825188 0)
(1.03347 0.0088204 0)
(1.03754 0.0093619 0)
(1.04165 0.00987556 0)
(1.04577 0.0103608 0)
(1.04988 0.0108173 0)
(1.05397 0.0112449 0)
(1.05801 0.011644 0)
(1.062 0.0120147 0)
(1.06591 0.0123577 0)
(1.06975 0.0126735 0)
(1.07349 0.0129625 0)
(1.07714 0.0132248 0)
(1.08069 0.0134601 0)
(1.08412 0.0136668 0)
(1.08745 0.0138419 0)
(1.09065 0.0139799 0)
(1.09373 0.0140718 0)
(1.09669 0.0141031 0)
(1.00006 0.00025976 0)
(1.00068 0.000772136 0)
(1.00195 0.00125976 0)
(1.00374 0.00173112 0)
(1.00596 0.00218783 0)
(1.00856 0.00263066 0)
(1.0115 0.00306037 0)
(1.01471 0.00347711 0)
(1.01815 0.00388057 0)
(1.02179 0.00427025 0)
(1.02559 0.00464546 0)
(1.02951 0.0050055 0)
(1.03352 0.00534966 0)
(1.03759 0.00567736 0)
(1.04169 0.0059881 0)
(1.04581 0.00628155 0)
(1.04992 0.00655752 0)
(1.054 0.006816 0)
(1.05803 0.0070571 0)
(1.06201 0.00728105 0)
(1.06591 0.00748816 0)
(1.06973 0.00767879 0)
(1.07347 0.00785321 0)
(1.0771 0.00801152 0)
(1.08063 0.00815345 0)
(1.08406 0.0082781 0)
(1.08736 0.00838358 0)
(1.09055 0.0084665 0)
(1.09362 0.00852116 0)
(1.09656 0.00853848 0)
(1.00006 8.70599e-05 0)
(1.00068 0.000259731 0)
(1.00195 0.000423413 0)
(1.00374 0.000581775 0)
(1.00597 0.000735266 0)
(1.00858 0.000884059 0)
(1.01151 0.00102842 0)
(1.01473 0.00116839 0)
(1.01818 0.00130389 0)
(1.02182 0.00143473 0)
(1.02562 0.00156069 0)
(1.02953 0.00168154 0)
(1.03354 0.00179704 0)
(1.03761 0.00190699 0)
(1.04171 0.00201124 0)
(1.04583 0.00210966 0)
(1.04993 0.00220221 0)
(1.05401 0.00228888 0)
(1.05804 0.00236971 0)
(1.06201 0.00244478 0)
(1.06591 0.0025142 0)
(1.06973 0.00257808 0)
(1.07345 0.00263652 0)
(1.07708 0.00268956 0)
(1.0806 0.00273711 0)
(1.08402 0.00277886 0)
(1.08732 0.00281415 0)
(1.0905 0.00284179 0)
(1.09356 0.00285965 0)
(1.0965 0.00286399 0)
)
;

boundaryField
{
    inlet
    {
        type            uniformFixedValue;
        uniformValue    constant (1 0 0);
        value           uniform (1 0 0);
    }
    outlet
    {
        type            pressureInletOutletVelocity;
        value           nonuniform 0();
    }
    cylinder
    {
        type            fixedValue;
        value           nonuniform 0();
    }
    top
    {
        type            symmetryPlane;
    }
    bottom
    {
        type            symmetryPlane;
    }
    defaultFaces
    {
        type            empty;
    }
    procBoundary12to8
    {
        type            processor;
        value           nonuniform List<vector> 
65
(
(1.16512 0.312226 -1.03045e-20)
(1.15725 0.313578 5.82905e-21)
(1.14928 0.314682 2.74533e-21)
(1.13419 0.303515 2.71114e-21)
(1.14204 0.303036 6.77982e-21)
(1.14204 0.303036 6.77982e-21)
(1.12704 0.297857 2.08178e-21)
(1.12704 0.297857 2.08178e-21)
(1.1125 0.291791 2.96337e-21)
(1.12015 0.292039 -2.27799e-21)
(1.12015 0.292039 -2.27799e-21)
(1.0987 0.284964 8.94026e-21)
(1.10619 0.2856 -5.95826e-21)
(1.10619 0.2856 -5.95826e-21)
(1.09308 0.278563 2.9329e-21)
(1.09308 0.278563 2.9329e-21)
(1.08098 0.271196 -6.77505e-21)
(1.08799 0.272222 -1.34384e-21)
(1.08799 0.272222 -1.34384e-21)
(1.07668 0.264946 -5.4743e-22)
(1.07668 0.264946 -5.4743e-22)
(1.06646 0.25771 1.39571e-20)
(1.07289 0.258895 2.36756e-20)
(1.07289 0.258895 2.36756e-20)
(1.0634 0.251906 -4.13164e-20)
(1.0634 0.251906 -4.13164e-20)
(1.05485 0.245114 3.77221e-20)
(1.06074 0.246312 3.84069e-20)
(1.06074 0.246312 3.84069e-20)
(1.05281 0.239744 1.24873e-20)
(1.05281 0.239744 1.24873e-20)
(1.04509 0.233316 2.01304e-20)
(1.05096 0.234511 -1.25154e-20)
(1.05096 0.234511 -1.25154e-20)
(1.00537 0.178363 0)
(1.00923 0.187948 0)
(1.01352 0.197223 0)
(1.0182 0.206041 0)
(1.02324 0.214206 0)
(1.0286 0.221461 0)
(1.03428 0.227458 0)
(1.03918 0.23166 0)
(0.999992 0.00317127 0)
(0.999764 0.00930326 0)
(0.999297 0.0153073 0)
(0.998672 0.0212664 0)
(0.997907 0.0272975 0)
(0.997057 0.0334655 0)
(0.996156 0.0398337 0)
(0.995252 0.0464441 0)
(0.994386 0.053331 0)
(0.9936 0.0605166 0)
(0.99294 0.0680149 0)
(0.992449 0.0758309 0)
(0.99217 0.0839616 0)
(0.992146 0.092396 0)
(0.992418 0.101116 0)
(0.993023 0.110095 0)
(0.993995 0.119302 0)
(0.995365 0.128695 0)
(0.997157 0.13823 0)
(0.999387 0.147853 0)
(1.00207 0.157505 0)
(1.0052 0.167117 0)
(1.0052 0.167117 0)
)
;
    }
    procBoundary12to9
    {
        type            processor;
        value           nonuniform List<vector> 
12
(
(1.17287 0.310628 -5.0362e-21)
(1.17992 0.297206 -4.74926e-21)
(1.17965 0.291845 -9.02756e-24)
(1.17932 0.286468 -3.02296e-21)
(1.17895 0.281057 5.859e-21)
(1.17855 0.275613 -1.82592e-21)
(1.17813 0.270151 -4.57063e-22)
(1.17771 0.264681 -5.03635e-22)
(1.17727 0.259214 1.62219e-21)
(1.17684 0.253757 -4.77274e-22)
(1.17641 0.248319 3.30412e-21)
(1.17598 0.242905 2.65961e-22)
)
;
    }
    procBoundary12to13
    {
        type            processor;
        value           nonuniform List<vector> 
51
(
(1.17555 0.23752 2.93871e-21)
(1.17513 0.232168 -2.22938e-21)
(1.1747 0.226852 3.0918e-22)
(1.17428 0.221574 1.69724e-21)
(1.16883 0.217152 -1.93143e-21)
(1.16883 0.217152 -1.93143e-21)
(1.16855 0.211934 1.35679e-21)
(1.16825 0.206755 2.29424e-21)
(1.16793 0.201615 -5.72921e-21)
(1.16758 0.196511 3.8582e-21)
(1.1672 0.191441 -2.79069e-21)
(1.16679 0.186405 2.9096e-21)
(1.16635 0.181399 -2.70599e-22)
(1.16587 0.176423 2.47588e-22)
(1.16535 0.171473 -3.35086e-21)
(1.16479 0.16655 3.0199e-21)
(1.16419 0.16165 -1.45125e-21)
(1.16356 0.156773 1.61645e-21)
(1.16288 0.151918 -3.64063e-21)
(1.16216 0.147082 9.16104e-22)
(1.1614 0.142265 -3.37263e-22)
(1.1606 0.137466 1.44351e-21)
(1.15976 0.132684 -3.13416e-21)
(1.15889 0.127917 3.40583e-21)
(1.15799 0.123165 -6.69663e-22)
(1.15705 0.118427 1.96801e-21)
(1.15609 0.1137 -2.32154e-21)
(1.1551 0.108985 -7.58514e-22)
(1.15409 0.104279 -4.11593e-22)
(1.15305 0.0995808 1.88234e-21)
(1.15201 0.0948894 8.27784e-22)
(1.15096 0.0902026 -1.83279e-21)
(1.1499 0.0855185 1.64151e-21)
(1.14883 0.0808347 1.33965e-22)
(1.14778 0.0761488 7.38024e-22)
(1.14674 0.071458 -9.48704e-22)
(1.14571 0.0667591 5.30757e-23)
(1.1447 0.0620488 -1.38225e-21)
(1.14373 0.0573231 -6.34689e-22)
(1.1428 0.0525778 -1.32819e-21)
(1.14191 0.0478082 1.52207e-21)
(1.14107 0.043009 -1.277e-21)
(1.1403 0.0381742 -3.63472e-22)
(1.13959 0.0332975 -1.27472e-22)
(1.13711 0.0284733 -4.77074e-23)
(1.13711 0.0284733 -4.77074e-23)
(1.13659 0.0234715 -9.38743e-22)
(1.13616 0.0184037 1.2953e-22)
(1.13583 0.0132588 2.55082e-22)
(1.13561 0.00802849 6.18152e-22)
(1.13549 0.00268677 1.41376e-21)
)
;
    }
}


// ************************************************************************* //
