/*--------------------------------*- C++ -*----------------------------------*\
  =========                 |
  \\      /  F ield         | OpenFOAM: The Open Source CFD Toolbox
   \\    /   O peration     | Website:  https://openfoam.org
    \\  /    A nd           | Version:  7
     \\/     M anipulation  |
\*---------------------------------------------------------------------------*/
FoamFile
{
    version     2.0;
    format      ascii;
    class       volVectorField;
    location    "90";
    object      U;
}
// * * * * * * * * * * * * * * * * * * * * * * * * * * * * * * * * * * * * * //

dimensions      [0 1 -1 0 0 0 0];

internalField   nonuniform List<vector> 
2625
(
(1.25325 0.000409634 0)
(1.2525 0.000425988 0)
(1.2517 0.000440898 0)
(1.25087 0.000454406 0)
(1.25 0.000466557 0)
(1.2491 0.000477399 0)
(1.24816 0.000486982 0)
(1.2472 0.000495358 0)
(1.2462 0.000502582 0)
(1.24518 0.000508709 0)
(1.24413 0.000513797 0)
(1.24306 0.000517902 0)
(1.24196 0.000521084 0)
(1.24085 0.000523401 0)
(1.23971 0.000524912 0)
(1.23856 0.000525674 0)
(1.23738 0.000525746 0)
(1.2362 0.000525184 0)
(1.23499 0.000524045 0)
(1.23378 0.000522382 0)
(1.23255 0.00052025 0)
(1.23131 0.000517699 0)
(1.23006 0.000514779 0)
(1.2288 0.000511537 0)
(1.22753 0.00050802 0)
(1.22625 0.000504271 0)
(1.22496 0.000500331 0)
(1.22366 0.000496239 0)
(1.22236 0.000492031 0)
(1.22105 0.000487744 0)
(1.21974 0.000483408 0)
(1.21841 0.000479054 0)
(1.21709 0.000474711 0)
(1.21575 0.000470404 0)
(1.21441 0.000466161 0)
(1.21306 0.000462003 0)
(1.2117 0.000457956 0)
(1.21034 0.000454041 0)
(1.20897 0.000450284 0)
(1.20759 0.000446708 0)
(1.20621 0.000443341 0)
(1.20481 0.000440215 0)
(1.2034 0.000437366 0)
(1.20199 0.000434841 0)
(1.20056 0.00043268 0)
(1.19912 0.000431 0)
(1.19766 0.000429711 0)
(1.19618 0.000429493 0)
(1.19471 0.000428504 0)
(1.19311 0.000433035 0)
(1.19185 0.00042286 0)
(1.18924 0.00044918 0)
(1.25333 0.00122561 0)
(1.25256 0.00127424 0)
(1.25175 0.00131857 0)
(1.25091 0.00135873 0)
(1.25003 0.00139484 0)
(1.24912 0.00142706 0)
(1.24817 0.00145553 0)
(1.24719 0.00148041 0)
(1.24619 0.00150186 0)
(1.24515 0.00152005 0)
(1.24409 0.00153514 0)
(1.24301 0.0015473 0)
(1.2419 0.00155672 0)
(1.24077 0.00156357 0)
(1.23963 0.00156801 0)
(1.23846 0.00157022 0)
(1.23728 0.00157038 0)
(1.23608 0.00156865 0)
(1.23486 0.00156521 0)
(1.23363 0.0015602 0)
(1.23239 0.00155379 0)
(1.23114 0.00154614 0)
(1.22988 0.00153738 0)
(1.22861 0.00152767 0)
(1.22732 0.00151714 0)
(1.22603 0.00150591 0)
(1.22473 0.00149411 0)
(1.22343 0.00148186 0)
(1.22211 0.00146926 0)
(1.22079 0.00145642 0)
(1.21946 0.00144343 0)
(1.21813 0.00143039 0)
(1.21679 0.00141737 0)
(1.21544 0.00140447 0)
(1.21409 0.00139174 0)
(1.21273 0.00137927 0)
(1.21136 0.00136713 0)
(1.20999 0.00135538 0)
(1.2086 0.00134409 0)
(1.20721 0.00133333 0)
(1.20582 0.0013232 0)
(1.20441 0.00131378 0)
(1.20299 0.00130518 0)
(1.20157 0.00129754 0)
(1.20013 0.00129098 0)
(1.19868 0.00128583 0)
(1.19721 0.0012819 0)
(1.19572 0.00128092 0)
(1.19424 0.00127859 0)
(1.19263 0.00128958 0)
(1.19138 0.00127045 0)
(1.18875 0.0013312 0)
(1.25346 0.00204029 0)
(1.25268 0.00212029 0)
(1.25185 0.0021932 0)
(1.25098 0.00225923 0)
(1.25008 0.0023186 0)
(1.24915 0.00237154 0)
(1.24818 0.00241831 0)
(1.24718 0.00245915 0)
(1.24615 0.00249434 0)
(1.24509 0.00252415 0)
(1.24401 0.00254885 0)
(1.2429 0.00256874 0)
(1.24178 0.0025841 0)
(1.24062 0.0025952 0)
(1.23945 0.00260235 0)
(1.23827 0.00260583 0)
(1.23706 0.00260591 0)
(1.23584 0.00260288 0)
(1.2346 0.00259702 0)
(1.23335 0.00258858 0)
(1.23208 0.00257782 0)
(1.23081 0.00256501 0)
(1.22952 0.00255038 0)
(1.22823 0.00253416 0)
(1.22692 0.00251658 0)
(1.22561 0.00249785 0)
(1.22428 0.00247818 0)
(1.22295 0.00245774 0)
(1.22162 0.00243674 0)
(1.22027 0.00241532 0)
(1.21892 0.00239366 0)
(1.21756 0.00237189 0)
(1.2162 0.00235017 0)
(1.21483 0.00232861 0)
(1.21346 0.00230734 0)
(1.21207 0.00228649 0)
(1.21068 0.00226616 0)
(1.20929 0.00224646 0)
(1.20789 0.00222752 0)
(1.20648 0.00220946 0)
(1.20506 0.0021924 0)
(1.20363 0.0021765 0)
(1.20219 0.00216194 0)
(1.20075 0.00214894 0)
(1.19929 0.00213772 0)
(1.19782 0.00212878 0)
(1.19634 0.00212194 0)
(1.19483 0.00211958 0)
(1.19334 0.00211642 0)
(1.1917 0.00213074 0)
(1.19045 0.002114 0)
(1.1878 0.00218898 0)
(1.25364 0.00286399 0)
(1.25282 0.00297438 0)
(1.25196 0.00307495 0)
(1.25107 0.003166 0)
(1.25013 0.00324782 0)
(1.24917 0.00332075 0)
(1.24817 0.00338512 0)
(1.24713 0.0034413 0)
(1.24607 0.00348965 0)
(1.24498 0.00353055 0)
(1.24387 0.00356439 0)
(1.24273 0.00359156 0)
(1.24157 0.00361245 0)
(1.24039 0.00362746 0)
(1.23918 0.003637 0)
(1.23796 0.00364144 0)
(1.23672 0.00364118 0)
(1.23546 0.00363662 0)
(1.23419 0.00362811 0)
(1.23291 0.00361604 0)
(1.23161 0.00360076 0)
(1.2303 0.00358262 0)
(1.22898 0.00356195 0)
(1.22765 0.00353908 0)
(1.22631 0.00351431 0)
(1.22497 0.00348794 0)
(1.22361 0.00346024 0)
(1.22225 0.00343149 0)
(1.22088 0.00340192 0)
(1.2195 0.00337177 0)
(1.21812 0.00334127 0)
(1.21673 0.00331061 0)
(1.21533 0.00327998 0)
(1.21393 0.00324957 0)
(1.21252 0.00321955 0)
(1.21111 0.00319008 0)
(1.20969 0.00316131 0)
(1.20826 0.00313341 0)
(1.20683 0.00310653 0)
(1.20539 0.00308084 0)
(1.20394 0.00305652 0)
(1.20248 0.00303378 0)
(1.20102 0.00301286 0)
(1.19955 0.00299408 0)
(1.19806 0.00297772 0)
(1.19657 0.00296447 0)
(1.19506 0.00295415 0)
(1.19352 0.00294978 0)
(1.19201 0.00294523 0)
(1.19035 0.00296185 0)
(1.18909 0.00294662 0)
(1.18641 0.00303326 0)
(1.25384 0.00370596 0)
(1.25298 0.00384568 0)
(1.25208 0.00397291 0)
(1.25114 0.00408802 0)
(1.25016 0.0041914 0)
(1.24915 0.00428347 0)
(1.24811 0.00436467 0)
(1.24704 0.00443546 0)
(1.24593 0.00449629 0)
(1.2448 0.00454765 0)
(1.24365 0.00459004 0)
(1.24247 0.00462394 0)
(1.24126 0.00464987 0)
(1.24003 0.00466832 0)
(1.23879 0.0046798 0)
(1.23752 0.00468481 0)
(1.23624 0.00468385 0)
(1.23494 0.00467739 0)
(1.23363 0.00466592 0)
(1.2323 0.00464991 0)
(1.23096 0.0046298 0)
(1.22961 0.00460605 0)
(1.22825 0.00457907 0)
(1.22688 0.00454927 0)
(1.22549 0.00451705 0)
(1.2241 0.00448277 0)
(1.2227 0.00444679 0)
(1.2213 0.00440944 0)
(1.21989 0.00437103 0)
(1.21847 0.00433187 0)
(1.21704 0.00429223 0)
(1.21561 0.00425236 0)
(1.21417 0.00421251 0)
(1.21273 0.00417292 0)
(1.21128 0.00413379 0)
(1.20983 0.00409533 0)
(1.20837 0.00405774 0)
(1.2069 0.00402121 0)
(1.20543 0.00398595 0)
(1.20395 0.00395217 0)
(1.20247 0.00392009 0)
(1.20098 0.00388999 0)
(1.19948 0.00386215 0)
(1.19797 0.00383698 0)
(1.19645 0.00381484 0)
(1.19492 0.00379658 0)
(1.19338 0.00378201 0)
(1.19182 0.0037748 0)
(1.19028 0.00376793 0)
(1.18859 0.00378585 0)
(1.18731 0.00377005 0)
(1.18459 0.00386755 0)
(1.25402 0.00457456 0)
(1.25311 0.00474243 0)
(1.25216 0.00489521 0)
(1.25117 0.00503333 0)
(1.25014 0.00515728 0)
(1.24908 0.00526755 0)
(1.24799 0.00536468 0)
(1.24686 0.00544923 0)
(1.24571 0.00552175 0)
(1.24453 0.00558283 0)
(1.24332 0.00563306 0)
(1.24208 0.00567304 0)
(1.24083 0.00570338 0)
(1.23955 0.00572469 0)
(1.23825 0.00573757 0)
(1.23694 0.00574262 0)
(1.2356 0.00574045 0)
(1.23425 0.00573163 0)
(1.23289 0.00571674 0)
(1.23151 0.00569636 0)
(1.23012 0.00567101 0)
(1.22871 0.00564124 0)
(1.2273 0.00560755 0)
(1.22587 0.00557044 0)
(1.22444 0.00553037 0)
(1.223 0.0054878 0)
(1.22155 0.00544314 0)
(1.22009 0.0053968 0)
(1.21863 0.00534915 0)
(1.21716 0.00530056 0)
(1.21569 0.00525136 0)
(1.21421 0.00520186 0)
(1.21272 0.00515234 0)
(1.21123 0.0051031 0)
(1.20973 0.00505438 0)
(1.20823 0.00500643 0)
(1.20673 0.00495949 0)
(1.20522 0.00491379 0)
(1.2037 0.00486959 0)
(1.20218 0.00482712 0)
(1.20065 0.00478666 0)
(1.19911 0.00474853 0)
(1.19757 0.00471308 0)
(1.19603 0.00468078 0)
(1.19447 0.00465206 0)
(1.1929 0.00462794 0)
(1.19133 0.00460819 0)
(1.18973 0.00459714 0)
(1.18816 0.00458681 0)
(1.18643 0.00460476 0)
(1.18514 0.00458684 0)
(1.18237 0.00469323 0)
(1.25416 0.00547729 0)
(1.25318 0.00567206 0)
(1.25217 0.00584916 0)
(1.25112 0.00600912 0)
(1.25004 0.00615251 0)
(1.24892 0.00627992 0)
(1.24776 0.00639197 0)
(1.24658 0.0064893 0)
(1.24536 0.00657259 0)
(1.24412 0.00664251 0)
(1.24285 0.00669975 0)
(1.24156 0.00674502 0)
(1.24024 0.00677903 0)
(1.2389 0.00680247 0)
(1.23754 0.00681607 0)
(1.23617 0.00682051 0)
(1.23477 0.0068165 0)
(1.23336 0.00680472 0)
(1.23194 0.00678585 0)
(1.2305 0.00676052 0)
(1.22905 0.00672939 0)
(1.22759 0.00669306 0)
(1.22611 0.00665214 0)
(1.22463 0.00660719 0)
(1.22314 0.00655877 0)
(1.22164 0.00650738 0)
(1.22013 0.00645353 0)
(1.21862 0.00639768 0)
(1.2171 0.00634027 0)
(1.21557 0.00628172 0)
(1.21404 0.00622242 0)
(1.21251 0.00616272 0)
(1.21096 0.00610297 0)
(1.20942 0.00604349 0)
(1.20787 0.00598458 0)
(1.20631 0.00592653 0)
(1.20476 0.0058696 0)
(1.20319 0.00581408 0)
(1.20163 0.00576024 0)
(1.20005 0.00570838 0)
(1.19848 0.00565879 0)
(1.1969 0.00561186 0)
(1.19531 0.00556798 0)
(1.19372 0.00552768 0)
(1.19212 0.00549147 0)
(1.19051 0.00546052 0)
(1.18889 0.00543453 0)
(1.18725 0.0054185 0)
(1.18565 0.00540345 0)
(1.18388 0.00542 0)
(1.18258 0.00539846 0)
(1.17976 0.00551123 0)
(1.25421 0.00642096 0)
(1.25317 0.00664121 0)
(1.25209 0.00684128 0)
(1.25097 0.00702178 0)
(1.24981 0.00718335 0)
(1.24862 0.00732669 0)
(1.2474 0.0074525 0)
(1.24615 0.00756152 0)
(1.24486 0.00765451 0)
(1.24355 0.00773225 0)
(1.24221 0.00779553 0)
(1.24085 0.00784515 0)
(1.23947 0.00788192 0)
(1.23806 0.00790664 0)
(1.23663 0.00792012 0)
(1.23519 0.00792316 0)
(1.23373 0.00791655 0)
(1.23225 0.00790107 0)
(1.23076 0.00787747 0)
(1.22925 0.00784651 0)
(1.22774 0.00780891 0)
(1.22621 0.00776536 0)
(1.22467 0.00771654 0)
(1.22312 0.00766311 0)
(1.22156 0.00760568 0)
(1.22 0.00754484 0)
(1.21843 0.00748115 0)
(1.21685 0.00741515 0)
(1.21527 0.00734734 0)
(1.21368 0.00727818 0)
(1.21209 0.00720811 0)
(1.21049 0.00713756 0)
(1.20889 0.0070669 0)
(1.20728 0.0069965 0)
(1.20568 0.00692669 0)
(1.20406 0.00685781 0)
(1.20245 0.00679016 0)
(1.20083 0.00672405 0)
(1.19921 0.00665979 0)
(1.19758 0.00659772 0)
(1.19595 0.00653818 0)
(1.19432 0.00648157 0)
(1.19268 0.00642834 0)
(1.19104 0.0063791 0)
(1.1894 0.00633438 0)
(1.18774 0.00629553 0)
(1.18609 0.00626214 0)
(1.18441 0.0062399 0)
(1.18277 0.00621874 0)
(1.18096 0.00623236 0)
(1.17963 0.00620564 0)
(1.17677 0.00632202 0)
(1.25414 0.0074116 0)
(1.25302 0.00765578 0)
(1.25186 0.00787732 0)
(1.25067 0.0080769 0)
(1.24943 0.00825526 0)
(1.24817 0.00841316 0)
(1.24687 0.00855141 0)
(1.24553 0.00867085 0)
(1.24417 0.00877232 0)
(1.24279 0.0088567 0)
(1.24137 0.00892488 0)
(1.23993 0.00897776 0)
(1.23847 0.00901624 0)
(1.23699 0.00904122 0)
(1.23549 0.00905361 0)
(1.23397 0.0090543 0)
(1.23244 0.00904417 0)
(1.23089 0.00902409 0)
(1.22932 0.00899491 0)
(1.22774 0.00895747 0)
(1.22615 0.00891257 0)
(1.22455 0.00886099 0)
(1.22294 0.00880349 0)
(1.22132 0.00874078 0)
(1.2197 0.00867357 0)
(1.21806 0.00860252 0)
(1.21642 0.00852824 0)
(1.21478 0.00845132 0)
(1.21313 0.00837234 0)
(1.21147 0.00829181 0)
(1.20981 0.00821022 0)
(1.20815 0.00812804 0)
(1.20648 0.00804569 0)
(1.20482 0.00796357 0)
(1.20315 0.00788207 0)
(1.20147 0.00780154 0)
(1.1998 0.00772234 0)
(1.19812 0.00764479 0)
(1.19644 0.00756926 0)
(1.19476 0.00749609 0)
(1.19307 0.00742567 0)
(1.19139 0.00735844 0)
(1.1897 0.00729488 0)
(1.18801 0.00723568 0)
(1.18631 0.00718136 0)
(1.18461 0.00713347 0)
(1.18291 0.00709146 0)
(1.18119 0.00706171 0)
(1.17952 0.00703298 0)
(1.17766 0.00704203 0)
(1.17632 0.00700858 0)
(1.17341 0.0071256 0)
(1.25391 0.00845453 0)
(1.2527 0.00872094 0)
(1.25146 0.00896228 0)
(1.25018 0.00917932 0)
(1.24886 0.00937288 0)
(1.24751 0.00954381 0)
(1.24612 0.00969303 0)
(1.24471 0.00982144 0)
(1.24326 0.00993 0)
(1.24179 0.0100197 0)
(1.24029 0.0100915 0)
(1.23877 0.0101463 0)
(1.23723 0.0101853 0)
(1.23567 0.0102094 0)
(1.23409 0.0102195 0)
(1.23249 0.0102167 0)
(1.23087 0.010202 0)
(1.22924 0.0101763 0)
(1.2276 0.0101405 0)
(1.22594 0.0100956 0)
(1.22427 0.0100424 0)
(1.22259 0.00998188 0)
(1.22091 0.00991476 0)
(1.21921 0.00984188 0)
(1.21751 0.00976399 0)
(1.21581 0.00968183 0)
(1.21409 0.00959608 0)
(1.21238 0.00950738 0)
(1.21065 0.00941636 0)
(1.20893 0.0093236 0)
(1.2072 0.00922962 0)
(1.20547 0.00913494 0)
(1.20374 0.00904002 0)
(1.202 0.00894532 0)
(1.20027 0.00885124 0)
(1.19853 0.00875818 0)
(1.19679 0.00866651 0)
(1.19505 0.00857662 0)
(1.19332 0.00848887 0)
(1.19158 0.00840366 0)
(1.18984 0.00832138 0)
(1.1881 0.00824253 0)
(1.18635 0.00816762 0)
(1.18461 0.00809736 0)
(1.18287 0.00803234 0)
(1.18112 0.00797422 0)
(1.17938 0.00792231 0)
(1.17761 0.00788369 0)
(1.1759 0.00784593 0)
(1.174 0.00784869 0)
(1.17264 0.00780701 0)
(1.16969 0.00792152 0)
(1.25348 0.00955433 0)
(1.25218 0.00984107 0)
(1.25084 0.0101004 0)
(1.24947 0.010333 0)
(1.24805 0.01054 0)
(1.24661 0.0107223 0)
(1.24513 0.0108808 0)
(1.24362 0.0110166 0)
(1.24209 0.0111306 0)
(1.24053 0.0112241 0)
(1.23894 0.011298 0)
(1.23733 0.0113534 0)
(1.2357 0.0113915 0)
(1.23405 0.0114133 0)
(1.23238 0.0114199 0)
(1.2307 0.0114124 0)
(1.229 0.0113918 0)
(1.22728 0.0113593 0)
(1.22556 0.0113157 0)
(1.22382 0.0112622 0)
(1.22207 0.0111997 0)
(1.22031 0.0111291 0)
(1.21854 0.0110513 0)
(1.21677 0.0109672 0)
(1.21499 0.0108776 0)
(1.21321 0.0107833 0)
(1.21142 0.0106851 0)
(1.20963 0.0105837 0)
(1.20783 0.0104796 0)
(1.20604 0.0103737 0)
(1.20424 0.0102664 0)
(1.20244 0.0101582 0)
(1.20064 0.0100498 0)
(1.19883 0.00994156 0)
(1.19703 0.00983396 0)
(1.19523 0.00972741 0)
(1.19343 0.00962233 0)
(1.19163 0.00951912 0)
(1.18983 0.00941818 0)
(1.18804 0.00931992 0)
(1.18624 0.00922478 0)
(1.18444 0.00913327 0)
(1.18265 0.00904593 0)
(1.18086 0.00896352 0)
(1.17906 0.00888663 0)
(1.17727 0.00881709 0)
(1.17549 0.008754 0)
(1.17368 0.00870513 0)
(1.17193 0.00865688 0)
(1.16999 0.00865159 0)
(1.16861 0.00860025 0)
(1.16562 0.00870892 0)
(1.25281 0.0107148 0)
(1.25141 0.0110197 0)
(1.24997 0.0112949 0)
(1.24849 0.0115413 0)
(1.24698 0.0117598 0)
(1.24543 0.0119514 0)
(1.24386 0.0121174 0)
(1.24225 0.0122587 0)
(1.24062 0.0123765 0)
(1.23896 0.012472 0)
(1.23728 0.0125463 0)
(1.23558 0.0126007 0)
(1.23386 0.0126363 0)
(1.23211 0.0126543 0)
(1.23035 0.0126559 0)
(1.22858 0.0126423 0)
(1.22679 0.0126145 0)
(1.22499 0.0125738 0)
(1.22317 0.0125211 0)
(1.22135 0.0124577 0)
(1.21952 0.0123846 0)
(1.21768 0.0123027 0)
(1.21583 0.0122131 0)
(1.21398 0.0121166 0)
(1.21212 0.0120142 0)
(1.21025 0.0119067 0)
(1.20839 0.011795 0)
(1.20652 0.0116797 0)
(1.20465 0.0115616 0)
(1.20278 0.0114414 0)
(1.20091 0.0113197 0)
(1.19904 0.0111972 0)
(1.19717 0.0110742 0)
(1.1953 0.0109514 0)
(1.19343 0.0108293 0)
(1.19157 0.0107083 0)
(1.18971 0.0105888 0)
(1.18785 0.0104712 0)
(1.18599 0.0103561 0)
(1.18413 0.0102438 0)
(1.18228 0.0101347 0)
(1.18043 0.0100295 0)
(1.17859 0.00992866 0)
(1.17675 0.009833 0)
(1.17491 0.00974309 0)
(1.17307 0.00966091 0)
(1.17124 0.00958537 0)
(1.16939 0.00952488 0)
(1.16762 0.00946469 0)
(1.16564 0.00944957 0)
(1.16424 0.00938726 0)
(1.16121 0.00948666 0)
(1.25185 0.0119387 0)
(1.25034 0.0122597 0)
(1.24879 0.0125485 0)
(1.24721 0.0128063 0)
(1.24559 0.0130341 0)
(1.24394 0.0132331 0)
(1.24226 0.0134044 0)
(1.24056 0.0135492 0)
(1.23882 0.0136689 0)
(1.23706 0.0137645 0)
(1.23528 0.0138375 0)
(1.23348 0.013889 0)
(1.23166 0.0139204 0)
(1.22983 0.013933 0)
(1.22797 0.0139279 0)
(1.2261 0.0139065 0)
(1.22422 0.01387 0)
(1.22233 0.0138196 0)
(1.22043 0.0137565 0)
(1.21852 0.0136818 0)
(1.2166 0.0135967 0)
(1.21467 0.0135022 0)
(1.21274 0.0133995 0)
(1.21081 0.0132894 0)
(1.20887 0.0131729 0)
(1.20693 0.0130511 0)
(1.20498 0.0129246 0)
(1.20304 0.0127943 0)
(1.2011 0.0126611 0)
(1.19915 0.0125256 0)
(1.19721 0.0123884 0)
(1.19527 0.0122503 0)
(1.19333 0.0121118 0)
(1.1914 0.0119734 0)
(1.18947 0.0118357 0)
(1.18754 0.0116992 0)
(1.18562 0.0115643 0)
(1.1837 0.0114314 0)
(1.18178 0.011301 0)
(1.17987 0.0111736 0)
(1.17797 0.0110496 0)
(1.17607 0.0109296 0)
(1.17417 0.0108142 0)
(1.17228 0.0107042 0)
(1.1704 0.0106001 0)
(1.16852 0.0105041 0)
(1.16666 0.0104149 0)
(1.16477 0.0103414 0)
(1.16297 0.0102679 0)
(1.16095 0.0102412 0)
(1.15954 0.0101667 0)
(1.15648 0.0102533 0)
(1.25057 0.0132283 0)
(1.24895 0.0135627 0)
(1.24729 0.0138627 0)
(1.24559 0.0141295 0)
(1.24386 0.0143643 0)
(1.2421 0.0145683 0)
(1.24031 0.0147427 0)
(1.2385 0.0148889 0)
(1.23666 0.0150082 0)
(1.2348 0.015102 0)
(1.23292 0.0151715 0)
(1.23101 0.0152183 0)
(1.22909 0.0152436 0)
(1.22716 0.0152488 0)
(1.22521 0.0152353 0)
(1.22325 0.0152045 0)
(1.22127 0.0151575 0)
(1.21929 0.0150959 0)
(1.2173 0.0150207 0)
(1.2153 0.0149332 0)
(1.21329 0.0148347 0)
(1.21128 0.0147262 0)
(1.20927 0.0146089 0)
(1.20725 0.0144839 0)
(1.20523 0.0143521 0)
(1.20321 0.0142146 0)
(1.20119 0.0140722 0)
(1.19917 0.0139258 0)
(1.19716 0.0137762 0)
(1.19514 0.0136242 0)
(1.19313 0.0134705 0)
(1.19112 0.0133157 0)
(1.18912 0.0131606 0)
(1.18712 0.0130056 0)
(1.18513 0.0128512 0)
(1.18314 0.0126981 0)
(1.18116 0.0125467 0)
(1.17918 0.0123975 0)
(1.17721 0.0122509 0)
(1.17525 0.0121073 0)
(1.1733 0.0119674 0)
(1.17135 0.0118316 0)
(1.16941 0.0117006 0)
(1.16748 0.0115751 0)
(1.16555 0.0114558 0)
(1.16364 0.0113449 0)
(1.16174 0.0112407 0)
(1.15982 0.011153 0)
(1.15799 0.0110649 0)
(1.15594 0.0110247 0)
(1.15452 0.0109371 0)
(1.15143 0.0110074 0)
(1.24894 0.0145847 0)
(1.24719 0.0149297 0)
(1.24541 0.0152383 0)
(1.24359 0.0155115 0)
(1.24175 0.0157506 0)
(1.23988 0.0159571 0)
(1.23798 0.0161322 0)
(1.23605 0.0162774 0)
(1.2341 0.016394 0)
(1.23214 0.0164836 0)
(1.23015 0.0165476 0)
(1.22814 0.0165875 0)
(1.22612 0.0166047 0)
(1.22409 0.0166006 0)
(1.22204 0.0165768 0)
(1.21998 0.0165346 0)
(1.21791 0.0164755 0)
(1.21584 0.0164008 0)
(1.21376 0.0163119 0)
(1.21167 0.0162101 0)
(1.20958 0.0160966 0)
(1.20748 0.0159726 0)
(1.20539 0.0158394 0)
(1.20329 0.015698 0)
(1.20119 0.0155495 0)
(1.1991 0.015395 0)
(1.19701 0.0152354 0)
(1.19491 0.0150716 0)
(1.19283 0.0149045 0)
(1.19075 0.0147348 0)
(1.18867 0.0145634 0)
(1.1866 0.0143909 0)
(1.18453 0.014218 0)
(1.18247 0.0140453 0)
(1.18042 0.0138733 0)
(1.17837 0.0137026 0)
(1.17634 0.0135337 0)
(1.17431 0.0133671 0)
(1.17229 0.0132033 0)
(1.17028 0.0130426 0)
(1.16828 0.0128857 0)
(1.16629 0.0127332 0)
(1.16431 0.0125855 0)
(1.16234 0.0124436 0)
(1.16038 0.012308 0)
(1.15843 0.0121809 0)
(1.1565 0.0120608 0)
(1.15455 0.0119575 0)
(1.1527 0.0118536 0)
(1.15062 0.0117984 0)
(1.1492 0.0116967 0)
(1.14609 0.0117471 0)
(1.2469 0.0160078 0)
(1.24503 0.0163607 0)
(1.24312 0.0166748 0)
(1.24119 0.0169516 0)
(1.23923 0.0171924 0)
(1.23724 0.0173987 0)
(1.23522 0.0175718 0)
(1.23318 0.0177134 0)
(1.23113 0.017825 0)
(1.22905 0.0179081 0)
(1.22696 0.0179642 0)
(1.22485 0.0179949 0)
(1.22272 0.0180018 0)
(1.22059 0.0179864 0)
(1.21845 0.0179502 0)
(1.21629 0.0178948 0)
(1.21413 0.0178216 0)
(1.21197 0.0177321 0)
(1.2098 0.0176277 0)
(1.20762 0.0175098 0)
(1.20545 0.0173797 0)
(1.20327 0.0172387 0)
(1.2011 0.017088 0)
(1.19892 0.0169289 0)
(1.19675 0.0167623 0)
(1.19458 0.0165895 0)
(1.19242 0.0164114 0)
(1.19026 0.0162289 0)
(1.1881 0.016043 0)
(1.18596 0.0158546 0)
(1.18382 0.0156643 0)
(1.18168 0.015473 0)
(1.17956 0.0152812 0)
(1.17744 0.0150898 0)
(1.17534 0.0148991 0)
(1.17324 0.0147098 0)
(1.17115 0.0145225 0)
(1.16908 0.0143375 0)
(1.16701 0.0141554 0)
(1.16496 0.0139768 0)
(1.16292 0.013802 0)
(1.16089 0.0136317 0)
(1.15887 0.0134664 0)
(1.15687 0.0133071 0)
(1.15488 0.0131542 0)
(1.1529 0.0130101 0)
(1.15094 0.0128729 0)
(1.14897 0.0127529 0)
(1.14711 0.0126322 0)
(1.14501 0.0125601 0)
(1.14359 0.0124437 0)
(1.14047 0.0124706 0)
(1.24443 0.0174971 0)
(1.24243 0.0178545 0)
(1.2404 0.0181712 0)
(1.23835 0.0184485 0)
(1.23626 0.018688 0)
(1.23415 0.0188912 0)
(1.23202 0.0190597 0)
(1.22987 0.0191951 0)
(1.2277 0.0192989 0)
(1.22552 0.0193729 0)
(1.22332 0.0194187 0)
(1.22111 0.0194379 0)
(1.21888 0.0194322 0)
(1.21665 0.0194033 0)
(1.21441 0.0193527 0)
(1.21217 0.019282 0)
(1.20992 0.0191928 0)
(1.20766 0.0190867 0)
(1.20541 0.018965 0)
(1.20315 0.0188293 0)
(1.20089 0.018681 0)
(1.19864 0.0185214 0)
(1.19639 0.0183517 0)
(1.19414 0.0181733 0)
(1.1919 0.0179873 0)
(1.18966 0.0177948 0)
(1.18743 0.0175968 0)
(1.1852 0.0173945 0)
(1.18299 0.0171887 0)
(1.18078 0.0169802 0)
(1.17858 0.01677 0)
(1.17639 0.0165587 0)
(1.17421 0.0163471 0)
(1.17205 0.0161358 0)
(1.16989 0.0159255 0)
(1.16775 0.0157167 0)
(1.16562 0.0155099 0)
(1.1635 0.0153057 0)
(1.16139 0.0151045 0)
(1.1593 0.0149069 0)
(1.15723 0.0147134 0)
(1.15517 0.0145244 0)
(1.15312 0.0143407 0)
(1.15109 0.0141631 0)
(1.14907 0.0139921 0)
(1.14707 0.0138299 0)
(1.1451 0.0136748 0)
(1.14311 0.0135368 0)
(1.14123 0.0133984 0)
(1.13912 0.0133078 0)
(1.1377 0.0131762 0)
(1.13458 0.0131762 0)
(1.2415 0.0190505 0)
(1.23937 0.0194092 0)
(1.23722 0.0197252 0)
(1.23504 0.0199999 0)
(1.23283 0.020235 0)
(1.2306 0.0204322 0)
(1.22836 0.020593 0)
(1.22609 0.0207193 0)
(1.22381 0.0208127 0)
(1.22152 0.020875 0)
(1.21922 0.0209079 0)
(1.21691 0.0209132 0)
(1.21458 0.0208927 0)
(1.21226 0.0208479 0)
(1.20992 0.0207807 0)
(1.20759 0.0206927 0)
(1.20525 0.0205855 0)
(1.20291 0.0204608 0)
(1.20057 0.0203201 0)
(1.19824 0.0201649 0)
(1.1959 0.0199967 0)
(1.19358 0.0198168 0)
(1.19125 0.0196267 0)
(1.18894 0.0194275 0)
(1.18663 0.0192207 0)
(1.18432 0.0190072 0)
(1.18203 0.0187882 0)
(1.17975 0.0185647 0)
(1.17747 0.0183377 0)
(1.17521 0.0181082 0)
(1.17296 0.0178769 0)
(1.17072 0.0176446 0)
(1.1685 0.0174122 0)
(1.16629 0.0171802 0)
(1.16409 0.0169492 0)
(1.16191 0.01672 0)
(1.15974 0.0164929 0)
(1.15758 0.0162686 0)
(1.15544 0.0160474 0)
(1.15332 0.0158301 0)
(1.15122 0.0156169 0)
(1.14913 0.0154086 0)
(1.14706 0.0152057 0)
(1.145 0.0150089 0)
(1.14297 0.0148189 0)
(1.14095 0.0146378 0)
(1.13897 0.0144639 0)
(1.13697 0.0143071 0)
(1.13509 0.0141501 0)
(1.13297 0.0140395 0)
(1.13155 0.0138925 0)
(1.12845 0.013862 0)
(1.23808 0.0206654 0)
(1.23582 0.0210219 0)
(1.23354 0.0213337 0)
(1.23123 0.0216025 0)
(1.22891 0.02183 0)
(1.22656 0.022018 0)
(1.2242 0.0221682 0)
(1.22183 0.0222825 0)
(1.21944 0.0223627 0)
(1.21705 0.0224106 0)
(1.21464 0.022428 0)
(1.21223 0.0224169 0)
(1.20981 0.0223791 0)
(1.20739 0.0223162 0)
(1.20497 0.0222302 0)
(1.20255 0.0221228 0)
(1.20013 0.0219957 0)
(1.19771 0.0218505 0)
(1.1953 0.0216889 0)
(1.19289 0.0215124 0)
(1.19048 0.0213227 0)
(1.18809 0.021121 0)
(1.1857 0.0209089 0)
(1.18332 0.0206876 0)
(1.18095 0.0204585 0)
(1.17859 0.0202227 0)
(1.17624 0.0199814 0)
(1.1739 0.0197357 0)
(1.17158 0.0194865 0)
(1.16927 0.0192347 0)
(1.16697 0.0189814 0)
(1.16469 0.0187272 0)
(1.16242 0.0184729 0)
(1.16017 0.0182192 0)
(1.15794 0.0179668 0)
(1.15572 0.0177163 0)
(1.15352 0.0174681 0)
(1.15134 0.0172229 0)
(1.14918 0.0169811 0)
(1.14703 0.0167432 0)
(1.1449 0.0165098 0)
(1.1428 0.0162813 0)
(1.14071 0.0160584 0)
(1.13864 0.0158418 0)
(1.13659 0.0156322 0)
(1.13457 0.0154314 0)
(1.13258 0.015238 0)
(1.13057 0.0150614 0)
(1.12869 0.0148852 0)
(1.12658 0.0147531 0)
(1.12517 0.0145906 0)
(1.12208 0.0145264 0)
(1.23415 0.0223381 0)
(1.23176 0.0226887 0)
(1.22935 0.0229928 0)
(1.22692 0.0232522 0)
(1.22448 0.0234688 0)
(1.22202 0.0236444 0)
(1.21955 0.0237809 0)
(1.21707 0.0238802 0)
(1.21458 0.0239443 0)
(1.21208 0.0239751 0)
(1.20958 0.0239745 0)
(1.20707 0.0239444 0)
(1.20457 0.0238869 0)
(1.20206 0.0238037 0)
(1.19955 0.0236967 0)
(1.19705 0.0235678 0)
(1.19455 0.0234187 0)
(1.19206 0.0232512 0)
(1.18958 0.0230669 0)
(1.1871 0.0228675 0)
(1.18463 0.0226546 0)
(1.18217 0.0224296 0)
(1.17972 0.022194 0)
(1.17728 0.0219493 0)
(1.17486 0.0216966 0)
(1.17245 0.0214373 0)
(1.17005 0.0211726 0)
(1.16767 0.0209034 0)
(1.1653 0.0206309 0)
(1.16295 0.020356 0)
(1.16062 0.0200796 0)
(1.1583 0.0198025 0)
(1.156 0.0195256 0)
(1.15372 0.0192495 0)
(1.15146 0.0189748 0)
(1.14922 0.0187022 0)
(1.14699 0.0184322 0)
(1.14479 0.0181654 0)
(1.1426 0.0179023 0)
(1.14044 0.0176432 0)
(1.1383 0.0173889 0)
(1.13618 0.0171397 0)
(1.13408 0.0168962 0)
(1.13201 0.0166592 0)
(1.12996 0.0164293 0)
(1.12793 0.0162082 0)
(1.12594 0.0159947 0)
(1.12393 0.0157975 0)
(1.12206 0.0156017 0)
(1.11995 0.0154466 0)
(1.11856 0.0152688 0)
(1.11551 0.0151677 0)
(1.22968 0.0240639 0)
(1.22717 0.0244048 0)
(1.22464 0.0246976 0)
(1.22209 0.0249442 0)
(1.21953 0.0251465 0)
(1.21696 0.0253064 0)
(1.21438 0.0254261 0)
(1.2118 0.0255074 0)
(1.20921 0.0255525 0)
(1.20662 0.0255634 0)
(1.20402 0.0255421 0)
(1.20143 0.0254907 0)
(1.19884 0.025411 0)
(1.19625 0.0253052 0)
(1.19367 0.0251751 0)
(1.19109 0.0250226 0)
(1.18852 0.0248497 0)
(1.18596 0.024658 0)
(1.18341 0.0244493 0)
(1.18087 0.0242253 0)
(1.17835 0.0239877 0)
(1.17583 0.023738 0)
(1.17333 0.0234776 0)
(1.17085 0.0232081 0)
(1.16838 0.0229307 0)
(1.16592 0.0226467 0)
(1.16348 0.0223573 0)
(1.16106 0.0220638 0)
(1.15866 0.021767 0)
(1.15628 0.021468 0)
(1.15391 0.0211677 0)
(1.15157 0.020867 0)
(1.14924 0.0205666 0)
(1.14694 0.0202673 0)
(1.14466 0.0199697 0)
(1.1424 0.0196744 0)
(1.14016 0.019382 0)
(1.13794 0.019093 0)
(1.13574 0.0188079 0)
(1.13357 0.0185272 0)
(1.13142 0.0182514 0)
(1.1293 0.0179809 0)
(1.1272 0.0177165 0)
(1.12513 0.0174585 0)
(1.12308 0.0172079 0)
(1.12105 0.0169659 0)
(1.11907 0.0167319 0)
(1.11708 0.0165132 0)
(1.11522 0.0162976 0)
(1.11313 0.0161182 0)
(1.11175 0.0159254 0)
(1.10875 0.0157843 0)
(1.22467 0.0258374 0)
(1.22203 0.0261648 0)
(1.21938 0.0264426 0)
(1.21672 0.0266728 0)
(1.21405 0.0268573 0)
(1.21138 0.0269984 0)
(1.2087 0.0270981 0)
(1.20602 0.0271585 0)
(1.20333 0.0271818 0)
(1.20065 0.0271701 0)
(1.19797 0.0271255 0)
(1.1953 0.0270502 0)
(1.19263 0.0269461 0)
(1.18997 0.0268155 0)
(1.18732 0.0266602 0)
(1.18467 0.0264822 0)
(1.18204 0.0262835 0)
(1.17942 0.0260659 0)
(1.17682 0.0258312 0)
(1.17422 0.0255811 0)
(1.17165 0.0253173 0)
(1.16909 0.0250414 0)
(1.16654 0.024755 0)
(1.16401 0.0244594 0)
(1.16151 0.0241562 0)
(1.15902 0.0238465 0)
(1.15655 0.0235316 0)
(1.1541 0.0232126 0)
(1.15167 0.0228907 0)
(1.14926 0.0225668 0)
(1.14687 0.0222419 0)
(1.14451 0.0219168 0)
(1.14217 0.0215923 0)
(1.13985 0.0212692 0)
(1.13755 0.0209481 0)
(1.13528 0.0206295 0)
(1.13304 0.0203142 0)
(1.13081 0.0200025 0)
(1.12861 0.019695 0)
(1.12644 0.0193922 0)
(1.12429 0.0190945 0)
(1.12217 0.0188024 0)
(1.12008 0.0185165 0)
(1.11801 0.0182372 0)
(1.11598 0.0179655 0)
(1.11396 0.0177022 0)
(1.112 0.0174474 0)
(1.11002 0.0172067 0)
(1.10819 0.0169711 0)
(1.10612 0.0167662 0)
(1.10476 0.0165589 0)
(1.10181 0.0163749 0)
(1.2191 0.0276524 0)
(1.21634 0.0279625 0)
(1.21358 0.0282217 0)
(1.21081 0.0284318 0)
(1.20804 0.0285953 0)
(1.20527 0.0287142 0)
(1.20249 0.0287908 0)
(1.19972 0.0288273 0)
(1.19695 0.028826 0)
(1.19419 0.0287891 0)
(1.19143 0.0287187 0)
(1.18868 0.0286171 0)
(1.18595 0.0284865 0)
(1.18322 0.0283289 0)
(1.18051 0.0281464 0)
(1.17781 0.0279411 0)
(1.17512 0.0277149 0)
(1.17245 0.0274697 0)
(1.16979 0.0272074 0)
(1.16716 0.0269297 0)
(1.16454 0.0266385 0)
(1.16194 0.0263352 0)
(1.15936 0.0260215 0)
(1.1568 0.0256989 0)
(1.15427 0.0253687 0)
(1.15175 0.0250323 0)
(1.14926 0.024691 0)
(1.14679 0.0243459 0)
(1.14434 0.0239981 0)
(1.14192 0.0236486 0)
(1.13952 0.0232984 0)
(1.13714 0.0229484 0)
(1.13479 0.0225992 0)
(1.13247 0.0222518 0)
(1.13017 0.0219066 0)
(1.1279 0.0215644 0)
(1.12565 0.0212257 0)
(1.12343 0.020891 0)
(1.12124 0.0205608 0)
(1.11907 0.0202355 0)
(1.11693 0.0199156 0)
(1.11482 0.0196015 0)
(1.11274 0.019294 0)
(1.11069 0.018993 0)
(1.10867 0.0186999 0)
(1.10668 0.018415 0)
(1.10474 0.0181392 0)
(1.10279 0.017876 0)
(1.10098 0.0176204 0)
(1.09894 0.0173889 0)
(1.09761 0.0171679 0)
(1.09473 0.0169383 0)
(1.21296 0.0295021 0)
(1.2101 0.0297911 0)
(1.20723 0.0300279 0)
(1.20436 0.0302147 0)
(1.20149 0.0303537 0)
(1.19863 0.0304473 0)
(1.19577 0.0304978 0)
(1.19292 0.0305076 0)
(1.19007 0.030479 0)
(1.18723 0.0304143 0)
(1.18441 0.0303157 0)
(1.1816 0.0301857 0)
(1.1788 0.0300263 0)
(1.17602 0.0298397 0)
(1.17325 0.0296282 0)
(1.1705 0.0293937 0)
(1.16777 0.0291384 0)
(1.16506 0.0288641 0)
(1.16236 0.0285728 0)
(1.15969 0.0282663 0)
(1.15704 0.0279463 0)
(1.15442 0.0276146 0)
(1.15181 0.0272726 0)
(1.14923 0.0269219 0)
(1.14667 0.026564 0)
(1.14414 0.0262001 0)
(1.14163 0.0258316 0)
(1.13915 0.0254596 0)
(1.1367 0.0250853 0)
(1.13426 0.0247097 0)
(1.13186 0.0243337 0)
(1.12948 0.0239582 0)
(1.12714 0.0235839 0)
(1.12481 0.0232117 0)
(1.12252 0.0228422 0)
(1.12025 0.022476 0)
(1.11802 0.0221136 0)
(1.11581 0.0217556 0)
(1.11363 0.0214024 0)
(1.11148 0.0210544 0)
(1.10936 0.0207122 0)
(1.10727 0.0203759 0)
(1.10521 0.0200465 0)
(1.10318 0.0197237 0)
(1.10119 0.0194093 0)
(1.09923 0.0191024 0)
(1.09731 0.0188056 0)
(1.09539 0.0185194 0)
(1.09362 0.0182441 0)
(1.09162 0.017985 0)
(1.09032 0.017751 0)
(1.08752 0.0174734 0)
(1.20627 0.0313792 0)
(1.2033 0.0316434 0)
(1.20033 0.0318542 0)
(1.19737 0.0320141 0)
(1.19442 0.0321255 0)
(1.19147 0.0321907 0)
(1.18854 0.0322123 0)
(1.18561 0.0321927 0)
(1.1827 0.0321342 0)
(1.1798 0.0320392 0)
(1.17691 0.0319103 0)
(1.17405 0.0317496 0)
(1.1712 0.0315594 0)
(1.16837 0.0313421 0)
(1.16556 0.0310998 0)
(1.16277 0.0308347 0)
(1.16 0.0305487 0)
(1.15726 0.030244 0)
(1.15454 0.0299225 0)
(1.15184 0.0295859 0)
(1.14917 0.0292361 0)
(1.14653 0.0288749 0)
(1.14391 0.0285037 0)
(1.14131 0.0281241 0)
(1.13875 0.0277377 0)
(1.13621 0.0273456 0)
(1.13369 0.0269494 0)
(1.13121 0.02655 0)
(1.12875 0.0261487 0)
(1.12633 0.0257464 0)
(1.12393 0.0253442 0)
(1.12156 0.0249428 0)
(1.11922 0.0245432 0)
(1.11691 0.024146 0)
(1.11463 0.0237518 0)
(1.11238 0.0233614 0)
(1.11016 0.0229752 0)
(1.10797 0.0225937 0)
(1.10581 0.0222174 0)
(1.10369 0.0218466 0)
(1.10159 0.021482 0)
(1.09953 0.0211235 0)
(1.0975 0.0207722 0)
(1.09551 0.0204275 0)
(1.09355 0.0200916 0)
(1.09162 0.0197627 0)
(1.08974 0.0194449 0)
(1.08786 0.0191354 0)
(1.08613 0.0188407 0)
(1.08417 0.0185531 0)
(1.08291 0.0183073 0)
(1.08019 0.0179792 0)
(1.19901 0.033276 0)
(1.19595 0.0335116 0)
(1.1929 0.0336931 0)
(1.18986 0.0338229 0)
(1.18683 0.0339035 0)
(1.18381 0.0339375 0)
(1.1808 0.0339274 0)
(1.17782 0.0338757 0)
(1.17484 0.0337849 0)
(1.17189 0.0336576 0)
(1.16896 0.033496 0)
(1.16605 0.0333028 0)
(1.16316 0.0330801 0)
(1.1603 0.0328303 0)
(1.15745 0.0325557 0)
(1.15464 0.0322584 0)
(1.15185 0.0319406 0)
(1.14908 0.0316042 0)
(1.14634 0.0312513 0)
(1.14363 0.0308837 0)
(1.14095 0.0305032 0)
(1.13829 0.0301116 0)
(1.13567 0.0297105 0)
(1.13307 0.0293014 0)
(1.1305 0.0288858 0)
(1.12797 0.0284651 0)
(1.12546 0.0280405 0)
(1.12298 0.0276133 0)
(1.12054 0.0271846 0)
(1.11812 0.0267554 0)
(1.11574 0.0263267 0)
(1.11339 0.0258993 0)
(1.11106 0.0254741 0)
(1.10878 0.0250517 0)
(1.10652 0.0246328 0)
(1.10429 0.0242181 0)
(1.1021 0.023808 0)
(1.09994 0.023403 0)
(1.09781 0.0230035 0)
(1.09572 0.02261 0)
(1.09366 0.0222229 0)
(1.09163 0.0218422 0)
(1.08964 0.021469 0)
(1.08768 0.0211025 0)
(1.08576 0.0207452 0)
(1.08387 0.0203943 0)
(1.08204 0.0200558 0)
(1.08021 0.0197228 0)
(1.07853 0.0194092 0)
(1.07662 0.0190922 0)
(1.0754 0.0188357 0)
(1.07278 0.0184552 0)
(1.19121 0.0351843 0)
(1.18807 0.035388 0)
(1.18494 0.0355368 0)
(1.18182 0.0356333 0)
(1.17873 0.0356803 0)
(1.17565 0.0356803 0)
(1.17259 0.035636 0)
(1.16955 0.0355499 0)
(1.16653 0.0354246 0)
(1.16354 0.0352628 0)
(1.16057 0.0350668 0)
(1.15762 0.0348392 0)
(1.15471 0.0345824 0)
(1.15182 0.0342987 0)
(1.14895 0.0339904 0)
(1.14612 0.0336597 0)
(1.14331 0.0333088 0)
(1.14054 0.0329398 0)
(1.13779 0.0325546 0)
(1.13508 0.0321551 0)
(1.13239 0.0317432 0)
(1.12974 0.0313206 0)
(1.12712 0.0308889 0)
(1.12453 0.0304497 0)
(1.12197 0.0300046 0)
(1.11945 0.0295548 0)
(1.11696 0.0291016 0)
(1.1145 0.0286463 0)
(1.11207 0.02819 0)
(1.10968 0.0277336 0)
(1.10732 0.0272783 0)
(1.10499 0.0268247 0)
(1.1027 0.0263738 0)
(1.10044 0.0259263 0)
(1.09821 0.0254827 0)
(1.09602 0.0250436 0)
(1.09386 0.0246096 0)
(1.09174 0.0241812 0)
(1.08965 0.0237587 0)
(1.08759 0.0233425 0)
(1.08557 0.0229331 0)
(1.08359 0.0225303 0)
(1.08164 0.0221355 0)
(1.07973 0.0217472 0)
(1.07786 0.0213688 0)
(1.07602 0.0209959 0)
(1.07424 0.020637 0)
(1.07246 0.0202803 0)
(1.07083 0.0199485 0)
(1.06899 0.0196014 0)
(1.06781 0.0193355 0)
(1.06529 0.0189008 0)
(1.18287 0.0370961 0)
(1.17966 0.0372644 0)
(1.17646 0.0373775 0)
(1.17329 0.037438 0)
(1.17014 0.0374486 0)
(1.16701 0.0374121 0)
(1.1639 0.0373312 0)
(1.16083 0.0372085 0)
(1.15777 0.0370468 0)
(1.15475 0.0368486 0)
(1.15176 0.0366165 0)
(1.14879 0.0363531 0)
(1.14586 0.0360607 0)
(1.14295 0.0357417 0)
(1.14008 0.0353986 0)
(1.13724 0.0350335 0)
(1.13443 0.0346486 0)
(1.13165 0.034246 0)
(1.12891 0.0338277 0)
(1.1262 0.0333957 0)
(1.12353 0.0329518 0)
(1.12089 0.0324977 0)
(1.11828 0.032035 0)
(1.11571 0.0315655 0)
(1.11317 0.0310904 0)
(1.11067 0.0306113 0)
(1.1082 0.0301293 0)
(1.10577 0.0296458 0)
(1.10337 0.0291617 0)
(1.10101 0.0286782 0)
(1.09868 0.0281962 0)
(1.09639 0.0277165 0)
(1.09414 0.02724 0)
(1.09191 0.0267673 0)
(1.08973 0.0262991 0)
(1.08758 0.0258359 0)
(1.08546 0.0253782 0)
(1.08338 0.0249265 0)
(1.08134 0.0244812 0)
(1.07934 0.0240424 0)
(1.07737 0.023611 0)
(1.07543 0.0231863 0)
(1.07354 0.0227701 0)
(1.07168 0.0223603 0)
(1.06986 0.0219611 0)
(1.06808 0.0215664 0)
(1.06636 0.0211876 0)
(1.06463 0.0208071 0)
(1.06306 0.0204578 0)
(1.06129 0.02008 0)
(1.06016 0.019806 0)
(1.05775 0.0193156 0)
(1.17401 0.0390029 0)
(1.17074 0.039133 0)
(1.16749 0.0392074 0)
(1.16427 0.0392292 0)
(1.16108 0.039201 0)
(1.15791 0.0391257 0)
(1.15478 0.0390062 0)
(1.15167 0.038845 0)
(1.1486 0.0386451 0)
(1.14556 0.0384089 0)
(1.14255 0.0381392 0)
(1.13957 0.0378386 0)
(1.13663 0.0375094 0)
(1.13373 0.0371542 0)
(1.13086 0.0367752 0)
(1.12802 0.0363748 0)
(1.12522 0.0359552 0)
(1.12246 0.0355184 0)
(1.11973 0.0350666 0)
(1.11704 0.0346015 0)
(1.11438 0.0341252 0)
(1.11177 0.0336392 0)
(1.10919 0.0331454 0)
(1.10664 0.0326452 0)
(1.10413 0.0321401 0)
(1.10166 0.0316315 0)
(1.09923 0.0311207 0)
(1.09683 0.0306089 0)
(1.09448 0.0300972 0)
(1.09215 0.0295866 0)
(1.08987 0.029078 0)
(1.08762 0.0285724 0)
(1.08541 0.0280704 0)
(1.08323 0.0275728 0)
(1.0811 0.0270801 0)
(1.079 0.026593 0)
(1.07693 0.0261119 0)
(1.07491 0.0256372 0)
(1.07292 0.0251693 0)
(1.07097 0.0247084 0)
(1.06905 0.0242552 0)
(1.06718 0.023809 0)
(1.06534 0.0233718 0)
(1.06354 0.0229407 0)
(1.06179 0.0225211 0)
(1.06007 0.0221048 0)
(1.05841 0.0217066 0)
(1.05675 0.0213024 0)
(1.05524 0.0209365 0)
(1.05355 0.0205276 0)
(1.05246 0.0202468 0)
(1.05018 0.0196994 0)
(1.16465 0.0408968 0)
(1.16134 0.0409857 0)
(1.15805 0.041019 0)
(1.1548 0.0409996 0)
(1.15158 0.0409304 0)
(1.14839 0.0408144 0)
(1.14523 0.0406543 0)
(1.14211 0.0404531 0)
(1.13903 0.0402133 0)
(1.13598 0.0399379 0)
(1.13297 0.0396294 0)
(1.13 0.0392904 0)
(1.12707 0.0389235 0)
(1.12417 0.0385311 0)
(1.12131 0.0381156 0)
(1.11849 0.0376793 0)
(1.11571 0.0372244 0)
(1.11297 0.036753 0)
(1.11027 0.0362671 0)
(1.10761 0.0357688 0)
(1.10498 0.0352597 0)
(1.1024 0.0347418 0)
(1.09985 0.0342166 0)
(1.09735 0.0336857 0)
(1.09488 0.0331506 0)
(1.09245 0.0326127 0)
(1.09006 0.0320731 0)
(1.08771 0.0315332 0)
(1.0854 0.030994 0)
(1.08313 0.0304565 0)
(1.08089 0.0299216 0)
(1.0787 0.0293902 0)
(1.07654 0.0288631 0)
(1.07442 0.0283408 0)
(1.07234 0.0278241 0)
(1.07029 0.0273134 0)
(1.06829 0.0268092 0)
(1.06632 0.0263119 0)
(1.0644 0.0258219 0)
(1.06251 0.0253392 0)
(1.06066 0.0248646 0)
(1.05885 0.0243973 0)
(1.05708 0.0239394 0)
(1.05535 0.0234875 0)
(1.05366 0.0230481 0)
(1.05201 0.0226105 0)
(1.05041 0.0221935 0)
(1.04883 0.0217658 0)
(1.04739 0.0213842 0)
(1.04577 0.0209438 0)
(1.04474 0.0206577 0)
(1.04259 0.0200523 0)
(1.15483 0.0427696 0)
(1.15148 0.0428149 0)
(1.14817 0.0428047 0)
(1.14489 0.0427421 0)
(1.14166 0.0426301 0)
(1.13846 0.0424716 0)
(1.1353 0.0422694 0)
(1.13218 0.0420266 0)
(1.1291 0.0417459 0)
(1.12606 0.04143 0)
(1.12306 0.0410817 0)
(1.1201 0.0407036 0)
(1.11718 0.0402982 0)
(1.11431 0.039868 0)
(1.11147 0.0394154 0)
(1.10868 0.0389428 0)
(1.10593 0.0384522 0)
(1.10323 0.0379459 0)
(1.10056 0.0374259 0)
(1.09794 0.0368941 0)
(1.09535 0.0363523 0)
(1.09281 0.0358024 0)
(1.09031 0.0352459 0)
(1.08785 0.0346845 0)
(1.08543 0.0341195 0)
(1.08306 0.0335523 0)
(1.08072 0.0329843 0)
(1.07842 0.0324165 0)
(1.07617 0.0318501 0)
(1.07395 0.031286 0)
(1.07178 0.0307252 0)
(1.06964 0.0301684 0)
(1.06755 0.0296165 0)
(1.06549 0.02907 0)
(1.06347 0.0285296 0)
(1.0615 0.0279958 0)
(1.05956 0.027469 0)
(1.05766 0.0269494 0)
(1.0558 0.0264378 0)
(1.05398 0.0259337 0)
(1.0522 0.0254384 0)
(1.05046 0.0249504 0)
(1.04876 0.0244724 0)
(1.04711 0.0240002 0)
(1.04549 0.0235414 0)
(1.04391 0.023083 0)
(1.0424 0.0226479 0)
(1.04089 0.0221968 0)
(1.03952 0.0218005 0)
(1.03799 0.0213285 0)
(1.03701 0.0210384 0)
(1.03501 0.0203744 0)
(1.14455 0.0446137 0)
(1.14119 0.0446132 0)
(1.13787 0.0445576 0)
(1.13459 0.04445 0)
(1.13135 0.0442935 0)
(1.12815 0.044091 0)
(1.125 0.0438455 0)
(1.12189 0.04356 0)
(1.11882 0.0432373 0)
(1.1158 0.0428802 0)
(1.11283 0.0424913 0)
(1.1099 0.0420734 0)
(1.10701 0.0416291 0)
(1.10417 0.0411607 0)
(1.10137 0.0406707 0)
(1.09862 0.0401614 0)
(1.09591 0.0396351 0)
(1.09325 0.0390938 0)
(1.09063 0.0385396 0)
(1.08805 0.0379744 0)
(1.08552 0.0374001 0)
(1.08303 0.0368183 0)
(1.08059 0.0362308 0)
(1.07819 0.035639 0)
(1.07583 0.0350444 0)
(1.07351 0.0344484 0)
(1.07123 0.0338522 0)
(1.069 0.0332569 0)
(1.06681 0.0326637 0)
(1.06466 0.0320735 0)
(1.06255 0.0314871 0)
(1.06049 0.0309055 0)
(1.05846 0.0303293 0)
(1.05647 0.0297591 0)
(1.05453 0.0291955 0)
(1.05262 0.0286391 0)
(1.05076 0.0280902 0)
(1.04894 0.027549 0)
(1.04715 0.0270162 0)
(1.04541 0.0264914 0)
(1.0437 0.0259758 0)
(1.04204 0.0254677 0)
(1.04042 0.0249703 0)
(1.03884 0.0244781 0)
(1.0373 0.0240008 0)
(1.03581 0.0235219 0)
(1.03437 0.0230696 0)
(1.03295 0.0225954 0)
(1.03165 0.0221854 0)
(1.03022 0.0216816 0)
(1.02929 0.0213891 0)
(1.02743 0.0206659 0)
(1.13386 0.0464217 0)
(1.1305 0.0463736 0)
(1.12718 0.0462709 0)
(1.1239 0.0461168 0)
(1.12068 0.0459145 0)
(1.1175 0.0456669 0)
(1.11437 0.0453772 0)
(1.11128 0.0450481 0)
(1.10824 0.0446827 0)
(1.10526 0.0442837 0)
(1.10232 0.0438538 0)
(1.09942 0.0433958 0)
(1.09658 0.0429122 0)
(1.09378 0.0424054 0)
(1.09103 0.0418779 0)
(1.08833 0.041332 0)
(1.08567 0.0407699 0)
(1.08306 0.0401938 0)
(1.0805 0.0396055 0)
(1.07799 0.0390072 0)
(1.07551 0.0384005 0)
(1.07309 0.0377872 0)
(1.07071 0.0371689 0)
(1.06837 0.0365472 0)
(1.06608 0.0359235 0)
(1.06383 0.035299 0)
(1.06163 0.0346751 0)
(1.05947 0.0340529 0)
(1.05735 0.0334334 0)
(1.05527 0.0328176 0)
(1.05324 0.0322063 0)
(1.05125 0.0316003 0)
(1.0493 0.0310004 0)
(1.04739 0.0304071 0)
(1.04552 0.029821 0)
(1.0437 0.0292425 0)
(1.04191 0.0286721 0)
(1.04017 0.0281099 0)
(1.03847 0.0275566 0)
(1.03681 0.0270117 0)
(1.03518 0.0264764 0)
(1.03361 0.0259488 0)
(1.03207 0.0254326 0)
(1.03057 0.0249212 0)
(1.02912 0.0244259 0)
(1.02771 0.0239272 0)
(1.02635 0.0234583 0)
(1.02502 0.0229614 0)
(1.0238 0.0225388 0)
(1.02247 0.0220034 0)
(1.0216 0.0217097 0)
(1.01989 0.0209274 0)
(1.12279 0.0481868 0)
(1.11944 0.0480895 0)
(1.11614 0.0479384 0)
(1.11288 0.0477367 0)
(1.10968 0.0474876 0)
(1.10653 0.0471941 0)
(1.10343 0.0468593 0)
(1.10039 0.0464862 0)
(1.09739 0.0460776 0)
(1.09445 0.0456364 0)
(1.09155 0.0451653 0)
(1.08871 0.0446669 0)
(1.08592 0.0441439 0)
(1.08318 0.0435988 0)
(1.08048 0.0430339 0)
(1.07784 0.0424516 0)
(1.07525 0.041854 0)
(1.07271 0.0412432 0)
(1.07021 0.0406213 0)
(1.06776 0.0399901 0)
(1.06536 0.0393515 0)
(1.06301 0.0387071 0)
(1.0607 0.0380586 0)
(1.05844 0.0374075 0)
(1.05622 0.0367551 0)
(1.05405 0.0361028 0)
(1.05193 0.0354518 0)
(1.04984 0.0348032 0)
(1.04781 0.0341581 0)
(1.04581 0.0335172 0)
(1.04386 0.0328816 0)
(1.04195 0.032252 0)
(1.04009 0.031629 0)
(1.03826 0.0310132 0)
(1.03648 0.0304053 0)
(1.03474 0.0298054 0)
(1.03304 0.0292142 0)
(1.03139 0.0286318 0)
(1.02977 0.0280586 0)
(1.02819 0.0274942 0)
(1.02666 0.02694 0)
(1.02517 0.0263936 0)
(1.02372 0.0258593 0)
(1.02231 0.0253293 0)
(1.02095 0.0248168 0)
(1.01963 0.0242988 0)
(1.01836 0.0238144 0)
(1.01712 0.0232952 0)
(1.01598 0.0228611 0)
(1.01476 0.0222941 0)
(1.01395 0.0220005 0)
(1.01239 0.0211593 0)
(1.11137 0.0499025 0)
(1.10805 0.0497549 0)
(1.10477 0.0495544 0)
(1.10155 0.0493043 0)
(1.09839 0.0490077 0)
(1.09528 0.0486678 0)
(1.09223 0.0482875 0)
(1.08923 0.04787 0)
(1.08629 0.047418 0)
(1.0834 0.0469345 0)
(1.08057 0.0464221 0)
(1.07779 0.0458835 0)
(1.07506 0.0453214 0)
(1.07238 0.0447381 0)
(1.06976 0.0441361 0)
(1.06719 0.0435176 0)
(1.06467 0.0428849 0)
(1.0622 0.0422399 0)
(1.05978 0.0415848 0)
(1.05741 0.0409213 0)
(1.05509 0.0402514 0)
(1.05282 0.0395765 0)
(1.05059 0.0388984 0)
(1.04841 0.0382185 0)
(1.04628 0.0375381 0)
(1.04419 0.0368587 0)
(1.04215 0.0361813 0)
(1.04016 0.035507 0)
(1.03821 0.0348368 0)
(1.0363 0.0341718 0)
(1.03444 0.0335126 0)
(1.03262 0.03286 0)
(1.03084 0.0322147 0)
(1.02911 0.0315772 0)
(1.02742 0.0309481 0)
(1.02577 0.0303277 0)
(1.02416 0.0297164 0)
(1.0226 0.0291143 0)
(1.02108 0.0285221 0)
(1.01959 0.027939 0)
(1.01815 0.0273666 0)
(1.01675 0.0268021 0)
(1.0154 0.0262504 0)
(1.01408 0.0257026 0)
(1.01281 0.0251737 0)
(1.01159 0.0246371 0)
(1.01041 0.0241379 0)
(1.00926 0.0235969 0)
(1.00821 0.0231524 0)
(1.00709 0.0225542 0)
(1.00635 0.022262 0)
(1.00495 0.0213623 0)
(1.09964 0.0515631 0)
(1.09635 0.0513644 0)
(1.09312 0.0511139 0)
(1.08995 0.0508148 0)
(1.08684 0.0504703 0)
(1.08379 0.0500836 0)
(1.0808 0.0496578 0)
(1.07786 0.0491958 0)
(1.07498 0.0487005 0)
(1.07216 0.0481747 0)
(1.0694 0.0476213 0)
(1.06669 0.0470428 0)
(1.06403 0.0464418 0)
(1.06144 0.0458208 0)
(1.05889 0.0451821 0)
(1.0564 0.044528 0)
(1.05396 0.0438607 0)
(1.05158 0.0431822 0)
(1.04924 0.0424945 0)
(1.04696 0.0417994 0)
(1.04472 0.0410988 0)
(1.04254 0.0403941 0)
(1.0404 0.0396871 0)
(1.03831 0.0389792 0)
(1.03627 0.0382716 0)
(1.03428 0.0375657 0)
(1.03233 0.0368627 0)
(1.03043 0.0361635 0)
(1.02858 0.0354692 0)
(1.02676 0.0347807 0)
(1.025 0.0340987 0)
(1.02327 0.033424 0)
(1.02159 0.0327572 0)
(1.01996 0.0320988 0)
(1.01836 0.0314493 0)
(1.01681 0.0308091 0)
(1.0153 0.0301786 0)
(1.01383 0.0295577 0)
(1.0124 0.0289472 0)
(1.01102 0.0283461 0)
(1.00968 0.0277564 0)
(1.00837 0.0271745 0)
(1.00711 0.0266063 0)
(1.0059 0.0260413 0)
(1.00472 0.0254968 0)
(1.00359 0.0249423 0)
(1.00251 0.0244292 0)
(1.00147 0.0238671 0)
(1.0005 0.0234132 0)
(0.999498 0.0227843 0)
(0.998811 0.0224945 0)
(0.997583 0.0215372 0)
(1.08763 0.0531634 0)
(1.08439 0.0529131 0)
(1.08122 0.0526121 0)
(1.07811 0.0522639 0)
(1.07507 0.0518714 0)
(1.07208 0.051438 0)
(1.06916 0.0509667 0)
(1.0663 0.0504604 0)
(1.06349 0.049922 0)
(1.06075 0.0493545 0)
(1.05807 0.0487604 0)
(1.05544 0.0481425 0)
(1.05287 0.0475032 0)
(1.05036 0.046845 0)
(1.0479 0.0461703 0)
(1.0455 0.0454813 0)
(1.04315 0.0447801 0)
(1.04086 0.0440687 0)
(1.03862 0.0433492 0)
(1.03643 0.0426233 0)
(1.03429 0.0418927 0)
(1.0322 0.0411591 0)
(1.03016 0.040424 0)
(1.02817 0.0396889 0)
(1.02623 0.038955 0)
(1.02434 0.0382235 0)
(1.02249 0.0374957 0)
(1.02069 0.0367725 0)
(1.01893 0.0360549 0)
(1.01722 0.0353438 0)
(1.01555 0.0346399 0)
(1.01393 0.0339439 0)
(1.01235 0.0332564 0)
(1.01082 0.0325779 0)
(1.00932 0.031909 0)
(1.00787 0.0312498 0)
(1.00646 0.0306008 0)
(1.0051 0.029962 0)
(1.00377 0.029334 0)
(1.00249 0.0287159 0)
(1.00125 0.0281095 0)
(1.00005 0.0275112 0)
(0.998885 0.0269272 0)
(0.997771 0.0263459 0)
(0.996693 0.0257866 0)
(0.995668 0.0252149 0)
(0.994678 0.0246889 0)
(0.993741 0.0241062 0)
(0.992868 0.0236441 0)
(0.991978 0.022985 0)
(0.991354 0.0226986 0)
(0.990294 0.0216848 0)
(1.07537 0.0546988 0)
(1.0722 0.0543967 0)
(1.0691 0.0540453 0)
(1.06607 0.0536479 0)
(1.0631 0.0532077 0)
(1.06019 0.0527278 0)
(1.05735 0.0522113 0)
(1.05457 0.0516612 0)
(1.05186 0.0510803 0)
(1.0492 0.0504714 0)
(1.04661 0.0498373 0)
(1.04408 0.0491806 0)
(1.0416 0.0485037 0)
(1.03918 0.0478092 0)
(1.03682 0.0470992 0)
(1.03452 0.046376 0)
(1.03227 0.0456418 0)
(1.03008 0.0448985 0)
(1.02794 0.044148 0)
(1.02585 0.0433921 0)
(1.02381 0.0426326 0)
(1.02183 0.0418709 0)
(1.01989 0.0411087 0)
(1.01801 0.0403472 0)
(1.01617 0.0395879 0)
(1.01438 0.0388318 0)
(1.01264 0.0380801 0)
(1.01094 0.0373339 0)
(1.00929 0.0365939 0)
(1.00769 0.0358611 0)
(1.00613 0.0351362 0)
(1.00461 0.0344198 0)
(1.00314 0.0337125 0)
(1.00171 0.0330149 0)
(1.00032 0.0323273 0)
(0.998977 0.0316501 0)
(0.997674 0.0309836 0)
(0.996413 0.0303277 0)
(0.995193 0.0296831 0)
(0.994015 0.0290486 0)
(0.992877 0.0284266 0)
(0.991782 0.0278125 0)
(0.990725 0.0272137 0)
(0.989715 0.0266168 0)
(0.988739 0.0260437 0)
(0.987819 0.0254556 0)
(0.986928 0.0249176 0)
(0.986098 0.0243151 0)
(0.985317 0.0238457 0)
(0.984546 0.023157 0)
(0.983985 0.0228749 0)
(0.983095 0.021806 0)
(1.06291 0.0561653 0)
(1.05982 0.0558116 0)
(1.0568 0.05541 0)
(1.05385 0.0549639 0)
(1.05097 0.0544763 0)
(1.04816 0.0539505 0)
(1.04541 0.0533894 0)
(1.04272 0.052796 0)
(1.04011 0.0521733 0)
(1.03755 0.0515239 0)
(1.03506 0.0508506 0)
(1.03262 0.0501559 0)
(1.03025 0.0494423 0)
(1.02794 0.0487122 0)
(1.02568 0.0479679 0)
(1.02349 0.0472115 0)
(1.02134 0.0464452 0)
(1.01926 0.0456709 0)
(1.01722 0.0448904 0)
(1.01525 0.0441056 0)
(1.01332 0.043318 0)
(1.01144 0.0425293 0)
(1.00962 0.0417409 0)
(1.00784 0.0409542 0)
(1.00612 0.0401704 0)
(1.00444 0.0393907 0)
(1.00281 0.0386161 0)
(1.00122 0.0378477 0)
(0.999682 0.0370864 0)
(0.998188 0.0363328 0)
(0.996739 0.0355879 0)
(0.995333 0.0348521 0)
(0.993971 0.034126 0)
(0.992652 0.0334101 0)
(0.991375 0.0327049 0)
(0.99014 0.0320105 0)
(0.988947 0.0313273 0)
(0.987795 0.0306552 0)
(0.986684 0.0299949 0)
(0.985614 0.0293451 0)
(0.984583 0.0287082 0)
(0.983596 0.0280793 0)
(0.982645 0.0274664 0)
(0.981743 0.0268549 0)
(0.980872 0.0262687 0)
(0.980059 0.025665 0)
(0.979269 0.0251159 0)
(0.978549 0.0244944 0)
(0.97786 0.0240186 0)
(0.977211 0.0233013 0)
(0.976714 0.0230242 0)
(0.975997 0.0219018 0)
(1.05028 0.0575597 0)
(1.04728 0.0571548 0)
(1.04436 0.0567036 0)
(1.0415 0.0562092 0)
(1.03872 0.055675 0)
(1.03601 0.0551039 0)
(1.03336 0.054499 0)
(1.03078 0.0538633 0)
(1.02827 0.0531996 0)
(1.02582 0.0525106 0)
(1.02343 0.051799 0)
(1.02111 0.0510673 0)
(1.01885 0.0503179 0)
(1.01665 0.0495534 0)
(1.01451 0.0487757 0)
(1.01242 0.0479872 0)
(1.01039 0.0471899 0)
(1.00842 0.0463856 0)
(1.0065 0.0455762 0)
(1.00464 0.0447635 0)
(1.00283 0.043949 0)
(1.00107 0.0431343 0)
(0.999359 0.0423208 0)
(0.997699 0.0415099 0)
(0.996088 0.0407027 0)
(0.994526 0.0399004 0)
(0.99301 0.039104 0)
(0.991541 0.0383145 0)
(0.990117 0.0375328 0)
(0.988739 0.0367595 0)
(0.987404 0.0359955 0)
(0.986113 0.0352413 0)
(0.984866 0.0344974 0)
(0.983661 0.0337642 0)
(0.982498 0.0330422 0)
(0.981376 0.0323316 0)
(0.980295 0.0316327 0)
(0.979256 0.0309453 0)
(0.978256 0.0302703 0)
(0.977298 0.0296059 0)
(0.976378 0.028955 0)
(0.975501 0.0283122 0)
(0.974659 0.0276862 0)
(0.973866 0.0270608 0)
(0.973101 0.0264625 0)
(0.972398 0.025844 0)
(0.971711 0.0252847 0)
(0.971104 0.024645 0)
(0.970507 0.0241636 0)
(0.969983 0.0234188 0)
(0.96955 0.0231472 0)
(0.969008 0.0219732 0)
(1.03751 0.0588794 0)
(1.03462 0.058424 0)
(1.0318 0.0579238 0)
(1.02905 0.0573821 0)
(1.02638 0.056802 0)
(1.02377 0.0561866 0)
(1.02124 0.0555389 0)
(1.01877 0.0548618 0)
(1.01637 0.0541582 0)
(1.01404 0.0534306 0)
(1.01177 0.0526818 0)
(1.00957 0.0519142 0)
(1.00742 0.0511303 0)
(1.00534 0.0503323 0)
(1.00332 0.0495225 0)
(1.00135 0.048703 0)
(0.999445 0.0478758 0)
(0.997593 0.0470427 0)
(0.995796 0.0462056 0)
(0.994053 0.0453661 0)
(0.992362 0.0445258 0)
(0.990723 0.0436862 0)
(0.989135 0.0428488 0)
(0.987596 0.0420147 0)
(0.986106 0.0411852 0)
(0.984664 0.0403614 0)
(0.983268 0.0395443 0)
(0.981919 0.0387348 0)
(0.980615 0.0379337 0)
(0.979355 0.0371418 0)
(0.97814 0.0363597 0)
(0.976967 0.0355881 0)
(0.975838 0.0348273 0)
(0.97475 0.0340779 0)
(0.973703 0.0333401 0)
(0.972698 0.0326142 0)
(0.971733 0.0319006 0)
(0.970809 0.0311988 0)
(0.969923 0.0305099 0)
(0.969079 0.0298319 0)
(0.968272 0.0291679 0)
(0.967507 0.0285121 0)
(0.966776 0.0278738 0)
(0.966095 0.0272354 0)
(0.965439 0.0266259 0)
(0.964847 0.0259935 0)
(0.964263 0.0254248 0)
(0.96377 0.0247678 0)
(0.963267 0.0242817 0)
(0.96287 0.0235103 0)
(0.962502 0.0232446 0)
(0.962134 0.0220212 0)
(1.02464 0.0601223 0)
(1.02186 0.0596172 0)
(1.01916 0.0590691 0)
(1.01653 0.058481 0)
(1.01397 0.0578562 0)
(1.01148 0.0571976 0)
(1.00907 0.0565082 0)
(1.00673 0.055791 0)
(1.00445 0.0550485 0)
(1.00224 0.0542836 0)
(1.0001 0.0534988 0)
(0.998015 0.0526966 0)
(0.995996 0.0518793 0)
(0.994039 0.0510492 0)
(0.992142 0.0502084 0)
(0.990303 0.0493591 0)
(0.988521 0.0485032 0)
(0.986795 0.0476425 0)
(0.985125 0.0467788 0)
(0.983507 0.0459138 0)
(0.981942 0.0450489 0)
(0.980429 0.0441857 0)
(0.978966 0.0433254 0)
(0.977552 0.0424694 0)
(0.976187 0.0416187 0)
(0.974869 0.0407745 0)
(0.973598 0.0399378 0)
(0.972372 0.0391093 0)
(0.971191 0.03829 0)
(0.970054 0.0374804 0)
(0.96896 0.0366814 0)
(0.967909 0.0358933 0)
(0.9669 0.0351168 0)
(0.965933 0.034352 0)
(0.965006 0.0335995 0)
(0.964119 0.0328593 0)
(0.963272 0.0321318 0)
(0.962465 0.0314166 0)
(0.961696 0.0307147 0)
(0.960968 0.0300241 0)
(0.960275 0.0293479 0)
(0.959625 0.0286799 0)
(0.959007 0.0280302 0)
(0.958438 0.0273797 0)
(0.957892 0.0267598 0)
(0.957412 0.0261143 0)
(0.956934 0.0255371 0)
(0.956556 0.0248637 0)
(0.956147 0.0243736 0)
(0.955879 0.023577 0)
(0.955575 0.0233174 0)
(0.955383 0.0220471 0)
(1.01171 0.0612868 0)
(1.00905 0.0607334 0)
(1.00647 0.0601384 0)
(1.00396 0.0595053 0)
(1.00153 0.0588369 0)
(0.999174 0.0581364 0)
(0.996888 0.0574066 0)
(0.994673 0.0566504 0)
(0.992526 0.0558705 0)
(0.990446 0.0550696 0)
(0.988432 0.0542501 0)
(0.986481 0.0534145 0)
(0.984594 0.0525651 0)
(0.982768 0.0517042 0)
(0.981002 0.0508338 0)
(0.979294 0.049956 0)
(0.977643 0.0490727 0)
(0.976049 0.0481857 0)
(0.974508 0.0472967 0)
(0.973022 0.0464073 0)
(0.971587 0.0455191 0)
(0.970203 0.0446334 0)
(0.96887 0.0437515 0)
(0.967585 0.0428747 0)
(0.966348 0.042004 0)
(0.965158 0.0411406 0)
(0.964014 0.0402853 0)
(0.962915 0.039439 0)
(0.96186 0.0386025 0)
(0.960848 0.0377765 0)
(0.959879 0.0369615 0)
(0.958952 0.036158 0)
(0.958066 0.0353667 0)
(0.957221 0.0345876 0)
(0.956416 0.0338213 0)
(0.95565 0.0330678 0)
(0.954924 0.0323274 0)
(0.954236 0.0315997 0)
(0.953585 0.0308858 0)
(0.952974 0.0301834 0)
(0.952397 0.029496 0)
(0.951863 0.0288166 0)
(0.951359 0.0281564 0)
(0.950905 0.0274947 0)
(0.950469 0.0268652 0)
(0.950103 0.0262076 0)
(0.949731 0.0256227 0)
(0.949469 0.024934 0)
(0.949155 0.0244404 0)
(0.949016 0.0236199 0)
(0.948776 0.0233665 0)
(0.94876 0.0220518 0)
(0.998732 0.0623723 0)
(0.996205 0.0617716 0)
(0.993756 0.0611313 0)
(0.991384 0.0604544 0)
(0.989088 0.0597439 0)
(0.986866 0.0590028 0)
(0.984715 0.058234 0)
(0.982635 0.0574403 0)
(0.980625 0.0566244 0)
(0.978681 0.0557888 0)
(0.976803 0.0549361 0)
(0.974989 0.0540685 0)
(0.973238 0.0531884 0)
(0.971548 0.052298 0)
(0.969918 0.0513994 0)
(0.968346 0.0504944 0)
(0.966831 0.0495851 0)
(0.965372 0.0486731 0)
(0.963967 0.0477601 0)
(0.962614 0.0468477 0)
(0.961313 0.0459373 0)
(0.960063 0.0450303 0)
(0.958862 0.044128 0)
(0.95771 0.0432316 0)
(0.956604 0.0423422 0)
(0.955545 0.0414607 0)
(0.954531 0.040588 0)
(0.953561 0.039725 0)
(0.952635 0.0388724 0)
(0.951751 0.0380309 0)
(0.950909 0.0372011 0)
(0.950108 0.0363833 0)
(0.949348 0.0355781 0)
(0.948627 0.0347858 0)
(0.947945 0.0340067 0)
(0.947302 0.0332408 0)
(0.946697 0.0324885 0)
(0.94613 0.0317493 0)
(0.945599 0.0310242 0)
(0.945106 0.0303109 0)
(0.944647 0.0296131 0)
(0.94423 0.0289234 0)
(0.94384 0.0282535 0)
(0.943502 0.0275815 0)
(0.943177 0.0269432 0)
(0.942926 0.0262744 0)
(0.942659 0.0256824 0)
(0.942515 0.0249794 0)
(0.942295 0.0244829 0)
(0.942286 0.02364 0)
(0.94211 0.0233927 0)
(0.94227 0.0220364 0)
(0.985751 0.0633781 0)
(0.983363 0.0627319 0)
(0.981055 0.0620476 0)
(0.978824 0.0613284 0)
(0.976668 0.0605773 0)
(0.974587 0.0597972 0)
(0.972578 0.0589909 0)
(0.97064 0.0581612 0)
(0.968771 0.0573108 0)
(0.966969 0.056442 0)
(0.965232 0.0555574 0)
(0.96356 0.0546594 0)
(0.96195 0.0537501 0)
(0.960401 0.0528316 0)
(0.958911 0.0519061 0)
(0.957479 0.0509754 0)
(0.956104 0.0500413 0)
(0.954783 0.0491057 0)
(0.953516 0.04817 0)
(0.952302 0.0472358 0)
(0.951138 0.0463046 0)
(0.950024 0.0453777 0)
(0.948959 0.0444562 0)
(0.947941 0.0435414 0)
(0.94697 0.0426344 0)
(0.946044 0.0417359 0)
(0.945162 0.040847 0)
(0.944324 0.0399685 0)
(0.943529 0.0391009 0)
(0.942775 0.038245 0)
(0.942062 0.0374014 0)
(0.941389 0.0365703 0)
(0.940755 0.0357524 0)
(0.94016 0.0349478 0)
(0.939603 0.0341568 0)
(0.939084 0.0333795 0)
(0.938602 0.0326163 0)
(0.938156 0.0318664 0)
(0.937746 0.0311311 0)
(0.937373 0.0304079 0)
(0.937032 0.0297006 0)
(0.936732 0.0290013 0)
(0.936458 0.0283226 0)
(0.936235 0.0276411 0)
(0.936023 0.0269949 0)
(0.935887 0.0263158 0)
(0.935726 0.0257175 0)
(0.9357 0.0250013 0)
(0.935574 0.0245023 0)
(0.935695 0.0236385 0)
(0.935583 0.0233969 0)
(0.935917 0.0220022 0)
(0.972793 0.0643045 0)
(0.970551 0.0636143 0)
(0.968389 0.0628877 0)
(0.966305 0.0621279 0)
(0.964297 0.0613378 0)
(0.962363 0.0605202 0)
(0.960501 0.0596781 0)
(0.958709 0.058814 0)
(0.956987 0.0579305 0)
(0.955331 0.0570301 0)
(0.953741 0.0561153 0)
(0.952214 0.0551882 0)
(0.950749 0.0542511 0)
(0.949345 0.0533061 0)
(0.947999 0.0523551 0)
(0.946711 0.0514001 0)
(0.945478 0.0504427 0)
(0.944299 0.0494847 0)
(0.943174 0.0485277 0)
(0.9421 0.0475731 0)
(0.941076 0.0466224 0)
(0.940101 0.0456767 0)
(0.939174 0.0447374 0)
(0.938293 0.0438054 0)
(0.937458 0.0428819 0)
(0.936667 0.0419677 0)
(0.93592 0.0410637 0)
(0.935215 0.0401707 0)
(0.934552 0.0392893 0)
(0.933929 0.0384201 0)
(0.933346 0.0375637 0)
(0.932802 0.0367204 0)
(0.932297 0.0358907 0)
(0.931829 0.0350748 0)
(0.931398 0.034273 0)
(0.931004 0.0334852 0)
(0.930645 0.0327119 0)
(0.930322 0.0319524 0)
(0.930033 0.0312078 0)
(0.92978 0.0304754 0)
(0.929558 0.0297595 0)
(0.929376 0.0290515 0)
(0.929218 0.0283648 0)
(0.929111 0.0276747 0)
(0.929011 0.0270214 0)
(0.92899 0.0263329 0)
(0.928935 0.0257289 0)
(0.929026 0.0250006 0)
(0.928994 0.0244995 0)
(0.929246 0.0236165 0)
(0.929197 0.0233802 0)
(0.929704 0.0219502 0)
(0.959883 0.0651521 0)
(0.957794 0.0644195 0)
(0.955785 0.0636524 0)
(0.953853 0.0628536 0)
(0.951997 0.0620262 0)
(0.950215 0.0611729 0)
(0.948504 0.0602965 0)
(0.946864 0.0593996 0)
(0.945293 0.0584848 0)
(0.943787 0.0575544 0)
(0.942347 0.0566108 0)
(0.940969 0.0556563 0)
(0.939653 0.0546929 0)
(0.938397 0.0537228 0)
(0.937198 0.0527479 0)
(0.936056 0.0517699 0)
(0.934969 0.0507906 0)
(0.933935 0.0498117 0)
(0.932953 0.0488347 0)
(0.932022 0.047861 0)
(0.93114 0.046892 0)
(0.930306 0.0459289 0)
(0.929519 0.0449728 0)
(0.928777 0.044025 0)
(0.92808 0.0430862 0)
(0.927426 0.0421574 0)
(0.926814 0.0412395 0)
(0.926244 0.0403331 0)
(0.925714 0.0394389 0)
(0.925224 0.0385575 0)
(0.924772 0.0376894 0)
(0.924359 0.0368348 0)
(0.923982 0.0359944 0)
(0.923642 0.0351681 0)
(0.923338 0.0343564 0)
(0.923069 0.0335591 0)
(0.922834 0.0327767 0)
(0.922634 0.0320084 0)
(0.922466 0.0312553 0)
(0.922334 0.0305148 0)
(0.922231 0.029791 0)
(0.922167 0.0290753 0)
(0.922125 0.0283814 0)
(0.922134 0.0276835 0)
(0.922145 0.0270238 0)
(0.92224 0.0263269 0)
(0.922291 0.0257178 0)
(0.9225 0.0249786 0)
(0.922561 0.0244755 0)
(0.922943 0.0235751 0)
(0.922957 0.0233435 0)
(0.923635 0.0218814 0)
(0.947048 0.0659217 0)
(0.945116 0.0651487 0)
(0.943264 0.0643427 0)
(0.94149 0.0635069 0)
(0.93979 0.0626439 0)
(0.938165 0.0617566 0)
(0.93661 0.0608476 0)
(0.935125 0.0599196 0)
(0.933708 0.058975 0)
(0.932356 0.0580162 0)
(0.931069 0.0570455 0)
(0.929844 0.0560651 0)
(0.928679 0.055077 0)
(0.927573 0.0540833 0)
(0.926524 0.0530858 0)
(0.92553 0.0520864 0)
(0.924591 0.0510866 0)
(0.923704 0.0500882 0)
(0.922867 0.0490925 0)
(0.922081 0.048101 0)
(0.921342 0.047115 0)
(0.920651 0.0461357 0)
(0.920005 0.0451642 0)
(0.919404 0.0442016 0)
(0.918846 0.0432487 0)
(0.91833 0.0423066 0)
(0.917855 0.0413758 0)
(0.91742 0.0404572 0)
(0.917025 0.0395513 0)
(0.916668 0.0386587 0)
(0.916348 0.0377798 0)
(0.916065 0.0369151 0)
(0.915818 0.0360648 0)
(0.915606 0.0352292 0)
(0.915429 0.0344085 0)
(0.915285 0.0336027 0)
(0.915175 0.032812 0)
(0.915098 0.0320357 0)
(0.915052 0.0312751 0)
(0.91504 0.0305272 0)
(0.915056 0.0297965 0)
(0.91511 0.0290738 0)
(0.915183 0.0283735 0)
(0.915308 0.0276687 0)
(0.915431 0.0270032 0)
(0.91564 0.0262988 0)
(0.915796 0.0256852 0)
(0.916122 0.0249362 0)
(0.916276 0.0244315 0)
(0.916787 0.0235153 0)
(0.916864 0.0232877 0)
(0.917712 0.0217971 0)
(0.934309 0.0666147 0)
(0.93254 0.0658031 0)
(0.93085 0.0649602 0)
(0.929237 0.0640891 0)
(0.927698 0.0631923 0)
(0.926232 0.0622728 0)
(0.924836 0.061333 0)
(0.923509 0.0603756 0)
(0.92225 0.0594029 0)
(0.921055 0.0584174 0)
(0.919923 0.0574211 0)
(0.918852 0.0564164 0)
(0.917841 0.0554051 0)
(0.916887 0.0543893 0)
(0.91599 0.0533707 0)
(0.915147 0.0523512 0)
(0.914357 0.0513324 0)
(0.913618 0.0503157 0)
(0.912929 0.0493027 0)
(0.912288 0.0482948 0)
(0.911695 0.0472931 0)
(0.911147 0.0462988 0)
(0.910643 0.0453131 0)
(0.910183 0.0443369 0)
(0.909765 0.0433711 0)
(0.909388 0.0424167 0)
(0.90905 0.0414742 0)
(0.908752 0.0405444 0)
(0.908491 0.0396278 0)
(0.908268 0.0387251 0)
(0.90808 0.0378365 0)
(0.907928 0.0369625 0)
(0.907811 0.0361035 0)
(0.907727 0.0352594 0)
(0.907677 0.0344307 0)
(0.907659 0.0336171 0)
(0.907673 0.0328191 0)
(0.907719 0.0320358 0)
(0.907794 0.0312685 0)
(0.907902 0.030514 0)
(0.908036 0.0297771 0)
(0.908208 0.0290482 0)
(0.908396 0.0283423 0)
(0.908637 0.0276315 0)
(0.90887 0.0269609 0)
(0.909194 0.0262499 0)
(0.909454 0.0256323 0)
(0.909896 0.0248747 0)
(0.910141 0.0243683 0)
(0.910781 0.0234384 0)
(0.91092 0.0232139 0)
(0.911936 0.0216982 0)
(0.921689 0.0672327 0)
(0.920086 0.0663844 0)
(0.918561 0.0655066 0)
(0.917112 0.064602 0)
(0.915737 0.0636733 0)
(0.914434 0.0627233 0)
(0.9132 0.0617545 0)
(0.912034 0.0607694 0)
(0.910934 0.0597703 0)
(0.909897 0.0587596 0)
(0.908923 0.0577394 0)
(0.908009 0.0567119 0)
(0.907153 0.0556789 0)
(0.906354 0.0546425 0)
(0.905609 0.0536044 0)
(0.904918 0.0525662 0)
(0.904279 0.0515297 0)
(0.903689 0.0504962 0)
(0.903148 0.0494672 0)
(0.902654 0.048444 0)
(0.902206 0.0474279 0)
(0.901803 0.0464199 0)
(0.901442 0.0454211 0)
(0.901124 0.0444326 0)
(0.900846 0.043455 0)
(0.900607 0.0424893 0)
(0.900408 0.0415362 0)
(0.900246 0.0405963 0)
(0.90012 0.0396701 0)
(0.90003 0.0387582 0)
(0.899975 0.037861 0)
(0.899954 0.0369787 0)
(0.899966 0.0361117 0)
(0.90001 0.0352602 0)
(0.900086 0.0344243 0)
(0.900194 0.0336039 0)
(0.900331 0.0327994 0)
(0.9005 0.0320098 0)
(0.900696 0.0312366 0)
(0.900924 0.0304764 0)
(0.901176 0.0297341 0)
(0.901464 0.0289999 0)
(0.901767 0.028289 0)
(0.902122 0.0275729 0)
(0.902465 0.026898 0)
(0.902902 0.0261813 0)
(0.903266 0.0255601 0)
(0.903824 0.0247951 0)
(0.904159 0.0242871 0)
(0.904927 0.0233453 0)
(0.905126 0.0231229 0)
(0.906308 0.0215857 0)
(0.909208 0.0677775 0)
(0.907774 0.0668946 0)
(0.906417 0.0659837 0)
(0.905135 0.0650475 0)
(0.903925 0.0640888 0)
(0.902787 0.0631101 0)
(0.901717 0.062114 0)
(0.900713 0.0611029 0)
(0.899774 0.0600791 0)
(0.898898 0.0590449 0)
(0.898083 0.0580024 0)
(0.897327 0.0569536 0)
(0.896627 0.0559005 0)
(0.895983 0.0548449 0)
(0.895393 0.0537886 0)
(0.894854 0.0527332 0)
(0.894366 0.0516803 0)
(0.893927 0.0506314 0)
(0.893534 0.0495877 0)
(0.893188 0.0485506 0)
(0.892886 0.0475212 0)
(0.892627 0.0465007 0)
(0.892409 0.0454901 0)
(0.892233 0.0444902 0)
(0.892095 0.043502 0)
)
;

boundaryField
{
    inlet
    {
        type            uniformFixedValue;
        uniformValue    constant (1 0 0);
        value           nonuniform 0();
    }
    outlet
    {
        type            pressureInletOutletVelocity;
        value           nonuniform List<vector> 
50
(
(1.18924 0.00044918 0)
(1.18875 0.0013312 0)
(1.1878 0.00218898 0)
(1.18641 0.00303326 0)
(1.18459 0.00386755 0)
(1.18237 0.00469323 0)
(1.17976 0.00551123 0)
(1.17677 0.00632202 0)
(1.17341 0.0071256 0)
(1.16969 0.00792152 0)
(1.16562 0.00870892 0)
(1.16121 0.00948666 0)
(1.15648 0.0102533 0)
(1.15143 0.0110074 0)
(1.14609 0.0117471 0)
(1.14047 0.0124706 0)
(1.13458 0.0131762 0)
(1.12845 0.013862 0)
(1.12208 0.0145264 0)
(1.11551 0.0151677 0)
(1.10875 0.0157843 0)
(1.10181 0.0163749 0)
(1.09473 0.0169383 0)
(1.08752 0.0174734 0)
(1.08019 0.0179792 0)
(1.07278 0.0184552 0)
(1.06529 0.0189008 0)
(1.05775 0.0193156 0)
(1.05018 0.0196994 0)
(1.04259 0.0200523 0)
(1.03501 0.0203744 0)
(1.02743 0.0206659 0)
(1.01989 0.0209274 0)
(1.01239 0.0211593 0)
(1.00495 0.0213623 0)
(0.997583 0.0215372 0)
(0.990294 0.0216848 0)
(0.983095 0.021806 0)
(0.975997 0.0219018 0)
(0.969008 0.0219732 0)
(0.962134 0.0220212 0)
(0.955383 0.0220471 0)
(0.94876 0.0220518 0)
(0.94227 0.0220364 0)
(0.935917 0.0220022 0)
(0.929704 0.0219502 0)
(0.923635 0.0218814 0)
(0.917712 0.0217971 0)
(0.911936 0.0216982 0)
(0.906308 0.0215857 0)
)
;
    }
    cylinder
    {
        type            fixedValue;
        value           nonuniform 0();
    }
    top
    {
        type            symmetryPlane;
    }
    bottom
    {
        type            symmetryPlane;
    }
    defaultFaces
    {
        type            empty;
    }
    procBoundary3to2
    {
        type            processor;
        value           nonuniform List<vector> 
50
(
(1.25397 0.000391797 0)
(1.25405 0.00117257 0)
(1.25421 0.00195301 0)
(1.25442 0.00274351 0)
(1.25466 0.00355341 0)
(1.25489 0.00439116 0)
(1.25509 0.00526437 0)
(1.25521 0.00617996 0)
(1.25522 0.00714412 0)
(1.25507 0.00816232 0)
(1.25474 0.00923932 0)
(1.25417 0.0103791 0)
(1.25332 0.0115847 0)
(1.25216 0.0128585 0)
(1.25065 0.0142019 0)
(1.24874 0.015615 0)
(1.2464 0.0170975 0)
(1.2436 0.0186476 0)
(1.24031 0.0202627 0)
(1.23651 0.0219393 0)
(1.23217 0.023673 0)
(1.22729 0.0254582 0)
(1.22184 0.027289 0)
(1.21582 0.0291585 0)
(1.20923 0.0310593 0)
(1.20208 0.0329836 0)
(1.19436 0.0349232 0)
(1.1861 0.0368697 0)
(1.1773 0.0388146 0)
(1.168 0.0407494 0)
(1.15821 0.0426659 0)
(1.14796 0.0445561 0)
(1.13728 0.0464122 0)
(1.1262 0.0482271 0)
(1.11476 0.0499939 0)
(1.10299 0.0517067 0)
(1.09092 0.0533597 0)
(1.07861 0.0549482 0)
(1.06607 0.0564678 0)
(1.05335 0.057915 0)
(1.04048 0.0592868 0)
(1.0275 0.0605809 0)
(1.01444 0.0617956 0)
(1.00134 0.0629299 0)
(0.98822 0.0639832 0)
(0.975116 0.0649554 0)
(0.962054 0.065847 0)
(0.94906 0.0666588 0)
(0.936159 0.0673921 0)
(0.923372 0.0680483 0)
)
;
    }
    procBoundary3to6
    {
        type            processor;
        value           uniform (0.910721 0.0686295 0);
    }
    procBoundary3to7
    {
        type            processor;
        value           nonuniform List<vector> 
53
(
(0.891996 0.0425262 0)
(0.891934 0.0415635 0)
(0.891908 0.0406145 0)
(0.891917 0.0396797 0)
(0.89196 0.0387597 0)
(0.892037 0.0378547 0)
(0.892146 0.036965 0)
(0.892287 0.0360911 0)
(0.892459 0.0352329 0)
(0.892662 0.0343908 0)
(0.892894 0.0335644 0)
(0.893154 0.0327542 0)
(0.893445 0.0319592 0)
(0.893761 0.0311808 0)
(0.894108 0.0304157 0)
(0.894477 0.0296687 0)
(0.894881 0.02893 0)
(0.895297 0.0282148 0)
(0.895766 0.0274943 0)
(0.896219 0.0268155 0)
(0.896768 0.0260941 0)
(0.897234 0.0254698 0)
(0.897906 0.0246986 0)
(0.898331 0.0241889 0)
(0.899224 0.0232371 0)
(0.899484 0.0230157 0)
(0.900828 0.0214607 0)
(0.896882 0.0682514 0)
(0.895619 0.0673359 0)
(0.894432 0.0663938 0)
(0.893319 0.0654279 0)
(0.892277 0.0644409 0)
(0.891305 0.0634353 0)
(0.8904 0.0624137 0)
(0.889561 0.0613783 0)
(0.888785 0.0603314 0)
(0.88807 0.0592753 0)
(0.887415 0.058212 0)
(0.886817 0.0571436 0)
(0.886275 0.0560718 0)
(0.885786 0.0549986 0)
(0.88535 0.0539255 0)
(0.884965 0.0528543 0)
(0.884628 0.0517863 0)
(0.884339 0.0507232 0)
(0.884096 0.0496661 0)
(0.883897 0.0486162 0)
(0.88374 0.0475749 0)
(0.883626 0.046543 0)
(0.883552 0.0455217 0)
(0.883516 0.0445117 0)
(0.891996 0.0425262 0)
(0.883519 0.0435139 0)
)
;
    }
}


// ************************************************************************* //
