/*--------------------------------*- C++ -*----------------------------------*\
  =========                 |
  \\      /  F ield         | OpenFOAM: The Open Source CFD Toolbox
   \\    /   O peration     | Website:  https://openfoam.org
    \\  /    A nd           | Version:  7
     \\/     M anipulation  |
\*---------------------------------------------------------------------------*/
FoamFile
{
    version     2.0;
    format      ascii;
    class       volVectorField;
    location    "30";
    object      U;
}
// * * * * * * * * * * * * * * * * * * * * * * * * * * * * * * * * * * * * * //

dimensions      [0 1 -1 0 0 0 0];

internalField   nonuniform List<vector> 
2625
(
(0.00697534 -0.0027032 -2.6312e-21)
(0.0488906 -0.00601409 7.46433e-21)
(0.00718209 -0.00810267 -7.50772e-21)
(0.0493325 -0.0180293 3.1371e-21)
(0.00759493 -0.0134836 4.97287e-20)
(0.050215 -0.0300081 1.53667e-20)
(0.0082126 -0.0188347 -3.21984e-20)
(0.0515358 -0.0419274 -2.36931e-20)
(0.0090333 -0.0241449 9.87828e-21)
(0.0532915 -0.053764 -2.38904e-20)
(0.0100546 -0.0294029 7.39749e-21)
(0.0554773 -0.0654948 7.97216e-20)
(0.0112737 -0.0345977 -4.76476e-20)
(0.0580876 -0.077097 -3.57739e-20)
(0.012687 -0.0397183 6.51982e-20)
(0.0611156 -0.0885483 -2.73887e-20)
(0.0142905 -0.0447542 -6.30448e-20)
(0.0645534 -0.0998265 -1.08056e-19)
(0.0160797 -0.0496947 -6.19187e-20)
(0.0683921 -0.11091 1.65748e-19)
(0.143154 -0.146217 2.19957e-19)
(0.0180495 -0.0545298 1.7318e-19)
(0.0726217 -0.121777 -8.97487e-20)
(0.14851 -0.160635 -4.28487e-20)
(0.0201943 -0.0592494 -1.3919e-19)
(0.0772313 -0.132408 9.40352e-20)
(0.154351 -0.174766 4.90674e-20)
(0.0225083 -0.0638439 -8.42676e-20)
(0.082209 -0.142782 -1.65741e-19)
(0.160664 -0.188586 -1.88116e-20)
(0.0249847 -0.068304 1.80222e-19)
(0.0875418 -0.15288 1.37361e-19)
(0.167434 -0.202071 -7.59389e-22)
(0.0276168 -0.0726208 -9.70008e-21)
(0.0932161 -0.162683 4.84031e-20)
(0.174644 -0.215198 -1.14704e-19)
(0.0303971 -0.0767857 -3.57302e-20)
(0.0992172 -0.172173 3.04743e-20)
(0.182277 -0.227944 -4.29912e-20)
(0.0333178 -0.0807905 -5.09438e-20)
(0.10553 -0.181333 -1.88265e-19)
(0.190315 -0.240287 1.40215e-19)
(0.0363709 -0.0846275 3.65057e-20)
(0.112137 -0.190146 1.51787e-20)
(0.198739 -0.252208 -1.51917e-20)
(0.0395478 -0.0882895 7.15824e-20)
(0.119022 -0.198595 8.64839e-20)
(0.207529 -0.263686 1.23001e-20)
(0.0428396 -0.0917696 -4.74236e-20)
(0.126168 -0.206668 5.24592e-21)
(0.216663 -0.274701 3.79588e-20)
(0.0462373 -0.0950614 -4.39202e-20)
(0.133556 -0.214349 -1.81936e-19)
(0.226119 -0.285237 -1.86022e-19)
(0.0497313 -0.0981592 9.87106e-20)
(0.141166 -0.221625 -4.67641e-21)
(0.235876 -0.295277 9.43596e-20)
(0.0533121 -0.101058 6.40202e-20)
(0.14898 -0.228485 2.64235e-19)
(0.245909 -0.304804 1.47805e-19)
(0.332251 -0.346595 6.96053e-20)
(0.0569698 -0.103752 -2.19254e-20)
(0.156977 -0.234918 -1.28863e-19)
(0.256195 -0.313804 -3.41899e-19)
(0.343671 -0.357244 6.82778e-20)
(0.0606943 -0.106238 1.54937e-20)
(0.165136 -0.240913 2.07456e-19)
(0.266709 -0.322263 3.96317e-20)
(0.355365 -0.367322 6.69666e-20)
(0.0644753 -0.108512 -9.98613e-20)
(0.173438 -0.246462 -2.35509e-19)
(0.277425 -0.33017 2.74841e-19)
(0.367305 -0.376814 -4.94413e-20)
(0.0683026 -0.110571 -2.10009e-19)
(0.181859 -0.251556 6.24287e-20)
(0.288318 -0.337512 -9.74128e-21)
(0.379466 -0.385708 -8.63172e-20)
(0.0721658 -0.112412 1.85618e-19)
(0.19038 -0.256189 -2.81851e-20)
(0.299361 -0.344281 -6.00092e-20)
(0.39182 -0.393992 9.93381e-20)
(0.0760545 -0.114033 -6.68334e-20)
(0.198978 -0.260356 -6.31528e-21)
(0.310528 -0.350467 -4.52921e-20)
(0.404339 -0.401654 -5.00683e-20)
(0.079958 -0.115433 -1.04842e-20)
(0.207631 -0.26405 1.27041e-19)
(0.321792 -0.356062 2.74529e-20)
(0.416995 -0.408685 2.48732e-20)
(0.0838661 -0.116611 -5.61218e-20)
(0.216317 -0.26727 -2.05866e-19)
(0.333126 -0.361062 -8.01295e-20)
(0.42976 -0.415078 -2.41836e-20)
(0.512289 -0.439079 1.71165e-19)
(0.0877683 -0.117568 2.08322e-19)
(0.225013 -0.270012 1.25651e-19)
(0.344502 -0.36546 1.00334e-20)
(0.442604 -0.420824 2.76744e-20)
(0.525671 -0.445847 -1.49715e-20)
(0.0916544 -0.118302 -2.09385e-19)
(0.233699 -0.272275 -3.17486e-20)
(0.355892 -0.369254 3.87117e-20)
(0.455497 -0.425919 -4.94759e-20)
(0.539139 -0.451971 -1.06819e-19)
(0.0955142 -0.118815 1.39582e-19)
(0.242351 -0.274059 1.96083e-21)
(0.367269 -0.372441 -2.89369e-21)
(0.468412 -0.430358 3.70535e-20)
(0.552665 -0.457446 6.64981e-20)
(0.0993377 -0.119109 -1.13943e-19)
(0.250947 -0.275364 5.21119e-21)
(0.378606 -0.37502 -5.07822e-20)
(0.481317 -0.434138 -1.89429e-20)
(0.56622 -0.462266 5.88461e-20)
(0.103115 -0.119186 1.65346e-19)
(0.259467 -0.276194 6.64493e-20)
(0.389873 -0.376991 1.02876e-19)
(0.494183 -0.437256 -6.43066e-20)
(0.579774 -0.466427 1.06566e-20)
(0.64866 -0.47358 -1.51727e-19)
(0.106836 -0.119048 -9.88499e-20)
(0.267887 -0.27655 -1.08635e-19)
(0.401044 -0.378356 -6.43252e-21)
(0.50698 -0.439713 -5.00281e-21)
(0.593298 -0.469927 -1.53363e-19)
(0.662349 -0.47793 1.19642e-19)
(0.110493 -0.118699 4.68111e-20)
(0.276187 -0.276437 5.95435e-20)
(0.412092 -0.379119 -1.13146e-19)
(0.519679 -0.44151 6.36097e-20)
(0.606763 -0.472765 6.65511e-20)
(0.676021 -0.481647 -2.36342e-20)
(0.114078 -0.118146 4.51576e-20)
(0.284349 -0.275864 3.6481e-20)
(0.42299 -0.379284 7.89253e-20)
(0.532251 -0.44265 -1.81443e-20)
(0.620139 -0.474941 -1.44846e-20)
(0.689649 -0.484731 -3.56733e-21)
(0.117577 -0.117387 -9.688e-20)
(0.292346 -0.274831 1.90152e-20)
(0.43371 -0.378856 -7.25967e-20)
(0.544664 -0.443134 -6.20514e-20)
(0.633397 -0.476454 -1.72972e-20)
(0.703202 -0.48718 -8.61211e-21)
(0.758527 -0.481465 -5.06236e-20)
(0.120944 -0.116393 8.24858e-20)
(0.300135 -0.273323 -2.01468e-20)
(0.444207 -0.377824 7.07978e-20)
(0.55688 -0.442956 6.20176e-20)
(0.646499 -0.477302 1.07139e-20)
(0.71665 -0.48899 9.77229e-21)
(0.771899 -0.484093 -1.98604e-19)
(0.124168 -0.11517 -3.61742e-20)
(0.307688 -0.271353 3.11812e-20)
(0.454454 -0.3762 -5.24426e-20)
(0.568866 -0.442127 2.15811e-20)
(0.659417 -0.477488 1.21204e-21)
(0.729964 -0.490162 -5.03703e-21)
(0.785187 -0.486128 9.78811e-20)
(0.127273 -0.11376 3.26908e-20)
(0.315011 -0.268957 -3.47237e-20)
(0.464439 -0.374012 1.7263e-20)
(0.580604 -0.440663 1.72824e-20)
(0.672125 -0.477024 -4.85191e-20)
(0.743118 -0.490703 1.33392e-20)
(0.798367 -0.487573 5.30011e-20)
(0.130259 -0.112176 -1.64053e-20)
(0.322089 -0.266149 -2.62886e-21)
(0.474141 -0.371272 5.3871e-20)
(0.592068 -0.438576 -4.02985e-20)
(0.684597 -0.475917 2.64256e-20)
(0.756086 -0.490616 -6.32337e-20)
(0.811414 -0.488429 -1.22267e-19)
(0.853977 -0.474455 -9.78953e-21)
(0.133113 -0.11042 -1.37347e-20)
(0.328902 -0.26294 -2.49594e-20)
(0.483534 -0.367991 -3.58268e-20)
(0.60323 -0.435875 2.48033e-20)
(0.696803 -0.474174 -4.91891e-21)
(0.768839 -0.489906 5.40438e-20)
(0.824301 -0.488697 1.47465e-19)
(0.866702 -0.475547 2.82778e-20)
(0.135829 -0.108499 -7.14087e-21)
(0.335434 -0.259341 4.70185e-22)
(0.492597 -0.364184 1.78594e-20)
(0.614063 -0.432572 -1.78835e-21)
(0.708717 -0.471804 1.81899e-20)
(0.78135 -0.488578 -3.25288e-20)
(0.837001 -0.488381 -2.9783e-20)
(0.879296 -0.476102 1.56202e-20)
(0.138398 -0.10642 -2.13038e-20)
(0.341668 -0.255367 2.34274e-21)
(0.501305 -0.359864 7.72238e-22)
(0.624541 -0.428679 -1.06343e-20)
(0.720309 -0.468817 -1.81929e-20)
(0.793591 -0.486639 2.97223e-20)
(0.84949 -0.487484 -2.06621e-20)
(0.891733 -0.47612 4.84893e-20)
(0.923649 -0.456446 -2.71923e-20)
(0.140815 -0.10419 2.7499e-20)
(0.347588 -0.251031 2.21082e-21)
(0.509638 -0.355047 1.12668e-20)
(0.634638 -0.424212 4.8877e-21)
(0.731553 -0.465223 2.17078e-20)
(0.805534 -0.484097 -4.90063e-21)
(0.86174 -0.486011 -1.35612e-20)
(0.90399 -0.475604 -3.70752e-20)
(0.935678 -0.456725 -1.56116e-21)
(0.143074 -0.101816 -1.19513e-20)
(0.353181 -0.246348 8.49769e-22)
(0.517576 -0.349751 -1.19939e-20)
(0.64433 -0.419184 -4.18832e-21)
(0.742422 -0.461036 -2.46897e-21)
(0.817154 -0.48096 -2.42602e-20)
(0.873726 -0.483967 1.12011e-20)
(0.916044 -0.474557 7.5597e-21)
(0.947558 -0.456521 -1.79009e-20)
(0.970995 -0.432996 5.49318e-20)
(0.145169 -0.0993069 5.80049e-21)
(0.358433 -0.241335 1.65173e-21)
(0.525098 -0.343992 1.07909e-21)
(0.653594 -0.413613 -1.51055e-21)
(0.752892 -0.456267 -6.3313e-21)
(0.828423 -0.477238 1.80035e-20)
(0.885423 -0.48136 -3.0851e-21)
(0.92787 -0.472984 -7.0973e-20)
(0.959268 -0.455835 -4.89571e-20)
(0.982407 -0.43302 -8.33416e-21)
(0.147095 -0.0966705 2.51645e-21)
(0.36333 -0.236008 6.00301e-22)
(0.532186 -0.33779 1.09421e-20)
(0.662406 -0.407516 7.21125e-22)
(0.762936 -0.450933 -3.26133e-21)
(0.839316 -0.472942 6.67878e-21)
(0.896804 -0.478196 4.44354e-21)
(0.939443 -0.470888 1.36127e-20)
(0.970786 -0.454671 1.04372e-21)
(0.993679 -0.432614 -1.52447e-20)
(0.148848 -0.0939151 -4.38969e-21)
(0.367863 -0.230383 -1.97329e-20)
(0.538824 -0.331163 -1.45505e-20)
(0.670746 -0.400912 -3.77922e-21)
(0.77253 -0.445047 -2.12536e-22)
(0.849808 -0.468084 -9.29849e-21)
(0.907845 -0.474484 -1.26273e-20)
(0.950741 -0.468275 1.48099e-20)
(0.98209 -0.453032 1.01817e-20)
(1.00479 -0.431778 2.0918e-20)
(1.02121 -0.406945 -1.99534e-20)
(0.150423 -0.0910494 2.70445e-20)
(0.372019 -0.224478 -1.20081e-20)
(0.544994 -0.324132 -7.27427e-21)
(0.678591 -0.393818 8.91747e-21)
(0.781651 -0.438627 8.47488e-21)
(0.859873 -0.462677 3.64595e-22)
(0.918521 -0.470233 6.43298e-21)
(0.96174 -0.465151 -5.19292e-21)
(0.993158 -0.450921 2.83687e-20)
(1.01573 -0.430515 2.28723e-20)
(1.03186 -0.406354 3.48942e-20)
(0.151818 -0.0880824 -3.2482e-20)
(0.37579 -0.218312 5.52271e-21)
(0.550681 -0.316717 -5.88539e-21)
(0.685924 -0.386257 1.31398e-20)
(0.790277 -0.43169 7.5279e-22)
(0.869487 -0.456735 -6.6759e-22)
(0.928807 -0.465454 -2.25667e-21)
(0.972415 -0.461524 1.39048e-20)
(1.00397 -0.448343 -4.18343e-22)
(1.02646 -0.428827 -2.2426e-20)
(1.04236 -0.405383 -2.2605e-20)
(1.05359 -0.379891 -1.41135e-20)
(0.153028 -0.0850234 -2.23741e-20)
(0.379166 -0.211903 3.05295e-20)
(0.555872 -0.308941 1.24238e-20)
(0.692725 -0.37825 -3.37901e-20)
(0.798384 -0.424254 -2.95881e-20)
(0.878627 -0.450273 3.8851e-21)
(0.938679 -0.460157 3.35845e-21)
(0.982743 -0.4574 -2.22265e-21)
(1.0145 -0.445302 -6.68883e-22)
(1.03698 -0.426718 -8.9094e-21)
(1.05269 -0.404034 1.71225e-20)
(1.06361 -0.379132 3.8384e-20)
(0.154053 -0.0818816 5.5281e-22)
(0.382141 -0.205269 7.77451e-22)
(0.560554 -0.300826 5.04017e-20)
(0.698978 -0.369817 1.39957e-20)
(0.805954 -0.416339 1.78251e-20)
(0.88727 -0.443305 6.36962e-21)
(0.948113 -0.454354 -8.23044e-21)
(0.992701 -0.452789 1.0609e-21)
(1.02472 -0.441804 -2.38422e-21)
(1.04726 -0.42419 7.06049e-21)
(1.06284 -0.402308 -3.08285e-21)
(1.07349 -0.378038 -3.96119e-20)
(1.08077 -0.352806 -3.0656e-20)
(0.15489 -0.0786663 -8.69586e-21)
(0.384707 -0.19843 -3.38305e-20)
(0.564715 -0.292395 -3.13381e-20)
(0.704665 -0.360983 1.31556e-20)
(0.812966 -0.407966 -6.70499e-21)
(0.895393 -0.43585 7.29128e-21)
(0.957087 -0.448058 -1.86548e-21)
(1.00227 -0.447698 -7.76379e-21)
(1.03463 -0.437856 2.56621e-22)
(1.05728 -0.421249 5.12766e-21)
(1.07279 -0.400208 7.58207e-21)
(1.08322 -0.37661 2.08282e-20)
(1.09019 -0.351895 3.40256e-21)
(1.09487 -0.327102 2.9781e-20)
(0.155537 -0.0753869 9.06681e-20)
(0.38686 -0.191407 1.19123e-20)
(0.568346 -0.283671 -1.60812e-20)
(0.709773 -0.35177 -4.7691e-20)
(0.819401 -0.399155 -1.98032e-20)
(0.902976 -0.427924 -3.97495e-21)
(0.965577 -0.441283 -1.05975e-20)
(1.01141 -0.442139 5.3109e-21)
(1.04419 -0.433464 5.85461e-22)
(1.06702 -0.417897 -3.28458e-21)
(1.08251 -0.397736 6.81558e-21)
(1.09278 -0.37485 2.3462e-21)
(1.09947 -0.350689 1.00039e-21)
(1.1038 -0.326315 -6.37415e-21)
(0.155995 -0.072053 -3.94342e-20)
(0.388595 -0.184217 6.97583e-20)
(0.571437 -0.274678 -4.16918e-20)
(0.714287 -0.342204 1.39832e-20)
(0.825242 -0.389928 1.56913e-20)
(0.909998 -0.419546 -3.30197e-20)
(0.973563 -0.434043 3.10216e-21)
(1.02012 -0.436122 -9.53916e-22)
(1.05338 -0.428636 -5.17794e-21)
(1.07646 -0.41414 -3.27827e-22)
(1.092 -0.394895 -5.91878e-21)
(1.10216 -0.372759 -1.1741e-20)
(1.10861 -0.349189 1.56954e-20)
(1.11262 -0.325267 -1.67638e-22)
(1.1151 -0.301745 9.56631e-21)
(0.156263 -0.0686741 -5.5541e-20)
(0.389909 -0.176882 -5.65945e-20)
(0.573981 -0.26544 3.13404e-21)
(0.718197 -0.332308 -2.46205e-21)
(0.830473 -0.380309 3.35818e-20)
(0.916439 -0.410736 1.7514e-20)
(0.981021 -0.426354 1.93835e-20)
(1.02837 -0.429659 -1.37582e-21)
(1.06218 -0.423379 8.6498e-21)
(1.08557 -0.409984 3.55384e-21)
(1.10124 -0.39169 2.19733e-21)
(1.11134 -0.370339 1.6576e-21)
(1.1176 -0.347397 -3.85785e-21)
(1.12132 -0.32396 -1.19028e-20)
(1.12345 -0.300804 1.46359e-20)
(1.12465 -0.278447 3.37545e-20)
(0.156342 -0.0652596 2.26307e-20)
(0.3908 -0.169422 3.28197e-21)
(0.575973 -0.255982 1.20292e-20)
(0.721491 -0.322108 -4.1727e-20)
(0.835079 -0.37032 -2.77384e-20)
(0.922282 -0.401513 -1.64022e-20)
(0.987932 -0.418231 -2.78581e-20)
(1.03614 -0.42276 -9.97958e-21)
(1.07056 -0.417702 5.91303e-21)
(1.09435 -0.405433 -3.55953e-22)
(1.1102 -0.388123 -8.58024e-22)
(1.1203 -0.367594 1.14185e-21)
(1.12641 -0.345313 -7.80476e-21)
(1.12988 -0.322394 6.83374e-22)
(1.1317 -0.299635 5.8288e-21)
(1.13252 -0.277574 -1.35777e-20)
(1.13279 -0.256521 1.65699e-20)
(0.156232 -0.061819 2.49038e-20)
(0.391268 -0.161856 3.40333e-20)
(0.577407 -0.24633 4.73967e-21)
(0.724159 -0.311631 8.00221e-20)
(0.839046 -0.359986 2.88935e-20)
(0.927509 -0.391898 3.7167e-20)
(0.994275 -0.409691 5.28153e-21)
(1.04341 -0.415441 1.71971e-20)
(1.07852 -0.411615 -1.67537e-20)
(1.10277 -0.400495 -5.69652e-21)
(1.11886 -0.384199 -1.11812e-21)
(1.12902 -0.364526 2.09038e-22)
(1.13504 -0.342941 5.83489e-22)
(1.13831 -0.320572 1.27771e-20)
(1.13983 -0.298237 -2.07763e-22)
(1.14031 -0.276498 -6.96334e-22)
(1.1402 -0.255684 -1.69656e-20)
(1.13971 -0.236064 4.0795e-22)
(0.155934 -0.0583615 1.20287e-20)
(0.391313 -0.154206 1.19391e-20)
(0.578281 -0.236507 3.76529e-20)
(0.726196 -0.300902 -2.2573e-20)
(0.842362 -0.349332 1.33012e-20)
(0.932103 -0.381913 1.27209e-20)
(1.00003 -0.400752 -1.1231e-20)
(1.05015 -0.407713 -1.22202e-20)
(1.08602 -0.405128 1.15529e-20)
(1.11081 -0.395177 -8.24366e-21)
(1.12721 -0.379923 1.38248e-21)
(1.13749 -0.361136 -3.01763e-21)
(1.14347 -0.340281 -1.62521e-22)
(1.14657 -0.318493 -3.79309e-21)
(1.14784 -0.296612 -6.94695e-21)
(1.148 -0.27522 -2.19635e-21)
(1.14754 -0.254666 6.6489e-21)
(1.14667 -0.235239 -8.37402e-21)
(1.1456 -0.216649 -4.58338e-21)
(0.155452 -0.0548965 -2.20183e-20)
(0.390935 -0.14649 -7.50891e-20)
(0.578592 -0.22654 1.0753e-20)
(0.727593 -0.289949 -6.55559e-20)
(0.845016 -0.338382 -3.52142e-20)
(0.93605 -0.371581 1.09093e-20)
(1.00518 -0.391433 4.39402e-22)
(1.05634 -0.399591 2.5477e-20)
(1.09305 -0.39825 -3.04515e-21)
(1.11844 -0.389486 1.33035e-20)
(1.13523 -0.375299 -3.04334e-21)
(1.14569 -0.35743 2.54914e-21)
(1.15169 -0.337335 -1.16198e-21)
(1.15467 -0.31616 2.52893e-22)
(1.15572 -0.29476 3.5098e-21)
(1.15559 -0.27374 2.53464e-22)
(1.15479 -0.253469 9.59774e-22)
(1.15356 -0.234252 2.05107e-20)
(1.15212 -0.215823 6.54354e-21)
(1.15009 -0.1995 2.39078e-21)
(0.154788 -0.0514329 -1.05594e-20)
(0.390139 -0.138729 1.27433e-20)
(0.57834 -0.216453 -6.6982e-20)
(0.728346 -0.278797 6.03143e-20)
(0.846998 -0.327163 2.84287e-20)
(0.939335 -0.360923 -4.18861e-20)
(1.00972 -0.381752 2.80355e-20)
(1.06197 -0.391091 -1.09622e-20)
(1.09959 -0.390994 1.08321e-20)
(1.12565 -0.383429 2.27843e-21)
(1.14289 -0.370333 -5.04203e-21)
(1.1536 -0.35341 3.43528e-21)
(1.15967 -0.334107 1.43495e-21)
(1.16258 -0.313575 -2.16901e-21)
(1.16345 -0.292684 -1.65625e-21)
(1.16306 -0.272061 -2.66966e-21)
(1.16195 -0.252094 3.05543e-21)
(1.16038 -0.233107 -8.22141e-21)
(1.15859 -0.214856 -1.75823e-20)
(1.15624 -0.198631 -4.03839e-21)
(0.153944 -0.0479798 8.28962e-22)
(0.388927 -0.130943 1.73833e-20)
(0.577527 -0.206271 4.7018e-20)
(0.728453 -0.267475 2.92195e-20)
(0.848301 -0.315701 -1.71949e-20)
(0.941947 -0.349964 -1.62605e-20)
(1.01361 -0.371729 3.66189e-20)
(1.06702 -0.382227 3.01855e-21)
(1.1056 -0.383371 -2.33022e-20)
(1.13242 -0.377015 4.1537e-21)
(1.15019 -0.36503 1.34171e-20)
(1.16121 -0.34908 1.85181e-21)
(1.16741 -0.330598 -6.27681e-21)
(1.1703 -0.310738 1.27668e-21)
(1.17103 -0.290385 -1.68667e-21)
(1.17041 -0.270183 1.77116e-21)
(1.16902 -0.250543 1.74498e-21)
(1.16713 -0.231803 1.41215e-21)
(1.16499 -0.213748 9.72128e-21)
(1.16235 -0.197634 2.12042e-21)
(0.152924 -0.0445456 1.48264e-20)
(0.387304 -0.12315 -4.72553e-21)
(0.576154 -0.196021 7.75147e-21)
(0.727911 -0.25601 -2.41613e-20)
(0.848917 -0.304023 -1.08955e-20)
(0.943873 -0.338728 -8.34397e-21)
(1.01685 -0.361386 -2.02926e-21)
(1.07147 -0.373017 2.38992e-20)
(1.11109 -0.375393 4.09287e-20)
(1.13873 -0.370254 1.73632e-20)
(1.15709 -0.359397 -1.50889e-20)
(1.1685 -0.344444 -8.92611e-21)
(1.17489 -0.32681 6.27243e-21)
(1.17781 -0.307651 7.06377e-22)
(1.17844 -0.287863 -3.03757e-22)
(1.17763 -0.268108 -1.2693e-21)
(1.17598 -0.248815 9.32071e-22)
(1.1738 -0.230342 1.82338e-21)
(1.17133 -0.212501 3.70077e-21)
(1.1684 -0.196511 -7.37478e-21)
(0.151733 -0.041139 3.06423e-20)
(0.385277 -0.115371 -2.05372e-20)
(0.574226 -0.185726 -5.87622e-20)
(0.726721 -0.244428 5.09244e-20)
(0.848843 -0.292155 1.04003e-20)
(0.945103 -0.32724 2.26517e-20)
(1.01942 -0.350742 -2.23144e-20)
(1.0753 -0.363478 -4.78343e-20)
(1.11602 -0.367074 -2.44114e-20)
(1.14455 -0.363154 -5.29474e-20)
(1.16359 -0.35344 -6.91569e-21)
(1.17545 -0.339507 1.45344e-20)
(1.18209 -0.322748 4.28248e-21)
(1.18509 -0.304317 7.35796e-22)
(1.18566 -0.28512 -1.17132e-21)
(1.18471 -0.265836 2.4439e-22)
(1.18282 -0.246914 1.0915e-21)
(1.18037 -0.228726 -6.07125e-21)
(1.17761 -0.211118 4.38103e-21)
(1.17441 -0.195263 6.72529e-21)
(0.150373 -0.0377679 -6.87757e-20)
(0.382851 -0.107624 4.87133e-20)
(0.571748 -0.175412 1.53917e-20)
(0.724883 -0.232758 -4.77827e-20)
(0.848073 -0.280125 1.74103e-20)
(0.94563 -0.315524 -6.09096e-21)
(1.0213 -0.33982 -2.74635e-20)
(1.0785 -0.353627 3.30219e-20)
(1.12037 -0.358427 2.35519e-21)
(1.14987 -0.355726 4.59697e-20)
(1.16965 -0.347166 2.72992e-20)
(1.18203 -0.334272 -6.32385e-21)
(1.18899 -0.318413 -1.59544e-20)
(1.19213 -0.300737 -2.54848e-21)
(1.1927 -0.282158 1.87489e-21)
(1.19163 -0.26337 1.32193e-21)
(1.18955 -0.244839 -1.39176e-21)
(1.18685 -0.226957 1.06254e-21)
(1.18381 -0.209599 -5.5716e-21)
(1.18035 -0.193894 -1.86208e-21)
(0.148852 -0.0344405 3.12458e-21)
(0.380036 -0.0999263 -4.17891e-20)
(0.568727 -0.165103 -1.82855e-20)
(0.722401 -0.221027 3.67955e-20)
(0.846607 -0.26796 -1.79796e-22)
(0.945446 -0.303606 5.65632e-21)
(1.0225 -0.328642 3.4949e-20)
(1.08104 -0.343483 -2.22946e-20)
(1.12414 -0.349467 -7.63102e-21)
(1.15467 -0.347981 -2.22959e-20)
(1.17526 -0.340583 1.15084e-20)
(1.18824 -0.328746 -2.39269e-21)
(1.19558 -0.31381 1.08766e-20)
(1.19892 -0.296914 -5.39642e-21)
(1.19953 -0.278978 -5.32833e-23)
(1.19839 -0.260709 -1.9468e-21)
(1.19615 -0.242593 4.03055e-22)
(1.19323 -0.225035 4.58624e-22)
(1.18992 -0.207946 -1.51902e-21)
(1.18622 -0.192404 -2.33594e-21)
(0.147173 -0.0311641 5.11023e-20)
(0.376839 -0.0922968 7.64281e-20)
(0.56517 -0.154823 -1.48696e-20)
(0.71928 -0.209261 -2.35871e-20)
(0.844444 -0.255688 2.17278e-20)
(0.944546 -0.291512 5.78985e-21)
(1.02299 -0.31723 -8.86236e-21)
(1.08292 -0.333065 5.22877e-21)
(1.1273 -0.340209 1.85222e-21)
(1.15893 -0.339929 9.50957e-21)
(1.18041 -0.333699 -1.83426e-20)
(1.19405 -0.322933 1.57676e-20)
(1.20184 -0.30894 -1.66328e-20)
(1.20544 -0.292849 1.58412e-20)
(1.20615 -0.275581 -1.00978e-21)
(1.20497 -0.257856 3.44132e-21)
(1.2026 -0.240175 1.30984e-21)
(1.1995 -0.222962 -1.14106e-22)
(1.19595 -0.20616 1.41964e-21)
(1.19203 -0.190795 1.57141e-21)
(0.145342 -0.027946 5.19519e-21)
(0.37327 -0.0847526 -5.47816e-20)
(0.561087 -0.144594 6.41996e-20)
(0.715525 -0.197488 -8.51225e-21)
(0.841585 -0.243336 -5.39361e-20)
(0.942925 -0.279268 3.49938e-20)
(1.02277 -0.305609 -3.87699e-21)
(1.08412 -0.322392 -2.73132e-20)
(1.12982 -0.330668 1.03762e-21)
(1.16263 -0.331582 -2.07082e-20)
(1.18507 -0.326522 -7.41621e-21)
(1.19944 -0.316839 -2.06011e-20)
(1.20775 -0.303809 1.71881e-20)
(1.21167 -0.288545 -8.42544e-21)
(1.21253 -0.271969 -4.28275e-22)
(1.21137 -0.254811 -6.08425e-22)
(1.20891 -0.237589 -2.46298e-21)
(1.20565 -0.220739 -1.2588e-21)
(1.20189 -0.204243 -3.89299e-22)
(1.19775 -0.189068 -1.22886e-21)
(0.143366 -0.0247931 -4.99567e-20)
(0.369341 -0.0773101 -1.43027e-20)
(0.556488 -0.134442 2.28376e-21)
(0.711145 -0.185734 -1.03595e-20)
(0.838033 -0.230931 -3.16811e-21)
(0.94058 -0.266901 -3.4087e-20)
(1.02183 -0.293802 -1.28835e-20)
(1.08463 -0.311484 2.02298e-21)
(1.13171 -0.32086 4.45037e-21)
(1.16574 -0.322953 5.69872e-21)
(1.18921 -0.31906 -1.92897e-21)
(1.2044 -0.31047 9.97972e-21)
(1.21329 -0.29842 -2.39956e-21)
(1.2176 -0.284005 1.80319e-21)
(1.21867 -0.268144 -4.64527e-21)
(1.21757 -0.251575 -7.67082e-21)
(1.21506 -0.234833 4.90029e-22)
(1.21167 -0.218366 1.80857e-21)
(1.20772 -0.202196 -5.34835e-22)
(1.2034 -0.187226 -1.52909e-23)
(0.141251 -0.021712 1.64173e-20)
(0.365063 -0.0699854 1.86702e-20)
(0.551386 -0.124387 8.09883e-21)
(0.706148 -0.174025 -2.06377e-22)
(0.833793 -0.218502 1.3844e-20)
(0.937511 -0.254437 -1.20274e-20)
(1.02016 -0.281833 7.0285e-21)
(1.08443 -0.300363 -2.91125e-21)
(1.13294 -0.310803 -1.90221e-20)
(1.16826 -0.314055 1.14146e-20)
(1.19283 -0.311324 1.39287e-20)
(1.2089 -0.303833 -4.31044e-21)
(1.21845 -0.292777 -4.02957e-21)
(1.22321 -0.27923 -1.79927e-21)
(1.22454 -0.264107 3.67563e-21)
(1.22355 -0.24815 3.45761e-21)
(1.22104 -0.23191 2.2367e-21)
(1.21756 -0.215845 -8.32148e-22)
(1.21345 -0.20002 2.29068e-22)
(1.20895 -0.185268 1.94288e-22)
(0.139004 -0.0187087 4.74507e-20)
(0.360447 -0.062794 -3.33007e-20)
(0.545793 -0.114451 -2.05095e-20)
(0.700545 -0.162388 8.77942e-21)
(0.828871 -0.206074 -2.46914e-20)
(0.933719 -0.241902 1.79055e-20)
(1.01776 -0.269726 -1.09253e-20)
(1.08352 -0.289049 2.72682e-20)
(1.1335 -0.300514 1.2764e-20)
(1.17017 -0.304901 6.40223e-21)
(1.1959 -0.303323 -6.18641e-21)
(1.21292 -0.296934 3.06261e-21)
(1.22321 -0.286885 3.68784e-21)
(1.22848 -0.274224 1.77399e-21)
(1.23014 -0.25986 -2.35433e-21)
(1.22932 -0.244537 6.12388e-22)
(1.22684 -0.22882 -2.52896e-21)
(1.2233 -0.213177 4.14097e-22)
(1.21906 -0.197715 -1.48369e-21)
(1.21441 -0.183195 -6.14608e-22)
(0.136631 -0.015789 -3.64629e-20)
(0.355507 -0.0557503 2.28972e-20)
(0.539723 -0.104656 1.16281e-20)
(0.694348 -0.150846 -4.53655e-21)
(0.823275 -0.193676 3.36013e-20)
(0.929205 -0.229324 -1.71929e-20)
(1.01462 -0.257506 3.971e-22)
(1.08189 -0.277565 -8.48508e-21)
(1.13337 -0.290011 1.81495e-21)
(1.17144 -0.295506 -1.55971e-20)
(1.19841 -0.295068 -5.05792e-21)
(1.21645 -0.289781 5.97718e-22)
(1.22754 -0.280748 -5.23481e-21)
(1.23339 -0.26899 -1.18066e-20)
(1.23545 -0.255404 -9.60319e-22)
(1.23484 -0.240737 -7.21419e-22)
(1.23244 -0.225564 -2.34429e-21)
(1.22889 -0.210362 1.16502e-21)
(1.22454 -0.195283 2.41066e-21)
(1.21976 -0.18101 1.30543e-21)
(0.13414 -0.0129582 7.04823e-21)
(0.350258 -0.0488684 3.88412e-21)
(0.533192 -0.0950216 -1.33923e-20)
(0.687571 -0.139425 7.11922e-21)
(0.817014 -0.181333 -4.60993e-21)
(0.923973 -0.216729 -1.01392e-21)
(1.01075 -0.245199 2.07716e-20)
(1.07952 -0.265932 1.1662e-21)
(1.13254 -0.279312 -9.61183e-21)
(1.17206 -0.285883 5.64295e-21)
(1.20033 -0.28657 -5.19749e-21)
(1.21947 -0.282382 3.98561e-21)
(1.23143 -0.274372 1.22458e-21)
(1.23794 -0.263531 9.92788e-21)
(1.24044 -0.250741 5.45369e-21)
(1.24011 -0.236751 3.52023e-21)
(1.23785 -0.222142 6.85548e-21)
(1.23431 -0.207402 -4.72392e-21)
(1.2299 -0.192723 1.19075e-21)
(1.22501 -0.178712 -1.54747e-21)
(0.131539 -0.0102213 -7.28803e-21)
(0.344712 -0.0421614 -1.11001e-21)
(0.526216 -0.0855677 1.44103e-20)
(0.680228 -0.128148 -3.20132e-21)
(0.810099 -0.169071 3.48092e-21)
(0.91803 -0.204143 8.23923e-21)
(1.00613 -0.232828 -1.85447e-20)
(1.07642 -0.254172 7.40728e-21)
(1.131 -0.268437 1.50356e-20)
(1.17202 -0.276049 -4.97183e-22)
(1.20164 -0.27784 6.47702e-21)
(1.22195 -0.274744 -5.305e-22)
(1.23486 -0.267762 8.08477e-22)
(1.24209 -0.25785 -3.75528e-22)
(1.24511 -0.245874 -1.25622e-21)
(1.24511 -0.232579 9.35297e-22)
(1.24303 -0.218555 -1.01711e-21)
(1.23955 -0.204295 3.92061e-21)
(1.23511 -0.190037 -2.35775e-21)
(1.23013 -0.176302 1.25731e-21)
(0.128837 -0.00758308 1.72038e-21)
(0.338889 -0.0356417 -3.59359e-21)
(0.518814 -0.0763127 -3.77001e-21)
(0.672338 -0.117039 1.30159e-21)
(0.802543 -0.156917 -5.50161e-21)
(0.911384 -0.191593 8.57565e-22)
(1.00078 -0.220421 -4.92489e-22)
(1.07258 -0.24231 -5.58636e-22)
(1.12874 -0.257405 -1.06016e-23)
(1.1713 -0.266019 -1.31379e-21)
(1.20234 -0.268891 1.57153e-21)
(1.22387 -0.266877 -2.74931e-21)
(1.2378 -0.260923 -3.37129e-21)
(1.24583 -0.25195 7.35875e-22)
(1.24943 -0.240804 2.08685e-21)
(1.24983 -0.228223 -8.6127e-22)
(1.24798 -0.214804 -1.42149e-21)
(1.24461 -0.201043 -5.75213e-22)
(1.24017 -0.187224 -3.41148e-22)
(1.23513 -0.17378 -3.72404e-22)
(0.126038 -0.00504751 4.74411e-21)
(0.332798 -0.0293206 -1.0712e-21)
(0.511001 -0.067274 -2.27417e-21)
(0.663915 -0.106119 -1.4704e-22)
(0.79436 -0.144895 -3.7871e-21)
(0.90404 -0.179105 -4.36236e-21)
(0.994694 -0.208001 3.06649e-21)
(1.06799 -0.230367 2.82549e-21)
(1.12574 -0.246235 -2.98908e-21)
(1.16989 -0.25581 1.64119e-21)
(1.20239 -0.259734 -2.9935e-22)
(1.22522 -0.25879 -1.60894e-22)
(1.24023 -0.253863 8.58063e-22)
(1.24913 -0.245836 -9.5691e-22)
(1.25339 -0.235534 -1.56752e-21)
(1.25424 -0.223684 -4.93084e-22)
(1.25268 -0.210889 -4.63374e-22)
(1.24947 -0.197645 2.16926e-22)
(1.24507 -0.184284 2.99038e-22)
(1.23999 -0.171147 -1.41393e-22)
(0.123123 -0.00261885 4.62646e-21)
(0.326434 -0.0232096 -9.47791e-22)
(0.50278 -0.0584687 -2.2275e-21)
(0.654964 -0.0954108 3.84101e-22)
(0.785553 -0.13303 -4.82725e-21)
(0.896004 -0.166703 -3.85024e-21)
(0.987871 -0.195594 2.68692e-21)
(1.06265 -0.218368 3.06826e-21)
(1.12201 -0.23495 -2.59245e-21)
(1.16776 -0.245438 1.59769e-21)
(1.20179 -0.250384 -7.16115e-22)
(1.22597 -0.250492 -5.45478e-23)
(1.24215 -0.246588 7.63242e-22)
(1.25198 -0.239512 -5.84459e-22)
(1.25696 -0.230065 -1.92766e-21)
(1.25834 -0.218962 -5.95619e-22)
(1.25712 -0.206809 -5.10406e-22)
(1.25411 -0.194102 2.13957e-22)
(1.24979 -0.181217 2.49975e-22)
(1.24471 -0.168401 -1.9889e-22)
(0.120099 -0.000302584 1.87212e-21)
(0.319816 -0.0173222 -3.86193e-21)
(0.494171 -0.0499156 -3.35475e-21)
(0.645509 -0.0849369 8.54225e-22)
(0.776143 -0.121347 -5.34354e-21)
(0.887289 -0.154417 7.89922e-23)
(0.980319 -0.183227 7.49444e-22)
(1.05655 -0.206337 -8.79941e-22)
(1.11753 -0.22357 -9.67875e-22)
(1.16492 -0.234923 -9.5175e-22)
(1.20051 -0.240855 1.13374e-21)
(1.22611 -0.241994 -3.31461e-21)
(1.24351 -0.239105 -3.69207e-21)
(1.25436 -0.232982 5.32582e-22)
(1.26013 -0.2244 2.71214e-21)
(1.2621 -0.21406 -9.18349e-22)
(1.26129 -0.202567 -2.20029e-21)
(1.25852 -0.190413 -1.3245e-21)
(1.25433 -0.178024 -1.49336e-23)
(1.24928 -0.165542 -8.62461e-22)
(0.117004 0.00189802 -7.85156e-21)
(0.312982 -0.011668 -1.67723e-21)
(0.485213 -0.0416299 1.51867e-20)
(0.635581 -0.0747174 -7.82368e-22)
(0.766157 -0.109871 -4.07327e-23)
(0.877914 -0.14227 1.18133e-20)
(0.972051 -0.170926 -2.02677e-20)
(1.04971 -0.194299 7.94186e-21)
(1.1123 -0.212118 1.55235e-20)
(1.16134 -0.224281 1.33689e-21)
(1.19854 -0.231162 7.65099e-21)
(1.22562 -0.233308 -1.74977e-21)
(1.24431 -0.231421 1.18428e-21)
(1.25624 -0.226252 7.6831e-22)
(1.26287 -0.218543 -1.95933e-21)
(1.26549 -0.208978 5.42429e-22)
(1.26515 -0.198161 -2.34097e-21)
(1.26269 -0.186578 6.34069e-21)
(1.25867 -0.174703 -3.92659e-21)
(1.25368 -0.162571 2.85247e-21)
(0.113848 0.00398072 5.93192e-21)
(0.305953 -0.00625473 6.19544e-21)
(0.475928 -0.0336249 -1.68812e-20)
(0.625205 -0.0647705 1.03969e-20)
(0.755616 -0.098623 -7.03788e-21)
(0.867897 -0.130287 5.56474e-22)
(0.963077 -0.158715 2.18136e-20)
(1.04213 -0.182277 4.69887e-21)
(1.10631 -0.200614 -1.21345e-20)
(1.15703 -0.213534 7.56488e-21)
(1.19586 -0.22132 -6.8272e-21)
(1.22447 -0.224444 4.2646e-21)
(1.24452 -0.223546 3.48755e-21)
(1.2576 -0.219327 1.46291e-20)
(1.26517 -0.212496 9.74964e-21)
(1.26851 -0.203718 5.60988e-21)
(1.2687 -0.193592 1.31701e-20)
(1.26661 -0.182597 -8.76936e-21)
(1.2628 -0.171254 1.8913e-21)
(1.25791 -0.159485 -4.78635e-21)
(0.110638 0.00594359 -4.55103e-20)
(0.298744 -0.00108941 2.99387e-20)
(0.466339 -0.025913 1.28354e-20)
(0.614404 -0.0551136 -8.92084e-21)
(0.74454 -0.0876242 4.75107e-20)
(0.857255 -0.118493 -2.35123e-20)
(0.953408 -0.146619 3.06824e-21)
(1.03381 -0.170296 -1.24983e-20)
(1.09957 -0.189083 2.34902e-21)
(1.15197 -0.202699 -1.9889e-20)
(1.19247 -0.211345 -5.98891e-21)
(1.22265 -0.215416 -4.62131e-22)
(1.24412 -0.215488 -8.23047e-21)
(1.25842 -0.212212 -2.10353e-20)
(1.267 -0.206263 9.32748e-22)
(1.27113 -0.198281 -1.38214e-21)
(1.27192 -0.188861 -4.84719e-21)
(1.27024 -0.17847 2.95989e-21)
(1.26671 -0.167676 7.20244e-21)
(1.26196 -0.156284 5.88135e-21)
(0.107382 0.00778517 5.81813e-20)
(0.291373 0.00382195 -3.98976e-20)
(0.456468 -0.0185055 -2.26375e-20)
(0.603202 -0.0457629 7.78686e-21)
(0.732953 -0.0768951 -3.09845e-20)
(0.846005 -0.106909 2.38385e-20)
(0.943058 -0.134662 -1.22515e-20)
(1.02476 -0.158379 3.77745e-20)
(1.09207 -0.177545 1.46784e-20)
(1.14615 -0.191796 8.72106e-21)
(1.18835 -0.201253 -5.57282e-21)
(1.22015 -0.206236 2.62093e-21)
(1.24309 -0.207257 7.93208e-21)
(1.25867 -0.204915 3.19007e-21)
(1.26833 -0.199847 -8.4502e-21)
(1.27333 -0.192669 4.71101e-21)
(1.27478 -0.183968 -8.95775e-21)
(1.27358 -0.174194 1.01784e-21)
(1.27037 -0.163968 -1.16814e-21)
(1.2658 -0.152965 -6.32126e-21)
(0.104086 0.00950452 2.0658e-20)
(0.283857 0.00847434 2.27256e-20)
(0.446337 -0.0114125 1.0349e-20)
(0.591622 -0.0367332 1.90411e-23)
(0.720878 -0.0664546 2.00422e-20)
(0.83417 -0.0955579 -1.46882e-20)
(0.932042 -0.122868 9.72198e-21)
(1.01498 -0.146551 -2.34708e-21)
(1.08382 -0.166023 -2.91712e-20)
(1.13957 -0.180846 1.66605e-20)
(1.18348 -0.191062 2.03617e-20)
(1.21694 -0.196918 -7.52878e-21)
(1.2414 -0.198862 -5.74012e-21)
(1.25834 -0.197441 -3.00234e-21)
(1.26915 -0.193252 9.29178e-21)
(1.27509 -0.186884 1.01719e-20)
(1.27726 -0.178912 1.3032e-20)
(1.27661 -0.169771 -9.43001e-21)
(1.27378 -0.160129 5.30959e-21)
(1.26943 -0.149527 -1.60066e-21)
(0.100758 0.0111011 -6.18445e-20)
(0.276215 0.0128637 -2.10241e-20)
(0.435969 -0.00464279 2.36026e-21)
(0.579691 -0.0280383 -1.46894e-20)
(0.708339 -0.0563208 -7.54981e-21)
(0.821769 -0.0844611 -4.38109e-20)
(0.920376 -0.11126 -1.42344e-20)
(1.00449 -0.134834 2.82553e-21)
(1.07481 -0.154541 3.46874e-21)
(1.13223 -0.169869 1.61079e-20)
(1.17786 -0.180789 -3.8709e-21)
(1.21301 -0.187476 1.73384e-20)
(1.23905 -0.190315 -2.77709e-21)
(1.2574 -0.189799 3.37966e-21)
(1.26942 -0.186484 -1.11313e-20)
(1.27637 -0.180929 -2.64956e-20)
(1.27935 -0.173696 -1.35854e-21)
(1.2793 -0.165199 1.63379e-20)
(1.27691 -0.156158 -8.65806e-22)
(1.27283 -0.145967 5.2185e-21)
(0.0974069 0.0125749 8.52474e-21)
(0.268464 0.0169871 -6.95199e-20)
(0.42539 0.00179611 8.3483e-20)
(0.567435 -0.0196904 -1.56106e-20)
(0.695364 -0.0465103 -7.31651e-20)
(0.808827 -0.0736387 5.16525e-20)
(0.90808 -0.0998604 -1.04079e-20)
(0.993306 -0.123253 -3.87936e-20)
(1.06506 -0.143121 1.40213e-21)
(1.12411 -0.158887 -4.53068e-20)
(1.17148 -0.170452 -1.12518e-20)
(1.20834 -0.177925 -4.30676e-20)
(1.23601 -0.181627 4.64936e-20)
(1.25583 -0.181996 -2.96839e-20)
(1.26914 -0.179547 2.73613e-21)
(1.27716 -0.174806 -1.04292e-20)
(1.28101 -0.16832 -2.00617e-20)
(1.28164 -0.160478 -8.6585e-21)
(1.27974 -0.152053 2.97438e-21)
(1.27598 -0.142283 3.98117e-21)
(0.0940391 0.0139262 6.52373e-20)
(0.260622 0.0208422 1.11644e-19)
(0.414621 0.00789782 -1.22716e-20)
(0.554881 -0.0117006 -4.0382e-20)
(0.681978 -0.0370387 2.28523e-20)
(0.795369 -0.06311 9.5595e-21)
(0.895172 -0.0886914 -1.22386e-20)
(0.98143 -0.111831 9.08543e-21)
(1.05457 -0.131786 1.10699e-21)
(1.11524 -0.14792 1.98966e-20)
(1.16432 -0.160071 -4.40484e-20)
(1.20292 -0.168281 4.00314e-20)
(1.23225 -0.17281 -4.48839e-20)
(1.2536 -0.174042 4.91792e-20)
(1.26826 -0.172447 1.37417e-21)
(1.27744 -0.168518 2.08661e-20)
(1.28223 -0.162784 5.36637e-21)
(1.2836 -0.155607 9.16095e-21)
(1.28226 -0.147814 -1.95389e-20)
(1.27888 -0.138472 -1.37054e-20)
(0.0906622 0.0151557 7.19629e-21)
(0.252707 0.024428 -6.47036e-20)
(0.403687 0.0136572 -2.53935e-20)
(0.542056 -0.00407847 5.14374e-20)
(0.66821 -0.0279202 5.09567e-21)
(0.781419 -0.0528929 4.6207e-22)
(0.881675 -0.0777737 6.197e-20)
(0.968884 -0.10059 -4.69621e-20)
(1.04335 -0.120558 -4.25419e-21)
(1.10559 -0.13699 -4.99629e-20)
(1.15639 -0.149665 2.19992e-20)
(1.19674 -0.158561 -1.89705e-20)
(1.22777 -0.163878 4.62913e-20)
(1.2507 -0.165946 -1.71574e-20)
(1.26677 -0.165191 -1.17585e-21)
(1.27716 -0.162069 -1.6953e-20)
(1.28297 -0.157091 -3.63929e-21)
(1.28515 -0.150587 -1.0209e-20)
(1.28445 -0.143437 1.28648e-20)
(1.28149 -0.13453 5.75246e-21)
(0.0872834 0.0162644 -9.60274e-20)
(0.244735 0.0277439 6.58486e-20)
(0.392613 0.0190704 3.48531e-20)
(0.528987 0.00316764 -7.71833e-20)
(0.654087 -0.0191675 2.83502e-20)
(0.767004 -0.0430044 -1.61408e-20)
(0.867612 -0.0671273 -5.22512e-20)
(0.955685 -0.0895509 6.66876e-20)
(1.03141 -0.109459 9.69773e-21)
(1.09519 -0.126119 1.18341e-19)
(1.14768 -0.139253 6.66362e-20)
(1.18978 -0.14878 -2.74513e-20)
(1.22254 -0.154843 -5.33122e-20)
(1.24709 -0.157718 -1.92814e-20)
(1.26464 -0.157785 1.76745e-20)
(1.27632 -0.155463 2.32286e-20)
(1.28322 -0.151242 3.49969e-20)
(1.28628 -0.145416 -9.26913e-21)
(1.28627 -0.138924 2.47693e-20)
(1.2838 -0.130456 1.05625e-20)
(0.0839097 0.0172537 4.12863e-20)
(0.236724 0.0307907 -2.09337e-20)
(0.381421 0.0241346 -1.06206e-19)
(0.515702 0.0100308 9.07361e-20)
(0.639639 -0.0107923 1.5402e-20)
(0.752154 -0.0334602 4.49129e-20)
(0.853008 -0.0567714 -4.36731e-20)
(0.941853 -0.0787363 -1.07553e-19)
(1.01877 -0.0985133 -6.81665e-20)
(1.08402 -0.115329 -1.39772e-19)
(1.13819 -0.128855 -1.44431e-20)
(1.18204 -0.138957 4.74177e-20)
(1.21654 -0.145721 1.96748e-20)
(1.24277 -0.149369 6.8447e-21)
(1.26184 -0.150238 -5.79807e-21)
(1.27488 -0.148705 -2.16202e-20)
(1.28293 -0.145239 -2.38047e-20)
(1.28695 -0.140096 3.59945e-20)
(1.28772 -0.134271 -2.10787e-20)
(1.28579 -0.126245 -2.02103e-20)
(0.0805481 0.0181254 1.99519e-20)
(0.228692 0.0335696 4.40542e-21)
(0.370135 0.0288484 3.65697e-22)
(0.502229 0.0165056 -4.03539e-20)
(0.624895 -0.00280449 -2.09651e-20)
(0.736896 -0.0242747 -1.67218e-20)
(0.837889 -0.0467239 4.37002e-21)
(0.92741 -0.0681664 4.66641e-20)
(1.00543 -0.0877411 9.73803e-20)
(1.07211 -0.104641 5.35491e-20)
(1.12791 -0.118493 -5.83266e-20)
(1.17351 -0.12911 -4.09277e-20)
(1.20977 -0.136526 5.26e-20)
(1.2377 -0.140912 -7.67607e-21)
(1.25835 -0.142558 -1.20547e-20)
(1.27281 -0.1418 2.87317e-20)
(1.28209 -0.139086 -3.5777e-21)
(1.28714 -0.134626 -1.58715e-20)
(1.28875 -0.12948 -7.70937e-21)
(1.28743 -0.121894 1.23506e-20)
(0.077205 0.0188816 -1.00182e-20)
(0.220653 0.0360829 3.62132e-20)
(0.358778 0.0332115 8.9559e-20)
(0.488596 0.0225878 4.34966e-20)
(0.609885 0.00478725 -3.13925e-20)
(0.72126 -0.0154608 -2.46999e-20)
(0.822282 -0.0370017 7.53619e-20)
(0.912377 -0.0578609 -1.36024e-21)
(0.991417 -0.0771642 -7.02656e-20)
(1.05946 -0.0940769 4.78753e-21)
(1.11685 -0.108186 7.57803e-20)
(1.16418 -0.119258 7.30866e-22)
(1.20221 -0.127275 -4.48549e-20)
(1.23187 -0.132359 2.87913e-20)
(1.25415 -0.134755 4.5364e-20)
(1.27008 -0.134756 -1.28474e-20)
(1.28067 -0.132787 -1.52455e-20)
(1.28681 -0.129009 -1.31169e-20)
(1.28934 -0.124548 -2.75765e-20)
(1.2887 -0.1174 -2.38624e-21)
(0.0738871 0.0195246 -1.99141e-20)
(0.212625 0.0383337 2.34609e-20)
(0.347375 0.0372247 -1.27685e-19)
(0.47483 0.0282746 1.17843e-19)
(0.59464 0.0119758 7.39109e-20)
(0.705278 -0.00703028 -9.99011e-20)
(0.806216 -0.0276204 6.89576e-20)
(0.896781 -0.0478387 -2.9933e-20)
(0.97675 -0.0668033 2.98468e-20)
(1.04608 -0.0836585 7.3291e-21)
(1.10502 -0.0979563 -2.38951e-20)
(1.15405 -0.10942 1.50876e-20)
(1.19385 -0.117984 3.77981e-20)
(1.22525 -0.123723 6.40537e-20)
(1.2492 -0.126838 -3.08094e-21)
(1.26667 -0.127578 2.18371e-20)
(1.27862 -0.126344 -2.47903e-20)
(1.28594 -0.123245 4.44147e-20)
(1.28947 -0.119476 3.96896e-20)
(1.28957 -0.11276 6.16047e-21)
(0.0706003 0.0200571 -4.52904e-20)
(0.204623 0.0403256 -1.38983e-19)
(0.335946 0.04089 1.71407e-20)
(0.460959 0.0335647 -1.28555e-19)
(0.57919 0.0187554 -8.79225e-20)
(0.68898 0.00100673 3.35155e-20)
(0.789721 -0.0185946 8.80898e-22)
(0.880647 -0.0381176 8.8312e-20)
(0.961449 -0.0566788 -1.59237e-20)
(1.03198 -0.0734069 6.27783e-20)
(1.09241 -0.0878241 -1.84237e-20)
(1.14311 -0.0996151 4.89043e-20)
(1.18467 -0.108671 -2.6353e-20)
(1.21784 -0.11502 -4.9823e-20)
(1.2435 -0.118819 -4.15176e-20)
(1.26255 -0.120276 9.88918e-21)
(1.27594 -0.119764 -3.88858e-21)
(1.2845 -0.117338 -5.80749e-20)
(1.28911 -0.114265 -1.76233e-20)
(1.29001 -0.107972 -1.70331e-20)
(0.0673508 0.020482 2.08605e-20)
(0.196662 0.0420632 4.51102e-21)
(0.324515 0.0442103 8.4323e-20)
(0.447011 0.038458 -4.71653e-20)
(0.563566 0.0251218 3.51458e-20)
(0.672398 0.0086415 1.07327e-20)
(0.772827 -0.0099371 -2.19134e-20)
(0.864003 -0.0287142 -4.12264e-20)
(0.945535 -0.04681 5.03181e-20)
(1.01719 -0.063343 -2.82436e-20)
(1.07904 -0.0778109 1.87046e-20)
(1.13137 -0.0898642 -7.57925e-20)
(1.17467 -0.0993541 1.09885e-20)
(1.20962 -0.106265 6.92928e-21)
(1.237 -0.110711 6.17349e-20)
(1.25769 -0.112858 -1.36876e-20)
(1.27257 -0.113053 6.83101e-21)
(1.28245 -0.111291 1.79006e-20)
(1.28821 -0.108915 1.05045e-22)
(1.29 -0.103033 1.55975e-20)
(0.064144 0.0208025 5.67146e-20)
(0.188758 0.0435517 6.89637e-20)
(0.313103 0.04719 1.09139e-20)
(0.433013 0.0429558 2.03841e-19)
(0.547797 0.0310723 6.33357e-20)
(0.655565 0.0158668 1.17271e-19)
(0.755568 -0.00165976 1.60573e-20)
(0.846879 -0.0196443 7.19116e-20)
(0.929036 -0.0372155 -8.03098e-20)
(1.00172 -0.0534872 -5.26238e-20)
(1.06492 -0.0679375 -3.36177e-21)
(1.11882 -0.0801875 1.39489e-20)
(1.16384 -0.0900515 -1.3193e-20)
(1.20056 -0.0974728 -1.02954e-19)
(1.2297 -0.102527 -9.3132e-21)
(1.25206 -0.105334 -6.43561e-21)
(1.2685 -0.106218 5.47957e-20)
(1.27976 -0.105108 2.24854e-21)
(1.28676 -0.10343 2.09576e-20)
(1.28949 -0.0979429 -2.17278e-20)
(0.0609855 0.0210221 7.66404e-20)
(0.180923 0.0447971 -1.96526e-21)
(0.301731 0.049834 3.26106e-20)
(0.418991 0.0470606 -8.26823e-20)
(0.531916 0.0366056 -8.99195e-20)
(0.638512 0.0226768 -5.30106e-20)
(0.737974 0.00622721 -9.11679e-20)
(0.829305 -0.0109222 -4.27467e-20)
(0.911976 -0.0279129 3.87302e-20)
(0.985596 -0.0438594 -3.90752e-20)
(1.05006 -0.0582249 -1.09338e-19)
(1.10548 -0.0706055 -1.99798e-20)
(1.15218 -0.0807826 6.35539e-20)
(1.19066 -0.0886618 1.79276e-20)
(1.22157 -0.0942799 -5.46922e-20)
(1.24565 -0.097716 5.07367e-20)
(1.26368 -0.0992664 1.11668e-20)
(1.27639 -0.0987944 -3.18245e-20)
(1.28471 -0.0978109 -9.93414e-21)
(1.28847 -0.0927013 1.13092e-20)
(0.0578803 0.0211445 -1.3807e-19)
(0.173173 0.0458058 -1.61626e-19)
(0.29042 0.0521486 2.9306e-20)
(0.404971 0.0507764 -7.76359e-21)
(0.515951 0.0417219 1.09557e-19)
(0.621273 0.0290674 8.07138e-20)
(0.72008 0.013715 8.59052e-20)
(0.811313 -0.00256081 -4.07874e-21)
(0.894384 -0.0189189 6.84927e-20)
(0.968833 -0.0344789 6.0857e-20)
(1.03448 -0.0486937 4.60457e-20)
(1.09135 -0.0611388 -6.24436e-21)
(1.13969 -0.0715671 2.86127e-20)
(1.17992 -0.0798493 5.95894e-20)
(1.2126 -0.0859861 -6.42928e-20)
(1.23841 -0.0900154 -1.58672e-20)
(1.2581 -0.0922084 -3.85133e-20)
(1.27232 -0.0923574 3.32727e-20)
(1.28204 -0.0920629 2.40921e-20)
(1.28688 -0.0873096 -2.15556e-20)
(0.0548331 0.0211734 -1.3116e-19)
(0.165518 0.046585 1.81236e-19)
(0.27919 0.0541409 -9.85203e-20)
(0.39098 0.0541082 5.01569e-20)
(0.499933 0.0464227 5.02041e-20)
(0.603881 0.0350359 -1.28419e-19)
(0.701919 0.0207964 3.56703e-20)
(0.792936 0.00542805 -9.6185e-21)
(0.87629 -0.0102489 -5.37788e-20)
(0.95146 -0.025364 -5.36931e-21)
(1.01819 -0.0393639 1.22777e-19)
(1.07644 -0.0518084 8.13021e-20)
(1.12637 -0.0624251 -1.15797e-19)
(1.16831 -0.0710538 7.18056e-22)
(1.20276 -0.0776613 1.4457e-19)
(1.23033 -0.082246 -2.19026e-20)
(1.25171 -0.0850541 2.26188e-20)
(1.2675 -0.0858047 -1.41568e-21)
(1.27869 -0.0861913 -1.19795e-20)
(1.2847 -0.081771 1.24349e-20)
(0.0518486 0.021113 2.72738e-19)
(0.157973 0.0471424 4.53916e-20)
(0.268059 0.0558188 -3.5003e-20)
(0.377041 0.0570623 -1.65273e-19)
(0.483892 0.0507111 -6.81282e-20)
(0.586367 0.0405812 -3.25356e-20)
(0.683525 0.0274657 -6.65639e-20)
(0.774207 0.0130342 8.90084e-20)
(0.857726 -0.00191741 8.27676e-20)
(0.933503 -0.0165322 4.14444e-20)
(1.00123 -0.0302553 -5.46061e-20)
(1.06077 -0.0426347 -4.5806e-20)
(1.11222 -0.053377 1.09591e-20)
(1.15583 -0.0622943 3.82714e-20)
(1.19205 -0.0693225 -1.08929e-19)
(1.22138 -0.0744221 -3.76352e-20)
(1.24449 -0.0778153 7.61174e-21)
(1.2619 -0.0791461 5.75934e-20)
(1.27465 -0.0802031 -4.87125e-20)
(1.28188 -0.0760908 -6.76847e-22)
(0.0489308 0.0209676 -1.64084e-20)
(0.150549 0.0474861 -1.23486e-19)
(0.257045 0.0571911 -1.37048e-19)
(0.363179 0.059646 7.06061e-20)
(0.467856 0.0545914 -4.00071e-20)
(0.568765 0.0457035 2.22837e-20)
(0.664933 0.0337185 7.53092e-21)
(0.755162 0.0202487 -1.38302e-19)
(0.838725 0.00606272 -1.23081e-19)
(0.914993 -0.00800003 -6.67387e-20)
(0.983595 -0.021387 -4.742e-20)
(1.04434 -0.0336381 -9.84465e-20)
(1.09724 -0.0444433 -1.01245e-20)
(1.14249 -0.0535904 1.04052e-20)
(1.18044 -0.0609875 6.08351e-21)
(1.21155 -0.0665593 -6.9086e-21)
(1.23642 -0.0705051 -3.52175e-20)
(1.25549 -0.0723925 -4.94891e-20)
(1.26987 -0.0741066 7.54185e-20)
(1.27839 -0.0702773 3.88705e-20)
(0.0460837 0.0207414 1.73879e-20)
(0.143256 0.0476249 1.6344e-20)
(0.246167 0.0582675 2.02978e-19)
(0.349417 0.0618679 6.28903e-20)
(0.451853 0.0580693 1.12809e-19)
(0.551107 0.0504047 4.54996e-20)
(0.646178 0.0395524 -1.28767e-19)
(0.735835 0.0270645 1.02242e-19)
(0.81932 0.0136798 3.58589e-20)
(0.895959 0.000216977 -3.27682e-20)
(0.965331 -0.0127771 3.48551e-20)
(1.02718 -0.0248387 1.45227e-19)
(1.08146 -0.0356446 -4.24859e-20)
(1.12829 -0.0449621 4.77293e-21)
(1.16794 -0.0526747 6.51437e-20)
(1.20081 -0.0586742 -3.15843e-20)
(1.22745 -0.0631378 -3.14929e-20)
(1.24823 -0.065557 -4.97156e-21)
(1.26431 -0.0679122 -5.55449e-20)
(1.27419 -0.0643418 -3.4921e-20)
(0.0433107 0.020439 -8.57963e-20)
(0.136105 0.0475679 1.39428e-19)
(0.235441 0.0590584 8.71892e-20)
(0.335778 0.0637375 -2.03413e-19)
(0.435911 0.0611517 -2.14139e-19)
(0.533424 0.0546882 4.19908e-20)
(0.627294 0.0449663 1.80931e-20)
(0.716264 0.0334757 6.94749e-21)
(0.799547 0.0209235 1.24535e-20)
(0.876435 0.00810461 5.59386e-20)
(0.94646 -0.00444323 -6.71045e-20)
(1.00932 -0.0162561 -1.61871e-19)
(1.06488 -0.0270013 1.54747e-19)
(1.11322 -0.0364299 -7.2156e-20)
(1.15453 -0.0444034 -5.1485e-20)
(1.18914 -0.0507842 5.61975e-20)
(1.21757 -0.0557286 2.57579e-20)
(1.24009 -0.058654 7.18846e-20)
(1.25794 -0.0616322 6.97367e-20)
(1.26922 -0.0582998 2.80664e-20)
(0.0406151 0.0200651 -2.07174e-19)
(0.129105 0.0473246 6.68236e-20)
(0.224882 0.0595749 -2.22808e-20)
(0.322283 0.0652654 8.3494e-20)
(0.420057 0.063847 -4.24267e-20)
(0.515747 0.0585587 1.46579e-20)
(0.608316 0.0499605 1.86704e-19)
(0.696483 0.0394782 -1.92725e-19)
(0.779443 0.0277851 -1.64634e-20)
(0.856455 0.0156499 1.0473e-19)
(0.927013 0.00359821 9.57768e-20)
(0.990761 -0.00790914 8.24107e-20)
(1.04752 -0.0185339 3.13856e-21)
(1.09729 -0.0280142 6.26419e-20)
(1.14021 -0.0361933 2.09764e-20)
(1.17654 -0.0429079 -9.33227e-21)
(1.20675 -0.0482942 -1.98032e-20)
(1.23103 -0.0517001 -1.26554e-19)
(1.25071 -0.0552807 -1.04354e-20)
(1.26346 -0.0521718 1.39129e-20)
(0.0379999 0.0196243 1.84117e-19)
(0.122265 0.0469048 -3.12399e-20)
(0.214506 0.0598286 -5.92264e-20)
(0.308952 0.066463 1.1097e-19)
(0.404316 0.0661645 9.97937e-20)
(0.498108 0.0620223 -1.46798e-19)
(0.589277 0.0545371 -1.15467e-19)
(0.676529 0.0450694 4.56666e-20)
(0.759044 0.0342572 -1.36638e-19)
(0.836055 0.0228411 -9.65668e-20)
(0.907023 0.0113318 -1.22965e-19)
(0.971547 0.000183824 -1.18372e-19)
(1.0294 -0.0102623 -1.97642e-19)
(1.08052 -0.0197355 5.2646e-20)
(1.12498 -0.0280645 -5.91953e-20)
(1.16299 -0.0350641 1.23843e-20)
(1.19498 -0.0408521 3.88573e-20)
(1.22103 -0.0447135 -5.77735e-20)
(1.24259 -0.0488739 -6.01488e-20)
(1.25685 -0.0459841 9.04882e-21)
(0.0354675 0.0191216 -7.08259e-20)
(0.115594 0.0463189 -1.93864e-19)
(0.204325 0.0598319 -2.21258e-19)
(0.295805 0.0673425 -5.16568e-20)
(0.388713 0.0681146 1.25812e-19)
(0.480535 0.0650865 2.12445e-19)
(0.570212 0.0586996 1.32965e-19)
(0.65644 0.0502482 -6.58181e-20)
(0.738388 0.0403343 -4.09139e-20)
(0.815272 0.029668 -6.31796e-20)
(0.886523 0.0187433 1.62554e-19)
(0.951704 0.00800546 4.68547e-20)
(1.01054 -0.00220595 1.10145e-19)
(1.06291 -0.0116143 -4.5934e-20)
(1.10885 -0.0200372 -4.89794e-20)
(1.14849 -0.0272726 -8.15232e-20)
(1.18222 -0.0334206 1.26313e-19)
(1.21004 -0.037714 9.46617e-20)
(1.23353 -0.0424303 1.20843e-20)
(1.24936 -0.0397703 -2.77745e-20)
(0.0330203 0.0185617 -2.03616e-20)
(0.109099 0.0455771 -2.06598e-20)
(0.194353 0.0595974 1.94139e-19)
(0.282861 0.0679169 -1.27687e-19)
(0.373273 0.0697088 -2.18927e-20)
(0.463057 0.0677599 -1.14048e-19)
(0.551153 0.0624528 -6.3466e-20)
(0.636251 0.0550152 -8.14138e-21)
(0.717514 0.046012 2.52732e-21)
(0.794144 0.0361218 3.74754e-20)
(0.86555 0.0258198 8.00877e-20)
(0.931264 0.0155394 -8.90995e-21)
(0.990971 0.0056163 -2.35042e-20)
(1.0445 -0.00367087 3.52702e-20)
(1.09182 -0.0121318 1.61927e-19)
(1.13303 -0.0195531 -2.76491e-20)
(1.16846 -0.0260183 -1.52456e-19)
(1.19805 -0.030723 -8.6369e-21)
(1.22351 -0.0359698 6.26288e-20)
(1.24093 -0.0335726 -3.59123e-20)
(0.0306602 0.0179497 -7.43846e-20)
(0.102786 0.0446901 1.38416e-19)
(0.184601 0.0591385 -1.04532e-19)
(0.270136 0.0682001 1.38735e-19)
(0.358017 0.0709598 2.63232e-20)
(0.445703 0.0700525 -1.14393e-19)
(0.532133 0.0658032 1.51413e-20)
(0.615999 0.0593724 2.70935e-19)
(0.69646 0.0512878 1.8936e-19)
(0.772711 0.0421954 4.47166e-21)
(0.844144 0.0325497 -1.80552e-19)
(0.910262 0.0227702 3.57231e-20)
(0.970716 0.0131863 -6.49868e-20)
(1.02529 0.00407515 9.20406e-21)
(1.07391 -0.00436841 -7.07684e-20)
(1.11661 -0.0119257 1.52273e-20)
(1.1537 -0.0186643 7.13132e-21)
(1.18503 -0.0237629 -3.07632e-20)
(1.21247 -0.0295138 -1.05131e-19)
(1.23152 -0.0274431 -1.64964e-20)
(0.0283889 0.0172904 2.44345e-19)
(0.0966608 0.0436689 -2.97722e-20)
(0.17508 0.0584688 1.8091e-19)
(0.257646 0.0682065 4.41878e-20)
(0.342967 0.0718808 -2.18914e-20)
(0.428499 0.0719754 1.69874e-19)
(0.513184 0.0687584 -4.64972e-20)
(0.595719 0.0633234 -8.08144e-20)
(0.675265 0.0561607 4.86641e-20)
(0.751013 0.0478828 1.42293e-19)
(0.822342 0.0389227 9.63535e-20)
(0.888734 0.0296839 2.44833e-20)
(0.94981 0.020487 5.14993e-20)
(1.00531 0.0116046 -7.24366e-20)
(1.05513 0.00323297 4.48492e-20)
(1.09923 -0.00441014 8.42081e-20)
(1.13791 -0.0113771 6.72738e-20)
(1.17094 -0.0168565 -4.70767e-20)
(1.20037 -0.0230846 1.2594e-19)
(1.22108 -0.0214466 -4.80975e-20)
(0.0262077 0.0165889 -2.60309e-19)
(0.0907291 0.0425243 -4.1914e-20)
(0.1658 0.0576021 -1.22415e-19)
(0.245406 0.0679508 -7.06762e-20)
(0.328143 0.072486 -1.2741e-19)
(0.41147 0.0735406 -1.03058e-21)
(0.494337 0.0713274 4.85143e-20)
(0.575447 0.0668731 9.65216e-20)
(0.653969 0.0606312 -1.56254e-21)
(0.729091 0.0531801 -9.99612e-20)
(0.800187 0.0449301 1.74486e-20)
(0.866722 0.0362675 3.893e-20)
(0.92829 0.027502 3.05265e-20)
(0.984596 0.0188989 -5.92935e-20)
(1.03549 0.010653 -6.8862e-21)
(1.08091 0.00297436 -1.98524e-20)
(1.1211 -0.00417486 -1.1618e-21)
(1.15577 -0.0100263 3.89469e-21)
(1.18717 -0.0167033 5.20355e-20)
(1.20956 -0.0156616 7.04423e-20)
(0.0241176 0.0158502 1.77236e-19)
(0.084995 0.0412675 1.09139e-21)
(0.15677 0.0565528 -4.21028e-21)
(0.233429 0.0674486 4.03355e-20)
(0.313565 0.0727902 9.34669e-20)
(0.394642 0.0747613 -1.2124e-19)
(0.475621 0.0735202 6.14742e-20)
(0.555218 0.070028 -1.3008e-19)
(0.632608 0.0647013 -2.03414e-19)
(0.706986 0.0580845 -1.96248e-19)
(0.777721 0.0505647 6.58395e-20)
(0.844266 0.0425096 6.48791e-20)
(0.906193 0.0342164 -3.19936e-20)
(0.963179 0.0259406 2.58983e-20)
(1.01504 0.017873 9.66998e-21)
(1.06165 0.0102093 6.1205e-20)
(1.10326 0.00292593 3.06033e-20)
(1.1395 -0.00329267 2.21238e-20)
(1.17282 -0.0103887 -9.11942e-20)
(1.1969 -0.0101832 2.81146e-20)
(0.0221193 0.0150791 3.68117e-20)
(0.0794623 0.0399095 -1.53852e-22)
(0.147996 0.0553351 -8.54333e-20)
(0.221729 0.0667157 -1.44154e-20)
(0.299249 0.0728091 -6.52846e-20)
(0.378037 0.0756514 1.01396e-19)
(0.457065 0.0753482 7.76872e-20)
(0.535065 0.0727958 -2.43198e-20)
(0.611223 0.0683746 1.80462e-19)
(0.684741 0.0625952 2.38043e-19)
(0.754988 0.0558208 -8.2542e-20)
(0.821409 0.0484 -1.22216e-19)
(0.883561 0.0406162 -1.56993e-20)
(0.941093 0.0327129 1.33892e-19)
(0.993787 0.0248749 1.17789e-20)
(1.04149 0.0172771 4.04172e-20)
(1.08439 0.00991051 -5.46168e-21)
(1.12211 0.00332739 2.68178e-20)
(1.15724 -0.00415288 -9.01006e-20)
(1.18303 -0.00512352 6.79694e-20)
(0.0202134 0.0142806 4.06033e-20)
(0.0741338 0.0384615 1.04707e-19)
(0.139487 0.0539636 1.55062e-19)
(0.210316 0.0657681 -9.63424e-20)
(0.285212 0.0725587 1.46052e-20)
(0.361677 0.0762256 -1.54712e-19)
(0.438697 0.0768237 -3.78206e-19)
(0.515021 0.0751855 -3.58217e-20)
(0.58985 0.0716561 -1.86081e-19)
(0.662396 0.0667124 -4.55942e-20)
(0.732031 0.0606943 -1.00743e-19)
(0.798197 0.0539301 -4.51245e-20)
(0.860438 0.0466887 3.01338e-21)
(0.918382 0.0392003 -8.87811e-20)
(0.971777 0.0316416 1.33683e-20)
(1.02043 0.0241617 -1.31883e-19)
(1.0645 0.0167665 -3.61047e-20)
(1.10359 0.00982328 6.55515e-20)
(1.14037 0.00200441 9.45916e-20)
(1.16787 -0.000608024 -4.76435e-20)
(0.0183999 0.0134595 4.7394e-20)
(0.0690118 0.0369344 5.22388e-21)
(0.131246 0.0524529 -1.828e-19)
(0.199201 0.0646222 1.37707e-19)
(0.271469 0.0720554 -8.89287e-20)
(0.345582 0.0764993 1.83363e-19)
(0.420542 0.0779599 2.71619e-19)
(0.495118 0.0772072 7.58218e-20)
(0.568527 0.074552 1.79069e-19)
(0.639993 0.0704383 3.85609e-20)
(0.708896 0.0651825 3.08759e-20)
(0.774677 0.0590928 2.03841e-20)
(0.836871 0.0524227 -3.11084e-20)
(0.895088 0.045388 8.01048e-20)
(0.949048 0.0381568 -9.07095e-21)
(0.998527 0.0308478 7.17074e-20)
(1.04362 0.0234843 -8.92729e-21)
(1.08394 0.0161934 5.5063e-20)
(1.12213 0.00810135 8.25239e-20)
(0.016679 0.0126208 -1.18112e-19)
(0.0640979 0.0353395 1.01182e-19)
(0.12328 0.0508177 -3.51915e-20)
(0.188391 0.0632946 -4.47419e-20)
(0.258034 0.0713162 1.04742e-19)
(0.329772 0.0764886 -1.70555e-20)
(0.402626 0.0787709 -1.38434e-19)
(0.475387 0.0788722 -1.80921e-19)
(0.547289 0.0770701 -3.66351e-20)
(0.617573 0.0737764 -1.66043e-19)
(0.685627 0.0692844 5.07414e-20)
(0.750895 0.0638823 1.16672e-19)
(0.812907 0.0578081 1.24614e-19)
(0.871259 0.0512626 -5.23065e-20)
(0.925644 0.044405 2.71509e-20)
(0.975807 0.0373215 -3.37968e-20)
(1.02177 0.0300569 1.0816e-19)
(1.06316 0.0224493 -4.22626e-20)
(1.1024 0.014178 -1.44832e-19)
(0.0150505 0.0117695 8.51562e-20)
(0.0593935 0.0336879 -1.17125e-19)
(0.115591 0.049073 1.52688e-19)
(0.177895 0.0618022 -3.34016e-20)
(0.244919 0.0703585 -3.1773e-20)
(0.314265 0.0762104 4.65681e-21)
(0.384972 0.0792718 -1.52221e-19)
(0.455857 0.0801928 1.63268e-19)
(0.526173 0.0792192 -1.07123e-19)
(0.595177 0.0767315 7.15033e-20)
(0.66227 0.0730004 2.12392e-20)
(0.726902 0.0682945 6.64837e-21)
(0.788598 0.0628363 -5.07406e-20)
(0.846947 0.0568115 -1.40594e-20)
(0.901614 0.050371 -5.83408e-20)
(0.952319 0.0435691 1.5059e-20)
(0.99899 0.0364794 -1.08744e-19)
(1.04128 0.0286249 -1.095e-19)
(1.08103 0.0203276 -3.34913e-20)
(0.0135129 0.0109092 -1.76606e-19)
(0.0548977 0.0319894 4.26999e-20)
(0.108183 0.0472322 -1.57307e-19)
(0.167718 0.0601608 -1.21908e-19)
(0.232134 0.069199 -3.19308e-20)
(0.299076 0.0756807 -2.06713e-20)
(0.367602 0.0794775 3.4341e-19)
(0.436556 0.0811818 8.03521e-20)
(0.505212 0.0810091 1.72881e-19)
(0.572845 0.0793096 1.74881e-19)
(0.63887 0.0763323 -1.0189e-19)
(0.702745 0.0723265 -5.37792e-20)
(0.763996 0.0674997 -8.44045e-20)
(0.822204 0.0620231 -1.49793e-20)
(0.877014 0.05604 4.93062e-20)
(0.92812 0.049576 -1.08208e-19)
(0.975341 0.0427457 1.33459e-19)
(1.01838 0.0347799 6.79984e-20)
(0.0120609 0.0100397 1.72832e-19)
(0.050605 0.0302492 -3.26457e-20)
(0.101051 0.0453045 1.62038e-19)
(0.157861 0.058382 1.09259e-19)
(0.219686 0.0678505 2.19472e-20)
(0.284216 0.074913 2.81363e-20)
(0.350533 0.0794005 -3.41563e-19)
(0.417509 0.0818502 -7.18989e-20)
(0.484438 0.0824484 -6.30606e-22)
(0.550615 0.0815162 -1.74374e-19)
(0.615471 0.0792819 1.00768e-19)
(0.678473 0.0759762 5.75184e-20)
(0.739153 0.0717919 1.03375e-19)
(0.797087 0.0668865 -4.59946e-21)
(0.851901 0.0613972 -4.51028e-20)
(0.903272 0.0553252 7.73741e-20)
(0.9509 0.0488392 -2.44788e-19)
(0.994553 0.0409447 -5.14075e-20)
(0.0106941 0.00916623 -8.56498e-20)
(0.0465157 0.0284784 -5.59759e-20)
(0.0941972 0.0433043 -1.51983e-19)
(0.148329 0.0564824 5.23451e-20)
(0.207582 0.0663306 1.32263e-20)
(0.2697 0.0739244 -1.4685e-20)
(0.333786 0.0790571 1.70538e-19)
(0.398741 0.0822123 3.22125e-20)
(0.463883 0.0835486 -7.07166e-20)
(0.528526 0.0833594 9.80986e-20)
(0.592118 0.0818533 -1.86324e-20)
(0.654139 0.0792431 -1.03995e-20)
(0.714126 0.0757077 4.91211e-20)
(0.771655 0.0713916 -8.77746e-20)
(0.826337 0.066427 6.57371e-20)
(0.87784 0.0607957 -3.09341e-20)
(0.925752 0.0547253 1.08145e-19)
(0.969987 0.0470377 1.14886e-19)
(0.00941604 0.00829771 -8.49154e-20)
(0.0426333 0.0266921 -8.63719e-20)
(0.0876275 0.0412505 1.90711e-19)
(0.139129 0.0544828 -9.24558e-20)
(0.195835 0.0646604 -1.22157e-19)
(0.255544 0.0727359 1.87754e-20)
(0.317382 0.0784668 -1.00698e-19)
(0.380281 0.0822854 -2.27825e-19)
(0.44358 0.0843242 -1.30478e-19)
(0.506617 0.0848503 -3.96317e-21)
(0.568856 0.0840533 -4.8112e-20)
(0.629792 0.0821293 -1.08938e-19)
(0.688969 0.079244 -1.35801e-19)
(0.745968 0.0755297 1.65236e-19)
(0.800386 0.0711143 -1.32028e-19)
(0.851891 0.0659635 5.74568e-20)
(0.899974 0.0603588 4.73973e-20)
(0.00822569 0.00743901 1.40325e-19)
(0.0389562 0.024901 1.60062e-19)
(0.0813412 0.0391572 2.64633e-20)
(0.130265 0.0523997 1.91137e-20)
(0.184451 0.0628578 2.01149e-19)
(0.241758 0.0713655 -1.74251e-19)
(0.301336 0.077647 1.71725e-19)
(0.36215 0.0820854 1.57046e-19)
(0.423559 0.084789 1.54344e-19)
(0.484925 0.0859995 -2.26599e-20)
(0.545729 0.085889 -3.03757e-20)
(0.605481 0.0846376 -2.3622e-20)
(0.663738 0.0823987 4.45672e-20)
(0.720084 0.0792932 -8.48494e-20)
(0.774112 0.0754446 7.57744e-20)
(0.825494 0.0708051 -5.45323e-20)
(0.873636 0.065696 -3.69545e-21)
(0.00712086 0.00659375 -2.1818e-19)
(0.0354813 0.023114 -1.00446e-19)
(0.0753363 0.0370372 -1.4393e-19)
(0.121736 0.0502482 8.8777e-20)
(0.173434 0.0609392 -9.40072e-21)
(0.228352 0.0698301 3.10077e-20)
(0.285665 0.0766143 1.19887e-19)
(0.344369 0.0816279 5.85802e-20)
(0.403847 0.0849566 -9.64503e-21)
(0.463483 0.0868181 5.55658e-20)
(0.522777 0.0873682 7.72129e-20)
(0.581257 0.0867719 6.89314e-20)
(0.638488 0.085171 -2.28072e-20)
(0.694067 0.0826758 -4.68369e-22)
(0.74758 0.0794049 -9.14204e-20)
(0.798714 0.0752985 1.44634e-19)
(0.846803 0.0707008 -1.27526e-19)
(0.00609931 0.00576558 1.51262e-19)
(0.032205 0.0213402 1.1122e-21)
(0.0696102 0.0349028 8.64109e-20)
(0.113542 0.0480431 -9.26869e-21)
(0.162787 0.0589209 -5.33033e-20)
(0.215333 0.0681466 8.75799e-21)
(0.270381 0.0753853 -6.39335e-20)
(0.326958 0.0809288 3.76875e-20)
(0.384471 0.0848412 -1.79122e-19)
(0.442326 0.0873181 -2.30399e-19)
(0.500043 0.0884997 6.5449e-20)
(0.557166 0.0885373 3.33878e-21)
(0.613274 0.0875614 1.26364e-20)
(0.667975 0.0856726 -2.64296e-20)
(0.720856 0.0829836 6.85876e-20)
(0.771621 0.0794242 -2.10483e-19)
(0.00515872 0.00495815 -1.47898e-19)
(0.0291235 0.0195882 7.41337e-21)
(0.0641596 0.0327663 3.25399e-21)
(0.105682 0.045799 -4.70777e-20)
(0.152513 0.0568187 -9.74457e-20)
(0.202709 0.0663316 1.1569e-19)
(0.255495 0.0739769 -2.58322e-19)
(0.309935 0.080004 -7.35702e-20)
(0.365455 0.0844575 2.01827e-19)
(0.421486 0.087512 1.81151e-19)
(0.477565 0.0892933 -2.05973e-19)
(0.533255 0.0899399 5.47973e-20)
(0.588151 0.0895717 -9.01455e-20)
(0.641871 0.0882803 6.88723e-20)
(0.694007 0.0861713 9.89583e-21)
(0.744284 0.0831649 2.79049e-20)
(0.00429662 0.00417492 2.24361e-19)
(0.0262325 0.0178665 1.93313e-20)
(0.0589806 0.0306391 -1.93647e-20)
(0.0981541 0.0435298 5.37251e-20)
(0.142612 0.0546483 1.21761e-19)
(0.190483 0.0644015 2.86527e-21)
(0.241019 0.0724054 3.78639e-19)
(0.293316 0.0788696 1.03875e-19)
(0.346823 0.0838203 -1.73415e-19)
(0.400993 0.0874127 1.13308e-19)
(0.455382 0.0897595 2.86764e-21)
(0.509572 0.0909869 -7.62633e-20)
(0.563171 0.0912053 9.75008e-20)
(0.615815 0.0904972 -4.92365e-20)
(0.6671 0.0889603 3.17139e-20)
(0.716772 0.0865061 1.10946e-20)
(0.00351034 0.00341914 -2.12367e-19)
(0.0235271 0.0161827 -1.15033e-19)
(0.0540687 0.0285324 -2.6886e-20)
(0.0909553 0.0412489 -4.34208e-20)
(0.133086 0.0524244 2.19157e-20)
(0.178662 0.0623721 -1.57399e-19)
(0.226962 0.070687 -1.53837e-19)
(0.277117 0.0775413 -1.44649e-19)
(0.328597 0.0829446 1.23372e-19)
(0.380875 0.0870338 -1.27305e-19)
(0.43353 0.0899094 4.34343e-20)
(0.486159 0.0916865 1.15687e-19)
(0.538388 0.0924663 5.03139e-20)
(0.589867 0.092323 -8.52806e-21)
(0.640201 0.0913452 -1.21842e-19)
(0.689157 0.0894363 -3.49633e-20)
(0.00279706 0.00269385 5.91416e-20)
(0.0210022 0.0145444 2.04901e-19)
(0.0494187 0.0264566 8.35851e-20)
(0.084082 0.0389689 1.53809e-20)
(0.123932 0.0501613 -2.22259e-20)
(0.167247 0.0602586 1.16814e-19)
(0.213332 0.0688373 -1.16482e-19)
(0.261351 0.0760348 -7.50429e-20)
(0.310796 0.0818452 7.4653e-22)
(0.361162 0.0863888 -2.33727e-20)
(0.412045 0.0897547 5.77598e-20)
(0.463062 0.0920478 -6.39107e-20)
(0.513853 0.0933606 -1.20639e-20)
(0.564086 0.0937593 6.88298e-20)
(0.613377 0.0933225 1.60721e-19)
(0.00215385 0.00200186 2.24178e-20)
(0.0186523 0.0129583 -1.3386e-19)
(0.0450248 0.0244213 -3.58699e-20)
(0.0775297 0.0367018 -1.81543e-20)
(0.115149 0.0478726 -9.97203e-20)
(0.156241 0.0580756 -1.58084e-20)
(0.200136 0.0668717 1.57521e-19)
(0.246031 0.0743654 2.4604e-20)
(0.293439 0.0805372 -1.00295e-20)
(0.341878 0.0854916 1.07026e-19)
(0.39096 0.0893076 -3.92849e-20)
(0.440321 0.0920805 -1.33145e-19)
(0.489617 0.0938947 5.64101e-21)
(0.538531 0.0948088 -2.62855e-20)
(0.586694 0.0948908 -1.64655e-19)
(0.00157761 0.00134577 6.12489e-20)
(0.0164715 0.0114307 8.27489e-21)
(0.0408809 0.0224358 3.94979e-20)
(0.0712936 0.0344588 4.02365e-20)
(0.106736 0.045571 2.87638e-20)
(0.145645 0.0558372 2.37775e-20)
(0.187379 0.0648048 -1.2252e-19)
(0.231168 0.072548 7.67889e-20)
(0.276545 0.079035 2.89763e-20)
(0.323048 0.084356 -8.87191e-20)
(0.370308 0.0885805 -4.43482e-20)
(0.417977 0.0917951 -2.61356e-20)
(0.465728 0.0940764 -1.13794e-19)
(0.51326 0.0954759 6.05629e-20)
(0.560217 0.0960505 2.64499e-20)
(0.00106515 0.000727933 -1.48648e-19)
(0.0144535 0.00996761 3.39742e-20)
(0.0369804 0.0205082 2.98644e-20)
(0.065368 0.0322503 -8.54113e-20)
(0.098688 0.0432686 -9.12891e-20)
(0.13546 0.0535565 -9.94924e-20)
(0.175066 0.0626505 2.02267e-20)
(0.216772 0.070597 -7.63672e-20)
(0.26013 0.0773532 -3.28803e-20)
(0.304696 0.0829958 1.01848e-19)
(0.35012 0.0875861 1.07614e-19)
(0.396069 0.0912026 1.41118e-19)
(0.442234 0.0939144 1.81154e-19)
(0.488328 0.0957663 -1.48031e-19)
(0.53401 0.0968039 5.71012e-20)
(0.000613192 0.000150441 1.68338e-19)
(0.012592 0.00857409 -5.92324e-20)
(0.0333161 0.0186463 2.14252e-20)
(0.0597469 0.0300858 5.72136e-20)
(0.0910021 0.0409765 3.94106e-20)
(0.125684 0.0512459 -2.13737e-20)
(0.163201 0.0604223 -2.91897e-20)
(0.202852 0.0685264 1.55948e-19)
(0.244207 0.0755056 1.3665e-20)
(0.286843 0.0814248 -9.88842e-20)
(0.330424 0.0863374 -9.26144e-20)
(0.374634 0.0903143 4.54728e-20)
(0.41918 0.0934181 -2.81614e-20)
(0.46379 0.0956869 1.68355e-19)
(0.508139 0.0971551 -1.45695e-20)
(0.000218358 -0.000384852 6.63638e-20)
(0.0108804 0.00725481 1.83867e-19)
(0.0298808 0.016857 -2.07869e-19)
(0.0544236 0.0279742 3.47461e-20)
(0.0836739 0.038705 1.75992e-19)
(0.116317 0.0489171 2.03297e-19)
(0.151787 0.0581327 8.28305e-20)
(0.189416 0.0663494 9.90005e-21)
(0.228791 0.073506 -1.9555e-19)
(0.269509 0.0796565 -5.32248e-20)
(0.311248 0.0848472 6.68354e-20)
(0.353709 0.0891422 -1.0924e-19)
(0.396611 0.0925978 -1.43829e-19)
(0.4397 0.0952458 -9.267e-21)
(-0.000122794 -0.00087636 -1.63209e-20)
(0.00931179 0.00601383 -1.53792e-19)
(0.0266667 0.0151462 -1.41261e-20)
(0.0493912 0.0259234 -6.17334e-20)
(0.0766982 0.0364636 -2.27583e-19)
(0.107357 0.0465808 -2.8227e-20)
(0.140826 0.0557936 4.78604e-21)
(0.176471 0.0640787 -8.40193e-20)
(0.213895 0.0713675 1.34191e-19)
(0.252713 0.077704 2.66346e-20)
(0.292618 0.0831284 1.11556e-19)
(0.333326 0.0876984 -3.25184e-20)
(0.374569 0.0914642 1.43078e-19)
(0.416108 0.094452 4.2347e-21)
(-0.000413759 -0.00132276 1.05886e-20)
(0.00787921 0.00485459 9.1528e-20)
(0.0236661 0.0135193 2.50246e-19)
(0.0446425 0.0239402 -4.93378e-20)
(0.0700698 0.0342607 1.46661e-19)
(0.0988009 0.0442468 -1.78158e-20)
(0.130319 0.0534161 -6.20951e-21)
(0.164022 0.0617261 1.17532e-19)
(0.199529 0.0691025 1.20788e-19)
(0.236473 0.0755803 -9.11436e-20)
(0.27456 0.0811938 -8.74566e-20)
(0.313518 0.0859951 -2.39538e-20)
(0.353096 0.0900288 -4.84704e-21)
(0.393066 0.0933155 -7.70955e-21)
(-0.000658076 -0.00172302 -4.68679e-20)
(0.00657561 0.00377994 -1.86766e-19)
(0.0208708 0.0119809 -1.07699e-19)
(0.04017 0.0220308 1.35116e-19)
(0.0637829 0.032104 5.7099e-20)
(0.090646 0.0419242 2.92221e-20)
(0.120267 0.0510102 -5.02473e-20)
(0.152075 0.059303 -8.62747e-20)
(0.185705 0.0667232 -7.41037e-20)
(0.220805 0.0732979 1.06347e-19)
(0.257095 0.0790561 7.85122e-20)
(0.294317 0.0840448 3.43881e-20)
(0.332231 0.0883033 -1.15989e-19)
(0.370621 0.0918472 -2.08275e-20)
(-0.000859306 -0.00207635 -6.57779e-20)
(0.00539383 0.00279209 4.42467e-22)
(0.0182726 0.0105345 -4.99499e-20)
(0.0359658 0.0202004 -4.33794e-20)
(0.0578315 0.0300001 -1.70643e-19)
(0.082889 0.039621 -3.78609e-21)
(0.11067 0.0485853 -2.95958e-20)
(0.140634 0.0568197 4.20983e-21)
(0.172431 0.0642409 4.40535e-20)
(0.205725 0.0708687 1.2012e-20)
(0.240247 0.0767277 2.35611e-20)
(0.275751 0.0818599 3.85722e-20)
(0.31201 0.0862999 5.86606e-22)
(0.348819 0.0900586 -8.86594e-21)
(-0.00102102 -0.00238228 1.82331e-20)
(0.00432671 0.00189264 1.21106e-19)
(0.0158634 0.00918316 1.21344e-19)
(0.0320221 0.0184532 2.51387e-22)
(0.0522093 0.0279546 2.73215e-20)
(0.075526 0.0373442 -5.1644e-20)
(0.101527 0.0461498 1.21857e-19)
(0.129703 0.0542859 5.50785e-22)
(0.159716 0.0616663 -6.0845e-20)
(0.191246 0.0683043 -7.5711e-20)
(0.224035 0.0742207 -1.65774e-19)
(0.257849 0.079453 5.69561e-21)
(0.29247 0.0840311 -2.23155e-20)
(0.327705 0.0879618 4.15727e-20)
(-0.00114678 -0.00264061 2.87239e-20)
(0.00336707 0.00108257 -1.39398e-21)
(0.0136348 0.00792884 -2.74855e-20)
(0.028331 0.0167926 -5.15901e-20)
(0.0469098 0.0259724 6.52144e-20)
(0.0685531 0.0351001 4.8389e-20)
(0.0928384 0.0437114 -1.22053e-19)
(0.119284 0.0517106 3.81998e-20)
(0.147568 0.0590094 -3.74851e-20)
(0.177382 0.0656159 3.04169e-20)
(0.20848 0.071547 1.14595e-19)
(0.240636 0.0768362 -9.84588e-20)
(0.273644 0.0815094 3.40759e-20)
(-0.00124012 -0.00285139 -3.79836e-20)
(0.00250779 0.000362247 -5.42756e-20)
(0.0115786 0.00677287 -1.12682e-20)
(0.0248844 0.0152211 -2.54084e-20)
(0.0419265 0.0240572 -6.08648e-20)
(0.0619658 0.0328939 -9.07979e-20)
(0.0846018 0.0412766 8.02369e-20)
(0.109381 0.0491016 -6.77789e-20)
(0.135994 0.0562797 8.69277e-20)
(0.164145 0.0628139 3.45911e-20)
(0.193598 0.068718 1.43848e-20)
(0.224137 0.0740219 1.1468e-19)
(0.255566 0.0787477 -1.12247e-21)
(-0.00130454 -0.00301501 -1.04555e-20)
(0.00174183 -0.000268588 -9.7245e-21)
(0.00968659 0.00571571 3.7946e-21)
(0.0216744 0.0137402 3.27535e-20)
(0.0372528 0.022212 1.05648e-19)
(0.0557597 0.0307299 9.5025e-20)
(0.0768159 0.0388514 -8.56092e-20)
(0.0999949 0.0464665 3.85173e-20)
(0.124999 0.0534858 -4.97141e-20)
(0.151546 0.0599082 -3.72666e-20)
(0.179407 0.0657449 -2.10393e-20)
(0.208376 0.0710221 6.60735e-20)
(0.238264 0.0757588 -4.66534e-21)
(-0.00134348 -0.00313209 3.35703e-20)
(0.00106225 -0.00081078 1.03317e-19)
(0.00795075 0.0047571 -8.16246e-20)
(0.0186931 0.0123506 1.02622e-19)
(0.0328821 0.0204387 -1.75455e-19)
(0.0499303 0.0286115 -1.65158e-20)
(0.0694791 0.0364407 -7.22776e-21)
(0.0911279 0.0438116 -7.68497e-20)
(0.114591 0.0506356 1.82214e-20)
(0.139596 0.0569083 6.58748e-21)
(0.165923 0.0626383 2.59032e-20)
(0.193374 0.0678488 -6.04094e-20)
(0.221768 0.0725556 2.3754e-20)
(-0.00136033 -0.00320361 7.72077e-21)
(0.000462318 -0.00126572 -1.91777e-20)
(0.00636319 0.00389597 2.97617e-20)
(0.0159329 0.0110523 -9.17458e-20)
(0.0288079 0.0187385 6.20504e-20)
(0.044473 0.0265415 -2.7878e-20)
(0.0625892 0.0340486 4.50059e-20)
(0.082781 0.0411427 2.65112e-20)
(0.104773 0.0477366 -2.5499e-20)
(0.128303 0.053823 5.89664e-20)
(0.15316 0.0594085 -3.67792e-20)
(0.179152 0.0645136 -2.18568e-20)
(0.206105 0.0691511 -4.03664e-20)
(-0.00135837 -0.00323088 1.51547e-22)
(-6.45161e-05 -0.00163532 -1.87987e-20)
(0.00491624 0.00313055 6.74288e-20)
(0.0133861 0.00984412 -4.12457e-20)
(0.0250237 0.0171116 8.74179e-20)
(0.0393832 0.0245214 2.10482e-20)
(0.0561443 0.0316784 -6.35231e-20)
(0.074955 0.0384647 -5.16036e-21)
(0.0955497 0.0447953 -1.90712e-20)
(0.117677 0.0506606 -7.98125e-20)
(0.141132 0.0560655 5.52808e-20)
(0.165728 0.0610278 -8.19542e-22)
(0.191301 0.0655581 6.35666e-21)
(-0.00134065 -0.00321514 -8.65405e-20)
(-0.000524642 -0.00192237 -6.37806e-20)
(0.00360246 0.00245834 -8.92066e-21)
(0.0110455 0.00872444 3.31889e-20)
(0.0215233 0.0155575 -9.85605e-20)
(0.0346563 0.0225521 -4.64745e-20)
(0.050142 0.0293327 2.25504e-21)
(0.0676508 0.035782 -4.64425e-20)
(0.0869261 0.0418178 7.07051e-20)
(0.107726 0.047429 -5.25167e-20)
(0.129851 0.0526188 -7.23223e-20)
(0.153122 0.0574028 4.54837e-20)
(0.177378 0.0617894 2.8743e-21)
(-0.00131025 -0.00315793 4.38918e-20)
(-0.000924246 -0.00213014 8.97229e-20)
(0.00241477 0.00187613 6.113e-21)
(0.00890404 0.00769069 -9.46208e-21)
(0.0183007 0.0140748 1.07015e-19)
(0.030288 0.0206339 7.34177e-20)
(0.0445801 0.0270133 3.52054e-20)
(0.0608686 0.033098 1.01499e-19)
(0.0789052 0.0388095 -2.45522e-20)
(0.0984569 0.0441353 6.96842e-20)
(0.119329 0.0490774 7.76242e-20)
(0.141348 0.0536494 -4.77008e-20)
(0.164359 0.0578578 -2.84073e-20)
(-0.00127013 -0.00306137 6.60973e-20)
(-0.0012691 -0.00226208 -5.3082e-20)
(0.0013464 0.00138009 -1.90879e-20)
(0.00695501 0.0067396 -2.48522e-21)
(0.0153501 0.0126614 -8.42688e-20)
(0.0262739 0.0187659 -4.22231e-20)
(0.0394563 0.0247211 4.43449e-20)
(0.0546087 0.0304157 -1.49656e-20)
(0.0714905 0.0357751 7.84123e-20)
(0.0898763 0.0407862 -4.44941e-20)
(0.109577 0.0454501 -7.80608e-20)
(0.130423 0.0497783 3.25924e-20)
(0.152264 0.0537759 1.68826e-20)
(-0.00122305 -0.00292773 -7.29678e-20)
(-0.0015647 -0.00232227 4.60427e-20)
(0.000390946 0.000965759 1.60159e-20)
(0.00519208 0.00586723 -4.24446e-20)
(0.0126659 0.0113145 -2.07625e-21)
(0.02261 0.016947 -4.80224e-21)
(0.0347685 0.0224567 -5.3374e-20)
(0.0488712 0.0277374 -1.48884e-21)
(0.0646846 0.0327189 -7.81279e-20)
(0.0819904 0.0373881 -1.72142e-20)
(0.100604 0.0417451 -3.04447e-20)
(0.12036 0.0458 -4.17435e-20)
(-0.00117158 -0.00275939 2.28023e-20)
(-0.00181617 -0.00231531 -7.63329e-20)
(-0.000457587 0.000628074 1.35055e-20)
(0.00360932 0.00506899 8.98458e-20)
(0.0102432 0.0100306 -2.097e-20)
(0.0192924 0.0151752 -1.13064e-20)
(0.0305145 0.0202198 1.40093e-20)
(0.0436561 0.0250646 -8.8651e-21)
(0.0584901 0.0296447 3.77456e-20)
(0.0748047 0.0339468 5.91959e-20)
(0.0924187 0.0379706 7.65979e-20)
(0.111171 0.0417246 1.81989e-20)
(-0.00111812 -0.00255899 3.19702e-20)
(-0.00202829 -0.00224623 5.21665e-20)
(-0.00120476 0.000361447 -6.32866e-20)
(0.0022012 0.00433969 -5.46169e-20)
(0.00807697 0.00880566 6.31702e-20)
(0.0163174 0.0134478 -4.31579e-20)
(0.0266922 0.0180096 6.01199e-21)
(0.0389633 0.0223986 -4.632e-21)
(0.0529092 0.0265555 -4.28404e-20)
(0.068324 0.0304676 4.42891e-20)
(0.08503 0.0341341 -5.06837e-20)
(0.10287 0.0375621 1.79451e-20)
(-0.00106484 -0.00232935 -2.77689e-20)
(-0.00220543 -0.00212046 1.56075e-20)
(-0.00185566 0.000159788 -2.06929e-21)
(0.000962694 0.0036736 -2.00952e-20)
(0.00616294 0.00763501 -5.49103e-20)
(0.0136818 0.0117617 4.22687e-20)
(0.0232998 0.0158247 1.42256e-20)
(0.0347926 0.01974 -1.73357e-21)
(0.0479439 0.0234543 -6.93979e-21)
(0.0625528 0.0269557 -1.18601e-20)
(0.0784445 0.030243 3.68683e-20)
(0.0954644 0.0333223 8.7135e-21)
(-0.00101375 -0.00207345 2.11258e-20)
(-0.00235155 -0.00194377 1.65965e-20)
(-0.00241488 1.65517e-05 2.50296e-20)
(-0.000110763 0.00306447 3.08051e-20)
(0.0044971 0.00651348 4.27989e-20)
(0.0113824 0.0101132 1.41708e-20)
(0.0203355 0.0136633 -8.73052e-21)
(0.0311438 0.017089 -1.95075e-22)
(0.0435957 0.0203434 -9.23656e-21)
(0.0574947 0.0234156 1.70269e-20)
(0.0726685 0.0263045 -2.72548e-20)
(0.088965 0.0290147 9.40833e-21)
(-0.000966591 -0.00179446 -3.97933e-21)
(-0.00247014 -0.00172228 -3.76833e-20)
(-0.00288649 -7.5214e-05 -4.47483e-20)
(-0.00102321 0.00250563 -8.77847e-21)
(0.00307594 0.00543546 2.72407e-20)
(0.00941674 0.0084983 3.31999e-21)
(0.0177977 0.0115231 1.49283e-20)
(0.0280168 0.0144454 -1.45758e-20)
(0.0398662 0.0172249 2.16765e-20)
(0.0531531 0.0198519 -1.02033e-20)
(0.0677076 0.0223252 4.31222e-20)
(0.0833794 0.0246488 -4.51703e-21)
(-0.000924906 -0.00149567 -5.87713e-21)
(-0.00256425 -0.00146239 1.34166e-20)
(-0.00327403 -0.000122819 2.29345e-20)
(-0.00177815 0.00198999 -2.74358e-20)
(0.00189639 0.00439493 -3.60996e-20)
(0.00778229 0.00691241 -6.08427e-21)
(0.015685 0.00940156 -5.99809e-22)
(0.0254113 0.0118086 7.9173e-21)
(0.0367564 0.0141003 -1.45927e-23)
(0.0495309 0.0162684 -3.33283e-20)
(0.0635664 0.0183119 -2.21316e-20)
(0.0787143 0.0202338 1.20865e-20)
(-0.000889984 -0.00118051 1.13748e-20)
(-0.00263642 -0.00117074 1.44382e-20)
(-0.00358045 -0.000133875 1.05423e-20)
(-0.00237852 0.00151015 2.38703e-20)
(0.000955878 0.00338552 1.91906e-20)
(0.00647714 0.00535074 -7.57164e-22)
(0.0139963 0.00729564 4.14099e-21)
(0.0233272 0.00917783 1.91848e-20)
(0.0342675 0.0109712 -6.51488e-21)
(0.0466303 0.0126693 8.6564e-21)
(0.0602487 0.014271 1.01639e-20)
(0.0749755 0.0157787 -2.2105e-20)
(-0.000862868 -0.000852503 -1.97388e-20)
(-0.00268873 -0.000854171 -7.34479e-21)
(-0.00380816 -0.000116248 -1.12756e-20)
(-0.00282671 0.00105845 1.02825e-21)
(0.000252323 0.0024006 -1.57609e-20)
(0.00549968 0.00380818 -1.02518e-20)
(0.0127306 0.00520217 -1.68619e-20)
(0.0217642 0.00655197 -8.97821e-21)
(0.0324001 0.00783885 2.01407e-21)
(0.0444533 0.009058 -9.71291e-21)
(0.0577578 0.0102087 -1.03497e-20)
(0.0721675 0.0112926 2.19349e-21)
(-0.000844346 -0.00051524 2.86703e-21)
(-0.00272273 -0.000519693 -9.71779e-22)
(-0.00395896 -7.8002e-05 2.20137e-21)
(-0.0031245 0.00062698 -6.89609e-22)
(-0.000215841 0.00143331 1.25395e-20)
(0.00484872 0.0022794 -7.69545e-22)
(0.0118872 0.00311771 5.87301e-21)
(0.0207223 0.00392974 -5.00137e-21)
(0.0311549 0.00470422 5.8993e-21)
(0.0430011 0.00543823 5.77829e-21)
(0.0560959 0.00613131 -1.838e-21)
(0.0702935 0.00678443 4.62782e-21)
(-0.000834951 -0.000172376 8.44986e-22)
(-0.00273946 -0.000174428 -3.31277e-21)
(-0.00403406 -2.73615e-05 1.87386e-21)
(-0.0032731 0.000207665 -1.01991e-22)
(-0.000449661 0.000476622 -3.18671e-21)
(0.00452344 0.00075891 3.93874e-21)
(0.0114657 0.00103866 3.08754e-21)
(0.0202014 0.0013097 2.38385e-21)
(0.0305322 0.00156825 -1.72593e-21)
(0.0422748 0.00181333 2.72603e-21)
(0.0552645 0.0020448 4.48895e-22)
(0.069356 0.00226297 2.53104e-22)
(1.15267 -0.163944 -4.3885e-21)
(1.15284 -0.166785 -3.68505e-21)
(1.15817 -0.166115 -4.00001e-21)
(1.16347 -0.165357 -5.91759e-21)
(1.15304 -0.169612 2.15264e-21)
(1.15845 -0.168921 -3.14783e-21)
(1.16383 -0.168138 4.76165e-21)
(1.16918 -0.167265 5.32123e-21)
(1.17451 -0.166301 2.01417e-21)
(1.15326 -0.172422 1.00226e-20)
(1.15875 -0.171708 2.96118e-21)
(1.16421 -0.170899 -3.86343e-21)
(1.16964 -0.169995 -1.98125e-21)
(1.17503 -0.168997 1.9835e-21)
(1.18038 -0.167907 -1.54398e-21)
(1.18569 -0.166725 1.07217e-21)
(1.19094 -0.165452 -1.50312e-21)
(1.15351 -0.175215 -4.44181e-22)
(1.15907 -0.174475 -2.63139e-21)
(1.1646 -0.173637 -5.4038e-22)
(1.1701 -0.172701 3.08082e-21)
(1.17557 -0.171667 -4.03496e-21)
(1.18098 -0.170538 8.13997e-23)
(1.18635 -0.169313 1.94498e-22)
(1.19166 -0.167995 7.3364e-22)
(1.19692 -0.166584 -3.8378e-22)
(1.20211 -0.165081 -1.57365e-22)
(1.20723 -0.163487 -4.18016e-23)
(1.21227 -0.161803 1.87002e-22)
(1.15377 -0.177987 -1.16785e-20)
(1.15941 -0.17722 3.54737e-21)
(1.16501 -0.176351 5.59707e-21)
(1.17058 -0.17538 -5.93683e-21)
(1.17611 -0.174309 -8.22371e-22)
(1.18159 -0.173139 -5.55388e-22)
(1.18701 -0.171871 5.84539e-22)
(1.19238 -0.170506 1.84463e-22)
(1.19769 -0.169045 4.39973e-22)
(1.20293 -0.16749 2.07438e-23)
(1.20809 -0.16584 3.54764e-23)
(1.21318 -0.164098 7.28572e-23)
(1.21818 -0.162263 -3.40657e-23)
(1.22309 -0.160337 -6.87404e-22)
(1.22789 -0.158319 1.48827e-22)
(1.2326 -0.15621 2.02224e-23)
(1.15405 -0.180736 6.688e-21)
(1.15976 -0.17994 3.51178e-21)
(1.16543 -0.179038 1.47765e-21)
(1.17107 -0.178032 -1.5169e-21)
(1.17665 -0.176922 1.51756e-21)
(1.18219 -0.175709 1.84804e-22)
(1.18767 -0.174396 4.85488e-22)
(1.1931 -0.172983 -6.5824e-22)
(1.19845 -0.171471 3.57589e-22)
(1.20374 -0.169863 1.07085e-22)
(1.20895 -0.168158 -2.94363e-23)
(1.21407 -0.166357 -2.08638e-22)
(1.21911 -0.164461 2.26515e-22)
(1.22405 -0.16247 4.23607e-22)
(1.22889 -0.160386 -2.51084e-22)
(1.23362 -0.158207 -9.8525e-23)
(1.15435 -0.183458 6.47425e-22)
(1.16013 -0.182631 -5.56732e-21)
(1.16586 -0.181695 -5.07564e-21)
(1.17156 -0.180651 4.57453e-21)
(1.1772 -0.179501 1.24069e-21)
(1.1828 -0.178246 8.38322e-22)
(1.18833 -0.176887 -1.78578e-21)
(1.1938 -0.175425 8.03159e-22)
(1.19921 -0.173863 -6.82162e-22)
(1.20454 -0.1722 -2.95247e-24)
(1.20978 -0.170438 7.67225e-23)
(1.21495 -0.168578 -6.9219e-23)
(1.22002 -0.16662 -2.13496e-22)
(1.22499 -0.164565 5.13361e-22)
(1.22985 -0.162414 4.66922e-22)
(1.23461 -0.160166 -5.29297e-23)
(1.15467 -0.18615 1.5547e-21)
(1.16051 -0.18529 -4.12784e-21)
(1.1663 -0.184319 1.87843e-21)
(1.17205 -0.183236 -5.77138e-21)
(1.17775 -0.182045 -2.25603e-21)
(1.1834 -0.180746 2.00171e-21)
(1.18898 -0.17934 -4.48305e-22)
(1.1945 -0.177829 -1.68818e-21)
(1.19995 -0.176215 2.14532e-22)
(1.20532 -0.174498 9.60584e-23)
(1.2106 -0.172679 -1.54548e-22)
(1.2158 -0.17076 6.71204e-22)
(1.2209 -0.16874 1.56129e-22)
(1.2259 -0.166621 -8.67146e-22)
(1.23079 -0.164402 -1.95931e-22)
(1.23557 -0.162085 1.56463e-22)
(1.15499 -0.188824 5.48465e-22)
(1.16089 -0.187928 6.12353e-21)
(1.16674 -0.186916 -2.3368e-21)
(1.17254 -0.185792 2.43215e-21)
(1.17829 -0.184556 6.75378e-22)
(1.18399 -0.18321 1.26832e-21)
(1.18962 -0.181756 4.7152e-21)
(1.19518 -0.180194 2.10606e-21)
(1.20067 -0.178527 -2.43099e-22)
(1.20608 -0.176754 -7.30001e-23)
(1.2114 -0.174878 1.22549e-22)
(1.21663 -0.1729 -9.31768e-22)
(1.22177 -0.170818 8.29295e-23)
(1.22679 -0.168636 7.49771e-22)
(1.23171 -0.166351 -9.25504e-23)
(1.2365 -0.163965 -1.75775e-22)
(1.28469 -0.0456908 -1.66908e-20)
(1.283 -0.0424047 -1.52824e-20)
(1.28494 -0.0482726 1.00842e-20)
(1.28327 -0.0449171 2.54919e-20)
(1.2865 -0.0542664 1.02068e-20)
(1.28521 -0.050938 2.68172e-20)
(1.28358 -0.0475276 4.2672e-21)
(1.2816 -0.0440452 3.68264e-23)
(1.28676 -0.0570525 -9.54776e-21)
(1.28553 -0.0536803 -1.01101e-20)
(1.28395 -0.0502225 -1.15491e-20)
(1.282 -0.0466849 -7.27055e-21)
(1.27968 -0.0430781 -9.70448e-21)
(1.28785 -0.0632402 -2.12675e-20)
(1.28704 -0.0599138 -1.99832e-21)
(1.28588 -0.0564982 -2.93625e-20)
(1.28435 -0.0529954 2.34257e-21)
(1.28246 -0.0494094 -1.2551e-20)
(1.28018 -0.0457469 2.34173e-20)
(1.2775 -0.042019 2.21102e-20)
(1.28843 -0.0695043 -1.43546e-20)
(1.28805 -0.0662246 4.24145e-20)
(1.28733 -0.0628543 3.53772e-20)
(1.28625 -0.059394 5.07268e-21)
(1.2848 -0.055846 1.0188e-20)
(1.28298 -0.0522132 3.18732e-21)
(1.28075 -0.0485008 6.51629e-21)
(1.27812 -0.0447162 -2.0152e-20)
(1.27507 -0.0408713 1.21766e-20)
(1.28851 -0.0726181 -3.11588e-21)
(1.28824 -0.0692943 1.2951e-20)
(1.28762 -0.0658789 8.14809e-21)
(1.28664 -0.0623727 -1.51523e-20)
(1.28529 -0.0587778 -2.46961e-20)
(1.28354 -0.0550972 -1.53988e-20)
(1.28139 -0.0513355 1.02067e-20)
(1.27882 -0.0474987 -2.58488e-20)
(1.27583 -0.0435954 1.41567e-22)
(1.27239 -0.0396383 -5.79459e-20)
(1.28839 -0.0790973 3.43085e-20)
(1.28856 -0.0758222 3.78424e-20)
(1.28841 -0.0724541 -5.16378e-21)
(1.2879 -0.0689931 5.02362e-21)
(1.28704 -0.06544 -2.68524e-20)
(1.28579 -0.0617968 1.90009e-20)
(1.28415 -0.0580664 1.06924e-20)
(1.28209 -0.0542534 2.33196e-20)
(1.2796 -0.0503637 -4.84703e-21)
(1.27668 -0.046405 4.41887e-20)
(1.2733 -0.0423871 3.22736e-20)
(1.26945 -0.0383231 4.03701e-21)
(1.28825 -0.0824378 -4.36261e-21)
(1.28856 -0.0791204 -1.25535e-21)
(1.28854 -0.0757086 -1.60388e-20)
(1.28817 -0.0722022 2.25442e-20)
(1.28743 -0.0686018 -5.47215e-21)
(1.28631 -0.0649093 -2.68577e-21)
(1.28478 -0.0611275 -2.04719e-20)
(1.28284 -0.057261 -2.75798e-21)
(1.28045 -0.0533159 2.4126e-20)
(1.27761 -0.0492997 -3.22449e-20)
(1.27431 -0.0452219 -1.1899e-20)
(1.27053 -0.0410937 -2.33352e-20)
(1.26626 -0.0369291 -6.49152e-21)
(1.28728 -0.089137 7.56187e-21)
(1.28805 -0.0858741 -1.26993e-20)
(1.2885 -0.0825159 2.38227e-20)
(1.28863 -0.0790616 -2.32484e-21)
(1.28841 -0.0755107 -1.6996e-20)
(1.28781 -0.0718635 -2.57686e-20)
(1.28683 -0.0681216 -1.96656e-20)
(1.28543 -0.0642878 -1.57872e-20)
(1.28362 -0.0603663 -8.70056e-21)
(1.28135 -0.0563631 3.09378e-20)
(1.27862 -0.052286 -4.60009e-21)
(1.27542 -0.0481448 1.26916e-20)
(1.27173 -0.043951 -4.27318e-20)
(1.26753 -0.0397175 5.51607e-21)
(1.26282 -0.0354593 3.38283e-20)
(1.28683 -0.0927079 -5.90642e-21)
(1.28776 -0.089408 -1.08984e-20)
(1.28838 -0.0860112 2.89575e-20)
(1.28866 -0.0825161 -1.96762e-20)
(1.28859 -0.0789222 -2.00368e-20)
(1.28815 -0.0752295 3.84008e-20)
(1.28733 -0.0714393 -4.26616e-23)
(1.28609 -0.0675537 -3.77079e-21)
(1.28441 -0.0635768 4.53243e-20)
(1.28229 -0.0595143 -4.42184e-21)
(1.2797 -0.0553738 -1.15888e-20)
(1.27661 -0.0511652 9.44007e-21)
(1.27303 -0.0469006 1.08922e-20)
(1.26893 -0.042594 9.86558e-21)
(1.2643 -0.0382605 1.98951e-20)
(1.25913 -0.0339165 -2.55039e-20)
(1.28491 -0.0996119 -8.0398e-21)
(1.28629 -0.0963748 4.19693e-22)
(1.28738 -0.0930406 7.60706e-22)
(1.28816 -0.0896076 -1.96583e-20)
(1.28861 -0.0860742 -2.6682e-20)
(1.28872 -0.0824396 -1.07316e-20)
(1.28845 -0.0787035 1.36377e-20)
(1.28779 -0.0748666 -2.35816e-21)
(1.28672 -0.0709308 1.84101e-20)
(1.28521 -0.0668995 1.45019e-20)
(1.28325 -0.0627777 -1.93972e-20)
(1.28081 -0.0585728 3.24348e-21)
(1.27787 -0.0542944 8.31298e-22)
(1.27442 -0.0499547 -1.72512e-20)
(1.27044 -0.0455684 -5.73242e-21)
(1.26591 -0.0411524 3.56928e-20)
(1.26083 -0.0367246 -3.25374e-20)
(1.25519 -0.0323031 3.16338e-20)
(1.28225 -0.106573 -7.04582e-21)
(1.28407 -0.103404 4.0266e-21)
(1.28563 -0.100137 -6.04267e-21)
(1.28689 -0.0967718 -2.00625e-20)
(1.28785 -0.0933056 -8.3349e-22)
(1.28848 -0.0897369 2.53189e-21)
(1.28876 -0.0860644 1.25177e-20)
(1.28868 -0.0822877 8.53031e-21)
(1.2882 -0.0784068 2.56027e-21)
(1.28731 -0.0744232 1.69956e-21)
(1.28599 -0.0703395 1.34938e-20)
(1.28421 -0.0661602 1.10329e-22)
(1.28194 -0.0618919 9.57062e-21)
(1.27918 -0.0575433 -5.84654e-22)
(1.27589 -0.0531264 -9.0584e-21)
(1.27205 -0.0486559 -9.73525e-21)
(1.26766 -0.0441494 4.93755e-22)
(1.26269 -0.0396273 -6.30951e-21)
(1.25714 -0.035111 2.23976e-20)
(1.25101 -0.0306209 -1.1236e-20)
(1.27886 -0.113577 -1.06919e-20)
(1.28111 -0.11048 -6.96294e-21)
(1.28311 -0.107286 -6.47017e-21)
(1.28484 -0.103994 -3.52614e-21)
(1.28628 -0.100601 -2.26581e-21)
(1.28742 -0.0971049 1.5766e-20)
(1.28824 -0.0935043 1.73258e-20)
(1.28872 -0.0897975 1.71682e-20)
(1.28883 -0.0859834 -5.74386e-21)
(1.28855 -0.0820619 2.57214e-21)
(1.28786 -0.0780337 -1.74474e-20)
(1.28673 -0.0739008 -8.77656e-21)
(1.28515 -0.0696669 -1.6937e-20)
(1.28308 -0.0653376 2.87867e-20)
(1.2805 -0.0609207 -2.22735e-20)
(1.2774 -0.0564272 3.42811e-20)
(1.27374 -0.051871 -1.70966e-20)
(1.26951 -0.0472698 -2.23928e-20)
(1.26469 -0.0426447 -1.76696e-20)
(1.25927 -0.0380199 -1.21418e-20)
(1.25323 -0.0334208 -4.57122e-20)
(1.24658 -0.0288714 3.26847e-20)
(1.27475 -0.120606 4.73699e-21)
(1.2774 -0.117586 8.19673e-22)
(1.27982 -0.11447 9.40726e-21)
(1.282 -0.111256 -6.29115e-21)
(1.28391 -0.107942 3.93396e-21)
(1.28554 -0.104526 9.40438e-21)
(1.28687 -0.101004 4.15844e-21)
(1.28789 -0.0973755 -1.32871e-20)
(1.28856 -0.0936382 2.22207e-21)
(1.28887 -0.0897907 6.42128e-21)
(1.2888 -0.0858325 -2.54114e-20)
(1.28832 -0.0817638 6.24514e-21)
(1.28741 -0.0775857 3.07605e-20)
(1.28604 -0.0733011 -3.18146e-20)
(1.28418 -0.0689146 -3.79891e-21)
(1.28182 -0.0644329 -2.81599e-20)
(1.27893 -0.0598657 9.79007e-21)
(1.27547 -0.0552257 -1.07448e-20)
(1.27143 -0.0505295 -4.52657e-21)
(1.2668 -0.0457977 3.25807e-20)
(1.26154 -0.0410553 4.25744e-20)
(1.25564 -0.0363308 4.82525e-21)
(1.2491 -0.0316546 -1.44495e-20)
(1.24191 -0.0270553 -1.08219e-20)
(1.26669 -0.130485 -6.24865e-21)
(1.26993 -0.127641 3.5383e-21)
(1.27296 -0.124704 -4.21047e-21)
(1.27578 -0.121671 4.81451e-21)
(1.27838 -0.118541 -4.65192e-21)
(1.28073 -0.115312 -6.80873e-21)
(1.28283 -0.11198 5.12411e-21)
(1.28465 -0.108544 1.67909e-20)
(1.28618 -0.105001 -5.10283e-22)
(1.2874 -0.101348 1.44362e-20)
(1.28828 -0.0975849 1.50688e-20)
(1.28881 -0.0937085 -9.85643e-21)
(1.28895 -0.0897181 -2.22174e-20)
(1.28869 -0.0856133 9.17584e-21)
(1.28801 -0.0813946 1.05164e-20)
(1.28687 -0.0770641 3.1281e-21)
(1.28524 -0.0726253 3.06779e-20)
(1.28311 -0.0680837 1.56953e-20)
(1.28045 -0.0634475 2.80982e-20)
(1.27722 -0.058728 -8.83862e-21)
(1.2734 -0.05394 -8.42907e-22)
(1.26898 -0.0491027 2.94047e-20)
(1.26392 -0.0442402 -8.49736e-21)
(1.2582 -0.0393814 -1.2402e-20)
(1.25182 -0.0345599 -3.22112e-20)
(1.24475 -0.0298121 2.43833e-20)
(1.23701 -0.0251722 -2.32865e-21)
(1.25316 -0.142649 -1.69931e-21)
(1.25707 -0.140077 -4.21891e-22)
(1.26082 -0.137414 -2.37176e-21)
(1.26439 -0.13466 -2.31849e-21)
(1.26779 -0.131812 3.01216e-21)
(1.27099 -0.128868 8.01751e-22)
(1.27399 -0.125828 -9.62729e-21)
(1.27676 -0.122689 -1.01889e-20)
(1.2793 -0.119448 7.08308e-21)
(1.28159 -0.116103 -1.38097e-21)
(1.28361 -0.112652 -5.19556e-21)
(1.28534 -0.109092 -3.42451e-22)
(1.28677 -0.10542 -4.97732e-21)
(1.28786 -0.101635 2.4113e-21)
(1.28861 -0.0977348 -1.2672e-20)
(1.28898 -0.0937171 -2.74218e-20)
(1.28895 -0.0895813 1.59908e-20)
(1.2885 -0.0853273 3.09197e-20)
(1.2876 -0.0809563 -4.00528e-20)
(1.28623 -0.0764708 -6.34213e-21)
(1.28435 -0.0718751 -1.19951e-21)
(1.28193 -0.0671759 1.09934e-20)
(1.27895 -0.0623828 -3.44226e-20)
(1.27539 -0.0575088 -4.17187e-21)
(1.2712 -0.0525709 5.40846e-21)
(1.26637 -0.0475913 -2.97068e-21)
(1.26087 -0.0425974 -3.6969e-20)
(1.25469 -0.0376226 -6.68526e-21)
(1.2478 -0.0327061 4.27318e-20)
(1.2402 -0.0278908 4.14398e-20)
(1.23187 -0.0232185 -4.21631e-21)
(1.23719 -0.15401 -1.97868e-23)
(1.24166 -0.151719 3.34321e-22)
(1.246 -0.149337 1.6494e-21)
(1.25021 -0.146863 1.62228e-22)
(1.25427 -0.144298 -4.63906e-22)
(1.25817 -0.14164 -2.4137e-21)
(1.26191 -0.138888 9.65337e-23)
(1.26547 -0.13604 2.62542e-21)
(1.26885 -0.133095 1.16307e-21)
(1.27202 -0.130052 1.94758e-21)
(1.27497 -0.126908 -1.94531e-21)
(1.2777 -0.12366 7.81019e-21)
(1.28018 -0.120307 -2.48436e-21)
(1.2824 -0.116846 1.1489e-20)
(1.28434 -0.113274 7.04041e-21)
(1.28597 -0.109588 -2.08842e-20)
(1.28729 -0.105787 -5.35473e-21)
(1.28826 -0.101868 -1.17783e-20)
(1.28887 -0.097828 -2.8637e-21)
(1.28908 -0.0936669 4.24913e-20)
(1.28888 -0.0893835 7.22602e-21)
(1.28823 -0.0849781 2.7953e-21)
(1.28712 -0.0804524 2.61829e-20)
(1.2855 -0.0758094 -3.01162e-20)
(1.28335 -0.0710544 -2.18134e-20)
(1.28065 -0.0661954 -1.42329e-20)
(1.27735 -0.0612431 2.97119e-20)
(1.27343 -0.0562125 1.90115e-21)
(1.26887 -0.051123 -5.71114e-20)
(1.26362 -0.0459995 -1.36752e-20)
(1.25768 -0.0408732 5.96639e-20)
(1.25101 -0.0357822 9.67805e-22)
(1.2436 -0.0307715 -9.11947e-21)
(1.23543 -0.0258914 -2.48435e-20)
(1.2265 -0.0211928 1.2998e-20)
(1.23823 -0.155935 1.09826e-22)
(1.24271 -0.153569 4.39502e-22)
(1.24707 -0.15111 -1.03369e-21)
(1.25128 -0.148556 -8.29397e-22)
(1.25534 -0.145907 1.48882e-21)
(1.25924 -0.143162 4.00267e-22)
(1.26297 -0.140319 1.8058e-21)
(1.26651 -0.137378 2.89574e-21)
(1.26986 -0.134336 -3.138e-21)
(1.273 -0.131192 1.87717e-21)
(1.27592 -0.127943 4.20013e-22)
(1.27859 -0.124586 -6.86608e-21)
(1.28101 -0.12112 -3.66072e-21)
(1.28316 -0.117541 3.03096e-21)
(1.28501 -0.113847 7.23669e-21)
(1.28655 -0.110034 1.20344e-20)
(1.28775 -0.106102 1.01735e-20)
(1.2886 -0.102046 -9.90861e-21)
(1.28906 -0.0978657 1.04384e-20)
(1.28912 -0.0935593 -3.22855e-20)
(1.28874 -0.0891264 -2.43231e-20)
(1.28789 -0.0845678 7.67435e-22)
(1.28655 -0.0798853 -2.39366e-20)
(1.28469 -0.0750831 2.94053e-20)
(1.28227 -0.0701671 2.71453e-20)
(1.27926 -0.0651464 -2.24624e-20)
(1.27564 -0.0600336 -3.23662e-21)
(1.27136 -0.0548452 2.35808e-21)
(1.26641 -0.0496031 1.80652e-20)
(1.26074 -0.0443352 2.32426e-20)
(1.25434 -0.0390764 -4.65829e-20)
(1.24718 -0.0338698 -2.3709e-20)
(1.23923 -0.0287664 -7.40373e-21)
(1.23048 -0.0238246 -2.97591e-20)
(1.22093 -0.0191056 -1.03889e-20)
(1.23924 -0.157821 7.63777e-23)
(1.24374 -0.15538 -7.84751e-22)
(1.2481 -0.152842 -1.15667e-21)
(1.25232 -0.150208 8.52204e-22)
(1.25638 -0.147474 3.29828e-22)
(1.26027 -0.144642 -1.63293e-21)
(1.26399 -0.141709 -3.06959e-22)
(1.26751 -0.138673 -5.67147e-21)
(1.27084 -0.135533 4.51098e-21)
(1.27394 -0.132287 -7.64568e-21)
(1.27681 -0.128931 2.59231e-21)
(1.27944 -0.125464 3.54913e-21)
(1.28179 -0.121883 1.09068e-20)
(1.28386 -0.118184 -1.11825e-20)
(1.28563 -0.114366 -1.08422e-20)
(1.28707 -0.110425 1.22819e-21)
(1.28816 -0.106358 -3.4569e-21)
(1.28888 -0.102163 4.13733e-21)
(1.28919 -0.0978396 1.25103e-21)
(1.28908 -0.093385 9.21582e-21)
(1.28852 -0.0887997 -1.54044e-21)
(1.28747 -0.0840846 -1.53255e-20)
(1.2859 -0.0792425 3.51039e-20)
(1.28378 -0.0742779 -3.55979e-20)
(1.28109 -0.069198 -9.00557e-21)
(1.27777 -0.0640131 -6.26423e-21)
(1.27382 -0.0587373 -2.50459e-20)
(1.26918 -0.0533893 5.35401e-21)
(1.26382 -0.0479934 2.96275e-20)
(1.25773 -0.0425807 -5.23188e-21)
(1.25086 -0.0371902 4.22689e-20)
(1.24318 -0.0318697 3.1023e-21)
(1.23469 -0.0266772 -1.30912e-20)
(1.22534 -0.0216796 -5.22125e-21)
(1.21515 -0.0169498 1.55274e-20)
(1.24022 -0.159668 -1.95365e-22)
(1.24473 -0.157152 3.43747e-22)
(1.2491 -0.154536 1.98823e-21)
(1.25332 -0.15182 -5.24189e-22)
(1.25738 -0.149002 -3.82173e-21)
(1.26127 -0.146082 2.13814e-21)
(1.26497 -0.143057 4.70413e-21)
(1.26848 -0.139927 2.05263e-21)
(1.27177 -0.136687 -9.73803e-21)
(1.27484 -0.133338 7.84719e-21)
(1.27767 -0.129874 6.66188e-21)
(1.28023 -0.126295 -6.56706e-21)
(1.28253 -0.122597 -1.47039e-20)
(1.28452 -0.118776 4.46694e-21)
(1.2862 -0.114831 -8.64085e-21)
(1.28754 -0.110757 2.94993e-21)
(1.28851 -0.106552 1.02115e-20)
(1.28909 -0.102215 4.81086e-21)
(1.28926 -0.0977424 -7.69416e-21)
(1.28898 -0.0931342 3.12383e-21)
(1.28822 -0.0883904 2.88716e-21)
(1.28696 -0.0835124 -2.39956e-20)
(1.28515 -0.0785034 6.81704e-21)
(1.28278 -0.0733689 3.8117e-20)
(1.27979 -0.0681172 -2.31109e-21)
(1.27617 -0.0627598 7.26603e-21)
(1.27186 -0.0573124 -2.69819e-21)
(1.26684 -0.0517961 2.98725e-20)
(1.26108 -0.0462379 -1.32237e-20)
(1.25453 -0.040672 -3.48729e-21)
(1.24717 -0.0351419 -2.14931e-20)
(1.23897 -0.0297008 5.50927e-20)
(1.22991 -0.0244136 2.99346e-20)
(1.21995 -0.0193566 4.10371e-20)
(1.20908 -0.0146153 -6.59077e-20)
(1.24116 -0.161478 1.98733e-22)
(1.24569 -0.158888 1.52599e-22)
(1.25007 -0.156196 -1.71302e-21)
(1.25429 -0.153401 -1.43378e-22)
(1.25835 -0.150502 5.14464e-21)
(1.26223 -0.147496 -1.73699e-21)
(1.26592 -0.144383 -3.87254e-21)
(1.2694 -0.14116 -2.66236e-21)
(1.27267 -0.137824 1.29652e-20)
(1.2757 -0.134374 8.57418e-21)
(1.27848 -0.130806 4.92896e-21)
(1.281 -0.127117 1.36133e-21)
(1.28322 -0.123304 2.09082e-20)
(1.28514 -0.119364 -5.10203e-21)
(1.28673 -0.115294 1.25428e-20)
(1.28797 -0.11109 1.19716e-21)
(1.28882 -0.10675 -3.74017e-21)
(1.28927 -0.102271 -2.58916e-20)
(1.28929 -0.0976508 6.62523e-21)
(1.28884 -0.0928896 -7.38515e-22)
(1.28789 -0.0879871 -1.03648e-20)
(1.28641 -0.0829453 5.20648e-20)
(1.28437 -0.0777677 -2.18006e-20)
(1.28173 -0.0724604 -1.30261e-21)
(1.27846 -0.0670325 2.75877e-20)
(1.27451 -0.0614968 3.25485e-21)
(1.26985 -0.0558704 -1.4585e-20)
(1.26444 -0.050176 -4.55808e-20)
(1.25825 -0.0444429 -2.1515e-20)
(1.25124 -0.0387084 -2.01315e-20)
(1.24337 -0.0330193 -1.83494e-21)
(1.23462 -0.0274333 -5.84019e-20)
(1.22494 -0.022021 -4.27607e-21)
(1.21432 -0.0168665 -2.43211e-20)
(1.20271 -0.0120657 1.67073e-21)
)
;

boundaryField
{
    inlet
    {
        type            uniformFixedValue;
        uniformValue    constant (1 0 0);
        value           nonuniform 0();
    }
    outlet
    {
        type            pressureInletOutletVelocity;
        value           nonuniform 0();
    }
    cylinder
    {
        type            fixedValue;
        value           uniform (0 0 0);
    }
    top
    {
        type            symmetryPlane;
    }
    bottom
    {
        type            symmetryPlane;
    }
    defaultFaces
    {
        type            empty;
    }
    procBoundary5to0
    {
        type            processor;
        value           nonuniform List<vector> 
13
(
(1.1439 -0.20024 -2.71268e-21)
(1.1439 -0.20024 -2.71268e-21)
(1.14906 -0.189605 -6.39927e-21)
(1.14742 -0.164511 -8.21955e-21)
(1.1475 -0.167367 -2.13348e-21)
(1.14762 -0.170211 5.76388e-21)
(1.14775 -0.17304 -1.74937e-22)
(1.14792 -0.175853 -3.41547e-21)
(1.14811 -0.178649 -3.58775e-21)
(1.14832 -0.181424 5.82581e-21)
(1.14855 -0.184174 -2.32652e-21)
(1.1488 -0.186895 5.76979e-21)
(1.14906 -0.189605 -6.39927e-21)
)
;
    }
    procBoundary5to1
    {
        type            processor;
        value           nonuniform List<vector> 
74
(
(1.15252 -0.161091 -1.87407e-21)
(1.15791 -0.163293 -2.15843e-21)
(1.15791 -0.163293 -2.15843e-21)
(1.16313 -0.162558 1.00231e-21)
(1.16875 -0.164512 3.58135e-21)
(1.16875 -0.164512 3.58135e-21)
(1.17399 -0.163581 -9.62845e-22)
(1.17979 -0.165248 -4.78092e-21)
(1.17979 -0.165248 -4.78092e-21)
(1.18503 -0.164107 1.85938e-21)
(1.19022 -0.162879 -1.88229e-21)
(1.19614 -0.164089 2.73408e-22)
(1.19614 -0.164089 2.73408e-22)
(1.20128 -0.162638 5.71137e-23)
(1.20635 -0.161099 2.55885e-23)
(1.21135 -0.159472 5.13168e-23)
(1.21723 -0.160029 -1.83814e-22)
(1.21723 -0.160029 -1.83814e-22)
(1.2221 -0.158166 -1.8537e-22)
(1.22688 -0.156214 -2.16742e-22)
(1.23156 -0.154174 -2.03916e-23)
(1.28587 -0.0463634 4.67514e-21)
(1.28449 -0.0432057 1.08225e-20)
(1.28605 -0.0489173 2.97526e-20)
(1.28605 -0.0489173 2.97526e-20)
(1.28727 -0.0547519 2.4191e-20)
(1.28626 -0.0515539 2.91301e-20)
(1.28626 -0.0515539 2.91301e-20)
(1.28745 -0.0575076 4.38077e-21)
(1.28745 -0.0575076 4.38077e-21)
(1.28821 -0.0635295 5.43387e-21)
(1.28765 -0.060336 -7.19097e-21)
(1.28765 -0.060336 -7.19097e-21)
(1.28849 -0.069622 -1.27567e-20)
(1.28833 -0.0664763 4.04737e-20)
(1.28833 -0.0664763 4.04737e-20)
(1.2885 -0.0726931 1.32108e-20)
(1.2885 -0.0726931 1.32108e-20)
(1.2881 -0.0789914 2.86265e-20)
(1.28846 -0.0758502 1.20603e-20)
(1.28846 -0.0758502 1.20603e-20)
(1.2879 -0.0822804 -7.24816e-21)
(1.2879 -0.0822804 -7.24816e-21)
(1.28671 -0.0887932 -1.11517e-20)
(1.28763 -0.0856616 -1.07588e-20)
(1.28763 -0.0856616 -1.07588e-20)
(1.28621 -0.0923063 -7.77737e-21)
(1.28621 -0.0923063 -7.77737e-21)
(1.28412 -0.0990237 -7.38789e-21)
(1.28561 -0.0959125 2.27609e-21)
(1.28561 -0.0959125 2.27609e-21)
(1.28133 -0.105803 -3.34539e-21)
(1.28325 -0.102754 1.87562e-20)
(1.28325 -0.102754 1.87562e-20)
(1.27785 -0.112632 9.2375e-22)
(1.28017 -0.109649 -3.23484e-21)
(1.28017 -0.109649 -3.23484e-21)
(1.27368 -0.119493 -1.71101e-21)
(1.27638 -0.116581 7.28635e-21)
(1.27638 -0.116581 7.28635e-21)
(1.26556 -0.129113 -6.79706e-21)
(1.26882 -0.126368 5.6433e-21)
(1.27189 -0.123533 -3.53949e-21)
(1.27189 -0.123533 -3.53949e-21)
(1.25202 -0.140959 -3.29226e-22)
(1.25593 -0.138473 -1.94994e-21)
(1.25968 -0.135899 4.72533e-22)
(1.26328 -0.133237 1.48249e-21)
(1.26328 -0.133237 1.48249e-21)
(1.23612 -0.152045 1.43284e-23)
(1.24058 -0.149829 -2.002e-22)
(1.24491 -0.147524 4.54938e-22)
(1.2491 -0.145131 7.68648e-22)
(1.2491 -0.145131 7.68648e-22)
)
;
    }
    procBoundary5to2
    {
        type            processor;
        value           nonuniform List<vector> 
18
(
(1.28097 -0.0390869 6.66188e-21)
(1.28126 -0.0415044 1.11767e-20)
(1.28126 -0.0415044 1.11767e-20)
(1.27924 -0.0405086 -2.11666e-20)
(1.27696 -0.039421 -2.23402e-21)
(1.27441 -0.0382455 1.55829e-20)
(1.27159 -0.0369862 -6.99189e-21)
(1.2685 -0.0356474 1.06742e-20)
(1.26513 -0.0342332 -6.90826e-21)
(1.2615 -0.032748 -5.97215e-21)
(1.25759 -0.0311958 -1.29951e-20)
(1.25342 -0.0295805 3.57244e-20)
(1.24898 -0.0279059 -1.32127e-20)
(1.24428 -0.026175 -2.3024e-20)
(1.23931 -0.0243903 -1.50143e-20)
(1.23408 -0.0225535 5.39111e-20)
(1.22859 -0.0206646 -1.97333e-20)
(1.22283 -0.0187199 -2.85837e-20)
)
;
    }
    procBoundary5to4
    {
        type            processor;
        value           nonuniform List<vector> 
79
(
(0.118512 -0.00790774 -4.03601e-21)
(0.119069 -0.0237083 -6.02228e-21)
(0.120182 -0.0394657 2.70944e-20)
(0.121849 -0.0551517 -2.63804e-20)
(0.124065 -0.0707384 -4.4666e-20)
(0.126825 -0.0861978 9.8473e-20)
(0.130122 -0.101502 -5.11723e-20)
(0.133949 -0.116625 4.24327e-21)
(0.138297 -0.131539 1.29324e-19)
(0.138297 -0.131539 1.29324e-19)
(0.21913 -0.16456 -1.6885e-19)
(0.224986 -0.180875 7.24801e-20)
(0.231378 -0.196893 1.18788e-20)
(0.238292 -0.212587 4.77651e-21)
(0.245713 -0.227934 -5.88922e-20)
(0.253623 -0.242908 6.60599e-20)
(0.262006 -0.257485 1.58802e-19)
(0.270843 -0.271643 -1.74397e-19)
(0.280116 -0.285359 -7.29213e-20)
(0.289802 -0.298612 4.95306e-20)
(0.299882 -0.311381 9.11569e-20)
(0.310332 -0.323647 -8.54825e-21)
(0.32113 -0.335391 6.98411e-20)
(0.32113 -0.335391 6.98411e-20)
(0.411659 -0.362882 -9.60458e-20)
(0.423366 -0.374441 -1.98881e-19)
(0.435372 -0.385446 2.86902e-19)
(0.447654 -0.395882 -2.34624e-19)
(0.460186 -0.405735 -5.71107e-20)
(0.472943 -0.414992 1.06317e-19)
(0.485897 -0.423642 -1.763e-20)
(0.499022 -0.431674 1.13469e-19)
(0.499022 -0.431674 1.13469e-19)
(0.580913 -0.442504 -1.0553e-19)
(0.594278 -0.449943 1.36555e-19)
(0.607763 -0.456778 9.614e-21)
(0.621339 -0.462999 -1.06972e-19)
(0.63498 -0.468602 -1.33963e-20)
(0.63498 -0.468602 -1.33963e-20)
(0.704739 -0.465069 -1.17887e-19)
(0.718179 -0.470044 -1.45984e-19)
(0.73164 -0.474437 6.27856e-20)
(0.745099 -0.478245 -1.04473e-19)
(0.745099 -0.478245 -1.04473e-19)
(0.802233 -0.4647 5.29138e-20)
(0.815249 -0.467946 -4.67918e-20)
(0.828227 -0.470654 -9.34008e-20)
(0.841144 -0.472824 8.89746e-20)
(0.841144 -0.472824 8.89746e-20)
(0.886889 -0.452704 -1.02993e-19)
(0.899234 -0.454436 9.94127e-20)
(0.911494 -0.455684 -7.76207e-20)
(0.911494 -0.455684 -7.76207e-20)
(0.947832 -0.431652 9.45746e-20)
(0.959464 -0.43254 4.48063e-20)
(0.959464 -0.43254 4.48063e-20)
(0.988568 -0.406423 -4.74806e-20)
(0.999551 -0.40698 6.93938e-20)
(1.01044 -0.407153 -2.37108e-20)
(1.01044 -0.407153 -2.37108e-20)
(1.03319 -0.380397 -2.04694e-20)
(1.04344 -0.380313 5.28111e-20)
(1.04344 -0.380313 5.28111e-20)
(1.06162 -0.353739 -1.47936e-20)
(1.07125 -0.353421 -5.37753e-20)
(1.07125 -0.353421 -5.37753e-20)
(1.08585 -0.327628 -2.24193e-21)
(1.08585 -0.327628 -2.24193e-21)
(1.09814 -0.302935 -5.23052e-21)
(1.10666 -0.302456 4.08182e-20)
(1.10666 -0.302456 4.08182e-20)
(1.11669 -0.279116 3.40208e-21)
(1.11669 -0.279116 3.40208e-21)
(1.12531 -0.257176 1.4782e-20)
(1.12531 -0.257176 1.4782e-20)
(1.13269 -0.236727 1.65134e-20)
(1.13269 -0.236727 1.65134e-20)
(1.13904 -0.217331 -1.18185e-20)
(1.13904 -0.217331 -1.18185e-20)
)
;
    }
    procBoundary5to6
    {
        type            processor;
        value           nonuniform List<vector> 
58
(
(1.15129 0.00322457 3.36273e-20)
(1.19011 -0.00771867 2.01204e-20)
(1.15129 0.00322457 3.36273e-20)
(1.13309 0.00619811 -5.4624e-20)
(1.11293 0.00809822 3.54656e-20)
(1.05796 0.0268155 -3.92006e-20)
(1.05796 0.0268155 -3.92006e-20)
(1.03353 0.0339718 -1.3442e-19)
(1.00864 0.0410977 1.3595e-19)
(0.944752 0.0529727 7.96654e-20)
(0.944752 0.0529727 7.96654e-20)
(0.918875 0.0586782 -6.71953e-20)
(0.892389 0.0640973 3.82397e-20)
(0.819542 0.0753439 -2.80492e-20)
(0.819542 0.0753439 -2.80492e-20)
(0.791924 0.079601 -4.02402e-20)
(0.764019 0.0834526 -1.18651e-19)
(0.7359 0.0868826 2.21927e-19)
(0.661512 0.0919464 -6.37412e-20)
(0.661512 0.0919464 -6.37412e-20)
(0.633908 0.0940301 -6.27148e-20)
(0.606419 0.0956836 1.01975e-21)
(0.579117 0.0969053 5.42436e-20)
(0.552075 0.0976961 -7.559e-20)
(0.482664 0.0971096 -2.90773e-20)
(0.482664 0.0971096 -2.90773e-20)
(0.457647 0.0966745 9.4981e-20)
(0.433147 0.0958581 -1.03422e-19)
(0.409222 0.09467 1.1862e-19)
(0.385927 0.0931209 -7.46433e-20)
(0.363316 0.0912225 -1.82156e-20)
(0.307322 0.0855695 -3.27223e-20)
(0.307322 0.0855695 -3.27223e-20)
(0.287709 0.0828948 1.05597e-19)
(0.268905 0.0799513 -1.51126e-20)
(0.250946 0.0767526 -4.36541e-20)
(0.233867 0.0733129 2.32439e-20)
(0.217701 0.0696464 -2.94294e-20)
(0.202476 0.0657674 5.64544e-20)
(0.188222 0.0616904 -8.92149e-21)
(0.174965 0.0574301 -2.03402e-20)
(0.141111 0.0495563 1.75521e-20)
(0.141111 0.0495563 1.75521e-20)
(0.130919 0.0452113 -4.64086e-20)
(0.121702 0.0407533 -4.87949e-21)
(0.113474 0.0361945 9.21586e-21)
(0.106248 0.031547 7.56949e-21)
(0.100035 0.0268228 -8.42196e-21)
(0.0948424 0.022034 1.25954e-20)
(0.0906795 0.0171923 -2.8055e-21)
(0.087552 0.0123095 1.25822e-20)
(0.0854644 0.00739743 -7.56699e-21)
(0.0844198 0.00246778 -1.51978e-21)
(1.21682 -0.0167155 -5.74355e-20)
(1.21057 -0.0146614 4.92603e-20)
(1.20409 -0.0125551 -2.09107e-20)
(1.19729 -0.0102748 -1.15653e-20)
(1.19011 -0.00771867 2.01204e-20)
)
;
    }
    procBoundary5to9
    {
        type            processor;
        value           nonuniform List<vector> 
14
(
(-0.000834951 0.000172376 1.04344e-21)
(-0.00273946 0.000174428 -3.41757e-21)
(-0.00403406 2.7362e-05 1.77842e-21)
(-0.0032731 -0.000207664 -1.01481e-22)
(-0.000449661 -0.000476621 -3.27566e-21)
(0.00452344 -0.00075891 3.90563e-21)
(0.0114657 -0.00103866 3.42152e-21)
(0.0202014 -0.0013097 2.29695e-21)
(0.0305322 -0.00156825 -1.78979e-21)
(0.0422748 -0.00181333 2.29756e-21)
(0.0552645 -0.0020448 9.72148e-22)
(0.069356 -0.00226297 8.22921e-23)
(0.00697534 0.0027032 -2.1633e-21)
(0.0488906 0.00601409 7.19565e-21)
)
;
    }
}


// ************************************************************************* //
