/*--------------------------------*- C++ -*----------------------------------*\
  =========                 |
  \\      /  F ield         | OpenFOAM: The Open Source CFD Toolbox
   \\    /   O peration     | Website:  https://openfoam.org
    \\  /    A nd           | Version:  7
     \\/     M anipulation  |
\*---------------------------------------------------------------------------*/
FoamFile
{
    version     2.0;
    format      ascii;
    class       labelList;
    note        "nPoints: 1524 nCells: 656 nFaces: 2729 nInternalFaces: 1207";
    location    "constant/polyMesh";
    object      neighbour;
}
// * * * * * * * * * * * * * * * * * * * * * * * * * * * * * * * * * * * * * //


1207
(
1
6
524
2
7
3
8
4
9
5
10
11
7
12
8
13
9
14
10
15
11
16
17
13
18
14
19
15
20
16
21
17
22
23
19
24
20
25
21
26
22
27
23
28
29
25
30
26
31
27
32
28
33
29
34
35
31
36
32
37
33
38
34
39
35
40
41
37
42
38
43
39
44
40
45
41
46
47
43
48
44
49
45
50
46
51
47
52
53
49
55
50
56
51
57
52
58
53
59
54
60
61
56
62
57
63
58
64
59
65
60
66
61
67
68
63
69
64
70
65
71
66
72
67
73
68
74
75
70
76
71
77
72
78
73
79
74
80
75
81
82
77
83
78
84
79
85
80
86
81
87
82
88
89
84
90
85
91
86
92
87
93
88
94
89
95
96
91
97
92
98
93
99
94
100
95
101
96
102
103
98
105
99
106
100
107
101
108
102
109
103
110
104
111
112
106
113
107
114
108
115
109
116
110
117
111
118
112
119
120
114
121
115
122
116
123
117
124
118
125
119
126
120
127
128
122
129
123
130
124
131
125
132
126
133
127
134
128
135
136
130
138
131
139
132
140
133
141
134
142
135
143
136
144
137
145
146
139
147
140
148
141
149
142
150
143
151
144
152
145
153
146
154
155
148
157
149
158
150
159
151
160
152
161
153
162
154
163
155
164
156
165
166
158
167
159
168
160
169
161
170
162
171
163
172
164
173
165
174
166
175
176
542
168
177
169
178
170
179
171
180
172
181
173
182
174
183
175
184
176
185
186
541
178
187
179
188
180
189
181
190
182
191
183
192
184
193
185
194
186
195
196
540
188
197
189
198
190
199
191
200
192
201
193
202
194
203
195
204
196
205
206
539
198
207
199
208
200
209
201
210
202
211
203
212
204
213
205
214
206
215
216
538
208
217
209
218
210
219
211
220
212
221
213
222
214
223
215
224
216
225
226
537
218
227
219
228
220
229
221
230
222
231
223
232
224
233
225
234
226
235
236
536
228
237
229
238
230
239
231
240
232
241
233
242
234
243
235
244
236
245
246
535
238
247
239
248
240
249
241
250
242
251
243
252
244
253
245
254
246
255
256
534
248
257
249
258
250
259
251
260
252
261
253
262
254
263
255
264
256
265
266
533
258
267
259
268
260
269
261
270
262
271
263
272
264
273
265
274
266
275
276
532
268
277
269
278
270
279
271
280
272
281
273
282
274
283
275
284
276
285
286
531
278
287
279
288
280
289
281
290
282
291
283
292
284
293
285
294
286
295
296
530
288
297
289
298
290
299
291
300
292
301
293
302
294
303
295
304
296
305
306
529
298
307
299
308
300
309
301
310
302
311
303
312
304
313
305
314
306
315
316
528
308
317
309
318
310
319
311
320
312
321
313
322
314
323
315
324
316
325
326
527
318
327
319
328
320
329
321
330
322
331
323
332
324
333
325
334
326
335
336
526
328
337
329
338
330
339
331
340
332
341
333
342
334
343
335
344
336
345
346
525
338
347
339
348
340
349
341
350
342
351
343
352
344
353
345
354
346
355
356
637
348
357
349
358
350
359
351
360
352
361
353
362
354
363
355
364
356
365
366
636
358
367
359
368
360
369
361
370
362
371
363
372
364
373
365
374
366
375
376
635
368
377
369
378
370
379
371
380
372
381
373
382
374
383
375
384
376
385
386
634
378
387
379
388
380
389
381
390
382
391
383
392
384
393
385
394
386
395
396
633
388
397
389
398
390
399
391
400
392
401
393
402
394
403
395
404
396
405
406
632
398
407
399
408
400
409
401
410
402
411
403
412
404
413
405
414
406
415
416
631
408
417
409
418
410
419
411
420
412
421
413
422
414
423
415
424
416
425
426
630
418
427
419
428
420
429
421
430
422
431
423
432
424
433
425
434
426
435
428
436
429
437
430
438
431
439
432
440
433
441
434
442
435
443
437
444
438
445
439
446
440
447
441
448
442
449
443
450
445
451
446
452
447
453
448
454
449
455
450
456
452
457
453
458
454
459
455
460
456
461
462
458
463
459
464
460
465
461
466
462
467
464
468
465
469
466
470
467
471
472
469
473
470
474
471
475
472
476
474
477
475
478
476
479
480
478
481
479
482
480
483
484
482
485
483
486
484
487
486
488
487
489
490
489
491
490
492
493
492
494
493
495
496
495
497
496
498
499
498
500
499
501
501
502
503
503
504
505
505
506
507
507
508
509
509
510
511
511
512
513
513
514
515
515
516
517
518
519
520
521
522
523
526
543
637
527
544
528
545
529
546
530
547
531
548
532
549
533
550
534
551
535
552
536
553
537
554
538
555
539
556
540
557
541
558
542
559
560
544
645
545
546
561
547
562
548
563
549
564
550
565
551
566
552
567
553
568
554
569
555
570
556
571
557
572
558
573
559
574
560
575
576
562
563
564
565
577
566
578
567
579
568
580
569
581
570
582
571
583
572
584
573
585
574
586
575
587
576
588
589
578
579
580
581
590
582
591
583
592
584
593
585
594
586
595
587
596
588
597
589
598
599
591
592
600
593
601
594
602
595
603
596
604
597
605
598
606
599
607
608
601
602
603
609
604
610
605
611
606
612
607
613
608
614
615
610
611
616
612
617
613
618
614
619
615
620
621
617
618
619
622
620
623
621
624
625
623
624
626
625
627
628
627
628
629
631
638
632
639
633
640
634
641
635
642
636
643
637
644
645
639
646
640
647
641
648
642
649
643
650
644
651
645
647
652
648
653
649
654
650
651
653
655
654
)


// ************************************************************************* //
