/*--------------------------------*- C++ -*----------------------------------*\
  =========                 |
  \\      /  F ield         | OpenFOAM: The Open Source CFD Toolbox
   \\    /   O peration     | Website:  https://openfoam.org
    \\  /    A nd           | Version:  7
     \\/     M anipulation  |
\*---------------------------------------------------------------------------*/
FoamFile
{
    version     2.0;
    format      ascii;
    class       volVectorField;
    location    "30";
    object      U;
}
// * * * * * * * * * * * * * * * * * * * * * * * * * * * * * * * * * * * * * //

dimensions      [0 1 -1 0 0 0 0];

internalField   nonuniform List<vector> 
2625
(
(0.961038 -0.026137 0)
(0.960459 -0.0255453 0)
(0.959918 -0.0249667 0)
(0.959416 -0.0244009 0)
(0.958951 -0.0238477 0)
(0.958524 -0.0233068 0)
(0.958133 -0.0227779 0)
(0.957778 -0.0222604 0)
(0.957459 -0.0217544 0)
(0.957176 -0.0212582 0)
(0.956924 -0.0207736 0)
(0.956712 -0.020296 0)
(0.956525 -0.0198315 0)
(0.956383 -0.0193678 0)
(0.956256 -0.0189237 0)
(0.956187 -0.0184643 0)
(0.95611 -0.0180465 0)
(0.956122 -0.0175694 0)
(0.956083 -0.0172003 0)
(0.956193 -0.0166503 0)
(0.95617 -0.0164011 0)
(0.956411 -0.0156346 0)
(0.956376 -0.0157093 0)
(0.9568 -0.0144029 0)
(1.00062 -0.046108 0)
(0.998692 -0.0452967 0)
(0.996817 -0.04448 0)
(0.994999 -0.0436599 0)
(0.993236 -0.0428381 0)
(0.991528 -0.0420163 0)
(0.989874 -0.0411962 0)
(0.988272 -0.0403792 0)
(0.986723 -0.0395666 0)
(0.985224 -0.0387596 0)
(0.983775 -0.0379595 0)
(0.982375 -0.0371672 0)
(0.981024 -0.0363836 0)
(0.97972 -0.0356096 0)
(0.978464 -0.0348459 0)
(0.977254 -0.0340932 0)
(0.97609 -0.033352 0)
(0.974971 -0.0326227 0)
(0.973897 -0.0319059 0)
(0.972867 -0.0312017 0)
(0.97188 -0.0305106 0)
(0.970937 -0.0298326 0)
(0.970036 -0.0291679 0)
(0.969177 -0.0285166 0)
(0.96836 -0.0278788 0)
(0.967583 -0.0272543 0)
(0.966848 -0.0266431 0)
(0.966152 -0.0260452 0)
(0.965496 -0.0254603 0)
(0.964879 -0.0248883 0)
(0.964301 -0.0243288 0)
(0.963761 -0.0237818 0)
(0.963259 -0.0232468 0)
(0.962794 -0.0227237 0)
(0.962367 -0.0222116 0)
(0.961974 -0.0217108 0)
(0.961619 -0.0212197 0)
(0.961296 -0.02074 0)
(0.961012 -0.0202671 0)
(0.960756 -0.0198071 0)
(0.960544 -0.0193476 0)
(0.960348 -0.0189078 0)
(0.96021 -0.0184522 0)
(0.960067 -0.0180384 0)
(0.96001 -0.0175647 0)
(0.959908 -0.0171997 0)
(0.959947 -0.0166528 0)
(0.95987 -0.0164077 0)
(0.960031 -0.0156448 0)
(0.959961 -0.0157232 0)
(0.960279 -0.0144245 0)
(1.00806 -0.0456761 0)
(1.00604 -0.0448832 0)
(1.00408 -0.0440843 0)
(1.00218 -0.0432813 0)
(1.00033 -0.042476 0)
(0.998535 -0.0416702 0)
(0.996796 -0.0408654 0)
(0.99511 -0.0400632 0)
(0.993475 -0.0392649 0)
(0.991892 -0.0384717 0)
(0.990359 -0.0376849 0)
(0.988875 -0.0369055 0)
(0.987441 -0.0361344 0)
(0.986054 -0.0353724 0)
(0.984715 -0.0346203 0)
(0.983422 -0.0338788 0)
(0.982176 -0.0331484 0)
(0.980976 -0.0324296 0)
(0.97982 -0.0317229 0)
(0.978709 -0.0310286 0)
(0.977642 -0.0303469 0)
(0.976618 -0.0296781 0)
(0.975637 -0.0290223 0)
(0.974699 -0.0283796 0)
(0.973803 -0.0277501 0)
(0.972948 -0.0271336 0)
(0.972135 -0.0265302 0)
(0.971362 -0.0259398 0)
(0.970629 -0.0253621 0)
(0.969936 -0.0247971 0)
(0.969282 -0.0242444 0)
(0.968667 -0.0237039 0)
(0.96809 -0.0231752 0)
(0.96755 -0.0226581 0)
(0.967049 -0.0221518 0)
(0.966583 -0.0216567 0)
(0.966156 -0.021171 0)
(0.965761 -0.0206965 0)
(0.965406 -0.0202285 0)
(0.965078 -0.0197734 0)
(0.964796 -0.0193183 0)
(0.964531 -0.0188832 0)
(0.964324 -0.0184316 0)
(0.964114 -0.0180222 0)
(0.963988 -0.0175522 0)
(0.963823 -0.0171914 0)
(0.96379 -0.0166482 0)
(0.963658 -0.016407 0)
(0.963738 -0.0156487 0)
(0.963632 -0.01573 0)
(0.963844 -0.0144408 0)
(1.01556 -0.0452153 0)
(1.01346 -0.0444415 0)
(1.01141 -0.0436611 0)
(1.00943 -0.0428759 0)
(1.0075 -0.0420877 0)
(1.00562 -0.0412985 0)
(1.0038 -0.0405097 0)
(1.00203 -0.0397229 0)
(1.00031 -0.0389395 0)
(0.998642 -0.0381608 0)
(0.997026 -0.0373879 0)
(0.99546 -0.0366219 0)
(0.993943 -0.0358637 0)
(0.992474 -0.0351143 0)
(0.991053 -0.0343744 0)
(0.989679 -0.0336446 0)
(0.988351 -0.0329256 0)
(0.987069 -0.0322179 0)
(0.985833 -0.0315218 0)
(0.984641 -0.0308378 0)
(0.983494 -0.0301661 0)
(0.982391 -0.0295069 0)
(0.981331 -0.0288605 0)
(0.980314 -0.0282268 0)
(0.979339 -0.027606 0)
(0.978406 -0.026998 0)
(0.977515 -0.0264027 0)
(0.976665 -0.0258202 0)
(0.975855 -0.0252502 0)
(0.975086 -0.0246926 0)
(0.974356 -0.024147 0)
(0.973665 -0.0236134 0)
(0.973014 -0.0230913 0)
(0.9724 -0.0225806 0)
(0.971825 -0.0220805 0)
(0.971286 -0.0215914 0)
(0.970785 -0.0211114 0)
(0.970318 -0.0206425 0)
(0.969892 -0.0201797 0)
(0.969493 -0.0197298 0)
(0.96914 -0.0192796 0)
(0.968806 -0.0188493 0)
(0.968528 -0.0184022 0)
(0.968252 -0.0179973 0)
(0.968055 -0.0175316 0)
(0.967827 -0.0171749 0)
(0.967721 -0.0166361 0)
(0.967534 -0.0163986 0)
(0.967532 -0.0156459 0)
(0.967389 -0.0157293 0)
(0.967495 -0.0144513 0)
(1.02312 -0.0447249 0)
(1.02094 -0.043971 0)
(1.01881 -0.0432096 0)
(1.01674 -0.0424429 0)
(1.01473 -0.0416726 0)
(1.01277 -0.0409005 0)
(1.01087 -0.0401283 0)
(1.00902 -0.0393576 0)
(1.00722 -0.0385897 0)
(1.00547 -0.037826 0)
(1.00377 -0.0370676 0)
(1.00212 -0.0363156 0)
(1.00053 -0.0355711 0)
(0.998976 -0.0348348 0)
(0.997474 -0.0341075 0)
(0.996019 -0.0333901 0)
(0.994611 -0.032683 0)
(0.993249 -0.0319867 0)
(0.991933 -0.0313018 0)
(0.990662 -0.0306286 0)
(0.989435 -0.0299674 0)
(0.988253 -0.0293183 0)
(0.987114 -0.0286817 0)
(0.986019 -0.0280575 0)
(0.984966 -0.0274458 0)
(0.983955 -0.0268467 0)
(0.982987 -0.0262601 0)
(0.98206 -0.0256859 0)
(0.981174 -0.025124 0)
(0.980328 -0.0245741 0)
(0.979523 -0.0240361 0)
(0.978757 -0.0235098 0)
(0.97803 -0.0229947 0)
(0.977342 -0.0224908 0)
(0.976693 -0.0219973 0)
(0.976081 -0.0215145 0)
(0.975508 -0.0210405 0)
(0.974968 -0.0205775 0)
(0.974469 -0.0201204 0)
(0.974 -0.019676 0)
(0.973576 -0.0192309 0)
(0.973172 -0.0188057 0)
(0.972824 -0.0183634 0)
(0.972479 -0.0179634 0)
(0.972212 -0.0175022 0)
(0.97192 -0.0171499 0)
(0.971741 -0.016616 0)
(0.971498 -0.016382 0)
(0.971413 -0.0156361 0)
(0.971234 -0.0157207 0)
(0.971231 -0.0144558 0)
(1.03074 -0.0442043 0)
(1.02848 -0.0434709 0)
(1.02627 -0.0427294 0)
(1.02412 -0.0419817 0)
(1.02203 -0.0412299 0)
(1.01999 -0.0404757 0)
(1.01801 -0.0397208 0)
(1.01608 -0.0389667 0)
(1.0142 -0.038215 0)
(1.01237 -0.0374668 0)
(1.01059 -0.0367235 0)
(1.00886 -0.0359861 0)
(1.00719 -0.0352557 0)
(1.00556 -0.0345331 0)
(1.00397 -0.0338191 0)
(1.00244 -0.0331145 0)
(1.00095 -0.0324198 0)
(0.999511 -0.0317356 0)
(0.998116 -0.0310624 0)
(0.996766 -0.0304004 0)
(0.995461 -0.0297501 0)
(0.9942 -0.0291117 0)
(0.992984 -0.0284853 0)
(0.991811 -0.0278711 0)
(0.99068 -0.0272691 0)
(0.989593 -0.0266793 0)
(0.988548 -0.0261018 0)
(0.987544 -0.0255363 0)
(0.986582 -0.0249828 0)
(0.98566 -0.0244412 0)
(0.98478 -0.0239111 0)
(0.983939 -0.0233925 0)
(0.983138 -0.0228848 0)
(0.982376 -0.0223881 0)
(0.981653 -0.0219014 0)
(0.980967 -0.0214254 0)
(0.980321 -0.0209578 0)
(0.979709 -0.020501 0)
(0.979138 -0.0200499 0)
(0.978597 -0.0196113 0)
(0.978102 -0.0191718 0)
(0.977628 -0.018752 0)
(0.977209 -0.0183148 0)
(0.976797 -0.0179198 0)
(0.976458 -0.0174637 0)
(0.976102 -0.0171158 0)
(0.975849 -0.0165876 0)
(0.975551 -0.0163568 0)
(0.975382 -0.0156187 0)
(0.975167 -0.0157037 0)
(0.975053 -0.0144538 0)
(1.0384 -0.0436531 0)
(1.03606 -0.0429408 0)
(1.03378 -0.0422197 0)
(1.03155 -0.0414919 0)
(1.02938 -0.0407591 0)
(1.02727 -0.0400234 0)
(1.0252 -0.0392864 0)
(1.0232 -0.0385496 0)
(1.02124 -0.0378146 0)
(1.01933 -0.0370826 0)
(1.01748 -0.036355 0)
(1.01567 -0.0356328 0)
(1.01391 -0.0349171 0)
(1.01221 -0.0342087 0)
(1.01055 -0.0335085 0)
(1.00893 -0.0328172 0)
(1.00737 -0.0321355 0)
(1.00585 -0.0314639 0)
(1.00438 -0.0308028 0)
(1.00295 -0.0301527 0)
(1.00157 -0.0295138 0)
(1.00023 -0.0288865 0)
(0.998936 -0.0282708 0)
(0.997686 -0.027667 0)
(0.99648 -0.0270752 0)
(0.995316 -0.0264952 0)
(0.994194 -0.0259271 0)
(0.993115 -0.0253708 0)
(0.992077 -0.0248262 0)
(0.991081 -0.0242932 0)
(0.990125 -0.0237715 0)
(0.989209 -0.0232609 0)
(0.988334 -0.0227611 0)
(0.987498 -0.0222719 0)
(0.986702 -0.0217925 0)
(0.985943 -0.0213235 0)
(0.985223 -0.0208628 0)
(0.984539 -0.0204126 0)
(0.983896 -0.0199677 0)
(0.983284 -0.0195353 0)
(0.982717 -0.0191017 0)
(0.982173 -0.0186876 0)
(0.981683 -0.018256 0)
(0.981203 -0.0178662 0)
(0.980793 -0.0174156 0)
(0.980373 -0.0170723 0)
(0.980045 -0.0165502 0)
(0.979691 -0.0163226 0)
(0.979437 -0.0155934 0)
(0.979186 -0.015678 0)
(0.97896 -0.0144449 0)
(1.04609 -0.0430708 0)
(1.04368 -0.0423803 0)
(1.04132 -0.0416803 0)
(1.03902 -0.0409728 0)
(1.03678 -0.0402598 0)
(1.03459 -0.0395432 0)
(1.03245 -0.0388246 0)
(1.03037 -0.0381057 0)
(1.02834 -0.037388 0)
(1.02635 -0.0366729 0)
(1.02442 -0.0359615 0)
(1.02254 -0.035255 0)
(1.02071 -0.0345546 0)
(1.01892 -0.033861 0)
(1.01719 -0.0331752 0)
(1.0155 -0.0324978 0)
(1.01386 -0.0318295 0)
(1.01226 -0.031171 0)
(1.01071 -0.0305226 0)
(1.00921 -0.0298848 0)
(1.00775 -0.0292578 0)
(1.00634 -0.0286421 0)
(1.00497 -0.0280377 0)
(1.00364 -0.0274448 0)
(1.00236 -0.0268634 0)
(1.00112 -0.0262937 0)
(0.999924 -0.0257355 0)
(0.99877 -0.0251889 0)
(0.997657 -0.0246537 0)
(0.996586 -0.0241297 0)
(0.995556 -0.0236167 0)
(0.994566 -0.0231146 0)
(0.993617 -0.0226229 0)
(0.992707 -0.0221417 0)
(0.991838 -0.02167 0)
(0.991006 -0.0212084 0)
(0.990214 -0.0207549 0)
(0.989458 -0.0203116 0)
(0.988743 -0.0198734 0)
(0.98806 -0.0194474 0)
(0.987421 -0.0190201 0)
(0.986807 -0.018612 0)
(0.986246 -0.0181864 0)
(0.985698 -0.0178021 0)
(0.985216 -0.0173574 0)
(0.984731 -0.0170188 0)
(0.984328 -0.0165036 0)
(0.983918 -0.016279 0)
(0.983579 -0.0155597 0)
(0.983291 -0.015643 0)
(0.982953 -0.0144287 0)
(1.05381 -0.042457 0)
(1.05133 -0.041789 0)
(1.0489 -0.0411106 0)
(1.04653 -0.0404241 0)
(1.04422 -0.0397315 0)
(1.04195 -0.0390345 0)
(1.03974 -0.038335 0)
(1.03759 -0.0376346 0)
(1.03548 -0.0369348 0)
(1.03343 -0.036237 0)
(1.03142 -0.0355425 0)
(1.02947 -0.0348523 0)
(1.02756 -0.0341677 0)
(1.0257 -0.0334895 0)
(1.02389 -0.0328185 0)
(1.02213 -0.0321556 0)
(1.02041 -0.0315013 0)
(1.01874 -0.0308564 0)
(1.01712 -0.0302212 0)
(1.01554 -0.0295962 0)
(1.01401 -0.0289817 0)
(1.01252 -0.028378 0)
(1.01107 -0.0277853 0)
(1.00967 -0.0272037 0)
(1.00832 -0.0266334 0)
(1.007 -0.0260744 0)
(1.00573 -0.0255266 0)
(1.0045 -0.02499 0)
(1.00332 -0.0244645 0)
(1.00217 -0.02395 0)
(1.00107 -0.0234462 0)
(1.00001 -0.022953 0)
(0.998984 -0.0224699 0)
(0.998001 -0.021997 0)
(0.997059 -0.0215334 0)
(0.996154 -0.0210796 0)
(0.99529 -0.0206336 0)
(0.994462 -0.0201976 0)
(0.993676 -0.0197665 0)
(0.992921 -0.0193473 0)
(0.992212 -0.0189265 0)
(0.991528 -0.0185248 0)
(0.990896 -0.0181055 0)
(0.990279 -0.017727 0)
(0.989725 -0.0172887 0)
(0.989176 -0.0169549 0)
(0.988698 -0.0164472 0)
(0.988231 -0.0162253 0)
(0.987807 -0.0155173 0)
(0.987482 -0.0155983 0)
(0.987031 -0.0144048 0)
(1.06154 -0.0418116 0)
(1.05899 -0.0411665 0)
(1.0565 -0.0405105 0)
(1.05406 -0.0398455 0)
(1.05168 -0.0391738 0)
(1.04935 -0.0384971 0)
(1.04707 -0.0378172 0)
(1.04484 -0.0371359 0)
(1.04267 -0.0364546 0)
(1.04054 -0.0357747 0)
(1.03847 -0.0350975 0)
(1.03644 -0.0344242 0)
(1.03446 -0.0337559 0)
(1.03253 -0.0330936 0)
(1.03065 -0.0324381 0)
(1.02881 -0.0317901 0)
(1.02703 -0.0311504 0)
(1.02528 -0.0305195 0)
(1.02359 -0.029898 0)
(1.02194 -0.0292863 0)
(1.02033 -0.0286847 0)
(1.01877 -0.0280936 0)
(1.01725 -0.0275131 0)
(1.01578 -0.0269433 0)
(1.01435 -0.0263845 0)
(1.01296 -0.0258366 0)
(1.01162 -0.0252997 0)
(1.01032 -0.0247736 0)
(1.00906 -0.0242583 0)
(1.00784 -0.0237536 0)
(1.00666 -0.0232594 0)
(1.00553 -0.0227755 0)
(1.00443 -0.0223014 0)
(1.00338 -0.0218373 0)
(1.00236 -0.0213821 0)
(1.00139 -0.0209365 0)
(1.00045 -0.0204984 0)
(0.999551 -0.02007 0)
(0.998693 -0.0196463 0)
(0.997868 -0.0192343 0)
(0.997087 -0.0188206 0)
(0.996333 -0.0184255 0)
(0.99563 -0.0180128 0)
(0.994946 -0.0176403 0)
(0.99432 -0.0172089 0)
(0.993706 -0.0168801 0)
(0.993153 -0.0163806 0)
(0.99263 -0.0161612 0)
(0.99212 -0.0154655 0)
(0.991758 -0.0155435 0)
(0.991192 -0.0143726 0)
(1.06927 -0.0411344 0)
(1.06666 -0.0405128 0)
(1.06411 -0.0398796 0)
(1.06161 -0.0392368 0)
(1.05916 -0.0385865 0)
(1.05677 -0.0379306 0)
(1.05442 -0.0372709 0)
(1.05213 -0.0366092 0)
(1.04989 -0.0359469 0)
(1.04769 -0.0352855 0)
(1.04555 -0.0346262 0)
(1.04345 -0.0339703 0)
(1.04141 -0.0333189 0)
(1.03941 -0.032673 0)
(1.03746 -0.0320334 0)
(1.03555 -0.0314009 0)
(1.03369 -0.0307762 0)
(1.03188 -0.03016 0)
(1.03011 -0.0295527 0)
(1.02839 -0.0289548 0)
(1.02671 -0.0283666 0)
(1.02508 -0.0277885 0)
(1.02349 -0.0272206 0)
(1.02195 -0.0266632 0)
(1.02044 -0.0261163 0)
(1.01899 -0.02558 0)
(1.01757 -0.0250543 0)
(1.0162 -0.0245392 0)
(1.01487 -0.0240345 0)
(1.01358 -0.0235401 0)
(1.01233 -0.0230559 0)
(1.01112 -0.0225817 0)
(1.00996 -0.022117 0)
(1.00883 -0.021662 0)
(1.00774 -0.0212156 0)
(1.0067 -0.0207786 0)
(1.00569 -0.0203488 0)
(1.00472 -0.0199285 0)
(1.00379 -0.0195125 0)
(1.0029 -0.0191081 0)
(1.00204 -0.0187016 0)
(1.00122 -0.0183135 0)
(1.00045 -0.017908 0)
(0.999695 -0.0175417 0)
(0.998998 -0.0171177 0)
(0.99832 -0.0167939 0)
(0.997692 -0.0163033 0)
(0.997112 -0.0160863 0)
(0.996516 -0.015404 0)
(0.996118 -0.0154781 0)
(0.995437 -0.0143318 0)
(1.077 -0.0404254 0)
(1.07433 -0.0398278 0)
(1.07172 -0.0392179 0)
(1.06916 -0.0385977 0)
(1.06665 -0.0379694 0)
(1.0642 -0.0373348 0)
(1.06179 -0.0366959 0)
(1.05943 -0.0360543 0)
(1.05713 -0.0354115 0)
(1.05487 -0.0347691 0)
(1.05266 -0.0341282 0)
(1.0505 -0.0334903 0)
(1.04839 -0.0328563 0)
(1.04632 -0.0322273 0)
(1.0443 -0.0316041 0)
(1.04233 -0.0309876 0)
(1.0404 -0.0303785 0)
(1.03852 -0.0297774 0)
(1.03669 -0.0291847 0)
(1.0349 -0.0286011 0)
(1.03315 -0.0280268 0)
(1.03145 -0.0274622 0)
(1.02979 -0.0269074 0)
(1.02818 -0.0263627 0)
(1.0266 -0.0258282 0)
(1.02508 -0.025304 0)
(1.02359 -0.02479 0)
(1.02215 -0.0242862 0)
(1.02075 -0.0237926 0)
(1.01939 -0.023309 0)
(1.01807 -0.0228352 0)
(1.01679 -0.022371 0)
(1.01555 -0.0219162 0)
(1.01436 -0.0214707 0)
(1.0132 -0.0210335 0)
(1.01208 -0.0206054 0)
(1.01101 -0.0201843 0)
(1.00997 -0.0197724 0)
(1.00897 -0.0193646 0)
(1.008 -0.018968 0)
(1.00708 -0.0185693 0)
(1.00619 -0.0181884 0)
(1.00535 -0.0177904 0)
(1.00453 -0.0174307 0)
(1.00376 -0.0170145 0)
(1.00302 -0.0166958 0)
(1.00231 -0.0162148 0)
(1.00168 -0.016 0)
(1.00099 -0.0153323 0)
(1.00056 -0.0154017 0)
(0.999763 -0.0142818 0)
(1.0847 -0.0396847 0)
(1.08199 -0.0391116 0)
(1.07932 -0.0385254 0)
(1.0767 -0.0379283 0)
(1.07414 -0.0373224 0)
(1.07163 -0.0367097 0)
(1.06916 -0.036092 0)
(1.06675 -0.035471 0)
(1.06438 -0.0348482 0)
(1.06206 -0.0342253 0)
(1.05979 -0.0336034 0)
(1.05757 -0.0329839 0)
(1.05539 -0.0323678 0)
(1.05326 -0.0317562 0)
(1.05118 -0.0311499 0)
(1.04914 -0.0305499 0)
(1.04715 -0.0299568 0)
(1.04521 -0.0293712 0)
(1.0433 -0.0287938 0)
(1.04145 -0.0282249 0)
(1.03963 -0.0276649 0)
(1.03787 -0.0271142 0)
(1.03614 -0.0265731 0)
(1.03446 -0.0260416 0)
(1.03282 -0.0255199 0)
(1.03122 -0.0250082 0)
(1.02967 -0.0245063 0)
(1.02816 -0.0240143 0)
(1.02669 -0.0235322 0)
(1.02526 -0.0230597 0)
(1.02387 -0.0225967 0)
(1.02253 -0.0221431 0)
(1.02122 -0.0216984 0)
(1.01996 -0.0212628 0)
(1.01873 -0.0208353 0)
(1.01754 -0.0204165 0)
(1.0164 -0.0200044 0)
(1.01529 -0.0196012 0)
(1.01422 -0.019202 0)
(1.01319 -0.0188136 0)
(1.0122 -0.018423 0)
(1.01124 -0.0180497 0)
(1.01032 -0.0176596 0)
(1.00944 -0.0173067 0)
(1.0086 -0.0168988 0)
(1.00779 -0.0165854 0)
(1.00701 -0.0161147 0)
(1.00632 -0.0159019 0)
(1.00555 -0.0152499 0)
(1.00508 -0.0153138 0)
(1.00417 -0.0142222 0)
(1.09238 -0.0389126 0)
(1.08961 -0.0383644 0)
(1.08689 -0.0378023 0)
(1.08423 -0.0372288 0)
(1.08161 -0.0366458 0)
(1.07905 -0.0360553 0)
(1.07653 -0.0354592 0)
(1.07406 -0.0348593 0)
(1.07163 -0.034257 0)
(1.06926 -0.033654 0)
(1.06693 -0.0330515 0)
(1.06465 -0.0324508 0)
(1.06241 -0.0318531 0)
(1.06022 -0.0312594 0)
(1.05808 -0.0306706 0)
(1.05598 -0.0300875 0)
(1.05393 -0.0295109 0)
(1.05192 -0.0289414 0)
(1.04996 -0.0283795 0)
(1.04804 -0.0278258 0)
(1.04616 -0.0272807 0)
(1.04433 -0.0267444 0)
(1.04254 -0.0262172 0)
(1.04079 -0.0256994 0)
(1.03909 -0.025191 0)
(1.03742 -0.0246921 0)
(1.0358 -0.0242029 0)
(1.03423 -0.0237231 0)
(1.03269 -0.0232528 0)
(1.03119 -0.0227919 0)
(1.02974 -0.0223401 0)
(1.02833 -0.0218974 0)
(1.02695 -0.0214634 0)
(1.02562 -0.021038 0)
(1.02433 -0.0206205 0)
(1.02307 -0.0202114 0)
(1.02186 -0.0198087 0)
(1.02068 -0.0194147 0)
(1.01955 -0.0190243 0)
(1.01844 -0.0186444 0)
(1.01738 -0.0182623 0)
(1.01636 -0.017897 0)
(1.01537 -0.0175152 0)
(1.01442 -0.0171693 0)
(1.01351 -0.0167702 0)
(1.01264 -0.0164623 0)
(1.01179 -0.0160024 0)
(1.01104 -0.0157916 0)
(1.01019 -0.0151563 0)
(1.00968 -0.015214 0)
(1.00865 -0.0141525 0)
(1.1 -0.0381096 0)
(1.09719 -0.0375865 0)
(1.09443 -0.037049 0)
(1.09172 -0.0364992 0)
(1.08906 -0.0359395 0)
(1.08644 -0.0353717 0)
(1.08387 -0.0347976 0)
(1.08135 -0.0342192 0)
(1.07888 -0.0336378 0)
(1.07645 -0.0330552 0)
(1.07407 -0.0324725 0)
(1.07173 -0.0318912 0)
(1.06944 -0.0313123 0)
(1.0672 -0.0307369 0)
(1.065 -0.0301659 0)
(1.06284 -0.0296002 0)
(1.06073 -0.0290405 0)
(1.05866 -0.0284875 0)
(1.05663 -0.0279417 0)
(1.05465 -0.0274036 0)
(1.05272 -0.0268737 0)
(1.05082 -0.0263523 0)
(1.04897 -0.0258396 0)
(1.04716 -0.0253358 0)
(1.04539 -0.0248411 0)
(1.04367 -0.0243556 0)
(1.04198 -0.0238792 0)
(1.04034 -0.0234121 0)
(1.03874 -0.0229541 0)
(1.03718 -0.0225051 0)
(1.03566 -0.022065 0)
(1.03418 -0.0216336 0)
(1.03274 -0.0212105 0)
(1.03134 -0.0207958 0)
(1.02999 -0.0203887 0)
(1.02866 -0.0199896 0)
(1.02738 -0.0195967 0)
(1.02614 -0.0192122 0)
(1.02494 -0.0188311 0)
(1.02377 -0.0184601 0)
(1.02264 -0.0180868 0)
(1.02155 -0.0177297 0)
(1.0205 -0.0173566 0)
(1.01948 -0.017018 0)
(1.0185 -0.0166282 0)
(1.01757 -0.0163259 0)
(1.01664 -0.0158775 0)
(1.01584 -0.0156686 0)
(1.0149 -0.015051 0)
(1.01435 -0.0151018 0)
(1.01321 -0.0140723 0)
(1.10756 -0.0372761 0)
(1.10472 -0.0367784 0)
(1.10192 -0.0362657 0)
(1.09917 -0.0357401 0)
(1.09646 -0.035204 0)
(1.09381 -0.0346591 0)
(1.09119 -0.0341075 0)
(1.08863 -0.0335509 0)
(1.0861 -0.0329908 0)
(1.08363 -0.0324289 0)
(1.0812 -0.0318665 0)
(1.07881 -0.0313049 0)
(1.07647 -0.0307452 0)
(1.07417 -0.0301885 0)
(1.07191 -0.0296358 0)
(1.0697 -0.0290879 0)
(1.06754 -0.0285456 0)
(1.06541 -0.0280094 0)
(1.06333 -0.0274801 0)
(1.06129 -0.0269581 0)
(1.0593 -0.0264439 0)
(1.05734 -0.0259377 0)
(1.05543 -0.0254398 0)
(1.05356 -0.0249505 0)
(1.05174 -0.0244699 0)
(1.04995 -0.0239981 0)
(1.0482 -0.0235352 0)
(1.0465 -0.0230811 0)
(1.04484 -0.0226357 0)
(1.04321 -0.0221991 0)
(1.04163 -0.0217709 0)
(1.04009 -0.0213512 0)
(1.03859 -0.0209395 0)
(1.03712 -0.0205359 0)
(1.0357 -0.0201394 0)
(1.03431 -0.0197508 0)
(1.03297 -0.0193681 0)
(1.03166 -0.0189934 0)
(1.03039 -0.0186219 0)
(1.02916 -0.0182601 0)
(1.02796 -0.0178961 0)
(1.0268 -0.0175475 0)
(1.02569 -0.0171835 0)
(1.0246 -0.0168525 0)
(1.02356 -0.0164723 0)
(1.02256 -0.0161759 0)
(1.02156 -0.0157396 0)
(1.0207 -0.0155324 0)
(1.01968 -0.0149337 0)
(1.0191 -0.0149769 0)
(1.01784 -0.0139809 0)
(1.11505 -0.036413 0)
(1.11217 -0.0359409 0)
(1.10934 -0.0354531 0)
(1.10656 -0.034952 0)
(1.10382 -0.0344396 0)
(1.10112 -0.033918 0)
(1.09847 -0.0333891 0)
(1.09586 -0.0328546 0)
(1.0933 -0.0323162 0)
(1.09077 -0.0317754 0)
(1.0883 -0.0312336 0)
(1.08587 -0.0306921 0)
(1.08348 -0.030152 0)
(1.08113 -0.0296144 0)
(1.07882 -0.0290803 0)
(1.07656 -0.0285506 0)
(1.07434 -0.028026 0)
(1.07217 -0.0275072 0)
(1.07003 -0.0269947 0)
(1.06794 -0.0264892 0)
(1.06589 -0.025991 0)
(1.06388 -0.0255004 0)
(1.06192 -0.0250178 0)
(1.05999 -0.0245434 0)
(1.05811 -0.0240773 0)
(1.05626 -0.0236196 0)
(1.05446 -0.0231704 0)
(1.05269 -0.0227297 0)
(1.05097 -0.0222974 0)
(1.04929 -0.0218735 0)
(1.04765 -0.0214577 0)
(1.04604 -0.02105 0)
(1.04448 -0.02065 0)
(1.04295 -0.0202578 0)
(1.04147 -0.0198725 0)
(1.04002 -0.0194946 0)
(1.03861 -0.0191224 0)
(1.03724 -0.0187578 0)
(1.0359 -0.0183964 0)
(1.0346 -0.0180441 0)
(1.03335 -0.0176896 0)
(1.03212 -0.0173499 0)
(1.03094 -0.0169954 0)
(1.02979 -0.0166722 0)
(1.02868 -0.0163022 0)
(1.02762 -0.0160117 0)
(1.02655 -0.0155881 0)
(1.02564 -0.0153826 0)
(1.02453 -0.0148037 0)
(1.02392 -0.0148388 0)
(1.02254 -0.013878 0)
(1.12245 -0.0355211 0)
(1.11955 -0.0350747 0)
(1.11669 -0.034612 0)
(1.11388 -0.0341354 0)
(1.1111 -0.0336471 0)
(1.10837 -0.033149 0)
(1.10569 -0.032643 0)
(1.10304 -0.032131 0)
(1.10044 -0.0316145 0)
(1.09788 -0.031095 0)
(1.09536 -0.0305741 0)
(1.09289 -0.030053 0)
(1.09046 -0.0295328 0)
(1.08807 -0.0290147 0)
(1.08572 -0.0284996 0)
(1.08341 -0.0279884 0)
(1.08114 -0.0274819 0)
(1.07892 -0.0269807 0)
(1.07674 -0.0264855 0)
(1.07459 -0.0259968 0)
(1.07249 -0.025515 0)
(1.07043 -0.0250404 0)
(1.06841 -0.0245734 0)
(1.06643 -0.0241142 0)
(1.06449 -0.023663 0)
(1.06259 -0.0232198 0)
(1.06073 -0.0227847 0)
(1.05891 -0.0223577 0)
(1.05713 -0.0219389 0)
(1.05539 -0.021528 0)
(1.05369 -0.021125 0)
(1.05203 -0.0207297 0)
(1.05041 -0.0203417 0)
(1.04882 -0.0199613 0)
(1.04727 -0.0195874 0)
(1.04577 -0.0192207 0)
(1.04429 -0.0188593 0)
(1.04286 -0.0185052 0)
(1.04147 -0.0181541 0)
(1.0401 -0.0178117 0)
(1.03878 -0.0174671 0)
(1.0375 -0.0171366 0)
(1.03625 -0.0167918 0)
(1.03504 -0.0164769 0)
(1.03386 -0.0161173 0)
(1.03274 -0.0158331 0)
(1.0316 -0.0154227 0)
(1.03063 -0.0152189 0)
(1.02945 -0.0146606 0)
(1.0288 -0.014687 0)
(1.02731 -0.0137629 0)
(1.12974 -0.0346015 0)
(1.12682 -0.0341808 0)
(1.12394 -0.0337433 0)
(1.12111 -0.0332914 0)
(1.11831 -0.0328271 0)
(1.11555 -0.0323527 0)
(1.11284 -0.0318698 0)
(1.11016 -0.0313804 0)
(1.10753 -0.030886 0)
(1.10494 -0.0303882 0)
(1.10238 -0.0298884 0)
(1.09987 -0.0293879 0)
(1.0974 -0.028888 0)
(1.09497 -0.0283896 0)
(1.09258 -0.0278938 0)
(1.09023 -0.0274015 0)
(1.08792 -0.0269133 0)
(1.08565 -0.0264302 0)
(1.08342 -0.0259525 0)
(1.08124 -0.0254809 0)
(1.07909 -0.0250159 0)
(1.07698 -0.0245577 0)
(1.07491 -0.0241066 0)
(1.07288 -0.023663 0)
(1.07089 -0.0232269 0)
(1.06894 -0.0227985 0)
(1.06703 -0.0223779 0)
(1.06515 -0.0219651 0)
(1.06332 -0.02156 0)
(1.06152 -0.0211625 0)
(1.05977 -0.0207725 0)
(1.05805 -0.02039 0)
(1.05637 -0.0200144 0)
(1.05473 -0.019646 0)
(1.05312 -0.0192839 0)
(1.05155 -0.0189286 0)
(1.05002 -0.0185784 0)
(1.04853 -0.0182352 0)
(1.04707 -0.0178947 0)
(1.04565 -0.0175625 0)
(1.04427 -0.0172282 0)
(1.04292 -0.0169071 0)
(1.04161 -0.0165725 0)
(1.04034 -0.016266 0)
(1.0391 -0.0159174 0)
(1.03792 -0.0156395 0)
(1.03671 -0.0152429 0)
(1.03569 -0.0150408 0)
(1.03442 -0.0145041 0)
(1.03374 -0.0145213 0)
(1.03213 -0.0136353 0)
(1.13692 -0.0336555 0)
(1.13399 -0.0332603 0)
(1.13109 -0.032848 0)
(1.12824 -0.0324207 0)
(1.12542 -0.0319807 0)
(1.12264 -0.0315299 0)
(1.1199 -0.0310703 0)
(1.11721 -0.0306036 0)
(1.11454 -0.0301315 0)
(1.11192 -0.0296555 0)
(1.10934 -0.029177 0)
(1.1068 -0.0286975 0)
(1.10429 -0.0282179 0)
(1.10183 -0.0277396 0)
(1.0994 -0.0272633 0)
(1.09702 -0.0267901 0)
(1.09467 -0.0263207 0)
(1.09236 -0.0258557 0)
(1.09009 -0.025396 0)
(1.08786 -0.0249418 0)
(1.08567 -0.0244938 0)
(1.08351 -0.0240522 0)
(1.0814 -0.0236174 0)
(1.07932 -0.0231897 0)
(1.07729 -0.0227691 0)
(1.07529 -0.0223559 0)
(1.07333 -0.0219501 0)
(1.0714 -0.0215516 0)
(1.06952 -0.0211606 0)
(1.06767 -0.0207768 0)
(1.06586 -0.0204002 0)
(1.06409 -0.0200307 0)
(1.06235 -0.0196679 0)
(1.06066 -0.0193119 0)
(1.059 -0.0189618 0)
(1.05737 -0.0186183 0)
(1.05579 -0.0182796 0)
(1.05423 -0.0179475 0)
(1.05272 -0.0176179 0)
(1.05124 -0.0172962 0)
(1.0498 -0.0169725 0)
(1.04839 -0.0166611 0)
(1.04702 -0.0163371 0)
(1.04569 -0.0160392 0)
(1.04438 -0.0157019 0)
(1.04315 -0.0154306 0)
(1.04187 -0.0150483 0)
(1.0408 -0.0148479 0)
(1.03945 -0.0143335 0)
(1.03873 -0.0143412 0)
(1.03702 -0.0134946 0)
(1.14396 -0.0326845 0)
(1.14102 -0.0323147 0)
(1.13812 -0.0319274 0)
(1.13525 -0.0315247 0)
(1.13242 -0.0311088 0)
(1.12963 -0.0306817 0)
(1.12688 -0.0302453 0)
(1.12416 -0.0298014 0)
(1.12148 -0.0293517 0)
(1.11883 -0.0288976 0)
(1.11622 -0.0284407 0)
(1.11365 -0.0279821 0)
(1.11112 -0.0275232 0)
(1.10863 -0.027065 0)
(1.10617 -0.0266086 0)
(1.10375 -0.0261547 0)
(1.10137 -0.0257042 0)
(1.09903 -0.0252578 0)
(1.09672 -0.0248161 0)
(1.09445 -0.0243796 0)
(1.09222 -0.0239489 0)
(1.09003 -0.0235243 0)
(1.08787 -0.023106 0)
(1.08575 -0.0226944 0)
(1.08367 -0.0222897 0)
(1.08163 -0.0218919 0)
(1.07962 -0.0215011 0)
(1.07765 -0.0211173 0)
(1.07572 -0.0207406 0)
(1.07382 -0.0203709 0)
(1.07196 -0.020008 0)
(1.07014 -0.0196518 0)
(1.06836 -0.019302 0)
(1.06661 -0.0189586 0)
(1.06489 -0.018621 0)
(1.06322 -0.0182895 0)
(1.06157 -0.0179625 0)
(1.05997 -0.0176418 0)
(1.0584 -0.0173235 0)
(1.05686 -0.0170126 0)
(1.05536 -0.0166997 0)
(1.0539 -0.0163984 0)
(1.05247 -0.0160852 0)
(1.05108 -0.0157962 0)
(1.04971 -0.0154706 0)
(1.04842 -0.0152061 0)
(1.04708 -0.0148385 0)
(1.04595 -0.0146399 0)
(1.04453 -0.0141486 0)
(1.04378 -0.0141464 0)
(1.04195 -0.0133404 0)
(1.15085 -0.0316901 0)
(1.14791 -0.0313455 0)
(1.14501 -0.0309829 0)
(1.14214 -0.0306045 0)
(1.1393 -0.0302126 0)
(1.1365 -0.0298092 0)
(1.13374 -0.029396 0)
(1.131 -0.0289749 0)
(1.12831 -0.0285476 0)
(1.12564 -0.0281155 0)
(1.12302 -0.0276801 0)
(1.12043 -0.0272427 0)
(1.11787 -0.0268046 0)
(1.11535 -0.0263667 0)
(1.11287 -0.0259301 0)
(1.11042 -0.0254957 0)
(1.10801 -0.0250643 0)
(1.10564 -0.0246367 0)
(1.1033 -0.0242133 0)
(1.101 -0.0237948 0)
(1.09873 -0.0233816 0)
(1.0965 -0.0229741 0)
(1.09431 -0.0225726 0)
(1.09215 -0.0221774 0)
(1.09003 -0.0217887 0)
(1.08795 -0.0214065 0)
(1.0859 -0.0210311 0)
(1.08389 -0.0206623 0)
(1.08191 -0.0203002 0)
(1.07997 -0.0199447 0)
(1.07807 -0.0195957 0)
(1.0762 -0.0192531 0)
(1.07436 -0.0189166 0)
(1.07257 -0.0185862 0)
(1.0708 -0.0182612 0)
(1.06908 -0.017942 0)
(1.06738 -0.0176271 0)
(1.06572 -0.0173181 0)
(1.0641 -0.0170113 0)
(1.06251 -0.0167114 0)
(1.06096 -0.0164097 0)
(1.05944 -0.0161187 0)
(1.05795 -0.0158166 0)
(1.05651 -0.0155368 0)
(1.05508 -0.0152232 0)
(1.05373 -0.0149657 0)
(1.05233 -0.0146132 0)
(1.05115 -0.0144165 0)
(1.04965 -0.0139488 0)
(1.04887 -0.0139365 0)
(1.04693 -0.0131721 0)
(1.15758 -0.0306741 0)
(1.15465 -0.0303542 0)
(1.15175 -0.030016 0)
(1.14888 -0.0296618 0)
(1.14605 -0.0292937 0)
(1.14324 -0.0289137 0)
(1.14047 -0.0285236 0)
(1.13773 -0.0281252 0)
(1.13503 -0.0277202 0)
(1.13235 -0.0273101 0)
(1.12971 -0.0268963 0)
(1.12711 -0.0264801 0)
(1.12453 -0.0260627 0)
(1.122 -0.0256453 0)
(1.11949 -0.0252287 0)
(1.11702 -0.024814 0)
(1.11459 -0.0244018 0)
(1.11219 -0.023993 0)
(1.10982 -0.0235881 0)
(1.10749 -0.0231876 0)
(1.1052 -0.0227922 0)
(1.10294 -0.022402 0)
(1.10071 -0.0220175 0)
(1.09852 -0.0216389 0)
(1.09636 -0.0212664 0)
(1.09424 -0.0209002 0)
(1.09216 -0.0205402 0)
(1.09011 -0.0201867 0)
(1.08809 -0.0198394 0)
(1.08611 -0.0194984 0)
(1.08416 -0.0191636 0)
(1.08225 -0.0188348 0)
(1.08037 -0.0185118 0)
(1.07853 -0.0181946 0)
(1.07672 -0.0178824 0)
(1.07494 -0.0175758 0)
(1.0732 -0.0172732 0)
(1.07149 -0.0169761 0)
(1.06982 -0.0166811 0)
(1.06818 -0.0163925 0)
(1.06657 -0.0161022 0)
(1.065 -0.0158217 0)
(1.06346 -0.015531 0)
(1.06196 -0.0152606 0)
(1.06048 -0.0149593 0)
(1.05908 -0.014709 0)
(1.05761 -0.014372 0)
(1.05638 -0.0141773 0)
(1.05481 -0.0137338 0)
(1.05399 -0.0137113 0)
(1.05195 -0.0129894 0)
(1.16413 -0.0296383 0)
(1.16121 -0.0293427 0)
(1.15833 -0.0290286 0)
(1.15547 -0.0286981 0)
(1.15264 -0.0283535 0)
(1.14984 -0.0279966 0)
(1.14707 -0.0276294 0)
(1.14433 -0.0272536 0)
(1.14162 -0.0268708 0)
(1.13894 -0.0264826 0)
(1.13629 -0.0260903 0)
(1.13367 -0.0256952 0)
(1.13109 -0.0252987 0)
(1.12854 -0.0249016 0)
(1.12602 -0.0245052 0)
(1.12353 -0.0241101 0)
(1.12108 -0.0237173 0)
(1.11866 -0.0233274 0)
(1.11627 -0.0229411 0)
(1.11392 -0.0225588 0)
(1.1116 -0.0221812 0)
(1.10931 -0.0218086 0)
(1.10706 -0.0214412 0)
(1.10484 -0.0210794 0)
(1.10265 -0.0207233 0)
(1.1005 -0.0203731 0)
(1.09838 -0.0200288 0)
(1.09629 -0.0196906 0)
(1.09424 -0.0193584 0)
(1.09222 -0.0190321 0)
(1.09024 -0.0187116 0)
(1.08828 -0.0183969 0)
(1.08636 -0.0180876 0)
(1.08448 -0.0177837 0)
(1.08262 -0.0174847 0)
(1.0808 -0.0171908 0)
(1.07902 -0.0169007 0)
(1.07726 -0.0166157 0)
(1.07554 -0.0163328 0)
(1.07385 -0.0160556 0)
(1.0722 -0.015777 0)
(1.07058 -0.0155072 0)
(1.06898 -0.0152282 0)
(1.06743 -0.0149675 0)
(1.06589 -0.0146787 0)
(1.06444 -0.0144359 0)
(1.06291 -0.0141147 0)
(1.06164 -0.0139222 0)
(1.06 -0.0135033 0)
(1.05915 -0.0134705 0)
(1.05701 -0.0127917 0)
(1.17049 -0.028585 0)
(1.16759 -0.028313 0)
(1.16473 -0.0280224 0)
(1.16188 -0.0277152 0)
(1.15907 -0.0273937 0)
(1.15627 -0.0270597 0)
(1.15351 -0.0267151 0)
(1.15078 -0.0263615 0)
(1.14807 -0.0260008 0)
(1.14539 -0.0256342 0)
(1.14274 -0.0252633 0)
(1.14012 -0.0248893 0)
(1.13753 -0.0245135 0)
(1.13497 -0.0241368 0)
(1.13244 -0.0237604 0)
(1.12994 -0.023385 0)
(1.12748 -0.0230115 0)
(1.12504 -0.0226407 0)
(1.12264 -0.022273 0)
(1.12027 -0.021909 0)
(1.11793 -0.0215493 0)
(1.11562 -0.0211943 0)
(1.11334 -0.0208441 0)
(1.11109 -0.0204992 0)
(1.10888 -0.0201596 0)
(1.1067 -0.0198256 0)
(1.10455 -0.0194972 0)
(1.10244 -0.0191745 0)
(1.10035 -0.0188575 0)
(1.0983 -0.018546 0)
(1.09628 -0.01824 0)
(1.09429 -0.0179395 0)
(1.09233 -0.0176441 0)
(1.09041 -0.0173538 0)
(1.08852 -0.017068 0)
(1.08665 -0.0167871 0)
(1.08483 -0.0165097 0)
(1.08303 -0.0162371 0)
(1.08126 -0.0159663 0)
(1.07953 -0.0157009 0)
(1.07783 -0.015434 0)
(1.07616 -0.0151753 0)
(1.07451 -0.0149081 0)
(1.07292 -0.0146573 0)
(1.07132 -0.0143813 0)
(1.06982 -0.0141461 0)
(1.06824 -0.0138409 0)
(1.06692 -0.0136508 0)
(1.06521 -0.0132568 0)
(1.06433 -0.0132139 0)
(1.06209 -0.0125786 0)
(1.17664 -0.0275162 0)
(1.17378 -0.0272672 0)
(1.17093 -0.0269994 0)
(1.16811 -0.0267151 0)
(1.16531 -0.0264161 0)
(1.16254 -0.0261045 0)
(1.15979 -0.0257821 0)
(1.15706 -0.0254506 0)
(1.15436 -0.0251115 0)
(1.15169 -0.0247664 0)
(1.14905 -0.0244167 0)
(1.14643 -0.0240636 0)
(1.14384 -0.0237084 0)
(1.14128 -0.023352 0)
(1.13874 -0.0229955 0)
(1.13624 -0.0226398 0)
(1.13377 -0.0222856 0)
(1.13132 -0.0219337 0)
(1.12891 -0.0215847 0)
(1.12652 -0.021239 0)
(1.12416 -0.0208973 0)
(1.12184 -0.0205598 0)
(1.11954 -0.020227 0)
(1.11728 -0.019899 0)
(1.11504 -0.019576 0)
(1.11284 -0.0192583 0)
(1.11067 -0.0189459 0)
(1.10852 -0.0186388 0)
(1.10641 -0.018337 0)
(1.10433 -0.0180405 0)
(1.10228 -0.0177492 0)
(1.10026 -0.017463 0)
(1.09827 -0.0171816 0)
(1.09631 -0.016905 0)
(1.09438 -0.0166326 0)
(1.09248 -0.0163648 0)
(1.09061 -0.0161002 0)
(1.08878 -0.0158401 0)
(1.08697 -0.0155816 0)
(1.08519 -0.0153281 0)
(1.08345 -0.0150733 0)
(1.08173 -0.0148257 0)
(1.08004 -0.0145705 0)
(1.0784 -0.0143298 0)
(1.07676 -0.0140667 0)
(1.07521 -0.0138394 0)
(1.07357 -0.0135505 0)
(1.07221 -0.013363 0)
(1.07044 -0.0129941 0)
(1.06953 -0.0129411 0)
(1.06718 -0.0123498 0)
(1.18258 -0.0264343 0)
(1.17975 -0.0262075 0)
(1.17693 -0.0259619 0)
(1.17414 -0.0256997 0)
(1.17137 -0.0254228 0)
(1.16861 -0.0251331 0)
(1.16588 -0.0248324 0)
(1.16318 -0.0245224 0)
(1.16049 -0.0242047 0)
(1.15783 -0.0238808 0)
(1.1552 -0.023552 0)
(1.15259 -0.0232195 0)
(1.15 -0.0228847 0)
(1.14745 -0.0225484 0)
(1.14491 -0.0222117 0)
(1.14241 -0.0218755 0)
(1.13993 -0.0215406 0)
(1.13748 -0.0212075 0)
(1.13506 -0.0208771 0)
(1.13267 -0.0205497 0)
(1.1303 -0.0202259 0)
(1.12796 -0.0199061 0)
(1.12566 -0.0195905 0)
(1.12337 -0.0192795 0)
(1.12112 -0.0189732 0)
(1.1189 -0.0186718 0)
(1.11671 -0.0183753 0)
(1.11454 -0.0180839 0)
(1.11241 -0.0177974 0)
(1.1103 -0.017516 0)
(1.10822 -0.0172394 0)
(1.10618 -0.0169676 0)
(1.10416 -0.0167003 0)
(1.10217 -0.0164375 0)
(1.10021 -0.0161786 0)
(1.09827 -0.015924 0)
(1.09637 -0.0156724 0)
(1.0945 -0.0154249 0)
(1.09265 -0.0151789 0)
(1.09084 -0.0149374 0)
(1.08905 -0.0146947 0)
(1.08729 -0.0144585 0)
(1.08556 -0.0142155 0)
(1.08388 -0.013985 0)
(1.08219 -0.013735 0)
(1.0806 -0.0135159 0)
(1.07891 -0.0132432 0)
(1.0775 -0.0130586 0)
(1.07566 -0.012715 0)
(1.07473 -0.0126522 0)
(1.07229 -0.0121049 0)
(1.18828 -0.0253417 0)
(1.18549 -0.0251362 0)
(1.18272 -0.024912 0)
(1.17996 -0.0246712 0)
(1.17722 -0.0244156 0)
(1.17449 -0.0241472 0)
(1.17179 -0.0238678 0)
(1.1691 -0.0235789 0)
(1.16644 -0.0232821 0)
(1.1638 -0.0229789 0)
(1.16118 -0.0226707 0)
(1.15858 -0.0223586 0)
(1.15601 -0.0220438 0)
(1.15346 -0.0217274 0)
(1.15094 -0.0214103 0)
(1.14844 -0.0210935 0)
(1.14596 -0.0207775 0)
(1.14352 -0.0204633 0)
(1.14109 -0.0201513 0)
(1.1387 -0.0198421 0)
(1.13632 -0.0195362 0)
(1.13398 -0.0192339 0)
(1.13166 -0.0189355 0)
(1.12937 -0.0186414 0)
(1.12711 -0.0183518 0)
(1.12487 -0.0180666 0)
(1.12267 -0.0177862 0)
(1.12048 -0.0175104 0)
(1.11833 -0.0172394 0)
(1.1162 -0.016973 0)
(1.1141 -0.0167111 0)
(1.11203 -0.0164538 0)
(1.10999 -0.0162006 0)
(1.10797 -0.0159517 0)
(1.10598 -0.0157064 0)
(1.10402 -0.0154651 0)
(1.10209 -0.0152265 0)
(1.10018 -0.0149917 0)
(1.0983 -0.0147583 0)
(1.09645 -0.0145289 0)
(1.09462 -0.0142985 0)
(1.09283 -0.0140736 0)
(1.09106 -0.0138429 0)
(1.08933 -0.0136229 0)
(1.0876 -0.0133861 0)
(1.08597 -0.0131753 0)
(1.08423 -0.0129189 0)
(1.08279 -0.0127375 0)
(1.08089 -0.0124191 0)
(1.07992 -0.0123468 0)
(1.07739 -0.0118435 0)
(1.19375 -0.0242409 0)
(1.19101 -0.0240558 0)
(1.18827 -0.0238521 0)
(1.18555 -0.0236318 0)
(1.18285 -0.0233969 0)
(1.18016 -0.0231491 0)
(1.17749 -0.0228902 0)
(1.17483 -0.0226219 0)
(1.1722 -0.0223455 0)
(1.16958 -0.0220626 0)
(1.16698 -0.0217745 0)
(1.1644 -0.0214824 0)
(1.16185 -0.0211874 0)
(1.15931 -0.0208905 0)
(1.1568 -0.0205928 0)
(1.15431 -0.020295 0)
(1.15185 -0.0199979 0)
(1.1494 -0.0197022 0)
(1.14699 -0.0194085 0)
(1.14459 -0.0191173 0)
(1.14222 -0.0188291 0)
(1.13988 -0.0185442 0)
(1.13756 -0.018263 0)
(1.13526 -0.0179858 0)
(1.13299 -0.0177126 0)
(1.13075 -0.0174438 0)
(1.12853 -0.0171792 0)
(1.12633 -0.0169191 0)
(1.12416 -0.0166634 0)
(1.12202 -0.016412 0)
(1.1199 -0.0161649 0)
(1.11781 -0.015922 0)
(1.11575 -0.015683 0)
(1.11371 -0.015448 0)
(1.1117 -0.0152163 0)
(1.10971 -0.0149882 0)
(1.10775 -0.0147628 0)
(1.10581 -0.0145407 0)
(1.1039 -0.01432 0)
(1.10202 -0.0141027 0)
(1.10016 -0.0138847 0)
(1.09833 -0.0136713 0)
(1.09652 -0.013453 0)
(1.09476 -0.0132435 0)
(1.09299 -0.0130199 0)
(1.09132 -0.0128176 0)
(1.08953 -0.0125776 0)
(1.08805 -0.0123997 0)
(1.0861 -0.0121063 0)
(1.08511 -0.012025 0)
(1.08249 -0.0115654 0)
(1.19897 -0.0231344 0)
(1.19628 -0.0229686 0)
(1.19359 -0.0227844 0)
(1.19092 -0.0225839 0)
(1.18826 -0.0223687 0)
(1.18561 -0.0221408 0)
(1.18297 -0.0219018 0)
(1.18035 -0.0216534 0)
(1.17775 -0.0213969 0)
(1.17516 -0.0211337 0)
(1.17259 -0.0208652 0)
(1.17004 -0.0205926 0)
(1.1675 -0.020317 0)
(1.16499 -0.0200393 0)
(1.16249 -0.0197605 0)
(1.16002 -0.0194815 0)
(1.15757 -0.019203 0)
(1.15514 -0.0189256 0)
(1.15273 -0.0186499 0)
(1.15034 -0.0183765 0)
(1.14798 -0.0181059 0)
(1.14564 -0.0178383 0)
(1.14332 -0.017574 0)
(1.14102 -0.0173135 0)
(1.13875 -0.0170567 0)
(1.1365 -0.016804 0)
(1.13428 -0.0165553 0)
(1.13207 -0.0163107 0)
(1.1299 -0.0160703 0)
(1.12774 -0.0158339 0)
(1.12561 -0.0156015 0)
(1.12351 -0.0153729 0)
(1.12143 -0.0151481 0)
(1.11937 -0.0149268 0)
(1.11733 -0.0147088 0)
(1.11533 -0.014494 0)
(1.11334 -0.0142816 0)
(1.11138 -0.0140723 0)
(1.10944 -0.0138642 0)
(1.10753 -0.0136592 0)
(1.10564 -0.0134534 0)
(1.10379 -0.0132517 0)
(1.10194 -0.0130457 0)
(1.10014 -0.0128469 0)
(1.09833 -0.0126365 0)
(1.09663 -0.0124429 0)
(1.0948 -0.0122192 0)
(1.09329 -0.0120451 0)
(1.09128 -0.0117765 0)
(1.09027 -0.0116867 0)
(1.08756 -0.0112701 0)
(1.20393 -0.0220247 0)
(1.20129 -0.0218771 0)
(1.19866 -0.0217115 0)
(1.19604 -0.0215296 0)
(1.19343 -0.0213334 0)
(1.19082 -0.0211246 0)
(1.18823 -0.0209047 0)
(1.18565 -0.0206754 0)
(1.18308 -0.0204381 0)
(1.18053 -0.0201941 0)
(1.17799 -0.0199447 0)
(1.17547 -0.0196911 0)
(1.17296 -0.0194344 0)
(1.17047 -0.0191754 0)
(1.168 -0.0189153 0)
(1.16555 -0.0186546 0)
(1.16312 -0.0183943 0)
(1.1607 -0.0181349 0)
(1.15831 -0.017877 0)
(1.15594 -0.0176211 0)
(1.15358 -0.0173677 0)
(1.15125 -0.0171171 0)
(1.14894 -0.0168697 0)
(1.14665 -0.0166256 0)
(1.14438 -0.0163851 0)
(1.14213 -0.0161483 0)
(1.1399 -0.0159153 0)
(1.1377 -0.0156861 0)
(1.13552 -0.0154608 0)
(1.13336 -0.0152392 0)
(1.13122 -0.0150214 0)
(1.1291 -0.0148072 0)
(1.12701 -0.0145963 0)
(1.12494 -0.0143889 0)
(1.12289 -0.0141843 0)
(1.12086 -0.0139828 0)
(1.11886 -0.0137834 0)
(1.11687 -0.0135868 0)
(1.11491 -0.0133913 0)
(1.11298 -0.0131985 0)
(1.11106 -0.0130051 0)
(1.10918 -0.0128149 0)
(1.10731 -0.0126213 0)
(1.10548 -0.0124332 0)
(1.10363 -0.012236 0)
(1.10189 -0.0120513 0)
(1.10003 -0.0118436 0)
(1.09848 -0.0116738 0)
(1.09643 -0.0114295 0)
(1.09539 -0.0113319 0)
(1.0926 -0.0109576 0)
(1.20863 -0.0209142 0)
(1.20605 -0.0207837 0)
(1.20348 -0.0206355 0)
(1.20091 -0.0204714 0)
(1.19835 -0.0202932 0)
(1.1958 -0.0201026 0)
(1.19325 -0.019901 0)
(1.19071 -0.0196901 0)
(1.18819 -0.0194713 0)
(1.18568 -0.0192458 0)
(1.18318 -0.0190149 0)
(1.18069 -0.0187797 0)
(1.17822 -0.0185413 0)
(1.17576 -0.0183007 0)
(1.17332 -0.0180586 0)
(1.17089 -0.0178159 0)
(1.16848 -0.0175734 0)
(1.16609 -0.0173316 0)
(1.16372 -0.0170911 0)
(1.16136 -0.0168524 0)
(1.15902 -0.016616 0)
(1.1567 -0.0163821 0)
(1.1544 -0.0161512 0)
(1.15212 -0.0159233 0)
(1.14986 -0.0156988 0)
(1.14762 -0.0154778 0)
(1.1454 -0.0152602 0)
(1.14319 -0.0150462 0)
(1.14101 -0.0148358 0)
(1.13885 -0.014629 0)
(1.13671 -0.0144255 0)
(1.13458 -0.0142254 0)
(1.13248 -0.0140285 0)
(1.1304 -0.0138347 0)
(1.12834 -0.0136435 0)
(1.1263 -0.0134551 0)
(1.12428 -0.0132687 0)
(1.12228 -0.0130847 0)
(1.1203 -0.0129017 0)
(1.11835 -0.012721 0)
(1.11641 -0.0125399 0)
(1.1145 -0.0123614 0)
(1.1126 -0.01218 0)
(1.11074 -0.0120027 0)
(1.10887 -0.0118185 0)
(1.1071 -0.0116429 0)
(1.1052 -0.011451 0)
(1.10362 -0.0112858 0)
(1.10152 -0.0110653 0)
(1.10046 -0.0109605 0)
(1.0976 -0.0106276 0)
(1.21306 -0.0198055 0)
(1.21055 -0.0196909 0)
(1.20803 -0.019559 0)
(1.20553 -0.0194116 0)
(1.20302 -0.0192504 0)
(1.20052 -0.0190769 0)
(1.19803 -0.0188929 0)
(1.19554 -0.0186996 0)
(1.19306 -0.0184985 0)
(1.19059 -0.0182908 0)
(1.18814 -0.0180777 0)
(1.18569 -0.0178603 0)
(1.18325 -0.0176397 0)
(1.18083 -0.0174167 0)
(1.17842 -0.0171922 0)
(1.17603 -0.016967 0)
(1.17365 -0.0167418 0)
(1.17128 -0.0165172 0)
(1.16894 -0.0162937 0)
(1.1666 -0.0160719 0)
(1.16428 -0.015852 0)
(1.16198 -0.0156346 0)
(1.1597 -0.0154198 0)
(1.15743 -0.0152079 0)
(1.15518 -0.0149991 0)
(1.15295 -0.0147934 0)
(1.15074 -0.0145911 0)
(1.14854 -0.0143921 0)
(1.14636 -0.0141964 0)
(1.1442 -0.0140039 0)
(1.14206 -0.0138147 0)
(1.13994 -0.0136286 0)
(1.13783 -0.0134453 0)
(1.13575 -0.0132649 0)
(1.13368 -0.013087 0)
(1.13163 -0.0129116 0)
(1.1296 -0.0127379 0)
(1.12758 -0.0125665 0)
(1.12559 -0.0123959 0)
(1.12362 -0.0122273 0)
(1.12166 -0.0120583 0)
(1.11973 -0.0118913 0)
(1.11781 -0.0117221 0)
(1.11593 -0.0115555 0)
(1.11403 -0.0113843 0)
(1.11223 -0.0112178 0)
(1.1103 -0.0110414 0)
(1.10869 -0.0108811 0)
(1.10655 -0.0106839 0)
(1.10547 -0.0105727 0)
(1.10254 -0.01028 0)
(1.21721 -0.0187008 0)
(1.21477 -0.0186008 0)
(1.21232 -0.0184841 0)
(1.20988 -0.0183522 0)
(1.20744 -0.018207 0)
(1.20499 -0.0180499 0)
(1.20256 -0.0178824 0)
(1.20012 -0.0177059 0)
(1.1977 -0.0175216 0)
(1.19528 -0.017331 0)
(1.19286 -0.017135 0)
(1.19046 -0.0169347 0)
(1.18807 -0.0167312 0)
(1.18569 -0.0165253 0)
(1.18332 -0.0163179 0)
(1.18096 -0.0161097 0)
(1.17861 -0.0159013 0)
(1.17628 -0.0156934 0)
(1.17396 -0.0154864 0)
(1.17165 -0.015281 0)
(1.16936 -0.0150773 0)
(1.16708 -0.0148759 0)
(1.16482 -0.0146768 0)
(1.16257 -0.0144805 0)
(1.16034 -0.014287 0)
(1.15812 -0.0140965 0)
(1.15592 -0.0139091 0)
(1.15373 -0.0137247 0)
(1.15156 -0.0135434 0)
(1.14941 -0.0133651 0)
(1.14727 -0.0131898 0)
(1.14515 -0.0130174 0)
(1.14305 -0.0128476 0)
(1.14096 -0.0126805 0)
(1.13889 -0.0125155 0)
(1.13683 -0.0123529 0)
(1.1348 -0.0121918 0)
(1.13277 -0.0120327 0)
(1.13077 -0.0118744 0)
(1.12878 -0.0117176 0)
(1.12681 -0.0115606 0)
(1.12486 -0.0114051 0)
(1.12292 -0.0112479 0)
(1.12102 -0.0110921 0)
(1.1191 -0.0109336 0)
(1.11728 -0.0107764 0)
(1.11532 -0.0106151 0)
(1.11369 -0.0104601 0)
(1.11151 -0.0102853 0)
(1.11041 -0.0101685 0)
(1.10741 -0.00991458 0)
(1.22109 -0.0176023 0)
(1.21872 -0.0175157 0)
(1.21635 -0.0174129 0)
(1.21397 -0.0172956 0)
(1.21159 -0.0171653 0)
(1.20921 -0.0170234 0)
(1.20683 -0.0168715 0)
(1.20445 -0.0167109 0)
(1.20208 -0.0165428 0)
(1.19971 -0.0163683 0)
(1.19735 -0.0161887 0)
(1.195 -0.0160049 0)
(1.19265 -0.0158178 0)
(1.19031 -0.0156284 0)
(1.18798 -0.0154374 0)
(1.18566 -0.0152455 0)
(1.18335 -0.0150534 0)
(1.18106 -0.0148617 0)
(1.17877 -0.0146708 0)
(1.17649 -0.0144812 0)
(1.17423 -0.0142933 0)
(1.17198 -0.0141073 0)
(1.16974 -0.0139237 0)
(1.16752 -0.0137425 0)
(1.16531 -0.013564 0)
(1.16311 -0.0133882 0)
(1.16093 -0.0132153 0)
(1.15876 -0.0130452 0)
(1.1566 -0.012878 0)
(1.15446 -0.0127136 0)
(1.15233 -0.0125519 0)
(1.15021 -0.0123928 0)
(1.14812 -0.0122363 0)
(1.14603 -0.012082 0)
(1.14396 -0.0119299 0)
(1.1419 -0.0117797 0)
(1.13986 -0.011631 0)
(1.13783 -0.011484 0)
(1.13582 -0.0113377 0)
(1.13383 -0.0111927 0)
(1.13184 -0.0110475 0)
(1.12988 -0.0109032 0)
(1.12793 -0.0107578 0)
(1.12601 -0.0106127 0)
(1.12407 -0.0104666 0)
(1.12222 -0.0103188 0)
(1.12024 -0.0101722 0)
(1.11858 -0.0100228 0)
(1.11638 -0.00986958 0)
(1.11526 -0.0097481 0)
(1.1122 -0.00953138 0)
(1.2247 -0.0165118 0)
(1.2224 -0.0164374 0)
(1.2201 -0.0163475 0)
(1.21779 -0.0162435 0)
(1.21547 -0.0161271 0)
(1.21316 -0.0159996 0)
(1.21084 -0.0158623 0)
(1.20852 -0.0157166 0)
(1.20621 -0.0155637 0)
(1.2039 -0.0154047 0)
(1.20159 -0.0152407 0)
(1.19929 -0.0150725 0)
(1.19699 -0.0149012 0)
(1.1947 -0.0147276 0)
(1.19241 -0.0145523 0)
(1.19014 -0.0143762 0)
(1.18787 -0.0141998 0)
(1.18561 -0.0140236 0)
(1.18336 -0.0138482 0)
(1.18112 -0.013674 0)
(1.17889 -0.0135013 0)
(1.17668 -0.0133305 0)
(1.17447 -0.0131617 0)
(1.17227 -0.0129952 0)
(1.17008 -0.0128312 0)
(1.16791 -0.0126698 0)
(1.16575 -0.0125109 0)
(1.1636 -0.0123547 0)
(1.16146 -0.0122012 0)
(1.15933 -0.0120503 0)
(1.15721 -0.0119018 0)
(1.15511 -0.0117558 0)
(1.15302 -0.0116121 0)
(1.15094 -0.0114705 0)
(1.14887 -0.0113307 0)
(1.14682 -0.0111928 0)
(1.14478 -0.0110562 0)
(1.14275 -0.010921 0)
(1.14074 -0.0107865 0)
(1.13873 -0.010653 0)
(1.13674 -0.0105193 0)
(1.13477 -0.0103861 0)
(1.13281 -0.0102523 0)
(1.13087 -0.0101177 0)
(1.12892 -0.00998377 0)
(1.12705 -0.0098453 0)
(1.12505 -0.00971293 0)
(1.12337 -0.00956957 0)
(1.12114 -0.0094369 0)
(1.12 -0.00931165 0)
(1.11689 -0.00913035 0)
(1.22804 -0.0154313 0)
(1.22581 -0.0153679 0)
(1.22358 -0.0152896 0)
(1.22134 -0.0151979 0)
(1.21909 -0.0150942 0)
(1.21684 -0.01498 0)
(1.21459 -0.0148565 0)
(1.21233 -0.0147249 0)
(1.21008 -0.0145863 0)
(1.20783 -0.0144419 0)
(1.20558 -0.0142926 0)
(1.20333 -0.0141394 0)
(1.20108 -0.0139831 0)
(1.19884 -0.0138245 0)
(1.19661 -0.0136644 0)
(1.19438 -0.0135034 0)
(1.19215 -0.013342 0)
(1.18994 -0.0131809 0)
(1.18773 -0.0130204 0)
(1.18553 -0.012861 0)
(1.18334 -0.0127029 0)
(1.18115 -0.0125466 0)
(1.17898 -0.0123922 0)
(1.17681 -0.01224 0)
(1.17465 -0.01209 0)
(1.17251 -0.0119424 0)
(1.17037 -0.0117972 0)
(1.16824 -0.0116544 0)
(1.16612 -0.0115141 0)
(1.16401 -0.0113763 0)
(1.16191 -0.0112407 0)
(1.15983 -0.0111073 0)
(1.15775 -0.010976 0)
(1.15568 -0.0108467 0)
(1.15362 -0.010719 0)
(1.15157 -0.010593 0)
(1.14954 -0.0104681 0)
(1.14751 -0.0103444 0)
(1.1455 -0.0102214 0)
(1.14349 -0.010099 0)
(1.1415 -0.00997662 0)
(1.13952 -0.00985431 0)
(1.13754 -0.00973179 0)
(1.1356 -0.00960762 0)
(1.13363 -0.00948542 0)
(1.13175 -0.00935632 0)
(1.12974 -0.0092376 0)
(1.12804 -0.00910056 0)
(1.12578 -0.00898742 0)
(1.12463 -0.00885935 0)
(1.12147 -0.00871149 0)
(1.2311 -0.0143621 0)
(1.22895 -0.0143085 0)
(1.22679 -0.0142407 0)
(1.22462 -0.0141602 0)
(1.22244 -0.0140683 0)
(1.22026 -0.0139664 0)
(1.21808 -0.0138556 0)
(1.21588 -0.0137372 0)
(1.21369 -0.0136121 0)
(1.2115 -0.0134814 0)
(1.20931 -0.0133461 0)
(1.20711 -0.013207 0)
(1.20492 -0.013065 0)
(1.20274 -0.0129208 0)
(1.20055 -0.0127751 0)
(1.19837 -0.0126285 0)
(1.1962 -0.0124816 0)
(1.19403 -0.0123348 0)
(1.19186 -0.0121886 0)
(1.1897 -0.0120434 0)
(1.18755 -0.0118995 0)
(1.1854 -0.0117571 0)
(1.18327 -0.0116166 0)
(1.18113 -0.011478 0)
(1.17901 -0.0113415 0)
(1.17689 -0.0112072 0)
(1.17478 -0.0110752 0)
(1.17268 -0.0109454 0)
(1.17058 -0.0108179 0)
(1.1685 -0.0106926 0)
(1.16642 -0.0105694 0)
(1.16435 -0.0104482 0)
(1.16229 -0.010329 0)
(1.16023 -0.0102115 0)
(1.15819 -0.0100955 0)
(1.15615 -0.00998094 0)
(1.15412 -0.00986744 0)
(1.1521 -0.00975496 0)
(1.15009 -0.00964297 0)
(1.14808 -0.00953152 0)
(1.14609 -0.00942005 0)
(1.14411 -0.00930833 0)
(1.14213 -0.00919675 0)
(1.14018 -0.00908278 0)
(1.1382 -0.00897197 0)
(1.13631 -0.0088522 0)
(1.13428 -0.0087465 0)
(1.13256 -0.00861609 0)
(1.13029 -0.00852132 0)
(1.12912 -0.00839142 0)
(1.12591 -0.00827486 0)
(1.2339 -0.0133055 0)
(1.23183 -0.0132604 0)
(1.22974 -0.0132021 0)
(1.22764 -0.0131317 0)
(1.22553 -0.0130507 0)
(1.22342 -0.0129601 0)
(1.2213 -0.0128611 0)
(1.21917 -0.0127549 0)
(1.21704 -0.0126425 0)
(1.21491 -0.0125247 0)
(1.21278 -0.0124026 0)
(1.21065 -0.0122769 0)
(1.20851 -0.0121484 0)
(1.20638 -0.0120179 0)
(1.20425 -0.0118859 0)
(1.20212 -0.011753 0)
(1.19999 -0.0116198 0)
(1.19787 -0.0114868 0)
(1.19575 -0.0113543 0)
(1.19364 -0.0112226 0)
(1.19153 -0.0110922 0)
(1.18942 -0.0109632 0)
(1.18732 -0.0108359 0)
(1.18523 -0.0107105 0)
(1.18314 -0.0105869 0)
(1.18105 -0.0104654 0)
(1.17897 -0.010346 0)
(1.1769 -0.0102287 0)
(1.17483 -0.0101134 0)
(1.17277 -0.0100002 0)
(1.17072 -0.00988896 0)
(1.16867 -0.00977955 0)
(1.16662 -0.00967185 0)
(1.16459 -0.00956574 0)
(1.16255 -0.00946099 0)
(1.16053 -0.00935751 0)
(1.15851 -0.00925495 0)
(1.1565 -0.00915324 0)
(1.15449 -0.00905196 0)
(1.15249 -0.00895104 0)
(1.1505 -0.00885012 0)
(1.14852 -0.00874868 0)
(1.14654 -0.00864768 0)
(1.14458 -0.00854368 0)
(1.1426 -0.00844381 0)
(1.1407 -0.00833329 0)
(1.13866 -0.00823998 0)
(1.13693 -0.00811645 0)
(1.13464 -0.00803882 0)
(1.13346 -0.00790807 0)
(1.13021 -0.00782056 0)
(1.23645 -0.0122622 0)
(1.23444 -0.0122247 0)
(1.23243 -0.0121747 0)
(1.2304 -0.0121135 0)
(1.22836 -0.0120423 0)
(1.22632 -0.0119621 0)
(1.22426 -0.0118741 0)
(1.2222 -0.0117793 0)
(1.22014 -0.0116786 0)
(1.21807 -0.011573 0)
(1.21599 -0.0114632 0)
(1.21392 -0.0113502 0)
(1.21184 -0.0112345 0)
(1.20977 -0.0111169 0)
(1.20769 -0.0109979 0)
(1.20561 -0.0108781 0)
(1.20354 -0.010758 0)
(1.20147 -0.010638 0)
(1.19939 -0.0105185 0)
(1.19733 -0.0103999 0)
(1.19526 -0.0102823 0)
(1.1932 -0.0101661 0)
(1.19114 -0.0100515 0)
(1.18908 -0.00993851 0)
(1.18703 -0.00982736 0)
(1.18498 -0.00971808 0)
(1.18293 -0.00961073 0)
(1.18089 -0.0095053 0)
(1.17885 -0.00940179 0)
(1.17682 -0.00930014 0)
(1.17479 -0.00920026 0)
(1.17277 -0.00910208 0)
(1.17074 -0.00900544 0)
(1.16873 -0.00891024 0)
(1.16671 -0.00881626 0)
(1.1647 -0.00872338 0)
(1.1627 -0.00863132 0)
(1.1607 -0.00853996 0)
(1.1587 -0.00844896 0)
(1.15671 -0.00835816 0)
(1.15472 -0.0082674 0)
(1.15274 -0.00817589 0)
(1.15076 -0.00808505 0)
(1.1488 -0.00799074 0)
(1.14682 -0.00790135 0)
(1.14491 -0.00779998 0)
(1.14287 -0.00771835 0)
(1.14112 -0.00760196 0)
(1.13882 -0.00754018 0)
(1.13763 -0.00740956 0)
(1.13434 -0.0073487 0)
(1.23874 -0.0112327 0)
(1.23681 -0.0112018 0)
(1.23486 -0.0111592 0)
(1.2329 -0.0111062 0)
(1.23093 -0.0110439 0)
(1.22895 -0.0109732 0)
(1.22697 -0.0108953 0)
(1.22497 -0.0108111 0)
(1.22297 -0.0107214 0)
(1.22096 -0.0106271 0)
(1.21895 -0.010529 0)
(1.21693 -0.0104278 0)
(1.21491 -0.0103242 0)
(1.21289 -0.0102188 0)
(1.21087 -0.0101122 0)
(1.20885 -0.0100048 0)
(1.20683 -0.00989708 0)
(1.2048 -0.00978952 0)
(1.20278 -0.00968242 0)
(1.20076 -0.00957609 0)
(1.19874 -0.00947081 0)
(1.19672 -0.00936677 0)
(1.19471 -0.00926416 0)
(1.19269 -0.00916312 0)
(1.19068 -0.00906375 0)
(1.18866 -0.00896611 0)
(1.18665 -0.00887024 0)
(1.18465 -0.00877614 0)
(1.18264 -0.00868379 0)
(1.18064 -0.00859314 0)
(1.17863 -0.00850412 0)
(1.17663 -0.00841662 0)
(1.17463 -0.00833053 0)
(1.17264 -0.00824572 0)
(1.17064 -0.008162 0)
(1.16865 -0.00807924 0)
(1.16666 -0.0079972 0)
(1.16468 -0.00791573 0)
(1.16269 -0.00783456 0)
(1.16071 -0.00775345 0)
(1.15873 -0.00767241 0)
(1.15676 -0.00759044 0)
(1.15478 -0.00750933 0)
(1.15282 -0.00742441 0)
(1.15083 -0.00734501 0)
(1.14893 -0.00725262 0)
(1.14688 -0.00718196 0)
(1.14512 -0.00707291 0)
(1.14281 -0.00702564 0)
(1.14161 -0.00689614 0)
(1.1383 -0.00685941 0)
(1.24079 -0.0102171 0)
(1.23893 -0.0101918 0)
(1.23705 -0.0101557 0)
(1.23516 -0.0101101 0)
(1.23326 -0.0100558 0)
(1.23134 -0.00999388 0)
(1.22942 -0.00992525 0)
(1.22749 -0.00985081 0)
(1.22555 -0.00977136 0)
(1.2236 -0.00968769 0)
(1.22165 -0.00960052 0)
(1.21969 -0.00951051 0)
(1.21773 -0.00941829 0)
(1.21576 -0.00932443 0)
(1.2138 -0.00922943 0)
(1.21183 -0.00913377 0)
(1.20986 -0.00903786 0)
(1.20789 -0.00894207 0)
(1.20591 -0.00884673 0)
(1.20394 -0.00875211 0)
(1.20197 -0.00865845 0)
(1.19999 -0.00856595 0)
(1.19802 -0.00847478 0)
(1.19604 -0.00838505 0)
(1.19407 -0.00829686 0)
(1.1921 -0.00821026 0)
(1.19012 -0.00812528 0)
(1.18815 -0.00804193 0)
(1.18618 -0.00796017 0)
(1.1842 -0.00787996 0)
(1.18223 -0.00780122 0)
(1.18026 -0.00772387 0)
(1.17828 -0.00764777 0)
(1.17631 -0.00757281 0)
(1.17434 -0.00749883 0)
(1.17237 -0.00742568 0)
(1.1704 -0.00735315 0)
(1.16842 -0.00728108 0)
(1.16645 -0.00720926 0)
(1.16448 -0.0071374 0)
(1.16251 -0.00706562 0)
(1.16055 -0.00699278 0)
(1.15857 -0.00692094 0)
(1.15662 -0.00684507 0)
(1.15464 -0.00677514 0)
(1.15273 -0.00669156 0)
(1.15068 -0.00663112 0)
(1.14892 -0.00652959 0)
(1.1466 -0.00649544 0)
(1.14539 -0.00636804 0)
(1.14205 -0.00635285 0)
(1.24261 -0.00921499 0)
(1.24081 -0.00919444 0)
(1.239 -0.0091641 0)
(1.23718 -0.00912498 0)
(1.23534 -0.00907799 0)
(1.23349 -0.00902405 0)
(1.23162 -0.00896399 0)
(1.22975 -0.00889863 0)
(1.22787 -0.00882873 0)
(1.22598 -0.00875498 0)
(1.22409 -0.00867806 0)
(1.22219 -0.00859858 0)
(1.22029 -0.00851709 0)
(1.21838 -0.00843413 0)
(1.21646 -0.00835015 0)
(1.21455 -0.00826559 0)
(1.21263 -0.00818083 0)
(1.21071 -0.00809619 0)
(1.20878 -0.00801198 0)
(1.20686 -0.00792845 0)
(1.20493 -0.00784581 0)
(1.203 -0.00776425 0)
(1.20107 -0.0076839 0)
(1.19914 -0.00760488 0)
(1.1972 -0.00752727 0)
(1.19527 -0.00745112 0)
(1.19333 -0.00737644 0)
(1.19139 -0.00730324 0)
(1.18945 -0.00723149 0)
(1.18751 -0.00716114 0)
(1.18557 -0.00709212 0)
(1.18363 -0.00702433 0)
(1.18168 -0.00695767 0)
(1.17973 -0.00689203 0)
(1.17778 -0.00682724 0)
(1.17583 -0.00676317 0)
(1.17388 -0.00669963 0)
(1.17192 -0.00663647 0)
(1.16997 -0.0065735 0)
(1.16801 -0.00651041 0)
(1.16605 -0.00644741 0)
(1.1641 -0.00638329 0)
(1.16213 -0.00632024 0)
(1.16018 -0.00625307 0)
(1.1582 -0.00619207 0)
(1.15629 -0.00611709 0)
(1.15424 -0.00606611 0)
(1.15248 -0.00597227 0)
(1.15016 -0.00594982 0)
(1.14894 -0.0058255 0)
(1.14558 -0.00582918 0)
(1.24421 -0.00822552 0)
(1.24248 -0.00820899 0)
(1.24073 -0.00818363 0)
(1.23896 -0.00815034 0)
(1.23718 -0.00810997 0)
(1.23539 -0.00806332 0)
(1.23359 -0.00801118 0)
(1.23177 -0.00795427 0)
(1.22995 -0.00789327 0)
(1.22812 -0.00782882 0)
(1.22628 -0.00776154 0)
(1.22444 -0.00769197 0)
(1.22259 -0.00762061 0)
(1.22073 -0.00754795 0)
(1.21887 -0.0074744 0)
(1.217 -0.00740034 0)
(1.21514 -0.00732613 0)
(1.21326 -0.00725206 0)
(1.21139 -0.00717839 0)
(1.20951 -0.00710536 0)
(1.20763 -0.00703315 0)
(1.20574 -0.00696193 0)
(1.20385 -0.00689182 0)
(1.20196 -0.00682293 0)
(1.20007 -0.00675531 0)
(1.19817 -0.00668901 0)
(1.19627 -0.00662405 0)
(1.19437 -0.00656042 0)
(1.19246 -0.0064981 0)
(1.19055 -0.00643703 0)
(1.18864 -0.00637715 0)
(1.18673 -0.00631837 0)
(1.18481 -0.0062606 0)
(1.18288 -0.00620371 0)
(1.18096 -0.00614757 0)
(1.17903 -0.00609205 0)
(1.1771 -0.00603699 0)
(1.17516 -0.00598221 0)
(1.17322 -0.00592759 0)
(1.17128 -0.0058728 0)
(1.16933 -0.0058181 0)
(1.16739 -0.00576224 0)
(1.16543 -0.00570751 0)
(1.16349 -0.00564865 0)
(1.16151 -0.00559607 0)
(1.15961 -0.00552944 0)
(1.15756 -0.00548717 0)
(1.15579 -0.00540117 0)
(1.15347 -0.00538897 0)
(1.15224 -0.00526871 0)
(1.14886 -0.00528854 0)
(1.2456 -0.0072474 0)
(1.24392 -0.00723423 0)
(1.24223 -0.00721321 0)
(1.24052 -0.00718513 0)
(1.2388 -0.00715077 0)
(1.23706 -0.00711083 0)
(1.23532 -0.00706602 0)
(1.23356 -0.00701698 0)
(1.23179 -0.00696433 0)
(1.23001 -0.00690863 0)
(1.22823 -0.00685043 0)
(1.22643 -0.00679022 0)
(1.22463 -0.00672845 0)
(1.22283 -0.00666554 0)
(1.22102 -0.00660186 0)
(1.2192 -0.00653777 0)
(1.21738 -0.00647356 0)
(1.21555 -0.00640949 0)
(1.21372 -0.00634582 0)
(1.21189 -0.00628273 0)
(1.21005 -0.00622039 0)
(1.20821 -0.00615895 0)
(1.20636 -0.00609852 0)
(1.20451 -0.00603918 0)
(1.20265 -0.00598099 0)
(1.2008 -0.00592398 0)
(1.19893 -0.00586817 0)
(1.19706 -0.00581355 0)
(1.19519 -0.00576009 0)
(1.19331 -0.00570774 0)
(1.19143 -0.00565645 0)
(1.18954 -0.00560612 0)
(1.18765 -0.00555667 0)
(1.18576 -0.005508 0)
(1.18385 -0.00545998 0)
(1.18195 -0.00541248 0)
(1.18003 -0.00536537 0)
(1.17812 -0.00531848 0)
(1.17619 -0.00527171 0)
(1.17427 -0.00522473 0)
(1.17233 -0.00517785 0)
(1.1704 -0.00512982 0)
(1.16845 -0.00508293 0)
(1.16652 -0.00503201 0)
(1.16455 -0.00498729 0)
(1.16265 -0.0049288 0)
(1.1606 -0.00489447 0)
(1.15883 -0.00481644 0)
(1.15651 -0.00481305 0)
(1.15528 -0.00469786 0)
(1.15189 -0.00473105 0)
(1.24679 -0.00627878 0)
(1.24517 -0.00626842 0)
(1.24353 -0.00625119 0)
(1.24187 -0.00622781 0)
(1.2402 -0.00619893 0)
(1.23851 -0.0061652 0)
(1.23682 -0.00612722 0)
(1.23511 -0.00608556 0)
(1.23339 -0.00604076 0)
(1.23166 -0.00599333 0)
(1.22993 -0.00594373 0)
(1.22818 -0.0058924 0)
(1.22643 -0.00583973 0)
(1.22467 -0.00578608 0)
(1.22291 -0.0057318 0)
(1.22114 -0.00567717 0)
(1.21936 -0.00562246 0)
(1.21758 -0.00556791 0)
(1.21579 -0.00551372 0)
(1.214 -0.00546006 0)
(1.2122 -0.00540708 0)
(1.2104 -0.0053549 0)
(1.20859 -0.00530362 0)
(1.20678 -0.00525331 0)
(1.20496 -0.00520402 0)
(1.20313 -0.00515576 0)
(1.20131 -0.00510857 0)
(1.19947 -0.00506241 0)
(1.19763 -0.00501728 0)
(1.19578 -0.00497311 0)
(1.19393 -0.00492986 0)
(1.19207 -0.00488746 0)
(1.1902 -0.00484581 0)
(1.18833 -0.00480483 0)
(1.18645 -0.00476441 0)
(1.18457 -0.00472442 0)
(1.18267 -0.00468476 0)
(1.18077 -0.00464526 0)
(1.17887 -0.00460586 0)
(1.17696 -0.00456622 0)
(1.17504 -0.00452669 0)
(1.17312 -0.00448605 0)
(1.17118 -0.00444654 0)
(1.16926 -0.00440318 0)
(1.16729 -0.00436582 0)
(1.16539 -0.00431524 0)
(1.16336 -0.0042881 0)
(1.16158 -0.0042182 0)
(1.15927 -0.00422216 0)
(1.15803 -0.00411309 0)
(1.15462 -0.00415682 0)
(1.24779 -0.00531735 0)
(1.24622 -0.00530931 0)
(1.24462 -0.00529542 0)
(1.24301 -0.00527628 0)
(1.24139 -0.00525246 0)
(1.23975 -0.00522451 0)
(1.2381 -0.00519295 0)
(1.23644 -0.00515827 0)
(1.23476 -0.00512092 0)
(1.23308 -0.00508134 0)
(1.23139 -0.00503994 0)
(1.22969 -0.00499707 0)
(1.22798 -0.00495308 0)
(1.22626 -0.00490829 0)
(1.22454 -0.00486297 0)
(1.22281 -0.00481738 0)
(1.22107 -0.00477174 0)
(1.21933 -0.00472626 0)
(1.21758 -0.0046811 0)
(1.21583 -0.00463642 0)
(1.21407 -0.00459233 0)
(1.2123 -0.00454895 0)
(1.21053 -0.00450634 0)
(1.20875 -0.00446458 0)
(1.20697 -0.00442369 0)
(1.20518 -0.0043837 0)
(1.20338 -0.00434463 0)
(1.20158 -0.00430644 0)
(1.19977 -0.00426913 0)
(1.19795 -0.00423265 0)
(1.19612 -0.00419695 0)
(1.19429 -0.00416197 0)
(1.19245 -0.00412763 0)
(1.1906 -0.00409385 0)
(1.18874 -0.00406054 0)
(1.18687 -0.00402759 0)
(1.185 -0.0039949 0)
(1.18312 -0.00396233 0)
(1.18123 -0.00392983 0)
(1.17933 -0.00389711 0)
(1.17743 -0.00386448 0)
(1.17552 -0.00383083 0)
(1.17359 -0.00379824 0)
(1.17167 -0.0037621 0)
(1.16972 -0.0037316 0)
(1.16782 -0.00368871 0)
(1.1658 -0.00366803 0)
(1.16402 -0.00360647 0)
(1.16171 -0.0036163 0)
(1.16046 -0.00351452 0)
(1.15705 -0.00356588 0)
(1.24862 -0.00436018 0)
(1.24708 -0.00435409 0)
(1.24553 -0.00434317 0)
(1.24396 -0.00432792 0)
(1.24238 -0.00430882 0)
(1.24078 -0.00428632 0)
(1.23917 -0.00426084 0)
(1.23754 -0.0042328 0)
(1.23591 -0.00420258 0)
(1.23426 -0.00417053 0)
(1.23261 -0.00413698 0)
(1.23095 -0.00410225 0)
(1.22928 -0.00406661 0)
(1.2276 -0.00403032 0)
(1.22591 -0.00399361 0)
(1.22422 -0.0039567 0)
(1.22252 -0.00391977 0)
(1.22081 -0.00388298 0)
(1.2191 -0.00384647 0)
(1.21738 -0.00381037 0)
(1.21566 -0.00377478 0)
(1.21392 -0.00373978 0)
(1.21218 -0.00370544 0)
(1.21043 -0.0036718 0)
(1.20868 -0.0036389 0)
(1.20692 -0.00360674 0)
(1.20515 -0.00357535 0)
(1.20337 -0.00354469 0)
(1.20159 -0.00351476 0)
(1.19979 -0.00348552 0)
(1.19799 -0.00345692 0)
(1.19618 -0.00342892 0)
(1.19436 -0.00340144 0)
(1.19253 -0.00337442 0)
(1.1907 -0.00334777 0)
(1.18885 -0.00332142 0)
(1.18699 -0.00329527 0)
(1.18513 -0.00326922 0)
(1.18325 -0.00324321 0)
(1.18137 -0.00321699 0)
(1.17948 -0.00319087 0)
(1.17758 -0.00316383 0)
(1.17566 -0.00313777 0)
(1.17375 -0.00310853 0)
(1.17181 -0.00308443 0)
(1.16992 -0.00304906 0)
(1.16789 -0.00303414 0)
(1.16611 -0.00298121 0)
(1.16382 -0.00299537 0)
(1.16256 -0.00290225 0)
(1.15915 -0.00295821 0)
(1.24927 -0.00340381 0)
(1.24777 -0.00339936 0)
(1.24625 -0.00339113 0)
(1.24472 -0.00337949 0)
(1.24317 -0.00336484 0)
(1.2416 -0.00334753 0)
(1.24002 -0.00332789 0)
(1.23843 -0.00330625 0)
(1.23683 -0.0032829 0)
(1.23522 -0.00325813 0)
(1.2336 -0.0032322 0)
(1.23197 -0.00320535 0)
(1.23033 -0.0031778 0)
(1.22868 -0.00314975 0)
(1.22703 -0.00312139 0)
(1.22537 -0.00309288 0)
(1.2237 -0.00306436 0)
(1.22202 -0.00303597 0)
(1.22034 -0.00300781 0)
(1.21865 -0.00297998 0)
(1.21695 -0.00295256 0)
(1.21524 -0.00292562 0)
(1.21353 -0.00289919 0)
(1.21181 -0.00287333 0)
(1.21008 -0.00284806 0)
(1.20834 -0.00282337 0)
(1.2066 -0.00279929 0)
(1.20484 -0.0027758 0)
(1.20308 -0.00275287 0)
(1.20131 -0.00273049 0)
(1.19953 -0.00270861 0)
(1.19774 -0.0026872 0)
(1.19594 -0.0026662 0)
(1.19413 -0.00264555 0)
(1.19231 -0.0026252 0)
(1.19048 -0.00260507 0)
(1.18864 -0.0025851 0)
(1.18679 -0.00256519 0)
(1.18492 -0.00254532 0)
(1.18305 -0.00252526 0)
(1.18117 -0.00250529 0)
(1.17928 -0.00248454 0)
(1.17737 -0.00246467 0)
(1.17547 -0.00244205 0)
(1.17354 -0.00242396 0)
(1.17164 -0.00239599 0)
(1.16963 -0.00238618 0)
(1.16785 -0.0023422 0)
(1.16556 -0.00235927 0)
(1.1643 -0.00227613 0)
(1.16088 -0.00233385 0)
(1.24977 -0.00244411 0)
(1.24829 -0.00244108 0)
(1.2468 -0.00243532 0)
(1.24529 -0.00242711 0)
(1.24376 -0.00241673 0)
(1.24222 -0.00240444 0)
(1.24067 -0.00239047 0)
(1.2391 -0.00237506 0)
(1.23753 -0.00235843 0)
(1.23594 -0.00234078 0)
(1.23435 -0.0023223 0)
(1.23274 -0.00230316 0)
(1.23113 -0.00228353 0)
(1.22951 -0.00226354 0)
(1.22788 -0.00224334 0)
(1.22624 -0.00222303 0)
(1.22459 -0.00220273 0)
(1.22294 -0.00218253 0)
(1.22128 -0.0021625 0)
(1.21961 -0.00214272 0)
(1.21794 -0.00212323 0)
(1.21625 -0.0021041 0)
(1.21456 -0.00208534 0)
(1.21286 -0.002067 0)
(1.21115 -0.00204908 0)
(1.20944 -0.0020316 0)
(1.20771 -0.00201455 0)
(1.20598 -0.00199792 0)
(1.20423 -0.00198171 0)
(1.20248 -0.00196589 0)
(1.20071 -0.00195044 0)
(1.19894 -0.00193532 0)
(1.19716 -0.0019205 0)
(1.19536 -0.00190593 0)
(1.19355 -0.00189158 0)
(1.19174 -0.00187738 0)
(1.18991 -0.00186329 0)
(1.18807 -0.00184924 0)
(1.18622 -0.00183522 0)
(1.18435 -0.00182105 0)
(1.18248 -0.00180696 0)
(1.1806 -0.00179225 0)
(1.1787 -0.00177828 0)
(1.1768 -0.00176209 0)
(1.17487 -0.00174968 0)
(1.17299 -0.00172903 0)
(1.17098 -0.00172377 0)
(1.1692 -0.00168914 0)
(1.16691 -0.00170787 0)
(1.16564 -0.00163567 0)
(1.16223 -0.00169287 0)
(1.2501 -0.0014763 0)
(1.24864 -0.00147454 0)
(1.24716 -0.00147112 0)
(1.24567 -0.00146622 0)
(1.24416 -0.00146001 0)
(1.24264 -0.00145264 0)
(1.24111 -0.00144425 0)
(1.23956 -0.001435 0)
(1.238 -0.00142501 0)
(1.23644 -0.0014144 0)
(1.23486 -0.0014033 0)
(1.23327 -0.0013918 0)
(1.23167 -0.00138 0)
(1.23007 -0.00136799 0)
(1.22846 -0.00135586 0)
(1.22684 -0.00134366 0)
(1.22521 -0.00133147 0)
(1.22357 -0.00131934 0)
(1.22193 -0.00130733 0)
(1.22027 -0.00129546 0)
(1.21861 -0.00128378 0)
(1.21695 -0.00127231 0)
(1.21527 -0.00126107 0)
(1.21358 -0.00125009 0)
(1.21189 -0.00123936 0)
(1.21019 -0.0012289 0)
(1.20848 -0.00121871 0)
(1.20675 -0.00120877 0)
(1.20502 -0.00119909 0)
(1.20328 -0.00118964 0)
(1.20153 -0.00118041 0)
(1.19976 -0.00117139 0)
(1.19799 -0.00116255 0)
(1.19621 -0.00115386 0)
(1.19441 -0.00114529 0)
(1.1926 -0.00113683 0)
(1.19078 -0.00112842 0)
(1.18895 -0.00112004 0)
(1.1871 -0.00111168 0)
(1.18525 -0.00110321 0)
(1.18338 -0.00109482 0)
(1.18151 -0.001086 0)
(1.17961 -0.00107774 0)
(1.17772 -0.00106787 0)
(1.1758 -0.00106084 0)
(1.17391 -0.00104768 0)
(1.17191 -0.0010462 0)
(1.17012 -0.00102203 0)
(1.16785 -0.00104005 0)
(1.16657 -0.000982427 0)
(1.16315 -0.00103372 0)
(1.25027 -0.000494852 0)
(1.24882 -0.000494273 0)
(1.24735 -0.000493138 0)
(1.24587 -0.000491507 0)
(1.24437 -0.000489434 0)
(1.24286 -0.000486972 0)
(1.24133 -0.000484172 0)
(1.23979 -0.00048108 0)
(1.23825 -0.00047774 0)
(1.23669 -0.000474195 0)
(1.23512 -0.000470482 0)
(1.23354 -0.000466637 0)
(1.23195 -0.000462693 0)
(1.23036 -0.000458679 0)
(1.22875 -0.000454623 0)
(1.22714 -0.000450547 0)
(1.22552 -0.000446474 0)
(1.22389 -0.000442422 0)
(1.22226 -0.000438408 0)
(1.22061 -0.000434445 0)
(1.21896 -0.000430544 0)
(1.2173 -0.000426716 0)
(1.21563 -0.000422966 0)
(1.21396 -0.000419301 0)
(1.21227 -0.000415723 0)
(1.21057 -0.000412234 0)
(1.20887 -0.000408835 0)
(1.20715 -0.000405523 0)
(1.20543 -0.000402295 0)
(1.20369 -0.000399147 0)
(1.20195 -0.000396074 0)
(1.20019 -0.000393069 0)
(1.19842 -0.000390124 0)
(1.19664 -0.00038723 0)
(1.19485 -0.000384379 0)
(1.19305 -0.00038156 0)
(1.19123 -0.000378763 0)
(1.1894 -0.000375971 0)
(1.18756 -0.000373188 0)
(1.18571 -0.000370365 0)
(1.18385 -0.000367576 0)
(1.18198 -0.000364621 0)
(1.18009 -0.000361899 0)
(1.1782 -0.000358546 0)
(1.17627 -0.000356335 0)
(1.17439 -0.000351666 0)
(1.17239 -0.000351754 0)
(1.1706 -0.000342492 0)
(1.16833 -0.000350923 0)
(1.16705 -0.000326448 0)
(1.16364 -0.00034967 0)
)
;

boundaryField
{
    inlet
    {
        type            uniformFixedValue;
        uniformValue    constant (1 0 0);
        value           nonuniform 0();
    }
    outlet
    {
        type            pressureInletOutletVelocity;
        value           nonuniform List<vector> 
52
(
(0.9568 -0.0144029 0)
(0.960279 -0.0144245 0)
(0.963844 -0.0144408 0)
(0.967495 -0.0144513 0)
(0.971231 -0.0144558 0)
(0.975053 -0.0144538 0)
(0.97896 -0.0144449 0)
(0.982953 -0.0144287 0)
(0.987031 -0.0144048 0)
(0.991192 -0.0143726 0)
(0.995437 -0.0143318 0)
(0.999763 -0.0142818 0)
(1.00417 -0.0142222 0)
(1.00865 -0.0141525 0)
(1.01321 -0.0140723 0)
(1.01784 -0.0139809 0)
(1.02254 -0.013878 0)
(1.02731 -0.0137629 0)
(1.03213 -0.0136353 0)
(1.03702 -0.0134946 0)
(1.04195 -0.0133404 0)
(1.04693 -0.0131721 0)
(1.05195 -0.0129894 0)
(1.05701 -0.0127917 0)
(1.06209 -0.0125786 0)
(1.06718 -0.0123498 0)
(1.07229 -0.0121049 0)
(1.07739 -0.0118435 0)
(1.08249 -0.0115654 0)
(1.08756 -0.0112701 0)
(1.0926 -0.0109576 0)
(1.0976 -0.0106276 0)
(1.10254 -0.01028 0)
(1.10741 -0.00991458 0)
(1.1122 -0.00953138 0)
(1.11689 -0.00913035 0)
(1.12147 -0.00871149 0)
(1.12591 -0.00827486 0)
(1.13021 -0.00782056 0)
(1.13434 -0.0073487 0)
(1.1383 -0.00685941 0)
(1.14205 -0.00635285 0)
(1.14558 -0.00582918 0)
(1.14886 -0.00528854 0)
(1.15189 -0.00473105 0)
(1.15462 -0.00415682 0)
(1.15705 -0.00356588 0)
(1.15915 -0.00295821 0)
(1.16088 -0.00233385 0)
(1.16223 -0.00169287 0)
(1.16315 -0.00103372 0)
(1.16364 -0.00034967 0)
)
;
    }
    cylinder
    {
        type            fixedValue;
        value           nonuniform 0();
    }
    top
    {
        type            symmetryPlane;
    }
    bottom
    {
        type            symmetryPlane;
    }
    defaultFaces
    {
        type            empty;
    }
    procBoundary15to10
    {
        type            processor;
        value           uniform (1.00262 -0.0469118 0);
    }
    procBoundary15to11
    {
        type            processor;
        value           nonuniform List<vector> 
52
(
(0.95602 -0.0262159 0)
(0.955518 -0.0256177 0)
(0.955053 -0.0250328 0)
(0.954627 -0.0244611 0)
(0.954237 -0.0239022 0)
(0.953884 -0.0233557 0)
(0.953566 -0.0228214 0)
(0.953285 -0.0222987 0)
(0.953038 -0.0217878 0)
(0.952827 -0.0212869 0)
(0.952646 -0.0207977 0)
(0.952504 -0.0203158 0)
(0.952387 -0.019847 0)
(0.952315 -0.0193794 0)
(0.952255 -0.0189313 0)
(0.952255 -0.0184685 0)
(0.952244 -0.0180467 0)
(0.952324 -0.0175667 0)
(0.952346 -0.0171936 0)
(0.952527 -0.016641 0)
(0.952557 -0.0163876 0)
(0.952877 -0.0156186 0)
(0.952878 -0.0156886 0)
(0.953404 -0.0143763 0)
(0.993265 -0.0465116 0)
(0.991419 -0.0456826 0)
(0.989631 -0.0448489 0)
(0.9879 -0.0440123 0)
(0.986225 -0.0431746 0)
(0.984603 -0.0423376 0)
(0.983035 -0.0415028 0)
(0.98152 -0.0406715 0)
(0.980055 -0.0398452 0)
(0.978642 -0.0390251 0)
(0.977278 -0.0382122 0)
(0.975963 -0.0374076 0)
(0.974696 -0.0366122 0)
(0.973477 -0.0358267 0)
(0.972304 -0.0350519 0)
(0.971177 -0.0342885 0)
(0.970096 -0.0335369 0)
(0.96906 -0.0327977 0)
(0.968067 -0.0320712 0)
(0.967119 -0.0313577 0)
(0.966213 -0.0306576 0)
(0.96535 -0.0299709 0)
(0.964529 -0.0292978 0)
(0.96375 -0.0286383 0)
(0.963012 -0.0279926 0)
(0.962314 -0.0273605 0)
(0.961656 -0.026742 0)
(0.961656 -0.026742 0)
)
;
    }
    procBoundary15to14
    {
        type            processor;
        value           nonuniform List<vector> 
50
(
(1.01014 -0.0464608 0)
(1.01772 -0.0459801 0)
(1.02537 -0.0454692 0)
(1.03306 -0.0449274 0)
(1.04079 -0.0443542 0)
(1.04856 -0.0437494 0)
(1.05634 -0.0431125 0)
(1.06414 -0.0424434 0)
(1.07194 -0.0417419 0)
(1.07972 -0.0410082 0)
(1.08747 -0.0402423 0)
(1.09519 -0.0394448 0)
(1.10286 -0.0386159 0)
(1.11045 -0.0377564 0)
(1.11797 -0.0368671 0)
(1.12539 -0.0359489 0)
(1.1327 -0.0350032 0)
(1.13989 -0.0340311 0)
(1.14693 -0.0330343 0)
(1.15382 -0.0320144 0)
(1.16054 -0.0309734 0)
(1.16707 -0.0299132 0)
(1.1734 -0.028836 0)
(1.17953 -0.0277442 0)
(1.18542 -0.0266401 0)
(1.19109 -0.0255263 0)
(1.19651 -0.0244053 0)
(1.20167 -0.0232798 0)
(1.20657 -0.0221522 0)
(1.21121 -0.0210251 0)
(1.21557 -0.019901 0)
(1.21965 -0.0187822 0)
(1.22346 -0.0176709 0)
(1.22699 -0.0165691 0)
(1.23025 -0.0154783 0)
(1.23324 -0.0144002 0)
(1.23596 -0.0133358 0)
(1.23843 -0.0122859 0)
(1.24065 -0.0112509 0)
(1.24263 -0.0102306 0)
(1.24439 -0.00922475 0)
(1.24592 -0.00823231 0)
(1.24725 -0.00725189 0)
(1.24839 -0.00628157 0)
(1.24935 -0.00531891 0)
(1.25014 -0.00436093 0)
(1.25076 -0.00340406 0)
(1.25122 -0.00244411 0)
(1.25154 -0.00147623 0)
(1.25169 -0.000494816 0)
)
;
    }
}


// ************************************************************************* //
