/*--------------------------------*- C++ -*----------------------------------*\
  =========                 |
  \\      /  F ield         | OpenFOAM: The Open Source CFD Toolbox
   \\    /   O peration     | Website:  https://openfoam.org
    \\  /    A nd           | Version:  7
     \\/     M anipulation  |
\*---------------------------------------------------------------------------*/
FoamFile
{
    version     2.0;
    format      ascii;
    class       volVectorField;
    location    "20";
    object      U;
}
// * * * * * * * * * * * * * * * * * * * * * * * * * * * * * * * * * * * * * //

dimensions      [0 1 -1 0 0 0 0];

internalField   nonuniform List<vector> 
2625
(
(1.12284 0.0525465 8.31533e-21)
(1.11832 0.0533667 -1.92052e-21)
(1.11896 0.0716777 -2.02809e-20)
(1.11383 0.054168 -5.19997e-20)
(1.10938 0.0549459 -8.60698e-21)
(1.10496 0.0556956 6.06023e-20)
(1.10059 0.0564125 9.67573e-21)
(1.09626 0.0570923 -6.34275e-20)
(1.09199 0.0577305 -5.49964e-21)
(1.08777 0.0583231 4.49893e-20)
(1.08361 0.058866 -1.05599e-20)
(1.07951 0.0593556 3.86758e-21)
(1.07549 0.0597884 9.46413e-20)
(1.05984 0.0516037 1.29367e-19)
(1.06337 0.0512378 1.37842e-19)
(1.06699 0.0508157 -9.64551e-20)
(1.07068 0.0503406 -1.20711e-19)
(1.07445 0.0498163 1.03287e-19)
(1.07829 0.0492464 2.74922e-21)
(1.0822 0.0486349 4.68861e-20)
(1.08619 0.047986 -1.03526e-21)
(1.09024 0.0473041 1.74241e-20)
(1.09435 0.0465936 4.43368e-20)
(1.09853 0.0458589 -9.62264e-21)
(1.10276 0.0451047 5.9534e-20)
(1.10704 0.0443354 -1.25308e-20)
(1.11137 0.0435556 -5.99746e-21)
(1.11574 0.0427697 1.728e-20)
(1.12015 0.0419819 -1.13808e-20)
(1.05982 0.0506863 -5.8699e-20)
(1.06334 0.0503301 1.38931e-20)
(1.06694 0.0499194 6.8014e-20)
(1.07061 0.0494575 5.18427e-20)
(1.07436 0.0489478 -3.1494e-20)
(1.07819 0.048394 -1.93173e-20)
(1.08209 0.0477997 -1.43539e-20)
(1.08607 0.0471692 -9.78938e-21)
(1.09011 0.0465065 2.5809e-20)
(1.09421 0.0458159 -1.15695e-20)
(1.09838 0.0451018 4.80495e-20)
(1.1026 0.0443685 -3.24278e-20)
(1.10688 0.0436205 9.29166e-22)
(1.11121 0.0428621 2.20088e-20)
(1.11558 0.0420976 -2.21017e-20)
(1.11999 0.0413311 6.31009e-21)
(1.05641 0.0500999 -5.09946e-20)
(1.05982 0.049806 -6.65107e-20)
(1.06332 0.0494568 -1.20774e-19)
(1.06689 0.049055 1.06291e-20)
(1.07055 0.0486037 -5.00061e-20)
(1.07429 0.0481062 -4.73182e-20)
(1.0781 0.047566 2.90991e-20)
(1.08199 0.0469868 -1.55181e-20)
(1.08596 0.0463723 -1.14061e-21)
(1.08999 0.0457268 -4.70308e-20)
(1.09408 0.0450541 -2.98416e-20)
(1.09824 0.0443587 -2.36672e-20)
(1.10246 0.0436446 1.63558e-21)
(1.10673 0.0429161 -1.96721e-20)
(1.11105 0.0421775 -2.77521e-20)
(1.11542 0.0414329 1.90537e-20)
(1.11983 0.0406862 -2.23401e-20)
(1.05645 0.0492269 -1.6561e-20)
(1.05984 0.0489365 1.86951e-20)
(1.06331 0.0485929 1.38812e-19)
(1.06687 0.0481987 -4.34062e-20)
(1.07051 0.0477568 4.26548e-20)
(1.07423 0.0472703 1.40567e-20)
(1.07803 0.0467427 -3.13348e-20)
(1.08191 0.0461773 -1.19522e-20)
(1.08586 0.045578 -2.72911e-20)
(1.08988 0.0449486 5.63424e-21)
(1.09397 0.0442931 1.4924e-20)
(1.09812 0.0436155 4.52188e-21)
(1.10233 0.0429198 1.79858e-20)
(1.10659 0.0422103 2.55679e-20)
(1.11091 0.0414909 -5.49519e-21)
(1.11527 0.0407656 -1.07892e-20)
(1.11967 0.0400382 1.13664e-20)
(1.05651 0.0483651 -2.97774e-20)
(1.05988 0.0480769 3.37991e-20)
(1.06333 0.0477377 -4.14345e-20)
(1.06687 0.0473498 -1.79877e-20)
(1.07049 0.0469162 -2.7876e-20)
(1.0742 0.0464397 4.00983e-20)
(1.07798 0.0459235 2.73275e-20)
(1.08184 0.0453711 -6.27548e-22)
(1.08578 0.044786 5.37997e-20)
(1.08978 0.0441719 2.12951e-20)
(1.09386 0.0435327 -5.62019e-21)
(1.098 0.0428722 -2.51632e-20)
(1.1022 0.0421944 -2.58694e-20)
(1.10646 0.0415032 6.81369e-21)
(1.11077 0.0408024 4.76437e-21)
(1.11513 0.040096 1.90574e-20)
(1.11953 0.0393876 1.03992e-20)
(1.05334 0.0477522 -1.36579e-20)
(1.0566 0.0475161 2.92128e-20)
(1.05994 0.0472289 1.14398e-20)
(1.06337 0.0468929 -1.92084e-20)
(1.06689 0.0465103 1.89599e-20)
(1.07049 0.0460837 -5.43883e-21)
(1.07418 0.045616 2.85724e-20)
(1.07794 0.0451103 -4.37661e-20)
(1.08179 0.0445698 1.43386e-20)
(1.08571 0.043998 -5.67679e-20)
(1.0897 0.0433983 -4.23052e-20)
(1.09377 0.0427746 3.06513e-20)
(1.0979 0.0421304 4.13285e-20)
(1.10209 0.0414696 2.71852e-21)
(1.10634 0.0407961 1.67182e-20)
(1.11064 0.0401134 -2.48014e-21)
(1.11499 0.0394254 -1.38653e-20)
(1.11938 0.0387354 4.40655e-21)
(1.05347 0.0469171 -9.08253e-20)
(1.0567 0.0466788 4.81268e-20)
(1.06002 0.0463917 -2.2087e-20)
(1.06343 0.0460578 3.53666e-20)
(1.06692 0.0456794 1.35489e-20)
(1.0705 0.045259 3.28739e-20)
(1.07417 0.0447992 -3.49502e-20)
(1.07792 0.044303 2.13955e-20)
(1.08175 0.0437735 1.70422e-20)
(1.08565 0.0432139 9.73959e-21)
(1.08963 0.0426279 4.16148e-20)
(1.09368 0.0420187 -3.14002e-20)
(1.0978 0.0413902 -2.58669e-20)
(1.10198 0.0407458 2.30094e-20)
(1.10622 0.0400892 -2.11742e-20)
(1.11052 0.039424 3.57707e-20)
(1.11486 0.0387538 -1.49077e-21)
(1.11925 0.0380818 -1.57301e-20)
(1.0505 0.0462862 -2.76622e-20)
(1.05361 0.0460927 1.07586e-19)
(1.05682 0.0458513 -8.74161e-20)
(1.06011 0.0455636 1.86815e-20)
(1.0635 0.0452312 -2.44004e-20)
(1.06697 0.0448562 -7.0408e-21)
(1.07053 0.044441 -6.0124e-20)
(1.07418 0.0439883 -3.67507e-20)
(1.07791 0.0435007 6.85879e-21)
(1.08172 0.0429814 1.6351e-20)
(1.08561 0.0424334 3.88495e-21)
(1.08957 0.0418601 -1.18276e-20)
(1.09361 0.0412649 -4.70492e-21)
(1.09772 0.0406513 5.58866e-21)
(1.10189 0.0400226 -5.16342e-21)
(1.10612 0.0393824 -2.14521e-21)
(1.1104 0.0387341 -3.18033e-20)
(1.11474 0.0380812 -3.61796e-21)
(1.11912 0.0374267 -1.38111e-20)
(1.05067 0.0454764 -6.42223e-20)
(1.05376 0.0452771 -8.37092e-20)
(1.05694 0.0450324 8.92647e-20)
(1.06022 0.0447434 3.08225e-21)
(1.06358 0.0444118 4.81272e-20)
(1.06703 0.0440396 -3.77886e-20)
(1.07057 0.0436291 6.44432e-20)
(1.0742 0.0431827 6.0827e-20)
(1.07791 0.0427031 -1.18083e-20)
(1.0817 0.0421932 -2.52092e-20)
(1.08558 0.0416561 1.55552e-20)
(1.08953 0.0410949 -7.11177e-21)
(1.09355 0.0405129 2.61892e-20)
(1.09764 0.0399135 -3.44314e-21)
(1.1018 0.0392999 -4.00027e-21)
(1.10602 0.0386756 2.55201e-20)
(1.1103 0.0380437 -2.48165e-21)
(1.11462 0.0374075 -1.30947e-20)
(1.11899 0.0367701 1.76253e-20)
(1.04789 0.0448355 5.458e-20)
(1.05087 0.0446742 1.04928e-20)
(1.05393 0.0444691 6.90158e-20)
(1.05709 0.0442207 4.381e-21)
(1.06034 0.0439301 1.44039e-20)
(1.06368 0.0435989 -5.32605e-20)
(1.06711 0.043229 3.16149e-20)
(1.07063 0.0428225 -2.88255e-20)
(1.07423 0.0423818 -6.91225e-20)
(1.07793 0.0419095 2.7712e-20)
(1.0817 0.0414085 -3.52634e-20)
(1.08556 0.0408816 -1.9143e-20)
(1.08949 0.0403319 4.48458e-20)
(1.0935 0.0397626 -1.02361e-20)
(1.09758 0.0391768 -2.16273e-20)
(1.10172 0.0385778 -2.27186e-20)
(1.10593 0.0379687 -4.84465e-20)
(1.1102 0.0373527 1.57772e-20)
(1.11451 0.0367328 1.17624e-20)
(1.11888 0.0361121 -9.67983e-21)
(1.04812 0.0440475 6.85963e-20)
(1.05106 0.0438782 6.64859e-20)
(1.0541 0.0436673 -4.8973e-20)
(1.05724 0.0434151 1.28365e-20)
(1.06046 0.0431227 -3.40522e-20)
(1.06378 0.0427916 4.31871e-20)
(1.06719 0.0424235 -5.63794e-21)
(1.07069 0.0420206 -3.00223e-20)
(1.07428 0.0415851 1.75799e-20)
(1.07795 0.0411197 -1.82054e-20)
(1.08171 0.0406269 1.49784e-20)
(1.08555 0.0401097 2.50183e-20)
(1.08946 0.0395709 -2.32134e-20)
(1.09346 0.0390137 1.52398e-20)
(1.09752 0.038441 1.8172e-20)
(1.10165 0.037856 2.07509e-20)
(1.10585 0.0372617 2.34117e-20)
(1.1101 0.0366611 2.21299e-20)
(1.11441 0.0360571 2.93175e-20)
(1.11876 0.0354525 3.17032e-20)
(1.04552 0.0434014 -3.8366e-20)
(1.04835 0.0432638 -4.35551e-20)
(1.05127 0.043087 -1.54863e-21)
(1.05429 0.0428704 8.33174e-20)
(1.0574 0.0426144 -5.41471e-21)
(1.0606 0.0423201 2.26974e-20)
(1.0639 0.0419889 -2.3827e-20)
(1.06729 0.0416224 -1.16977e-20)
(1.07077 0.0412228 9.57071e-21)
(1.07433 0.0407922 4.39099e-20)
(1.07799 0.0403331 2.87257e-20)
(1.08173 0.0398482 4.28492e-20)
(1.08555 0.0393401 -1.06131e-20)
(1.08945 0.0388118 -1.39551e-20)
(1.09342 0.0382661 1.07059e-20)
(1.09747 0.037706 1.26006e-20)
(1.10159 0.0371345 -1.74525e-20)
(1.10577 0.0365545 1.98751e-20)
(1.11002 0.0359688 -2.33008e-20)
(1.11431 0.0353803 -7.09263e-21)
(1.11866 0.0347916 -1.80521e-20)
(1.04578 0.0426294 -5.74489e-20)
(1.04858 0.0424831 -2.98418e-20)
(1.05148 0.0422992 1.09303e-20)
(1.05448 0.0420773 -1.61501e-20)
(1.05757 0.0418177 -1.72794e-21)
(1.06075 0.0415215 -5.1722e-20)
(1.06403 0.04119 1.1049e-20)
(1.06739 0.040825 5.14876e-20)
(1.07085 0.0404284 -4.47221e-21)
(1.0744 0.0400023 -2.3155e-20)
(1.07803 0.0395493 -6.21961e-20)
(1.08175 0.0390718 -2.66271e-20)
(1.08556 0.0385725 -2.90066e-22)
(1.08944 0.0380541 -4.71103e-21)
(1.0934 0.0375196 -1.29795e-20)
(1.09744 0.0369717 2.08001e-20)
(1.10154 0.0364132 2.09696e-20)
(1.10571 0.0358471 -2.98509e-20)
(1.10994 0.0352759 -3.77044e-21)
(1.11422 0.0347024 -2.92913e-20)
(1.11856 0.0341291 -4.92806e-21)
(1.04334 0.0419773 -8.47366e-20)
(1.04604 0.0418583 -1.42078e-21)
(1.04882 0.0417042 -1.83242e-20)
(1.0517 0.0415137 1.06113e-20)
(1.05468 0.0412868 -1.57234e-20)
(1.05774 0.0410239 -7.67354e-21)
(1.06091 0.040726 1.9671e-20)
(1.06416 0.0403943 1.58535e-20)
(1.06751 0.0400306 -5.06019e-20)
(1.07094 0.0396368 2.23484e-20)
(1.07447 0.0392151 1.3792e-20)
(1.07809 0.0387678 3.45483e-20)
(1.08179 0.0382975 3.33715e-20)
(1.08557 0.0378066 -2.9205e-22)
(1.08944 0.0372978 1.26539e-20)
(1.09339 0.036774 -2.53783e-20)
(1.0974 0.0362378 -2.65346e-20)
(1.10149 0.0356921 4.88727e-21)
(1.10565 0.0351393 -4.59138e-21)
(1.10986 0.0345823 1.17108e-20)
(1.11414 0.0340235 -6.85632e-21)
(1.11846 0.0334652 2.15584e-20)
(1.04362 0.0412139 -6.66157e-21)
(1.0463 0.0410868 3.99259e-22)
(1.04906 0.0409257 -1.45667e-20)
(1.05192 0.0407295 9.16706e-21)
(1.05488 0.0404981 -3.63171e-20)
(1.05793 0.0402322 -9.27951e-21)
(1.06107 0.0399327 2.8213e-20)
(1.0643 0.0396009 -4.01815e-20)
(1.06763 0.0392386 -3.70365e-20)
(1.07105 0.0388476 -4.38473e-20)
(1.07455 0.0384301 -1.56309e-20)
(1.07815 0.0379883 4.92329e-21)
(1.08183 0.0375248 -4.2063e-20)
(1.0856 0.037042 -1.74396e-20)
(1.08945 0.0365426 1.46948e-20)
(1.09338 0.0360292 1.53368e-20)
(1.09738 0.0355044 1.5359e-20)
(1.10145 0.0349709 6.44992e-21)
(1.1056 0.0344312 -9.41654e-22)
(1.1098 0.0338879 -9.32016e-21)
(1.11406 0.0333434 1.90361e-20)
(1.11837 0.0327999 -1.22049e-20)
(1.04134 0.0405478 -1.75136e-20)
(1.0439 0.0404481 -5.65032e-21)
(1.04656 0.0403141 2.96167e-20)
(1.04931 0.0401469 5.53121e-20)
(1.05215 0.0399455 -5.2554e-20)
(1.05508 0.0397102 5.23789e-20)
(1.05811 0.0394417 -6.17812e-21)
(1.06123 0.0391408 -4.54264e-20)
(1.06445 0.0388091 3.13462e-20)
(1.06775 0.0384483 2.80446e-20)
(1.07115 0.0380601 6.1216e-20)
(1.07464 0.0376467 4.96774e-21)
(1.07822 0.0372104 2.24752e-20)
(1.08189 0.0367535 -1.95051e-20)
(1.08563 0.0362786 -1.35516e-20)
(1.08947 0.0357882 -5.08863e-20)
(1.09338 0.0352848 1.3192e-20)
(1.09736 0.0347711 -2.36642e-20)
(1.10142 0.0342495 -1.34656e-20)
(1.10555 0.0337226 4.17281e-20)
(1.10974 0.0331927 -1.74041e-20)
(1.11399 0.0326621 1.58578e-20)
(1.11829 0.032133 -9.05429e-21)
(1.04163 0.0397847 4.03872e-20)
(1.04418 0.0396791 4.89013e-20)
(1.04682 0.0395392 3.50828e-21)
(1.04955 0.0393668 -5.03688e-20)
(1.05238 0.0391609 5.50939e-20)
(1.05529 0.0389223 8.00158e-21)
(1.0583 0.0386516 1.78489e-20)
(1.0614 0.0383498 2.27499e-20)
(1.0646 0.0380184 -3.18167e-20)
(1.06789 0.0376591 2.57576e-20)
(1.07127 0.0372738 7.58845e-21)
(1.07474 0.0368645 3.46129e-20)
(1.0783 0.0364335 -2.69487e-20)
(1.08194 0.0359832 1.73777e-20)
(1.08568 0.035516 3.49285e-20)
(1.08949 0.0350343 1.22013e-20)
(1.09338 0.0345408 -2.76145e-20)
(1.09735 0.0340379 3.65224e-20)
(1.1014 0.0335279 1.65202e-20)
(1.10551 0.0330134 -9.44979e-21)
(1.10969 0.0324966 3.40073e-20)
(1.11392 0.0319797 -1.09421e-20)
(1.11821 0.0314646 -4.46751e-21)
(1.03944 0.0390997 3.3985e-21)
(1.04192 0.0390168 -5.81323e-20)
(1.04445 0.0389064 2.75036e-20)
(1.04708 0.0387614 -9.44387e-21)
(1.0498 0.0385846 2.43508e-20)
(1.0526 0.038375 -3.52987e-20)
(1.0555 0.0381337 -5.47456e-20)
(1.05849 0.0378612 9.03523e-21)
(1.06158 0.0375589 -1.81117e-20)
(1.06476 0.0372281 -5.05654e-21)
(1.06803 0.0368705 -1.39792e-20)
(1.07139 0.0364882 -6.38035e-20)
(1.07484 0.036083 -6.22535e-20)
(1.07838 0.0356574 6.66164e-21)
(1.08201 0.0352135 1.1439e-20)
(1.08572 0.0347539 -3.12849e-20)
(1.08952 0.0342809 1.03288e-21)
(1.0934 0.0337969 5.3346e-20)
(1.09735 0.0333045 -1.76358e-20)
(1.10138 0.032806 2.1356e-20)
(1.10548 0.0323036 -2.06318e-20)
(1.10964 0.0317996 -2.46935e-20)
(1.11386 0.031296 -7.78597e-21)
(1.11814 0.0307947 1.88674e-20)
(1.03746 0.038371 -2.47804e-20)
(1.03974 0.0383307 1.18397e-20)
(1.04221 0.0382437 6.00343e-20)
(1.04472 0.0381292 -4.08623e-20)
(1.04734 0.0379801 -4.0355e-20)
(1.05004 0.0377996 2.6238e-20)
(1.05283 0.0375871 6.18443e-20)
(1.05571 0.0373436 3.14551e-20)
(1.05869 0.03707 -3.89197e-20)
(1.06176 0.0367675 4.81742e-20)
(1.06492 0.0364376 9.58151e-23)
(1.06817 0.0360821 1.80641e-22)
(1.07151 0.0357028 2.6686e-20)
(1.07495 0.0353019 1.56591e-20)
(1.07847 0.0348816 6.10756e-21)
(1.08208 0.0344442 1.18427e-20)
(1.08578 0.033992 2.04965e-20)
(1.08956 0.0335275 3.70438e-20)
(1.09342 0.033053 -5.37318e-20)
(1.09736 0.0325709 -1.90158e-21)
(1.10137 0.0320835 -4.63957e-20)
(1.10545 0.031593 2.01676e-21)
(1.1096 0.0311015 -3.64164e-21)
(1.1138 0.030611 3.05192e-21)
(1.11807 0.0301233 -3.8887e-21)
(1.03776 0.0375984 1.9897e-21)
(1.04004 0.0375553 -1.2584e-20)
(1.04249 0.0374649 -4.41729e-20)
(1.04499 0.0373471 -9.20207e-22)
(1.04759 0.0371947 6.30454e-20)
(1.05028 0.0370114 -2.48416e-20)
(1.05306 0.0367966 -2.32587e-20)
(1.05593 0.0365515 1.00219e-20)
(1.05889 0.0362772 1.09076e-20)
(1.06194 0.035975 8.08214e-21)
(1.06508 0.0356464 3.38719e-20)
(1.06832 0.0352932 -1.00979e-20)
(1.07164 0.0349172 3.02656e-20)
(1.07506 0.0345207 2.94725e-20)
(1.07857 0.0341059 2.47224e-20)
(1.08216 0.0336749 -3.26665e-20)
(1.08584 0.0332301 8.59761e-21)
(1.0896 0.032774 -1.80977e-21)
(1.09344 0.0323088 5.20862e-20)
(1.09737 0.0318369 1.36211e-20)
(1.10136 0.0313604 7.20851e-22)
(1.10543 0.0308816 -1.2396e-20)
(1.10956 0.0304024 2.51294e-20)
(1.11375 0.0299247 -1.17424e-20)
(1.118 0.0294502 -1.46982e-20)
(1.03564 0.0368588 8.79464e-21)
(1.03805 0.0368189 -1.23839e-20)
(1.04033 0.0367732 -2.77691e-20)
(1.04277 0.0366802 -4.10605e-20)
(1.04526 0.0365597 4.04375e-20)
(1.04785 0.0364048 1.78653e-21)
(1.05052 0.0362193 9.21479e-21)
(1.05328 0.0360028 -1.80731e-20)
(1.05614 0.0357569 6.68835e-21)
(1.05908 0.0354825 3.03184e-20)
(1.06212 0.035181 -4.51413e-20)
(1.06525 0.034854 -2.51945e-20)
(1.06847 0.0345034 3.62109e-20)
(1.07178 0.034131 -1.03359e-20)
(1.07518 0.0337391 -4.74035e-20)
(1.07867 0.0333297 -7.86554e-21)
(1.08224 0.0329052 -6.3524e-21)
(1.0859 0.0324679 1.45536e-20)
(1.08965 0.0320201 1.06023e-20)
(1.09348 0.0315641 -5.70356e-20)
(1.09738 0.0311022 -1.97099e-20)
(1.10136 0.0306366 1.90302e-20)
(1.10541 0.0301692 2.04012e-20)
(1.10953 0.0297021 -1.80847e-20)
(1.11371 0.0292369 1.52091e-20)
(1.11794 0.0287755 1.01515e-20)
(1.03595 0.0360738 -6.10626e-20)
(1.03834 0.0360324 6.13136e-20)
(1.04061 0.0359844 4.34951e-20)
(1.04304 0.0358892 5.83511e-20)
(1.04552 0.0357666 2.0796e-21)
(1.0481 0.0356099 -3.73824e-20)
(1.05076 0.0354229 -5.83412e-20)
(1.05351 0.0352055 -3.48245e-20)
(1.05635 0.0349592 -3.57414e-20)
(1.05928 0.0346852 -4.50292e-20)
(1.0623 0.0343849 -5.81068e-21)
(1.06542 0.03406 -4.15988e-22)
(1.06862 0.0337123 -1.54753e-21)
(1.07191 0.0333438 -1.48857e-20)
(1.0753 0.0329566 5.88053e-20)
(1.07877 0.0325529 -3.62342e-20)
(1.08233 0.032135 4.58881e-20)
(1.08597 0.0317051 -1.57755e-20)
(1.0897 0.0312657 -4.92369e-20)
(1.09351 0.0308188 2.201e-20)
(1.0974 0.0303668 1.52303e-20)
(1.10137 0.0299118 -1.96647e-20)
(1.1054 0.0294557 -3.18881e-21)
(1.1095 0.0290005 -2.7445e-22)
(1.11367 0.0285477 -5.06346e-21)
(1.11789 0.0280991 -3.20673e-21)
(1.03625 0.0352813 6.75812e-20)
(1.03863 0.0352387 -3.18204e-20)
(1.04089 0.0351885 -2.27597e-20)
(1.0433 0.0350919 3.69341e-20)
(1.04578 0.0349677 2.27028e-21)
(1.04834 0.0348097 6.24997e-21)
(1.05099 0.0346218 8.13647e-20)
(1.05373 0.0344041 2.21744e-20)
(1.05656 0.034158 -7.27994e-21)
(1.05948 0.0338849 5.43672e-20)
(1.06249 0.0335863 -2.04663e-20)
(1.06559 0.0332639 4.29585e-20)
(1.06877 0.0329195 -3.89274e-20)
(1.07205 0.0325551 -8.56876e-21)
(1.07542 0.0321729 -2.10061e-20)
(1.07888 0.0317751 2.86509e-20)
(1.08242 0.0313639 -5.33941e-20)
(1.08605 0.0309415 -1.88112e-20)
(1.08976 0.0305104 -6.87273e-21)
(1.09356 0.0300727 1.05287e-20)
(1.09743 0.0296305 -2.13064e-20)
(1.10137 0.029186 7.38956e-21)
(1.10539 0.0287411 -2.35688e-20)
(1.10948 0.0282976 9.47343e-21)
(1.11363 0.027857 -7.74838e-22)
(1.11784 0.0274209 -5.86447e-21)
(1.03654 0.0344813 -7.75042e-20)
(1.03891 0.0344377 -9.17781e-21)
(1.04116 0.0343856 7.57599e-21)
(1.04357 0.0342878 -8.33256e-20)
(1.04603 0.0341626 -3.21942e-20)
(1.04859 0.0340039 -1.8028e-20)
(1.05123 0.0338158 -8.90071e-21)
(1.05395 0.0335982 2.83432e-20)
(1.05677 0.033353 4.51802e-20)
(1.05968 0.0330813 -5.32806e-20)
(1.06267 0.0327849 -4.29612e-21)
(1.06576 0.0324653 -3.33412e-20)
(1.06893 0.0321246 3.60214e-20)
(1.07219 0.0317647 -3.7928e-21)
(1.07555 0.0313877 -2.09974e-20)
(1.07899 0.0309959 -2.2046e-20)
(1.08252 0.0305915 2.65623e-20)
(1.08613 0.0301769 5.39306e-21)
(1.08982 0.0297541 3.01929e-20)
(1.0936 0.0293255 -1.37421e-20)
(1.09746 0.0288932 1.2666e-20)
(1.10139 0.0284591 5.7571e-21)
(1.10539 0.0280252 1.55428e-20)
(1.10946 0.0275933 3.18514e-21)
(1.1136 0.0271647 6.05768e-21)
(1.11779 0.026741 -5.66592e-21)
(1.03683 0.0336737 6.50769e-20)
(1.03918 0.0336293 6.10623e-20)
(1.04143 0.0335755 -3.48995e-20)
(1.04382 0.033477 7.83024e-20)
(1.04628 0.0333511 -2.57393e-21)
(1.04883 0.0331923 2.5996e-20)
(1.05146 0.0330044 -2.94435e-20)
(1.05417 0.0327876 -3.09151e-20)
(1.05698 0.0325437 -3.96493e-20)
(1.05987 0.032274 4.48409e-20)
(1.06285 0.0319802 1.25884e-20)
(1.06593 0.0316639 2.69293e-20)
(1.06909 0.0313272 -9.86306e-21)
(1.07234 0.0309721 2.6915e-20)
(1.07568 0.0306007 2.61168e-20)
(1.0791 0.0302152 -2.43763e-20)
(1.08261 0.0298178 -2.80707e-20)
(1.08621 0.0294109 4.51303e-20)
(1.08989 0.0289966 4.17623e-21)
(1.09365 0.0285771 3.17794e-20)
(1.09749 0.0281545 -1.33102e-20)
(1.10141 0.0277309 -2.01964e-20)
(1.1054 0.027308 -5.89151e-21)
(1.10945 0.0268874 -1.11012e-20)
(1.11357 0.0264708 -2.85535e-22)
(1.11775 0.0260593 1.12131e-20)
(1.03711 0.0328584 -1.30015e-20)
(1.03944 0.0328134 -9.70653e-20)
(1.04169 0.032758 1.92497e-20)
(1.04407 0.0326593 -6.66468e-20)
(1.04652 0.0325331 -1.51908e-20)
(1.04906 0.0323746 -4.0381e-20)
(1.05168 0.0321875 5.09703e-20)
(1.05439 0.031972 -3.81374e-21)
(1.05718 0.03173 3.80107e-20)
(1.06007 0.0314627 -8.3005e-21)
(1.06304 0.0311719 4.53701e-20)
(1.0661 0.0308594 -4.57593e-20)
(1.06925 0.0305271 3.33598e-21)
(1.07248 0.0301771 2.44146e-20)
(1.07581 0.0298115 1.02664e-20)
(1.07922 0.0294325 2.07806e-20)
(1.08271 0.0290424 3.93016e-20)
(1.0863 0.0286433 -3.64047e-20)
(1.08996 0.0282375 2.95755e-20)
(1.09371 0.0278273 -2.54936e-20)
(1.09753 0.0274145 -3.23366e-20)
(1.10143 0.0270012 2.63872e-20)
(1.1054 0.0265892 2.4379e-21)
(1.10944 0.02618 -2.90249e-21)
(1.11355 0.0257751 -4.65375e-21)
(1.11772 0.0253757 -3.55739e-21)
(1.03739 0.0320353 -1.62152e-20)
(1.0397 0.0319899 6.88598e-21)
(1.04195 0.0319333 -5.14338e-21)
(1.04432 0.0318345 -1.77357e-20)
(1.04676 0.0317085 2.59336e-20)
(1.04929 0.0315508 -8.3268e-21)
(1.0519 0.0313649 -9.39326e-21)
(1.0546 0.0311511 3.37256e-22)
(1.05739 0.0309114 -2.42841e-21)
(1.06026 0.030647 2.48851e-20)
(1.06322 0.0303598 -1.26021e-20)
(1.06627 0.0300514 3.98236e-20)
(1.0694 0.029724 2.64745e-20)
(1.07263 0.0293794 -7.92222e-22)
(1.07594 0.0290199 2.81532e-22)
(1.07934 0.0286477 -3.04485e-21)
(1.08282 0.028265 1.70837e-20)
(1.08639 0.027874 1.18444e-20)
(1.09003 0.0274769 -8.96779e-22)
(1.09376 0.0270759 -9.1086e-21)
(1.09757 0.0266729 4.25174e-20)
(1.10146 0.02627 -5.56484e-21)
(1.10541 0.0258688 1.11349e-20)
(1.10944 0.0254708 -4.58059e-21)
(1.11353 0.0250775 3.88225e-21)
(1.11768 0.0246901 -2.48166e-21)
(1.03765 0.0312045 4.27228e-20)
(1.03996 0.0311588 6.40916e-20)
(1.04219 0.0311011 1.78607e-20)
(1.04456 0.0310027 2.36461e-20)
(1.047 0.0308771 -5.47813e-20)
(1.04952 0.0307205 2.04372e-21)
(1.05212 0.0305363 -7.95176e-20)
(1.05481 0.0303247 -5.64272e-22)
(1.05759 0.0300878 -3.80143e-20)
(1.06045 0.0298268 -2.35578e-20)
(1.0634 0.0295435 -1.16913e-20)
(1.06644 0.0292397 -2.61926e-20)
(1.06956 0.0289174 -1.45498e-20)
(1.07277 0.0285787 -3.56832e-20)
(1.07607 0.0282256 -2.27668e-20)
(1.07946 0.0278605 2.92329e-20)
(1.08292 0.0274854 -1.07403e-20)
(1.08648 0.0271026 8.44729e-21)
(1.09011 0.0267144 -3.17346e-20)
(1.09383 0.0263227 6.74878e-21)
(1.09762 0.0259296 -1.40834e-20)
(1.10149 0.025537 -2.59729e-21)
(1.10543 0.0251466 5.91177e-21)
(1.10944 0.0247599 1.27325e-20)
(1.11352 0.0243781 -1.0317e-20)
(1.11765 0.0240025 6.0773e-21)
(1.03791 0.030366 -7.40248e-20)
(1.0402 0.0303201 -4.72067e-21)
(1.04244 0.0302615 -6.02369e-21)
(1.0448 0.0301636 1.1085e-20)
(1.04723 0.0300389 1.91967e-20)
(1.04974 0.0298838 6.69723e-20)
(1.05234 0.0297016 4.9682e-20)
(1.05502 0.0294927 3.20342e-20)
(1.05779 0.0292589 2.00226e-20)
(1.06064 0.0290017 -2.76257e-20)
(1.06358 0.0287228 9.28503e-21)
(1.06661 0.028424 -2.59926e-20)
(1.06972 0.0281073 -7.78285e-22)
(1.07292 0.0277747 1.54409e-20)
(1.07621 0.0274284 -6.19391e-22)
(1.07958 0.0270706 -4.9772e-20)
(1.08303 0.0267034 7.90429e-21)
(1.08657 0.0263291 -2.98922e-20)
(1.09019 0.0259498 -2.42141e-20)
(1.09389 0.0255676 -2.94682e-21)
(1.09767 0.0251845 6.84301e-21)
(1.10152 0.0248023 1.99764e-21)
(1.10545 0.0244226 -5.12332e-21)
(1.10944 0.024047 5.92159e-21)
(1.1135 0.0236767 9.84082e-21)
(1.11763 0.0233128 5.29513e-21)
(1.03816 0.0295196 4.85041e-20)
(1.04044 0.0294737 2.76581e-20)
(1.04267 0.0294145 -5.47361e-21)
(1.04503 0.0293173 -6.53556e-21)
(1.04745 0.0291937 3.94735e-20)
(1.04996 0.0290405 -7.48066e-20)
(1.05255 0.0288606 -1.31308e-20)
(1.05522 0.0286548 9.10474e-21)
(1.05798 0.0284246 -2.29656e-20)
(1.06083 0.0281716 1.20337e-20)
(1.06376 0.0278975 -3.61815e-20)
(1.06678 0.0276041 2.53827e-20)
(1.06988 0.0272933 -2.98241e-21)
(1.07307 0.0269673 -4.79104e-20)
(1.07634 0.0266281 -1.46239e-21)
(1.0797 0.0262778 4.04549e-20)
(1.08314 0.0259188 -1.52812e-20)
(1.08666 0.0255531 1.59385e-20)
(1.09027 0.025183 2.87861e-20)
(1.09396 0.0248104 -2.36473e-21)
(1.09772 0.0244373 9.60627e-21)
(1.10156 0.0240655 -2.43674e-21)
(1.10547 0.0236966 -5.7449e-21)
(1.10945 0.0233322 -7.01544e-21)
(1.1135 0.0229733 -1.08434e-20)
(1.1176 0.022621 -3.18246e-21)
(1.03841 0.0286655 3.11006e-20)
(1.04067 0.0286196 -5.97839e-20)
(1.0429 0.0285599 1.31106e-20)
(1.04525 0.0284638 4.71912e-20)
(1.04767 0.0283414 -7.09714e-20)
(1.05017 0.0281904 6.72839e-20)
(1.05275 0.0280133 3.20929e-22)
(1.05542 0.0278109 -3.46158e-20)
(1.05818 0.0275847 4.71556e-20)
(1.06101 0.0273363 4.51606e-21)
(1.06394 0.0270673 3.41897e-21)
(1.06694 0.0267797 -3.21615e-20)
(1.07004 0.0264753 2.18276e-21)
(1.07321 0.0261561 5.6478e-20)
(1.07648 0.0258243 -3.99002e-20)
(1.07982 0.025482 -1.14395e-20)
(1.08325 0.0251314 8.40007e-21)
(1.08676 0.0247746 -7.45998e-21)
(1.09035 0.0244137 -1.66396e-20)
(1.09402 0.0240509 -1.30821e-21)
(1.09777 0.0236879 1.84476e-21)
(1.1016 0.0233266 7.2715e-23)
(1.10549 0.0229686 -5.92705e-22)
(1.10946 0.0226152 2.07702e-21)
(1.11349 0.0222677 1.52938e-20)
(1.11759 0.021927 2.58676e-21)
(1.03865 0.0278034 -5.99302e-20)
(1.0409 0.0277578 5.2291e-20)
(1.04313 0.0276978 -1.53974e-20)
(1.04547 0.0276029 1.34152e-20)
(1.04788 0.0274822 8.75488e-21)
(1.05038 0.0273336 -2.41035e-20)
(1.05296 0.0271596 2.35398e-21)
(1.05562 0.0269608 7.30191e-22)
(1.05836 0.026739 -5.35308e-20)
(1.06119 0.0264956 -1.50221e-20)
(1.06411 0.0262322 6.13076e-20)
(1.06711 0.0259507 3.4856e-20)
(1.07019 0.025653 -4.09503e-20)
(1.07336 0.0253411 -2.45559e-20)
(1.07661 0.025017 2.74403e-20)
(1.07994 0.0246829 -1.14286e-20)
(1.08336 0.0243409 -8.96705e-21)
(1.08686 0.0239932 -2.9612e-21)
(1.09044 0.0236419 5.18648e-22)
(1.0941 0.0232889 -3.0808e-21)
(1.09783 0.0229362 -1.44138e-20)
(1.10164 0.0225855 1.14297e-20)
(1.10552 0.0222383 8.13664e-22)
(1.10947 0.0218961 -4.12905e-21)
(1.11349 0.0215599 -1.34442e-20)
(1.11757 0.0212306 -8.37439e-21)
(1.03888 0.0269336 -1.63449e-20)
(1.04112 0.0268882 -7.42086e-20)
(1.04334 0.0268282 -3.07954e-22)
(1.04568 0.0267346 -4.19548e-20)
(1.04809 0.0266158 2.09221e-20)
(1.05058 0.0264699 8.44508e-21)
(1.05315 0.0262993 -3.02183e-20)
(1.05581 0.0261046 -1.57087e-20)
(1.05855 0.0258875 4.97756e-20)
(1.06137 0.0256494 2.47941e-20)
(1.06428 0.0253919 -1.90844e-20)
(1.06727 0.0251169 -1.20674e-20)
(1.07035 0.0248263 -5.67664e-21)
(1.0735 0.0245219 -1.57261e-20)
(1.07674 0.0242059 3.54516e-20)
(1.08007 0.0238803 1.81688e-20)
(1.08347 0.0235473 -1.11796e-20)
(1.08696 0.0232089 -2.10293e-21)
(1.09052 0.0228673 7.41235e-21)
(1.09417 0.0225244 9.15778e-22)
(1.09789 0.0221821 -5.88217e-21)
(1.10168 0.021842 -1.662e-20)
(1.10555 0.0215058 -9.81796e-23)
(1.10949 0.0211746 -8.27246e-22)
(1.11349 0.0208497 8.03785e-21)
(1.11756 0.0205319 6.58832e-22)
(1.0391 0.0260559 5.10253e-20)
(1.04133 0.0260109 1.46739e-21)
(1.04356 0.025951 -1.33577e-20)
(1.04589 0.025859 -1.84327e-20)
(1.04829 0.0257422 2.77962e-20)
(1.05078 0.0255993 -1.11286e-20)
(1.05335 0.0254323 1.79823e-20)
(1.056 0.025242 4.48222e-20)
(1.05873 0.0250299 4.74595e-21)
(1.06155 0.0247975 -1.06578e-20)
(1.06445 0.0245463 -2.97727e-20)
(1.06743 0.0242782 -8.22812e-21)
(1.0705 0.0239949 -1.79964e-20)
(1.07365 0.0236984 5.68987e-20)
(1.07688 0.0233908 -3.03356e-20)
(1.08019 0.023074 -2.47958e-20)
(1.08358 0.0227502 1.26473e-20)
(1.08706 0.0224215 9.79964e-21)
(1.09061 0.0220898 9.10418e-21)
(1.09424 0.0217571 2.67669e-20)
(1.09795 0.0214253 1.59857e-21)
(1.10173 0.021096 9.55136e-21)
(1.10558 0.0207707 -6.09653e-21)
(1.1095 0.0204508 4.9824e-21)
(1.11349 0.0201371 1.04942e-20)
(1.03931 0.0251704 -9.1881e-21)
(1.04154 0.0251258 4.26346e-20)
(1.04376 0.0250662 2.50744e-20)
(1.04609 0.0249759 2.26508e-20)
(1.04849 0.0248615 2.69815e-20)
(1.05097 0.0247218 4.00625e-20)
(1.05353 0.0245587 1.94772e-20)
(1.05618 0.024373 -1.99762e-20)
(1.05891 0.0241663 -3.06984e-20)
(1.06172 0.0239398 -3.35571e-20)
(1.06461 0.0236953 4.21244e-20)
(1.06759 0.0234343 3.10911e-21)
(1.07065 0.0231588 1.70975e-20)
(1.07379 0.0228706 -4.5985e-20)
(1.07701 0.0225716 4.28802e-21)
(1.08031 0.0222639 2.58439e-20)
(1.0837 0.0219496 1.71671e-20)
(1.08716 0.0216307 -1.72299e-20)
(1.0907 0.0213092 6.25875e-21)
(1.09432 0.020987 -1.65005e-20)
(1.09801 0.0206658 1.62082e-20)
(1.10178 0.0203474 6.21206e-21)
(1.10562 0.0200332 4.30464e-23)
(1.10952 0.0197244 -1.09291e-20)
(1.1135 0.0194221 -1.93602e-20)
(1.03952 0.024277 2.03458e-20)
(1.04174 0.024233 -5.15454e-20)
(1.04396 0.0241738 3.25029e-20)
(1.04628 0.0240855 5.16384e-21)
(1.04868 0.0239735 -2.73838e-20)
(1.05116 0.0238372 -1.61052e-20)
(1.05372 0.0236783 1.76935e-20)
(1.05636 0.0234975 2.40708e-20)
(1.05908 0.0232964 -1.12963e-20)
(1.06189 0.0230763 3.55852e-20)
(1.06478 0.0228387 -1.01655e-20)
(1.06775 0.0225853 1.94509e-20)
(1.0708 0.0223178 1.5518e-20)
(1.07393 0.0220381 -5.84044e-21)
(1.07714 0.0217481 1.54256e-20)
(1.08043 0.0214499 -2.69345e-20)
(1.08381 0.0211453 -6.96882e-21)
(1.08726 0.0208365 2.18761e-20)
(1.09079 0.0205254 -1.99282e-21)
(1.09439 0.0202137 3.50682e-21)
(1.09807 0.0199034 -1.53112e-20)
(1.10183 0.019596 -2.16325e-20)
(1.10565 0.0192929 -1.43257e-21)
(1.10955 0.0189953 1.16749e-20)
(1.11351 0.0187044 2.14747e-20)
(1.03972 0.0233757 -5.02454e-20)
(1.04193 0.0233324 6.5677e-20)
(1.04415 0.0232739 -1.25095e-20)
(1.04647 0.0231875 3.47218e-20)
(1.04886 0.0230782 -4.62345e-22)
(1.05134 0.0229456 -4.30268e-20)
(1.0539 0.022791 -6.02e-21)
(1.05654 0.0226155 -8.72871e-21)
(1.05925 0.0224203 1.96661e-20)
(1.06206 0.0222068 -8.26953e-21)
(1.06494 0.0219764 -9.91911e-22)
(1.0679 0.0217308 -1.9522e-20)
(1.07094 0.0214717 2.22976e-20)
(1.07407 0.0212009 4.71521e-21)
(1.07727 0.0209202 -1.54457e-20)
(1.08055 0.0206317 2.08708e-20)
(1.08392 0.0203372 -1.17588e-20)
(1.08736 0.0200387 -2.5419e-20)
(1.09087 0.0197382 -1.6215e-20)
(1.09447 0.0194373 -5.27187e-21)
(1.09813 0.019138 9.20404e-21)
(1.10188 0.0188417 9.08689e-21)
(1.10569 0.0185498 1.15863e-20)
(1.10957 0.0182636 -1.41922e-20)
(1.11352 0.0179839 -2.19205e-22)
(1.03991 0.0224667 -1.43448e-20)
(1.04211 0.022424 7.85362e-22)
(1.04433 0.0223663 -3.25809e-20)
(1.04665 0.0222821 -4.73276e-20)
(1.04904 0.0221757 2.83688e-20)
(1.05152 0.0220469 4.99654e-20)
(1.05407 0.021897 4.98862e-21)
(1.05671 0.0217269 1.55195e-21)
(1.05942 0.0215379 8.00987e-21)
(1.06222 0.0213312 -1.58166e-20)
(1.06509 0.0211084 8.56161e-22)
(1.06805 0.0208709 -3.11444e-21)
(1.07109 0.0206205 -1.58004e-20)
(1.0742 0.0203589 2.00034e-20)
(1.0774 0.0200878 1.1661e-20)
(1.08067 0.0198092 8.37913e-21)
(1.08403 0.0195251 1.11706e-22)
(1.08745 0.0192372 8.91034e-22)
(1.09096 0.0189474 -2.88619e-21)
(1.09454 0.0186576 -8.02862e-21)
(1.0982 0.0183695 7.57242e-21)
(1.10193 0.0180844 -5.45403e-21)
(1.10573 0.0178039 3.41806e-21)
(1.10959 0.017529 7.09168e-21)
(1.11353 0.0172607 -1.62223e-20)
(1.04009 0.0215498 1.71615e-20)
(1.04229 0.0215079 -4.56156e-20)
(1.04451 0.0214512 -1.07968e-20)
(1.04683 0.0213692 3.49237e-22)
(1.04922 0.0212659 -5.30897e-20)
(1.05169 0.0211411 -5.08292e-20)
(1.05424 0.020996 -3.9988e-20)
(1.05687 0.0208316 -2.47884e-20)
(1.05958 0.020649 -3.52176e-20)
(1.06237 0.0204495 3.90884e-20)
(1.06525 0.0202345 -2.18813e-20)
(1.0682 0.0200055 1.92305e-20)
(1.07123 0.0197641 -2.10287e-21)
(1.07434 0.0195119 -2.01931e-20)
(1.07752 0.0192507 -6.34165e-21)
(1.08079 0.0189824 -9.10869e-21)
(1.08413 0.0187088 -8.47323e-21)
(1.08755 0.0184318 -2.37433e-21)
(1.09105 0.0181531 -6.09444e-21)
(1.09462 0.0178745 -3.42753e-21)
(1.09826 0.0175976 -2.27003e-20)
(1.10198 0.017324 9.08045e-21)
(1.10576 0.0170549 -3.22527e-21)
(1.10962 0.0167914 9.43602e-21)
(1.11354 0.0165346 -6.09856e-21)
(1.04027 0.0206251 2.20708e-20)
(1.04246 0.0205841 4.14317e-22)
(1.04468 0.0205284 -2.08146e-20)
(1.047 0.0204489 6.90129e-21)
(1.04939 0.0203488 1.923e-20)
(1.05186 0.0202282 2.03965e-20)
(1.0544 0.0200881 3.41618e-20)
(1.05703 0.0199296 2.28112e-20)
(1.05974 0.0197537 1.53817e-21)
(1.06253 0.0195617 -1.80554e-20)
(1.0654 0.0193548 1.8502e-21)
(1.06834 0.0191344 -1.84437e-21)
(1.07137 0.0189022 -6.76246e-21)
(1.07447 0.0186598 1.4426e-20)
(1.07765 0.0184088 1.34103e-20)
(1.08091 0.0181511 4.29257e-21)
(1.08424 0.0178883 -1.06767e-20)
(1.08765 0.0176223 3.10518e-20)
(1.09113 0.0173549 3.31629e-21)
(1.09469 0.0170878 5.8442e-21)
(1.09833 0.0168224 2.19756e-20)
(1.10203 0.0165603 3.83316e-21)
(1.1058 0.0163028 6.84372e-21)
(1.10965 0.0160508 2.45791e-21)
(1.11356 0.0158054 1.60588e-20)
(1.04044 0.0196925 -4.23537e-20)
(1.04263 0.0196525 4.93799e-20)
(1.04485 0.019598 3.56012e-20)
(1.04716 0.0195211 -1.79049e-21)
(1.04955 0.0194243 8.00511e-22)
(1.05202 0.0193081 7.41209e-21)
(1.05456 0.0191733 -3.19157e-20)
(1.05719 0.0190209 -1.51244e-20)
(1.05989 0.0188519 2.75987e-20)
(1.06268 0.0186675 -1.11962e-20)
(1.06554 0.018469 -1.3032e-20)
(1.06848 0.0182577 3.06702e-21)
(1.0715 0.018035 1.60878e-20)
(1.0746 0.0178026 -1.42045e-20)
(1.07777 0.0175621 -1.17929e-21)
(1.08102 0.0173151 -2.55419e-20)
(1.08434 0.0170635 3.33126e-20)
(1.08775 0.0168088 -4.37811e-21)
(1.09122 0.0165529 1.44491e-20)
(1.09477 0.0162973 1.01395e-20)
(1.09839 0.0160436 5.25858e-21)
(1.10208 0.0157932 3.72035e-21)
(1.10584 0.0155474 1.62035e-21)
(1.10967 0.015307 -1.27607e-20)
(1.11357 0.0150731 -6.3182e-21)
(1.0406 0.0187522 6.02649e-20)
(1.04279 0.0187131 -1.58922e-20)
(1.04501 0.0186601 2.21209e-20)
(1.04732 0.0185857 1.60979e-20)
(1.04971 0.0184926 -5.71517e-21)
(1.05217 0.0183809 1.17415e-20)
(1.05472 0.0182515 1.4828e-20)
(1.05734 0.0181055 -1.86378e-21)
(1.06004 0.0179436 -1.72867e-20)
(1.06282 0.0177672 -2.99569e-21)
(1.06568 0.0175772 3.68843e-20)
(1.06862 0.0173751 -1.28642e-20)
(1.07163 0.0171623 6.75271e-21)
(1.07472 0.0169402 1.41965e-20)
(1.07789 0.0167104 1.2132e-21)
(1.08113 0.0164745 1.02774e-20)
(1.08445 0.0162341 -1.63231e-20)
(1.08784 0.0159911 -7.33367e-21)
(1.0913 0.0157469 8.96739e-21)
(1.09484 0.0155031 3.00516e-21)
(1.09845 0.0152613 -2.28117e-20)
(1.10213 0.0150227 1.42042e-21)
(1.10588 0.0147886 -2.16419e-20)
(1.1097 0.0145599 1.02525e-20)
(1.11359 0.0143376 -1.5327e-21)
(1.04075 0.0178041 -3.38954e-20)
(1.04294 0.0177661 -4.50126e-21)
(1.04516 0.0177145 -2.2851e-20)
(1.04747 0.0176429 -4.83903e-21)
(1.04986 0.0175535 1.44486e-20)
(1.05232 0.0174465 -1.24157e-20)
(1.05487 0.0173228 -9.38075e-21)
(1.05749 0.0171833 -2.99177e-21)
(1.06019 0.0170288 4.19033e-21)
(1.06297 0.0168605 7.0144e-23)
(1.06582 0.0166794 -2.98047e-20)
(1.06875 0.0164868 -2.19209e-21)
(1.07176 0.016284 -1.53573e-20)
(1.07484 0.0160724 -9.4209e-21)
(1.078 0.0158536 -6.86706e-21)
(1.08124 0.015629 2.71998e-21)
(1.08455 0.0154003 1.89024e-20)
(1.08793 0.015169 -7.28205e-21)
(1.09139 0.0149367 -1.11356e-20)
(1.09492 0.0147049 -1.87364e-20)
(1.09852 0.0144751 1.30895e-20)
(1.10219 0.0142485 -1.62225e-20)
(1.10592 0.0140263 8.21506e-21)
(1.10973 0.0138094 -7.71252e-21)
(1.1136 0.0135987 -1.17045e-21)
(1.0409 0.0168482 2.1694e-20)
(1.04308 0.0168113 -3.13013e-20)
(1.0453 0.0167613 -6.70199e-23)
(1.04761 0.0166927 -3.0226e-20)
(1.05 0.016607 -1.02379e-20)
(1.05247 0.0165049 1.08816e-20)
(1.05501 0.0163871 5.3851e-21)
(1.05763 0.0162543 3.86308e-21)
(1.06033 0.0161074 2.33382e-20)
(1.0631 0.0159474 1.71893e-20)
(1.06595 0.0157754 1.81187e-20)
(1.06888 0.0155926 -3.8471e-21)
(1.07188 0.0154001 1.23402e-21)
(1.07496 0.0151993 1.30741e-20)
(1.07812 0.0149916 9.17777e-21)
(1.08134 0.0147786 -9.26353e-21)
(1.08465 0.0145617 -1.09617e-20)
(1.08802 0.0143424 2.10311e-20)
(1.09147 0.0141223 3.64924e-22)
(1.09499 0.0139027 1.56075e-20)
(1.09858 0.0136851 -2.06593e-21)
(1.10224 0.0134706 9.05744e-21)
(1.10596 0.0132604 -2.96316e-21)
(1.10976 0.0130554 -2.43818e-22)
(1.11362 0.0128564 7.38204e-21)
(1.04104 0.0158845 -6.25797e-21)
(1.04321 0.0158488 3.16519e-20)
(1.04544 0.0158006 1.28544e-20)
(1.04775 0.0157349 3.19007e-20)
(1.05014 0.0156533 -1.75971e-20)
(1.05261 0.0155562 -2.40034e-20)
(1.05515 0.0154444 2.14682e-20)
(1.05777 0.0153185 -1.15857e-20)
(1.06046 0.0151794 -1.82219e-20)
(1.06323 0.0150281 1.3842e-20)
(1.06608 0.0148654 5.31244e-21)
(1.06901 0.0146924 -7.43654e-21)
(1.07201 0.0145105 1.54469e-20)
(1.07508 0.0143207 -1.48117e-20)
(1.07823 0.0141245 -1.35703e-20)
(1.08145 0.0139233 2.036e-20)
(1.08474 0.0137184 -1.8485e-21)
(1.08811 0.0135114 -1.97966e-20)
(1.09155 0.0133035 8.6116e-21)
(1.09506 0.0130963 3.35542e-21)
(1.09864 0.0128911 -1.29602e-20)
(1.10229 0.0126889 -1.76771e-22)
(1.106 0.0124908 4.66205e-21)
(1.10979 0.0122978 3.09254e-21)
(1.11364 0.0121105 -1.18697e-20)
(1.04117 0.0149132 -1.39961e-20)
(1.04334 0.0148786 -3.0185e-20)
(1.04557 0.0148323 -8.7704e-21)
(1.04789 0.0147697 -2.32293e-20)
(1.05027 0.0146923 1.98448e-20)
(1.05274 0.0146004 2.4944e-20)
(1.05528 0.0144948 -1.71069e-20)
(1.0579 0.014376 3.35843e-20)
(1.06059 0.0142449 9.47362e-21)
(1.06336 0.0141023 -2.84507e-20)
(1.06621 0.0139491 -1.62769e-20)
(1.06913 0.0137864 2.21275e-20)
(1.07212 0.0136152 -2.65565e-20)
(1.07519 0.0134367 -2.8098e-21)
(1.07833 0.0132521 -8.29324e-21)
(1.08155 0.0130629 -8.956e-21)
(1.08483 0.0128703 9.32391e-21)
(1.08819 0.0126757 1.7792e-20)
(1.09162 0.0124804 -1.22527e-20)
(1.09512 0.0122857 5.40037e-21)
(1.0987 0.0120929 7.07429e-21)
(1.10234 0.0119031 -6.45228e-21)
(1.10604 0.0117173 3.25283e-22)
(1.10982 0.0115364 -7.75954e-21)
(1.11366 0.0113609 1.20241e-20)
(1.04129 0.013934 2.54707e-20)
(1.04346 0.0139008 2.65399e-20)
(1.0457 0.0138564 9.35828e-21)
(1.04801 0.0137971 2.18523e-20)
(1.0504 0.013724 1.83332e-20)
(1.05287 0.0136375 -1.38784e-21)
(1.05541 0.0135382 -6.45874e-21)
(1.05802 0.0134268 -2.45114e-20)
(1.06072 0.0133038 7.52925e-21)
(1.06348 0.0131702 2.72438e-21)
(1.06633 0.0130268 1.83547e-20)
(1.06924 0.0128744 -4.0826e-21)
(1.07223 0.0127141 2.40543e-21)
(1.0753 0.0125471 1.10354e-20)
(1.07843 0.0123744 -1.37907e-20)
(1.08164 0.0121974 7.04664e-21)
(1.08492 0.0120172 -1.5024e-20)
(1.08827 0.0118352 -6.18737e-21)
(1.0917 0.0116527 -3.42009e-21)
(1.09519 0.0114707 -9.50665e-22)
(1.09875 0.0112906 -7.2084e-21)
(1.10238 0.0111134 4.50751e-21)
(1.10608 0.0109399 2.97981e-21)
(1.10985 0.0107711 4.14971e-21)
(1.11368 0.0106075 -1.0267e-20)
(1.0414 0.0129473 -2.13917e-20)
(1.04358 0.0129154 -4.3032e-21)
(1.04581 0.012873 -2.1306e-20)
(1.04813 0.0128171 -1.65243e-20)
(1.05052 0.0127484 -3.09091e-20)
(1.05299 0.0126675 -1.5179e-20)
(1.05553 0.0125747 2.19441e-21)
(1.05814 0.0124708 8.31937e-21)
(1.06083 0.0123562 -1.98871e-20)
(1.0636 0.0122318 -6.18795e-21)
(1.06644 0.0120982 -8.45531e-21)
(1.06935 0.0119564 1.31251e-20)
(1.07234 0.0118073 2.4099e-20)
(1.0754 0.0116519 -1.45155e-20)
(1.07853 0.0114914 2.15271e-20)
(1.08173 0.0113267 4.20161e-21)
(1.08501 0.0111592 7.39523e-21)
(1.08835 0.01099 -1.33722e-21)
(1.09177 0.0108203 1.29803e-20)
(1.09525 0.0106513 -9.05142e-21)
(1.09881 0.010484 6.47452e-21)
(1.10243 0.0103194 -9.07991e-21)
(1.10612 0.0101584 -2.85008e-21)
(1.10987 0.0100018 1.58504e-21)
(1.1137 0.00985009 1.11721e-20)
(1.04151 0.0119528 -8.62821e-23)
(1.04369 0.0119223 1.52352e-20)
(1.04592 0.0118822 1.9659e-20)
(1.04824 0.0118298 9.78469e-21)
(1.05063 0.0117657 9.7086e-21)
(1.0531 0.0116905 8.25863e-21)
(1.05564 0.0116044 2.67946e-20)
(1.05826 0.0115081 -1.90036e-20)
(1.06095 0.0114021 9.63708e-21)
(1.06371 0.011287 1.60608e-20)
(1.06655 0.0111636 4.9794e-21)
(1.06946 0.0110325 -1.04252e-20)
(1.07244 0.0108947 -4.26322e-21)
(1.0755 0.0107512 2.1247e-20)
(1.07862 0.0106029 -1.0151e-20)
(1.08182 0.0104508 -7.38237e-21)
(1.08509 0.0102961 -6.73172e-21)
(1.08843 0.0101399 -6.6138e-21)
(1.09183 0.00998325 -1.12298e-20)
(1.09531 0.00982724 -2.34989e-21)
(1.09886 0.00967287 4.44686e-21)
(1.10247 0.00952108 6.37982e-21)
(1.10615 0.00937268 2.72646e-21)
(1.1099 0.00922836 -1.16261e-21)
(1.11371 0.00908866 5.49283e-22)
(1.0416 0.0109507 9.8571e-21)
(1.04378 0.0109217 -2.65145e-20)
(1.04603 0.010884 4.50354e-21)
(1.04835 0.0108352 -1.79481e-20)
(1.05074 0.0107759 -9.52589e-21)
(1.05321 0.0107065 -2.09318e-20)
(1.05575 0.0106274 -2.00154e-20)
(1.05836 0.0105389 2.57898e-20)
(1.06105 0.0104416 -1.31524e-20)
(1.06382 0.010336 6.17973e-22)
(1.06665 0.0102228 1.73565e-21)
(1.06956 0.0101026 -1.60446e-20)
(1.07254 0.00997637 -2.07921e-21)
(1.07559 0.00984483 -1.90221e-20)
(1.07871 0.00970892 1.00744e-20)
(1.0819 0.00956961 1.04043e-22)
(1.08516 0.00942791 -7.82463e-21)
(1.0885 0.00928483 4.31413e-22)
(1.0919 0.00914137 7.05582e-21)
(1.09537 0.00899854 5.21556e-21)
(1.09891 0.00885725 -7.30214e-21)
(1.10251 0.00871836 3.69889e-21)
(1.10619 0.00858262 -5.77741e-21)
(1.10993 0.00845068 2.1101e-21)
(1.11373 0.00832302 -5.87041e-21)
(1.04169 0.00994112 -1.23843e-20)
(1.04388 0.00991365 1.32988e-20)
(1.04612 0.00987842 3.94177e-22)
(1.04844 0.00983344 1.09915e-20)
(1.05084 0.00977909 1.49419e-20)
(1.05331 0.0097157 2.81741e-20)
(1.05585 0.00964357 -1.80184e-21)
(1.05847 0.00956306 -3.70164e-21)
(1.06115 0.00947461 1.27037e-20)
(1.06391 0.00937869 -8.61866e-21)
(1.06675 0.00927589 -7.23157e-21)
(1.06965 0.00916683 4.96243e-21)
(1.07263 0.00905222 -5.80426e-21)
(1.07567 0.00893283 5.57352e-21)
(1.07879 0.0088095 -1.04868e-20)
(1.08198 0.00868309 1.73271e-21)
(1.08524 0.00855453 1.30596e-20)
(1.08856 0.00842472 -5.00668e-22)
(1.09196 0.0082946 2.573e-21)
(1.09542 0.00816507 -1.23021e-21)
(1.09895 0.00803697 -1.53782e-21)
(1.10255 0.00791108 -4.89636e-21)
(1.10622 0.0077881 1.60359e-21)
(1.10995 0.0076686 -5.87497e-22)
(1.11375 0.00755305 -2.70508e-21)
(1.04177 0.008924 1.30306e-20)
(1.04396 0.00889818 -1.05666e-20)
(1.04621 0.00886562 -1.2162e-20)
(1.04853 0.00882459 -6.65493e-21)
(1.05093 0.00877533 3.75284e-21)
(1.0534 0.00871812 -1.90363e-20)
(1.05594 0.00865317 -7.9157e-22)
(1.05856 0.00858079 2.56895e-21)
(1.06125 0.00850134 -1.01405e-20)
(1.064 0.00841523 1.21385e-20)
(1.06684 0.00832297 5.36036e-21)
(1.06974 0.00822511 7.45382e-21)
(1.07271 0.00812229 2.53444e-21)
(1.07575 0.0080152 7.1022e-21)
(1.07887 0.00790458 1.39224e-20)
(1.08205 0.0077912 -7.11997e-21)
(1.0853 0.0076759 -7.03047e-21)
(1.08862 0.00755951 7.44039e-21)
(1.09201 0.00744285 2.80752e-21)
(1.09547 0.00732673 -5.9922e-22)
(1.099 0.00721193 7.33834e-21)
(1.10259 0.00709914 2.09556e-21)
(1.10625 0.00698898 -2.04471e-21)
(1.10997 0.00688199 -5.07918e-21)
(1.11376 0.00677858 -3.43988e-23)
(1.04185 0.00789947 -2.20355e-22)
(1.04404 0.00787543 1.04207e-20)
(1.04629 0.0078457 4.98284e-21)
(1.04862 0.00780878 9.64933e-21)
(1.05102 0.00776479 -1.3407e-20)
(1.05349 0.00771391 1.87948e-20)
(1.05603 0.00765629 -3.29219e-21)
(1.05865 0.00759216 -4.30431e-21)
(1.06133 0.00752183 1.20395e-20)
(1.06409 0.00744565 -1.55547e-21)
(1.06692 0.00736405 -1.03102e-20)
(1.06982 0.00727751 3.79621e-21)
(1.07279 0.0071866 3.28009e-21)
(1.07583 0.00709192 -5.48785e-21)
(1.07894 0.00699412 -6.1476e-21)
(1.08212 0.0068939 6.91707e-21)
(1.08536 0.00679198 5.33685e-21)
(1.08868 0.00668911 -2.65529e-22)
(1.09207 0.00658601 -1.01533e-20)
(1.09552 0.00648342 -2.13232e-24)
(1.09904 0.006382 -5.64809e-21)
(1.10262 0.00628239 -1.21612e-21)
(1.10628 0.00618514 1.70593e-21)
(1.10999 0.00609071 2.89051e-21)
(1.11378 0.00599947 3.07598e-21)
(1.04191 0.00686761 -3.41288e-22)
(1.0441 0.00684552 -1.70242e-21)
(1.04636 0.00681882 4.49136e-21)
(1.04869 0.0067862 1.53369e-21)
(1.05109 0.00674763 6.2225e-21)
(1.05357 0.00670322 -9.00628e-21)
(1.05611 0.00665305 1.38406e-20)
(1.05872 0.0065973 -4.27263e-21)
(1.06141 0.00653619 -1.41077e-20)
(1.06416 0.00647003 -6.05384e-22)
(1.06699 0.00639919 3.21631e-22)
(1.06989 0.00632407 -3.57768e-21)
(1.07286 0.00624517 -2.87381e-21)
(1.07589 0.00616299 1.13663e-21)
(1.079 0.00607812 1.17737e-22)
(1.08218 0.00599115 -7.05711e-23)
(1.08542 0.00590271 -5.79555e-21)
(1.08873 0.00581345 -4.50251e-21)
(1.09211 0.00572401 3.23401e-21)
(1.09556 0.00563502 -1.25313e-21)
(1.09907 0.00554707 4.79589e-21)
(1.10265 0.00546071 1.05074e-21)
(1.1063 0.00537641 5.12272e-22)
(1.11001 0.00529459 -2.90809e-21)
(1.11379 0.00521557 2.73314e-21)
(1.04197 0.00582858 -1.37313e-21)
(1.04416 0.00580864 7.16165e-22)
(1.04642 0.00578519 -1.32404e-20)
(1.04876 0.00575705 -5.71318e-21)
(1.05116 0.00572407 8.05199e-21)
(1.05363 0.00568626 2.54066e-21)
(1.05618 0.00564364 -8.30485e-21)
(1.05879 0.00559635 2.30404e-21)
(1.06148 0.00554455 7.97829e-21)
(1.06423 0.00548849 -7.18388e-22)
(1.06706 0.00542847 1.71207e-21)
(1.06995 0.00536485 -7.39159e-21)
(1.07292 0.00529802 3.5166e-21)
(1.07595 0.00522843 3.48332e-21)
(1.07906 0.00515656 9.88553e-22)
(1.08223 0.00508292 1.53126e-21)
(1.08547 0.00500804 1.71717e-21)
(1.08878 0.00493248 6.10928e-22)
(1.09215 0.00485677 -1.36573e-21)
(1.09559 0.00478145 -2.29395e-21)
(1.0991 0.00470703 -5.65424e-21)
(1.10268 0.00463397 -2.6065e-21)
(1.10632 0.00456267 -1.84489e-21)
(1.11003 0.0044935 7.25755e-22)
(1.1138 0.00442671 -2.99917e-21)
(1.04201 0.00478255 -6.77291e-21)
(1.04421 0.00476503 -5.1658e-21)
(1.04648 0.0047451 7.36722e-21)
(1.04881 0.00472163 7.64981e-22)
(1.05122 0.00469437 -1.28864e-20)
(1.05369 0.00466326 -4.34997e-22)
(1.05624 0.00462829 -4.27181e-21)
(1.05885 0.00458952 -1.46849e-21)
(1.06154 0.00454708 -6.79714e-21)
(1.06429 0.00450118 5.96697e-21)
(1.06711 0.00445205 -1.54039e-21)
(1.07001 0.00439997 2.27621e-21)
(1.07297 0.00434527 -2.23949e-21)
(1.076 0.00428832 -4.15545e-22)
(1.0791 0.0042295 -2.51478e-21)
(1.08227 0.00416925 -4.15184e-21)
(1.08551 0.00410798 -4.26677e-22)
(1.08881 0.00404617 -1.83228e-21)
(1.09219 0.00398424 2.62895e-21)
(1.09563 0.00392265 3.38532e-21)
(1.09913 0.0038618 6.97085e-21)
(1.1027 0.00380208 2.95412e-21)
(1.10634 0.00374382 1.05063e-21)
(1.11004 0.00368731 2.05728e-21)
(1.11381 0.00363276 -8.37101e-22)
(1.04205 0.00372976 7.07725e-21)
(1.04425 0.003715 5.69099e-21)
(1.04652 0.00369885 5.01757e-21)
(1.04886 0.00368024 1.24267e-21)
(1.05127 0.00365882 3.95523e-21)
(1.05374 0.0036345 -6.43574e-21)
(1.05629 0.00360721 4.07254e-21)
(1.0589 0.00357699 3.85331e-21)
(1.06159 0.00354395 -8.83805e-23)
(1.06434 0.00350822 -6.43003e-21)
(1.06716 0.00346999 3.08275e-21)
(1.07005 0.00342948 4.55219e-21)
(1.07302 0.00338694 -8.00306e-22)
(1.07605 0.00334265 -6.16891e-21)
(1.07914 0.00329693 5.05292e-22)
(1.08231 0.00325009 4.75841e-21)
(1.08554 0.00320247 1.97004e-21)
(1.08885 0.00315444 1.89824e-21)
(1.09222 0.00310634 -2.71319e-21)
(1.09565 0.0030585 7.50286e-22)
(1.09915 0.00301125 -4.94307e-21)
(1.10272 0.0029649 -3.21743e-22)
(1.10636 0.00291969 2.85385e-21)
(1.11006 0.00287585 -1.25001e-21)
(1.11382 0.00283356 -1.1927e-21)
(1.04208 0.00267046 -2.07883e-21)
(1.04429 0.00265883 -3.79591e-21)
(1.04656 0.00264668 -1.70318e-21)
(1.0489 0.002633 -1.86402e-21)
(1.05131 0.00261744 5.55899e-23)
(1.05378 0.00259986 6.07661e-21)
(1.05633 0.00258021 -5.51191e-21)
(1.05894 0.0025585 -2.50297e-21)
(1.06163 0.0025348 5.85426e-21)
(1.06438 0.0025092 -2.782e-22)
(1.0672 0.00248184 6.02309e-22)
(1.07009 0.00245286 -3.33391e-21)
(1.07305 0.00242246 3.95611e-21)
(1.07608 0.00239084 4.88706e-22)
(1.07917 0.0023582 2.01075e-21)
(1.08234 0.00232479 -4.22643e-21)
(1.08557 0.00229084 -2.10561e-21)
(1.08887 0.00225662 -5.0649e-22)
(1.09224 0.00222236 1.63717e-21)
(1.09567 0.00218831 -5.79555e-22)
(1.09917 0.0021547 4.0193e-22)
(1.10274 0.00212173 9.65347e-22)
(1.10637 0.00208961 -9.66252e-22)
(1.11006 0.00205847 8.52164e-22)
(1.11383 0.00202845 2.20977e-21)
(1.0421 0.00160497 -3.56283e-22)
(1.04431 0.00159686 -1.20703e-21)
(1.04658 0.0015888 -2.66709e-21)
(1.04893 0.00158001 1.76578e-21)
(1.05133 0.00157017 -1.46662e-21)
(1.05381 0.00155919 -1.07634e-21)
(1.05636 0.00154701 2.82595e-23)
(1.05897 0.00153365 6.16946e-22)
(1.06165 0.00151914 -4.64598e-22)
(1.0644 0.00150354 -6.02388e-22)
(1.06722 0.00148692 -6.77388e-22)
(1.07011 0.00146939 -2.6608e-21)
(1.07307 0.00145105 2.90452e-21)
(1.0761 0.00143202 -1.20045e-21)
(1.0792 0.00141242 -9.01583e-22)
(1.08236 0.0013924 9.59596e-22)
(1.08559 0.00137211 2.43222e-21)
(1.08889 0.00135168 1.92795e-21)
(1.09225 0.00133128 -4.53722e-22)
(1.09569 0.00131103 -5.06107e-23)
(1.09918 0.00129107 -8.43692e-22)
(1.10275 0.00127154 -9.76288e-22)
(1.10638 0.00125253 -6.66091e-22)
(1.11007 0.00123413 7.69767e-22)
(1.11383 0.00121643 -9.69733e-22)
(1.04211 0.000534474 8.86973e-23)
(1.04432 0.000530975 3.60944e-22)
(1.0466 0.000527644 7.01146e-22)
(1.04894 0.00052413 -7.54705e-22)
(1.05135 0.000520308 -1.72554e-21)
(1.05382 0.000516137 1.25715e-21)
(1.05637 0.000511604 9.07013e-22)
(1.05898 0.000506711 -1.11487e-21)
(1.06167 0.000501474 7.39832e-22)
(1.06442 0.000495914 -3.12924e-22)
(1.06724 0.000490058 1.33609e-21)
(1.07013 0.000483941 -9.3681e-22)
(1.07309 0.000477598 2.91389e-22)
(1.07611 0.000471073 1.03743e-21)
(1.07921 0.000464408 -1.25772e-21)
(1.08237 0.000457652 -1.74362e-22)
(1.0856 0.000450852 2.67419e-22)
(1.0889 0.000444058 -1.43e-21)
(1.09226 0.000437318 8.5203e-22)
(1.09569 0.00043068 -7.27997e-22)
(1.09919 0.000424188 1.4449e-21)
(1.10275 0.000417882 -1.40549e-22)
(1.10638 0.000411795 -9.68557e-23)
(1.11007 0.000405956 6.99878e-22)
(1.11383 0.000400385 -3.17286e-22)
(1.00105 0.00553198 0)
(1.00153 0.00672602 0)
(1.00211 0.00791983 0)
(1.00275 0.00911785 0)
(1.00348 0.0103237 0)
(1.00428 0.0115406 0)
(1.00515 0.0127707 0)
(1.00609 0.0140159 0)
(1.0071 0.0152776 0)
(1.00817 0.0165565 0)
(1.00932 0.0178531 0)
(1.01053 0.0191672 0)
(1.0118 0.0204982 0)
(1.01314 0.0218453 0)
(1.01454 0.023207 0)
(1.01601 0.0245812 0)
(1.01754 0.0259653 0)
(1.01913 0.0273557 0)
(1.02078 0.0287473 0)
(1.02249 0.0301327 0)
(1.02425 0.0315006 0)
(1.02607 0.0328326 0)
(1.02794 0.0341 0)
(1.02983 0.0352508 0)
(1.03178 0.0362081 0)
(1.03363 0.0368081 0)
(1.00001 0.000625967 0)
(1.00011 0.00185751 0)
(1.00034 0.00306457 0)
(1.00065 0.00425347 0)
(1.00106 0.00543113 0)
(1.00156 0.0066034 0)
(1.00214 0.00777529 0)
(1.0028 0.00895112 0)
(1.00353 0.0101345 0)
(1.00434 0.0113282 0)
(1.00523 0.0125348 0)
(1.00618 0.0137558 0)
(1.0072 0.0149926 0)
(1.00829 0.0162459 0)
(1.00945 0.0175161 0)
(1.01068 0.0188029 0)
(1.01197 0.0201058 0)
(1.01332 0.0214238 0)
(1.01474 0.0227554 0)
(1.01622 0.0240987 0)
(1.01776 0.0254509 0)
(1.01937 0.0268085 0)
(1.02103 0.0281665 0)
(1.02275 0.0295177 0)
(1.02453 0.0308513 0)
(1.02635 0.0321495 0)
(1.02823 0.0333848 0)
(1.03013 0.0345066 0)
(1.03209 0.0354401 0)
(1.03394 0.0360257 0)
(1.00001 0.000613954 0)
(1.00011 0.00182208 0)
(1.00034 0.00300623 0)
(1.00066 0.00417268 0)
(1.00108 0.00532805 0)
(1.00158 0.00647806 0)
(1.00217 0.00762755 0)
(1.00284 0.00878073 0)
(1.00358 0.00994106 0)
(1.00441 0.0111114 0)
(1.0053 0.0122939 0)
(1.00627 0.0134903 0)
(1.0073 0.0147018 0)
(1.00841 0.0159291 0)
(1.00958 0.0171724 0)
(1.01082 0.0184316 0)
(1.01213 0.019706 0)
(1.0135 0.0209947 0)
(1.01493 0.022296 0)
(1.01643 0.0236081 0)
(1.01798 0.0249282 0)
(1.0196 0.026253 0)
(1.02128 0.0275774 0)
(1.02301 0.0288946 0)
(1.02479 0.0301941 0)
(1.02663 0.0314588 0)
(1.02851 0.0326621 0)
(1.03042 0.0337552 0)
(1.03238 0.034665 0)
(1.03424 0.0352361 0)
(1.00001 0.000601707 0)
(1.00011 0.00178591 0)
(1.00034 0.00294667 0)
(1.00067 0.00409016 0)
(1.00109 0.00522276 0)
(1.0016 0.00635002 0)
(1.0022 0.00747664 0)
(1.00288 0.00860671 0)
(1.00363 0.00974356 0)
(1.00447 0.0108899 0)
(1.00538 0.012048 0)
(1.00635 0.0132194 0)
(1.00741 0.0144052 0)
(1.00852 0.0156061 0)
(1.00971 0.0168222 0)
(1.01097 0.0180534 0)
(1.01229 0.019299 0)
(1.01367 0.020558 0)
(1.01512 0.0218288 0)
(1.01663 0.0231095 0)
(1.0182 0.0243975 0)
(1.01983 0.0256892 0)
(1.02152 0.0269801 0)
(1.02326 0.0282633 0)
(1.02505 0.0295289 0)
(1.0269 0.0307603 0)
(1.02879 0.0319318 0)
(1.0307 0.0329964 0)
(1.03267 0.0338825 0)
(1.03454 0.034439 0)
(1.00001 0.000589225 0)
(1.00012 0.00174902 0)
(1.00035 0.00288589 0)
(1.00068 0.00400593 0)
(1.00111 0.00511525 0)
(1.00162 0.00621929 0)
(1.00223 0.00732257 0)
(1.00292 0.00842906 0)
(1.00368 0.00954199 0)
(1.00453 0.010664 0)
(1.00545 0.0117972 0)
(1.00644 0.0129431 0)
(1.0075 0.0141028 0)
(1.00864 0.0152769 0)
(1.00984 0.0164655 0)
(1.01111 0.0176684 0)
(1.01244 0.0188848 0)
(1.01384 0.0201139 0)
(1.0153 0.0213539 0)
(1.01682 0.022603 0)
(1.01841 0.0238586 0)
(1.02005 0.0251174 0)
(1.02175 0.0263747 0)
(1.0235 0.027624 0)
(1.02531 0.0288557 0)
(1.02716 0.030054 0)
(1.02906 0.031194 0)
(1.03098 0.0322301 0)
(1.03294 0.0330925 0)
(1.03483 0.0336343 0)
(1.00001 0.000576506 0)
(1.00012 0.0017114 0)
(1.00035 0.00282389 0)
(1.00069 0.00391998 0)
(1.00112 0.00500555 0)
(1.00165 0.00608588 0)
(1.00226 0.00716535 0)
(1.00295 0.0082478 0)
(1.00373 0.00933636 0)
(1.00459 0.0104336 0)
(1.00552 0.0115415 0)
(1.00652 0.0126615 0)
(1.0076 0.0137947 0)
(1.00874 0.0149416 0)
(1.00996 0.0161023 0)
(1.01124 0.0172765 0)
(1.01259 0.0184635 0)
(1.014 0.0196623 0)
(1.01548 0.0208714 0)
(1.01701 0.0220887 0)
(1.01861 0.0233118 0)
(1.02026 0.0245374 0)
(1.02197 0.0257611 0)
(1.02374 0.0269766 0)
(1.02555 0.0281746 0)
(1.02741 0.02934 0)
(1.02932 0.0304485 0)
(1.03124 0.0314562 0)
(1.03322 0.0322949 0)
(1.03511 0.0328219 0)
(1.00001 0.00056355 0)
(1.00012 0.00167306 0)
(1.00036 0.00276067 0)
(1.0007 0.00383233 0)
(1.00113 0.00489366 0)
(1.00167 0.00594981 0)
(1.00229 0.007005 0)
(1.00299 0.00806296 0)
(1.00378 0.00912669 0)
(1.00464 0.0101987 0)
(1.00559 0.0112808 0)
(1.0066 0.0123746 0)
(1.00769 0.0134809 0)
(1.00885 0.0146002 0)
(1.01008 0.0157326 0)
(1.01137 0.0168778 0)
(1.01273 0.0180351 0)
(1.01416 0.0192034 0)
(1.01565 0.0203812 0)
(1.0172 0.0215666 0)
(1.01881 0.022757 0)
(1.02047 0.0239494 0)
(1.02219 0.0251395 0)
(1.02397 0.0263212 0)
(1.02579 0.0274856 0)
(1.02766 0.0286181 0)
(1.02957 0.0296954 0)
(1.0315 0.0306747 0)
(1.03348 0.0314896 0)
(1.03538 0.0320018 0)
(1.00001 0.000550356 0)
(1.00012 0.00163399 0)
(1.00036 0.00269625 0)
(1.0007 0.00374299 0)
(1.00115 0.00477959 0)
(1.00169 0.00581109 0)
(1.00231 0.00684153 0)
(1.00303 0.00787454 0)
(1.00382 0.00891301 0)
(1.0047 0.00995933 0)
(1.00565 0.0110153 0)
(1.00668 0.0120824 0)
(1.00778 0.0131614 0)
(1.00895 0.0142527 0)
(1.01019 0.0153565 0)
(1.0115 0.0164724 0)
(1.01288 0.0175996 0)
(1.01431 0.0187371 0)
(1.01582 0.0198835 0)
(1.01738 0.0210367 0)
(1.019 0.0221944 0)
(1.02068 0.0233535 0)
(1.02241 0.0245099 0)
(1.02419 0.0256578 0)
(1.02603 0.0267887 0)
(1.0279 0.0278884 0)
(1.02982 0.0289344 0)
(1.03176 0.0298855 0)
(1.03374 0.0306766 0)
(1.03565 0.0311738 0)
(1.00001 0.000536923 0)
(1.00012 0.0015942 0)
(1.00037 0.00263062 0)
(1.00071 0.00365196 0)
(1.00116 0.00466336 0)
(1.00171 0.00566973 0)
(1.00234 0.00667497 0)
(1.00306 0.00768257 0)
(1.00387 0.00869533 0)
(1.00476 0.00971555 0)
(1.00572 0.010745 0)
(1.00676 0.0117849 0)
(1.00787 0.0128362 0)
(1.00905 0.0138992 0)
(1.01031 0.0149741 0)
(1.01163 0.0160603 0)
(1.01301 0.0171572 0)
(1.01446 0.0182636 0)
(1.01598 0.0193782 0)
(1.01755 0.0204991 0)
(1.01918 0.0216239 0)
(1.02087 0.0227496 0)
(1.02262 0.0238724 0)
(1.02441 0.0249865 0)
(1.02625 0.0260839 0)
(1.02813 0.0271509 0)
(1.03006 0.0281657 0)
(1.032 0.0290884 0)
(1.03399 0.0298558 0)
(1.03591 0.0303381 0)
(1.00001 0.000523253 0)
(1.00012 0.00155369 0)
(1.00037 0.0025638 0)
(1.00072 0.00355925 0)
(1.00117 0.00454498 0)
(1.00172 0.00552576 0)
(1.00237 0.00650533 0)
(1.0031 0.00748707 0)
(1.00391 0.00847368 0)
(1.00481 0.00946737 0)
(1.00578 0.0104698 0)
(1.00683 0.0114822 0)
(1.00796 0.0125054 0)
(1.00915 0.0135398 0)
(1.01042 0.0145853 0)
(1.01175 0.0156415 0)
(1.01315 0.0167078 0)
(1.01461 0.0177829 0)
(1.01614 0.0188656 0)
(1.01772 0.0199539 0)
(1.01936 0.0210457 0)
(1.02106 0.0221379 0)
(1.02282 0.0232269 0)
(1.02462 0.0243073 0)
(1.02647 0.0253712 0)
(1.02836 0.0264055 0)
(1.03029 0.0273891 0)
(1.03224 0.0282836 0)
(1.03423 0.0290271 0)
(1.03616 0.0294944 0)
(1.00001 0.000509345 0)
(1.00012 0.00151246 0)
(1.00037 0.00249578 0)
(1.00073 0.00346487 0)
(1.00119 0.00442446 0)
(1.00174 0.00537918 0)
(1.00239 0.00633263 0)
(1.00313 0.00728807 0)
(1.00395 0.00824809 0)
(1.00486 0.00921481 0)
(1.00584 0.0101899 0)
(1.0069 0.0111744 0)
(1.00804 0.0121691 0)
(1.00925 0.0131744 0)
(1.01052 0.0141902 0)
(1.01187 0.0152162 0)
(1.01328 0.0162515 0)
(1.01475 0.0172951 0)
(1.01629 0.0183456 0)
(1.01789 0.0194012 0)
(1.01954 0.0204597 0)
(1.02125 0.0215184 0)
(1.02301 0.0225736 0)
(1.02482 0.0236202 0)
(1.02668 0.0246506 0)
(1.02858 0.0256522 0)
(1.03051 0.0266047 0)
(1.03247 0.0274708 0)
(1.03447 0.0281906 0)
(1.0364 0.0286428 0)
(1.00001 0.000495198 0)
(1.00013 0.00147051 0)
(1.00038 0.00242657 0)
(1.00073 0.00336883 0)
(1.0012 0.00430182 0)
(1.00176 0.00523001 0)
(1.00242 0.00615688 0)
(1.00316 0.00708558 0)
(1.004 0.00801857 0)
(1.00491 0.00895792 0)
(1.0059 0.00990514 0)
(1.00697 0.0108614 0)
(1.00812 0.0118273 0)
(1.00934 0.0128031 0)
(1.01063 0.0137889 0)
(1.01198 0.0147842 0)
(1.0134 0.0157883 0)
(1.01489 0.0168001 0)
(1.01644 0.0178182 0)
(1.01804 0.0188409 0)
(1.01971 0.0198661 0)
(1.02143 0.0208911 0)
(1.0232 0.0219125 0)
(1.02502 0.0229253 0)
(1.02689 0.0239222 0)
(1.02879 0.0248911 0)
(1.03073 0.0258125 0)
(1.0327 0.0266502 0)
(1.03469 0.0273462 0)
(1.03664 0.0277833 0)
(1.00001 0.000480815 0)
(1.00013 0.00142786 0)
(1.00038 0.00235619 0)
(1.00074 0.00327114 0)
(1.00121 0.00417706 0)
(1.00178 0.00507827 0)
(1.00244 0.00597812 0)
(1.0032 0.00687962 0)
(1.00404 0.00778517 0)
(1.00496 0.00869671 0)
(1.00596 0.00961571 0)
(1.00704 0.0105432 0)
(1.0082 0.0114799 0)
(1.00943 0.012426 0)
(1.01073 0.0133815 0)
(1.01209 0.0143458 0)
(1.01353 0.0153184 0)
(1.01502 0.0162981 0)
(1.01658 0.0172836 0)
(1.0182 0.0182733 0)
(1.01987 0.019265 0)
(1.0216 0.0202562 0)
(1.02338 0.0212436 0)
(1.02521 0.0222225 0)
(1.02708 0.0231859 0)
(1.02899 0.0241222 0)
(1.03094 0.0250124 0)
(1.03291 0.0258218 0)
(1.03491 0.0264938 0)
(1.03687 0.0269158 0)
(1.00001 0.000466194 0)
(1.00013 0.00138449 0)
(1.00039 0.00228462 0)
(1.00075 0.00317181 0)
(1.00122 0.0040502 0)
(1.0018 0.00492398 0)
(1.00247 0.00579636 0)
(1.00323 0.00667024 0)
(1.00407 0.0075479 0)
(1.00501 0.00843123 0)
(1.00602 0.0093216 0)
(1.00711 0.01022 0)
(1.00827 0.0111271 0)
(1.00951 0.0120431 0)
(1.01082 0.0129679 0)
(1.0122 0.013901 0)
(1.01364 0.0148418 0)
(1.01515 0.0157892 0)
(1.01672 0.0167418 0)
(1.01835 0.0176982 0)
(1.02003 0.0186563 0)
(1.02177 0.0196136 0)
(1.02356 0.020567 0)
(1.02539 0.021512 0)
(1.02727 0.0224418 0)
(1.02919 0.0233454 0)
(1.03115 0.0242044 0)
(1.03312 0.0249854 0)
(1.03513 0.0256336 0)
(1.03709 0.0260404 0)
(1.00001 0.000451338 0)
(1.00013 0.00134042 0)
(1.00039 0.00221189 0)
(1.00076 0.00307085 0)
(1.00123 0.00392125 0)
(1.00181 0.00476716 0)
(1.00249 0.00561162 0)
(1.00326 0.00645744 0)
(1.00411 0.00730681 0)
(1.00505 0.0081615 0)
(1.00607 0.00902285 0)
(1.00717 0.00989181 0)
(1.00835 0.0107689 0)
(1.0096 0.0116544 0)
(1.01092 0.0125482 0)
(1.0123 0.0134498 0)
(1.01376 0.0143585 0)
(1.01528 0.0152733 0)
(1.01685 0.0161929 0)
(1.01849 0.0171158 0)
(1.02018 0.0180401 0)
(1.02193 0.0189634 0)
(1.02373 0.0198827 0)
(1.02557 0.0207937 0)
(1.02746 0.0216899 0)
(1.02938 0.0225608 0)
(1.03134 0.0233885 0)
(1.03332 0.0241411 0)
(1.03533 0.0247654 0)
(1.0373 0.025157 0)
(1.00001 0.000436247 0)
(1.00013 0.00129565 0)
(1.00039 0.00213799 0)
(1.00076 0.00296828 0)
(1.00124 0.00379024 0)
(1.00183 0.00460782 0)
(1.00251 0.00542394 0)
(1.00328 0.00624127 0)
(1.00415 0.00706191 0)
(1.0051 0.00788756 0)
(1.00613 0.0087195 0)
(1.00723 0.0095586 0)
(1.00842 0.0104054 0)
(1.00968 0.0112601 0)
(1.01101 0.0121225 0)
(1.0124 0.0129922 0)
(1.01387 0.0138686 0)
(1.01539 0.0147506 0)
(1.01698 0.0156369 0)
(1.01863 0.0165262 0)
(1.02033 0.0174165 0)
(1.02209 0.0183057 0)
(1.02389 0.0191908 0)
(1.02574 0.0200677 0)
(1.02764 0.0209303 0)
(1.02957 0.0217684 0)
(1.03153 0.0225648 0)
(1.03352 0.0232888 0)
(1.03553 0.0238892 0)
(1.03751 0.0242657 0)
(1.00001 0.000420923 0)
(1.00013 0.00125018 0)
(1.0004 0.00206295 0)
(1.00077 0.00286409 0)
(1.00126 0.00365718 0)
(1.00184 0.00444599 0)
(1.00253 0.00523333 0)
(1.00331 0.00602175 0)
(1.00418 0.00681325 0)
(1.00514 0.00760946 0)
(1.00618 0.00841158 0)
(1.00729 0.00922046 0)
(1.00849 0.0100366 0)
(1.00976 0.0108601 0)
(1.01109 0.0116908 0)
(1.0125 0.0125284 0)
(1.01397 0.0133721 0)
(1.01551 0.014221 0)
(1.01711 0.0150739 0)
(1.01876 0.0159293 0)
(1.02047 0.0167856 0)
(1.02224 0.0176405 0)
(1.02405 0.0184913 0)
(1.02591 0.0193341 0)
(1.02781 0.0201629 0)
(1.02974 0.0209681 0)
(1.03171 0.0217333 0)
(1.0337 0.0224287 0)
(1.03572 0.0230051 0)
(1.0377 0.0233664 0)
(1.00001 0.000405367 0)
(1.00013 0.00120402 0)
(1.0004 0.00198675 0)
(1.00078 0.00275832 0)
(1.00127 0.00352208 0)
(1.00186 0.0042817 0)
(1.00255 0.00503982 0)
(1.00334 0.0057989 0)
(1.00422 0.00656086 0)
(1.00518 0.00732723 0)
(1.00623 0.00809915 0)
(1.00735 0.00887742 0)
(1.00855 0.00966248 0)
(1.00983 0.0104545 0)
(1.01118 0.0112533 0)
(1.01259 0.0120584 0)
(1.01408 0.0128692 0)
(1.01562 0.0136848 0)
(1.01723 0.014504 0)
(1.01889 0.0153254 0)
(1.02061 0.0161473 0)
(1.02238 0.0169678 0)
(1.0242 0.0177842 0)
(1.02606 0.0185928 0)
(1.02797 0.0193879 0)
(1.02991 0.0201601 0)
(1.03189 0.0208939 0)
(1.03388 0.0215607 0)
(1.0359 0.0221131 0)
(1.03789 0.0224592 0)
(1.00001 0.00038958 0)
(1.00013 0.00115717 0)
(1.0004 0.00190942 0)
(1.00078 0.00265096 0)
(1.00128 0.00338497 0)
(1.00187 0.00411495 0)
(1.00257 0.00484343 0)
(1.00337 0.00557277 0)
(1.00425 0.00630477 0)
(1.00522 0.00704091 0)
(1.00627 0.00778225 0)
(1.00741 0.00852954 0)
(1.00862 0.0092832 0)
(1.0099 0.0100434 0)
(1.01126 0.0108098 0)
(1.01268 0.0115822 0)
(1.01417 0.0123599 0)
(1.01573 0.0131419 0)
(1.01734 0.0139271 0)
(1.01901 0.0147143 0)
(1.02074 0.0155019 0)
(1.02252 0.0162878 0)
(1.02434 0.0170697 0)
(1.02622 0.0178439 0)
(1.02813 0.0186051 0)
(1.03008 0.0193444 0)
(1.03205 0.0200467 0)
(1.03406 0.0206848 0)
(1.03608 0.0212132 0)
(1.03807 0.021544 0)
(1.00001 0.000373565 0)
(1.00013 0.00110964 0)
(1.0004 0.00183097 0)
(1.00079 0.00254204 0)
(1.00129 0.00324586 0)
(1.00189 0.00394578 0)
(1.00259 0.00464421 0)
(1.00339 0.00534339 0)
(1.00428 0.00604504 0)
(1.00526 0.00675054 0)
(1.00632 0.00746092 0)
(1.00746 0.00817687 0)
(1.00868 0.00889878 0)
(1.00997 0.00962676 0)
(1.01134 0.0103606 0)
(1.01277 0.0111 0)
(1.01427 0.0118442 0)
(1.01583 0.0125924 0)
(1.01745 0.0133435 0)
(1.01913 0.0140962 0)
(1.02087 0.0148492 0)
(1.02265 0.0156005 0)
(1.02448 0.0163477 0)
(1.02636 0.0170874 0)
(1.02828 0.0178147 0)
(1.03023 0.0185209 0)
(1.03221 0.0191917 0)
(1.03422 0.0198011 0)
(1.03625 0.0203054 0)
(1.03825 0.0206209 0)
(1.00001 0.000357324 0)
(1.00013 0.00106143 0)
(1.00041 0.0017514 0)
(1.00079 0.00243158 0)
(1.00129 0.00310477 0)
(1.0019 0.00377421 0)
(1.00261 0.00444218 0)
(1.00341 0.00511079 0)
(1.00431 0.00578168 0)
(1.00529 0.00645617 0)
(1.00636 0.00713521 0)
(1.00751 0.00781946 0)
(1.00874 0.00850928 0)
(1.01004 0.00920474 0)
(1.01141 0.00990569 0)
(1.01285 0.0106117 0)
(1.01436 0.0113222 0)
(1.01593 0.0120363 0)
(1.01756 0.0127531 0)
(1.01924 0.0134712 0)
(1.02099 0.0141894 0)
(1.02278 0.0149058 0)
(1.02462 0.0156183 0)
(1.0265 0.0163235 0)
(1.02842 0.0170167 0)
(1.03038 0.0176897 0)
(1.03237 0.0183289 0)
(1.03438 0.0189095 0)
(1.03641 0.0193897 0)
(1.03841 0.0196899 0)
(1.00001 0.000340858 0)
(1.00014 0.00101256 0)
(1.00041 0.00167073 0)
(1.0008 0.00231958 0)
(1.0013 0.00296173 0)
(1.00191 0.00360028 0)
(1.00263 0.00423736 0)
(1.00344 0.00487501 0)
(1.00434 0.00551476 0)
(1.00533 0.00615785 0)
(1.0064 0.00680519 0)
(1.00756 0.00745738 0)
(1.00879 0.00811475 0)
(1.0101 0.00877738 0)
(1.01148 0.00944509 0)
(1.01293 0.0101175 0)
(1.01444 0.010794 0)
(1.01602 0.0114738 0)
(1.01766 0.012156 0)
(1.01935 0.0128393 0)
(1.0211 0.0135226 0)
(1.0229 0.014204 0)
(1.02474 0.0148815 0)
(1.02663 0.0155521 0)
(1.02856 0.0162111 0)
(1.03052 0.0168509 0)
(1.03251 0.0174583 0)
(1.03453 0.0180101 0)
(1.03656 0.0184662 0)
(1.03857 0.018751 0)
(1.00001 0.000324171 0)
(1.00014 0.000963025 0)
(1.00041 0.00158897 0)
(1.0008 0.00220606 0)
(1.00131 0.00281676 0)
(1.00193 0.003424 0)
(1.00264 0.00402981 0)
(1.00346 0.00463609 0)
(1.00437 0.00524431 0)
(1.00536 0.00585563 0)
(1.00644 0.00647089 0)
(1.00761 0.00709066 0)
(1.00885 0.00771526 0)
(1.01016 0.00834473 0)
(1.01155 0.0089789 0)
(1.013 0.00961739 0)
(1.01453 0.0102596 0)
(1.01611 0.0109049 0)
(1.01775 0.0115522 0)
(1.01945 0.0122006 0)
(1.02121 0.0128487 0)
(1.02301 0.013495 0)
(1.02486 0.0141374 0)
(1.02676 0.0147732 0)
(1.02869 0.0153979 0)
(1.03066 0.0160044 0)
(1.03265 0.0165801 0)
(1.03467 0.0171029 0)
(1.0367 0.0175348 0)
(1.03872 0.0178042 0)
(1.00001 0.000307265 0)
(1.00014 0.000912838 0)
(1.00042 0.00150613 0)
(1.00081 0.00209106 0)
(1.00132 0.00266988 0)
(1.00194 0.00324541 0)
(1.00266 0.00381954 0)
(1.00348 0.00439408 0)
(1.00439 0.00497038 0)
(1.00539 0.00554955 0)
(1.00648 0.00613237 0)
(1.00765 0.00671939 0)
(1.0089 0.00731086 0)
(1.01022 0.00790685 0)
(1.01161 0.00850718 0)
(1.01308 0.00911148 0)
(1.0146 0.00971921 0)
(1.01619 0.0103297 0)
(1.01784 0.010942 0)
(1.01955 0.0115551 0)
(1.02131 0.0121679 0)
(1.02312 0.0127789 0)
(1.02498 0.0133861 0)
(1.02688 0.013987 0)
(1.02881 0.0145773 0)
(1.03078 0.0151503 0)
(1.03278 0.0156941 0)
(1.03481 0.0161879 0)
(1.03684 0.0165955 0)
(1.03886 0.0168495 0)
(1.00001 0.000290142 0)
(1.00014 0.000862007 0)
(1.00042 0.00142223 0)
(1.00081 0.00197457 0)
(1.00133 0.00252112 0)
(1.00195 0.00306454 0)
(1.00267 0.0036066 0)
(1.0035 0.004149 0)
(1.00442 0.00469301 0)
(1.00542 0.00523967 0)
(1.00652 0.0057897 0)
(1.00769 0.00634361 0)
(1.00895 0.00690164 0)
(1.01027 0.00746383 0)
(1.01167 0.00803001 0)
(1.01314 0.00859983 0)
(1.01468 0.00917278 0)
(1.01627 0.00974819 0)
(1.01793 0.0103252 0)
(1.01964 0.010903 0)
(1.02141 0.0114803 0)
(1.02322 0.0120558 0)
(1.02508 0.0126276 0)
(1.02699 0.0131934 0)
(1.02893 0.0137492 0)
(1.0309 0.0142886 0)
(1.03291 0.0148005 0)
(1.03493 0.0152651 0)
(1.03697 0.0156485 0)
(1.039 0.0158871 0)
(1.00001 0.000272806 0)
(1.00014 0.000810541 0)
(1.00042 0.00133728 0)
(1.00082 0.00185663 0)
(1.00133 0.00237051 0)
(1.00196 0.00288143 0)
(1.00269 0.00339103 0)
(1.00352 0.00390092 0)
(1.00444 0.00441227 0)
(1.00545 0.00492604 0)
(1.00655 0.00544293 0)
(1.00773 0.00596339 0)
(1.00899 0.00648764 0)
(1.01032 0.00701572 0)
(1.01173 0.00754746 0)
(1.01321 0.00808252 0)
(1.01475 0.00862043 0)
(1.01635 0.00916054 0)
(1.01801 0.0097021 0)
(1.01973 0.0102442 0)
(1.0215 0.0107858 0)
(1.02332 0.0113256 0)
(1.02519 0.011862 0)
(1.02709 0.0123926 0)
(1.02904 0.0129138 0)
(1.03102 0.0134194 0)
(1.03303 0.0138993 0)
(1.03505 0.0143347 0)
(1.03709 0.0146937 0)
(1.03912 0.0149168 0)
(1.00001 0.000255259 0)
(1.00014 0.000758449 0)
(1.00042 0.0012513 0)
(1.00082 0.00173726 0)
(1.00134 0.00221808 0)
(1.00197 0.0026961 0)
(1.0027 0.00317287 0)
(1.00354 0.00364987 0)
(1.00446 0.00412819 0)
(1.00548 0.00460873 0)
(1.00658 0.00509213 0)
(1.00777 0.0055788 0)
(1.00903 0.00606895 0)
(1.01037 0.00656261 0)
(1.01178 0.0070596 0)
(1.01327 0.00755963 0)
(1.01481 0.00806222 0)
(1.01642 0.00856679 0)
(1.01809 0.00907263 0)
(1.01981 0.0095789 0)
(1.02159 0.0100846 0)
(1.02341 0.0105886 0)
(1.02528 0.0110893 0)
(1.02719 0.0115845 0)
(1.02914 0.0120709 0)
(1.03112 0.0125428 0)
(1.03313 0.0129904 0)
(1.03517 0.0133965 0)
(1.03721 0.0137312 0)
(1.03924 0.0139387 0)
(1.00001 0.000237506 0)
(1.00014 0.000705741 0)
(1.00042 0.0011643 0)
(1.00083 0.00161649 0)
(1.00135 0.00206385 0)
(1.00198 0.0025086 0)
(1.00272 0.00295216 0)
(1.00355 0.0033959 0)
(1.00448 0.00384084 0)
(1.0055 0.0042878 0)
(1.00661 0.00473736 0)
(1.0078 0.00518992 0)
(1.00907 0.00564564 0)
(1.01042 0.00610456 0)
(1.01184 0.00656652 0)
(1.01332 0.00703123 0)
(1.01487 0.00749824 0)
(1.01649 0.00796703 0)
(1.01816 0.00843692 0)
(1.01989 0.00890713 0)
(1.02167 0.00937677 0)
(1.0235 0.00984474 0)
(1.02537 0.0103096 0)
(1.02729 0.0107693 0)
(1.02924 0.0112207 0)
(1.03122 0.0116587 0)
(1.03324 0.012074 0)
(1.03527 0.0124507 0)
(1.03732 0.0127609 0)
(1.03935 0.0129529 0)
(1.00001 0.00021955 0)
(1.00014 0.000652428 0)
(1.00043 0.00107631 0)
(1.00083 0.00149433 0)
(1.00135 0.00190786 0)
(1.00199 0.00231897 0)
(1.00273 0.00272895 0)
(1.00357 0.00313908 0)
(1.0045 0.00355027 0)
(1.00553 0.0039633 0)
(1.00664 0.00437869 0)
(1.00784 0.0047968 0)
(1.00911 0.00521779 0)
(1.01046 0.00564167 0)
(1.01188 0.0060683 0)
(1.01337 0.0064974 0)
(1.01493 0.00692858 0)
(1.01655 0.00736133 0)
(1.01822 0.00779503 0)
(1.01996 0.00822898 0)
(1.02174 0.00866233 0)
(1.02357 0.00909408 0)
(1.02545 0.00952292 0)
(1.02737 0.00994696 0)
(1.02933 0.0103633 0)
(1.03132 0.0107672 0)
(1.03333 0.0111501 0)
(1.03537 0.0114973 0)
(1.03742 0.011783 0)
(1.03945 0.0119594 0)
(1.00001 0.000201394 0)
(1.00014 0.000598522 0)
(1.00043 0.000987339 0)
(1.00083 0.00137081 0)
(1.00136 0.00175014 0)
(1.00199 0.00212724 0)
(1.00274 0.00250329 0)
(1.00358 0.00287944 0)
(1.00452 0.00325655 0)
(1.00555 0.00363531 0)
(1.00667 0.0040162 0)
(1.00787 0.00439953 0)
(1.00914 0.00478547 0)
(1.0105 0.00517401 0)
(1.01192 0.00556502 0)
(1.01342 0.00595825 0)
(1.01498 0.00635332 0)
(1.0166 0.00674978 0)
(1.01829 0.00714706 0)
(1.02002 0.00754451 0)
(1.02181 0.00794137 0)
(1.02365 0.00833672 0)
(1.02553 0.00872935 0)
(1.02745 0.00911756 0)
(1.02941 0.00949868 0)
(1.0314 0.00986828 0)
(1.03342 0.0102187 0)
(1.03546 0.0105363 0)
(1.03751 0.0107974 0)
(1.03955 0.0109582 0)
(1.00001 0.000183043 0)
(1.00014 0.000544034 0)
(1.00043 0.00089741 0)
(1.00084 0.00124596 0)
(1.00136 0.00159072 0)
(1.002 0.00193346 0)
(1.00275 0.00227522 0)
(1.00359 0.00261705 0)
(1.00454 0.00295974 0)
(1.00557 0.00330389 0)
(1.00669 0.00364995 0)
(1.00789 0.0039982 0)
(1.00918 0.00434877 0)
(1.01053 0.00470167 0)
(1.01196 0.00505677 0)
(1.01346 0.00541384 0)
(1.01503 0.00577255 0)
(1.01666 0.00613246 0)
(1.01834 0.00649308 0)
(1.02008 0.00685382 0)
(1.02187 0.00721398 0)
(1.02371 0.00757272 0)
(1.0256 0.00792896 0)
(1.02752 0.00828115 0)
(1.02949 0.00862688 0)
(1.03148 0.00896211 0)
(1.0335 0.00927987 0)
(1.03554 0.00956776 0)
(1.03759 0.00980419 0)
(1.03963 0.00994939 0)
(1.00001 0.0001645 0)
(1.00014 0.000488977 0)
(1.00043 0.000806545 0)
(1.00084 0.00111982 0)
(1.00137 0.00142966 0)
(1.00201 0.00173768 0)
(1.00276 0.0020448 0)
(1.00361 0.00235198 0)
(1.00455 0.0026599 0)
(1.00559 0.00296911 0)
(1.00671 0.00328002 0)
(1.00792 0.00359287 0)
(1.0092 0.00390777 0)
(1.01057 0.00422473 0)
(1.012 0.00454364 0)
(1.0135 0.00486428 0)
(1.01507 0.00518635 0)
(1.0167 0.00550947 0)
(1.01839 0.00583319 0)
(1.02014 0.00615698 0)
(1.02193 0.00648022 0)
(1.02377 0.00680216 0)
(1.02566 0.00712182 0)
(1.02759 0.00743781 0)
(1.02955 0.00774798 0)
(1.03155 0.00804868 0)
(1.03357 0.00833365 0)
(1.03561 0.00859172 0)
(1.03767 0.00880344 0)
(1.03971 0.00893298 0)
(1.00001 0.000145771 0)
(1.00014 0.000433365 0)
(1.00043 0.000714764 0)
(1.00084 0.000992404 0)
(1.00137 0.00126697 0)
(1.00201 0.00153993 0)
(1.00277 0.00181208 0)
(1.00362 0.00208427 0)
(1.00456 0.0023571 0)
(1.0056 0.00263106 0)
(1.00673 0.0029065 0)
(1.00794 0.00318363 0)
(1.00923 0.00346257 0)
(1.01059 0.0037433 0)
(1.01203 0.00402572 0)
(1.01354 0.00430966 0)
(1.01511 0.00459483 0)
(1.01674 0.00488091 0)
(1.01844 0.00516749 0)
(1.02018 0.0054541 0)
(1.02198 0.00574019 0)
(1.02383 0.00602511 0)
(1.02572 0.00630799 0)
(1.02765 0.0065876 0)
(1.02961 0.00686202 0)
(1.03161 0.00712804 0)
(1.03364 0.00738008 0)
(1.03568 0.00760823 0)
(1.03773 0.00779517 0)
(1.03978 0.00790905 0)
(1.00001 0.000126859 0)
(1.00014 0.000377211 0)
(1.00043 0.000622093 0)
(1.00084 0.000863754 0)
(1.00138 0.00110272 0)
(1.00202 0.00134028 0)
(1.00277 0.00157712 0)
(1.00363 0.00181399 0)
(1.00458 0.00205141 0)
(1.00562 0.0022898 0)
(1.00675 0.00252946 0)
(1.00796 0.00277058 0)
(1.00925 0.00301325 0)
(1.01062 0.00325746 0)
(1.01206 0.00350312 0)
(1.01357 0.00375008 0)
(1.01515 0.00399809 0)
(1.01678 0.00424686 0)
(1.01848 0.00449605 0)
(1.02023 0.00474525 0)
(1.02203 0.00499397 0)
(1.02388 0.00524166 0)
(1.02577 0.00548756 0)
(1.0277 0.00573059 0)
(1.02967 0.00596909 0)
(1.03167 0.00620025 0)
(1.03369 0.00641922 0)
(1.03574 0.00661734 0)
(1.03779 0.00677944 0)
(1.03984 0.00687767 0)
(1.00001 0.000107771 0)
(1.00014 0.000320531 0)
(1.00043 0.000528556 0)
(1.00084 0.000733901 0)
(1.00138 0.000936925 0)
(1.00202 0.00113877 0)
(1.00278 0.00133999 0)
(1.00363 0.00154123 0)
(1.00459 0.00174292 0)
(1.00563 0.00194543 0)
(1.00676 0.00214901 0)
(1.00798 0.00235381 0)
(1.00927 0.00255991 0)
(1.01064 0.00276732 0)
(1.01209 0.00297594 0)
(1.0136 0.00318564 0)
(1.01517 0.00339622 0)
(1.01681 0.00360744 0)
(1.01851 0.00381899 0)
(1.02026 0.00403053 0)
(1.02207 0.00424166 0)
(1.02392 0.00445189 0)
(1.02581 0.00466059 0)
(1.02774 0.00486684 0)
(1.02971 0.00506922 0)
(1.03172 0.00526536 0)
(1.03374 0.00545111 0)
(1.03579 0.00561908 0)
(1.03784 0.0057563 0)
(1.03989 0.00583892 0)
(1.00001 8.85104e-05 0)
(1.00014 0.00026334 0)
(1.00043 0.000434178 0)
(1.00085 0.000602883 0)
(1.00138 0.000769649 0)
(1.00203 0.00093545 0)
(1.00278 0.00110074 0)
(1.00364 0.00126603 0)
(1.00459 0.0014317 0)
(1.00564 0.00159802 0)
(1.00677 0.00176522 0)
(1.00799 0.00193341 0)
(1.00929 0.00210267 0)
(1.01066 0.00227298 0)
(1.01211 0.00244428 0)
(1.01362 0.00261645 0)
(1.0152 0.00278934 0)
(1.01684 0.00296274 0)
(1.01854 0.0031364 0)
(1.02029 0.00331005 0)
(1.0221 0.00348334 0)
(1.02395 0.00365589 0)
(1.02585 0.00382716 0)
(1.02778 0.00399643 0)
(1.02975 0.0041625 0)
(1.03176 0.00432343 0)
(1.03378 0.00447579 0)
(1.03583 0.00461351 0)
(1.03789 0.00472581 0)
(1.03993 0.00479289 0)
(1.00001 6.90827e-05 0)
(1.00014 0.000205656 0)
(1.00044 0.000338987 0)
(1.00085 0.000470735 0)
(1.00138 0.000600934 0)
(1.00203 0.00073039 0)
(1.00279 0.000859439 0)
(1.00365 0.000988491 0)
(1.0046 0.00111783 0)
(1.00565 0.00124768 0)
(1.00678 0.0013782 0)
(1.008 0.0015095 0)
(1.0093 0.00164161 0)
(1.01068 0.00177455 0)
(1.01212 0.00190825 0)
(1.01364 0.00204263 0)
(1.01522 0.00217756 0)
(1.01686 0.00231288 0)
(1.01856 0.0024484 0)
(1.02032 0.0025839 0)
(1.02212 0.00271911 0)
(1.02398 0.00285374 0)
(1.02588 0.00298738 0)
(1.02781 0.00311943 0)
(1.02978 0.00324898 0)
(1.03179 0.00337451 0)
(1.03382 0.00349333 0)
(1.03586 0.00360067 0)
(1.03792 0.00368802 0)
(1.03997 0.00373968 0)
(1.00001 4.94884e-05 0)
(1.00014 0.000147501 0)
(1.00044 0.000243008 0)
(1.00085 0.000337497 0)
(1.00138 0.000430828 0)
(1.00203 0.000523643 0)
(1.00279 0.000616158 0)
(1.00365 0.000708676 0)
(1.00461 0.000801394 0)
(1.00565 0.000894478 0)
(1.00679 0.000988043 0)
(1.00801 0.00108216 0)
(1.00931 0.00117686 0)
(1.01069 0.00127215 0)
(1.01214 0.00136798 0)
(1.01365 0.00146429 0)
(1.01523 0.00156099 0)
(1.01688 0.00165797 0)
(1.01858 0.00175509 0)
(1.02034 0.00185219 0)
(1.02214 0.00194908 0)
(1.024 0.00204555 0)
(1.0259 0.0021413 0)
(1.02784 0.00223592 0)
(1.02981 0.00232874 0)
(1.03181 0.00241867 0)
(1.03384 0.00250377 0)
(1.03589 0.00258061 0)
(1.03795 0.00264299 0)
(1.04 0.00267941 0)
(1.00001 2.97416e-05 0)
(1.00014 8.88714e-05 0)
(1.00044 0.000146275 0)
(1.00085 0.000203204 0)
(1.00139 0.000259381 0)
(1.00204 0.000315267 0)
(1.00279 0.000370965 0)
(1.00365 0.000426666 0)
(1.00461 0.000482487 0)
(1.00566 0.000538527 0)
(1.0068 0.000594855 0)
(1.00802 0.000651514 0)
(1.00932 0.000708525 0)
(1.01069 0.000765884 0)
(1.01214 0.000823572 0)
(1.01366 0.000881547 0)
(1.01524 0.000939756 0)
(1.01689 0.000998128 0)
(1.01859 0.00105658 0)
(1.02035 0.00111503 0)
(1.02216 0.00117334 0)
(1.02401 0.00123141 0)
(1.02591 0.00128903 0)
(1.02785 0.00134597 0)
(1.02982 0.00140184 0)
(1.03183 0.00145595 0)
(1.03386 0.00150716 0)
(1.03591 0.00155336 0)
(1.03796 0.00159077 0)
(1.04001 0.00161226 0)
(1.00001 9.91661e-06 0)
(1.00014 2.9718e-05 0)
(1.00044 4.88622e-05 0)
(1.00085 6.78986e-05 0)
(1.00139 8.66646e-05 0)
(1.00204 0.00010534 0)
(1.00279 0.00012395 0)
(1.00365 0.000142562 0)
(1.00461 0.000161213 0)
(1.00566 0.000179937 0)
(1.0068 0.000198758 0)
(1.00802 0.000217689 0)
(1.00932 0.000236737 0)
(1.0107 0.000255901 0)
(1.01215 0.000275175 0)
(1.01367 0.000294545 0)
(1.01525 0.000313992 0)
(1.0169 0.000333494 0)
(1.0186 0.000353023 0)
(1.02036 0.000372548 0)
(1.02216 0.000392031 0)
(1.02402 0.000411428 0)
(1.02592 0.00043068 0)
(1.02786 0.000449703 0)
(1.02983 0.000468364 0)
(1.03184 0.000486441 0)
(1.03387 0.000503544 0)
(1.03592 0.000518972 0)
(1.03797 0.000531436 0)
(1.04002 0.000538452 0)
)
;

boundaryField
{
    inlet
    {
        type            uniformFixedValue;
        uniformValue    constant (1 0 0);
        value           uniform (1 0 0);
    }
    outlet
    {
        type            pressureInletOutletVelocity;
        value           nonuniform 0();
    }
    cylinder
    {
        type            fixedValue;
        value           nonuniform 0();
    }
    top
    {
        type            symmetryPlane;
    }
    bottom
    {
        type            symmetryPlane;
    }
    defaultFaces
    {
        type            empty;
    }
    procBoundary12to8
    {
        type            processor;
        value           nonuniform List<vector> 
76
(
(1.11449 0.0722919 1.41374e-20)
(1.11449 0.0722919 1.41374e-20)
(1.11006 0.0728744 -2.59392e-20)
(1.10566 0.0734225 6.33233e-21)
(1.10129 0.0739336 3.20942e-21)
(1.09697 0.0744052 2.80925e-20)
(1.09269 0.0748346 -5.23585e-21)
(1.08846 0.0752193 3.62952e-20)
(1.08428 0.075557 -7.35664e-20)
(1.08015 0.0758453 -5.82826e-21)
(1.07153 0.0601609 2.13364e-19)
(1.07153 0.0601609 2.13364e-19)
(1.06764 0.0604702 -1.9876e-19)
(1.06382 0.0607134 -3.78344e-20)
(1.06009 0.0608877 4.39441e-20)
(1.05638 0.0519102 8.88939e-20)
(1.05639 0.050985 9.62247e-21)
(1.05639 0.050985 9.62247e-21)
(1.05308 0.0503358 1.35037e-20)
(1.05314 0.0494616 4.02963e-20)
(1.05323 0.0485999 -6.63279e-20)
(1.05323 0.0485999 -6.63279e-20)
(1.05018 0.0479356 5.67807e-21)
(1.05033 0.0471053 -2.97221e-20)
(1.05033 0.0471053 -2.97221e-20)
(1.04747 0.046431 7.21644e-20)
(1.04768 0.0456294 2.50188e-20)
(1.04768 0.0456294 2.50188e-20)
(1.04502 0.0449535 1.18369e-20)
(1.04527 0.0441756 4.86875e-21)
(1.04527 0.0441756 4.86875e-21)
(1.04278 0.0435011 1.85068e-20)
(1.04306 0.0427393 -1.56171e-19)
(1.04306 0.0427393 -1.56171e-19)
(1.04075 0.0420621 -8.77347e-20)
(1.04105 0.0413067 2.51331e-20)
(1.04105 0.0413067 2.51331e-20)
(1.03883 0.0406197 1.77178e-20)
(1.03914 0.0398626 -2.513e-20)
(1.03914 0.0398626 -2.513e-20)
(1.03715 0.0391369 -4.8119e-20)
(1.03715 0.0391369 -4.8119e-20)
(1.035 0.0384066 -4.4396e-20)
(1.03532 0.0376363 3.3929e-20)
(1.03532 0.0376363 3.3929e-20)
(1.00103 0.00563059 0)
(1.00151 0.00684591 0)
(1.00207 0.00806117 0)
(1.00271 0.00928091 0)
(1.00343 0.0105089 0)
(1.00421 0.0117483 0)
(1.00507 0.0130015 0)
(1.006 0.0142706 0)
(1.00699 0.0155567 0)
(1.00805 0.0168609 0)
(1.00918 0.0181835 0)
(1.01037 0.0195245 0)
(1.01163 0.0208834 0)
(1.01296 0.0222592 0)
(1.01434 0.0236506 0)
(1.01579 0.0250556 0)
(1.01731 0.0264715 0)
(1.01888 0.0278946 0)
(1.02052 0.0293198 0)
(1.02221 0.0307394 0)
(1.02397 0.0321418 0)
(1.02578 0.0335079 0)
(1.02764 0.0348079 0)
(1.02952 0.0359879 0)
(1.03148 0.0369691 0)
(1.03331 0.0375833 0)
(1.00001 0.000637746 0)
(1.00011 0.00189221 0)
(1.00033 0.00312167 0)
(1.00064 0.00433253 0)
(1.00064 0.00433253 0)
)
;
    }
    procBoundary12to9
    {
        type            processor;
        value           nonuniform List<vector> 5((1.12737 0.0517121 -4.11104e-20) (1.12797 0.0703641 -1.74428e-20) (1.12345 0.0710343 -7.39248e-22) (1.12345 0.0710343 -7.39248e-22) (1.12355 0.0924924 8.08523e-20));
    }
    procBoundary12to13
    {
        type            processor;
        value           nonuniform List<vector> 
61
(
(1.1246 0.0411965 1.10752e-20)
(1.12443 0.0405666 1.81321e-20)
(1.12427 0.0399413 1.50503e-21)
(1.12411 0.0393125 -1.98131e-20)
(1.12396 0.0386807 4.20097e-21)
(1.12381 0.038047 1.54196e-20)
(1.12367 0.0374114 -1.78636e-20)
(1.12354 0.0367739 1.07836e-20)
(1.12341 0.0361345 -8.13743e-21)
(1.12328 0.0354932 -1.45917e-21)
(1.12316 0.0348501 -1.6991e-20)
(1.12305 0.0342052 1.27387e-20)
(1.12294 0.0335584 3.86439e-21)
(1.12283 0.0329099 5.13605e-22)
(1.12273 0.0322595 9.2299e-21)
(1.12264 0.0316074 -5.98755e-21)
(1.12255 0.0309534 -2.51959e-21)
(1.12246 0.0302976 -1.00441e-20)
(1.12238 0.02964 2.05219e-21)
(1.1223 0.0289805 6.70887e-21)
(1.12223 0.0283191 4.53421e-22)
(1.12217 0.0276558 3.47575e-21)
(1.1221 0.0269906 3.3971e-21)
(1.12204 0.0263234 -7.94926e-21)
(1.12199 0.0256541 -6.20857e-21)
(1.12194 0.0249829 9.6942e-21)
(1.12189 0.0243095 -2.3439e-21)
(1.12185 0.0236339 -5.15067e-21)
(1.12181 0.0229562 4.84982e-22)
(1.12177 0.0222762 2.44248e-21)
(1.12174 0.0215938 5.26541e-21)
(1.12171 0.0209091 -2.2614e-21)
(1.12168 0.0202219 -4.23908e-21)
(1.11755 0.0198308 3.39808e-21)
(1.11755 0.0198308 3.39808e-21)
(1.11754 0.019127 -1.26827e-22)
(1.11753 0.0184207 -5.94679e-21)
(1.11753 0.0177116 -4.39939e-21)
(1.11753 0.0169997 -5.11097e-22)
(1.11753 0.0162849 3.74124e-21)
(1.11753 0.0155671 -2.71925e-21)
(1.11753 0.0148462 4.69124e-21)
(1.11754 0.0141221 -1.0098e-21)
(1.11754 0.0133947 2.02244e-21)
(1.11755 0.0126638 -4.80443e-22)
(1.11755 0.0119294 -2.65752e-22)
(1.11756 0.0111913 8.49563e-22)
(1.11757 0.0104495 -4.73077e-21)
(1.11758 0.00970376 7.36615e-21)
(1.11759 0.00895398 -5.68751e-22)
(1.1176 0.00820003 -3.081e-21)
(1.11761 0.00744176 1.05512e-21)
(1.11761 0.00667903 -6.18355e-22)
(1.11762 0.00591169 -8.28528e-23)
(1.11763 0.00513956 2.21943e-21)
(1.11763 0.00436249 -1.8213e-21)
(1.11764 0.00358034 6.18049e-23)
(1.11764 0.00279293 1.4179e-22)
(1.11765 0.00199962 -4.01429e-22)
(1.11765 0.00119945 -3.24797e-22)
(1.11765 0.000395095 2.68289e-22)
)
;
    }
}


// ************************************************************************* //
