/*--------------------------------*- C++ -*----------------------------------*\
  =========                 |
  \\      /  F ield         | OpenFOAM: The Open Source CFD Toolbox
   \\    /   O peration     | Website:  https://openfoam.org
    \\  /    A nd           | Version:  7
     \\/     M anipulation  |
\*---------------------------------------------------------------------------*/
FoamFile
{
    version     2.0;
    format      ascii;
    class       volVectorField;
    location    "5";
    object      U;
}
// * * * * * * * * * * * * * * * * * * * * * * * * * * * * * * * * * * * * * //

dimensions      [0 1 -1 0 0 0 0];

internalField   nonuniform List<vector> 
2625
(
(0.93077 -0.00190207 -3.41289e-25)
(0.936102 -0.00176868 9.57523e-24)
(0.941125 -0.00164015 4.22186e-24)
(0.945845 -0.00151689 3.35833e-25)
(0.950269 -0.00139921 -1.8774e-25)
(0.954404 -0.00128738 -5.5737e-24)
(0.95826 -0.00118159 2.09814e-24)
(0.961846 -0.00108194 -5.09625e-24)
(0.965175 -0.000988486 2.81225e-24)
(0.968257 -0.000901198 2.41374e-24)
(0.971105 -0.000819988 -3.18869e-24)
(0.973731 -0.000744713 2.74726e-24)
(0.97615 -0.000675182 -1.08871e-24)
(0.978373 -0.000611162 1.34645e-24)
(0.980412 -0.000552389 -1.65974e-24)
(0.982281 -0.000498577 3.11479e-24)
(0.983992 -0.000449423 -1.69238e-25)
(0.985555 -0.000404617 -2.55045e-24)
(0.986982 -0.000363848 1.77703e-24)
(0.988283 -0.000326809 2.11606e-25)
(0.989468 -0.000293205 -5.1033e-25)
(0.990545 -0.000262761 -5.23698e-25)
(0.991524 -0.000235204 5.21644e-25)
(0.992412 -0.000210283 -7.95285e-26)
(0.993217 -0.000187769 4.90008e-25)
(0.993945 -0.00016745 9.40865e-26)
(0.994603 -0.00014913 -8.254e-25)
(0.995197 -0.000132632 -1.37992e-25)
(0.995732 -0.000117793 2.99271e-27)
(0.996213 -0.000104464 4.22742e-25)
(0.996645 -9.25071e-05 -6.25481e-26)
(0.997033 -8.17983e-05 5.17282e-26)
(0.99738 -7.22222e-05 -1.51485e-25)
(0.99769 -6.3673e-05 7.14909e-26)
(0.997966 -5.60535e-05 -1.05699e-25)
(0.998213 -4.92739e-05 2.79349e-26)
(0.998432 -4.32518e-05 -1.48142e-25)
(0.998627 -3.79114e-05 -1.42151e-25)
(0.998799 -3.31835e-05 7.69344e-26)
(0.998952 -2.90044e-05 -6.50963e-26)
(0.999086 -2.53164e-05 4.50575e-26)
(0.999205 -2.20668e-05 -6.91863e-26)
(0.99931 -1.92079e-05 8.03378e-26)
(0.999402 -1.66966e-05 1.99474e-26)
(0.999482 -1.44938e-05 3.92284e-27)
(0.999553 -1.25646e-05 -9.37589e-27)
(0.999615 -1.08775e-05 1.70966e-27)
(0.999669 -9.40428e-06 -2.24148e-26)
(0.999716 -8.11961e-06 -1.6224e-27)
(0.999756 -7.00127e-06 8.39858e-27)
(0.999792 -6.02848e-06 2.72121e-28)
(0.999823 -5.18502e-06 1.18402e-26)
(0.999849 -4.4513e-06 8.53797e-28)
(0.999872 -3.8219e-06 9.52621e-27)
(0.999893 -3.26473e-06 6.66476e-27)
(0.999906 -2.81345e-06 -1.77173e-27)
(0.99993 -2.3519e-06 4.61965e-27)
(0.931087 -0.00568398 1.79359e-23)
(0.936388 -0.00528464 -5.46025e-24)
(0.941383 -0.00489988 1.23102e-23)
(0.946078 -0.00453089 -5.11831e-24)
(0.950478 -0.00417866 -1.90019e-23)
(0.954591 -0.00384396 5.98649e-24)
(0.958427 -0.00352736 -3.04413e-24)
(0.961996 -0.0032292 1.2002e-23)
(0.965308 -0.00294959 -1.15495e-23)
(0.968375 -0.00268845 5.53695e-24)
(0.97121 -0.00244553 4.69774e-24)
(0.973825 -0.0022204 -2.44472e-25)
(0.976233 -0.00201247 -1.06632e-25)
(0.978446 -0.00182105 1.98858e-24)
(0.980478 -0.00164535 -7.11663e-24)
(0.98234 -0.0014845 1.73231e-24)
(0.984043 -0.0013376 5.10993e-24)
(0.985601 -0.00120371 -1.0663e-24)
(0.987022 -0.00108191 -6.79274e-24)
(0.988319 -0.000971276 -7.91057e-26)
(0.989499 -0.00087092 2.01028e-24)
(0.990573 -0.000780015 2.66696e-24)
(0.991549 -0.000697746 -5.56155e-25)
(0.992434 -0.000623366 1.39623e-24)
(0.993236 -0.000556188 -9.16138e-25)
(0.993962 -0.000495576 -6.5622e-25)
(0.994618 -0.000440946 1.10145e-24)
(0.99521 -0.000391767 -6.35947e-25)
(0.995743 -0.00034755 1.084e-25)
(0.996223 -0.000307848 4.57466e-25)
(0.996654 -0.000272254 -7.99828e-26)
(0.997041 -0.000240394 -5.38374e-25)
(0.997387 -0.000211921 -2.12405e-25)
(0.997696 -0.000186521 -4.25753e-25)
(0.997972 -0.000163901 3.9369e-25)
(0.998218 -0.000143793 4.73404e-26)
(0.998436 -0.00012595 1.19631e-25)
(0.99863 -0.000110144 -1.92209e-25)
(0.998802 -9.61683e-05 3.60362e-25)
(0.998954 -8.38316e-05 -7.74638e-26)
(0.999089 -7.29608e-05 -1.98211e-25)
(0.999207 -6.3398e-05 2.41531e-25)
(0.999312 -5.50001e-05 -2.25312e-26)
(0.999403 -4.76377e-05 -9.21126e-26)
(0.999484 -4.11942e-05 -3.77595e-26)
(0.999554 -3.55646e-05 -5.44047e-27)
(0.999616 -3.06545e-05 1.00866e-26)
(0.99967 -2.63797e-05 -8.66936e-27)
(0.999716 -2.26644e-05 -3.77869e-27)
(0.999757 -1.9442e-05 -1.19641e-26)
(0.999793 -1.66505e-05 1.35822e-26)
(0.999823 -1.42415e-05 -3.19362e-27)
(0.99985 -1.21567e-05 -1.241e-26)
(0.999872 -1.03793e-05 6.39576e-28)
(0.999894 -8.81534e-06 -5.87346e-27)
(0.999907 -7.56163e-06 2.77908e-27)
(0.99993 -6.28231e-06 -1.69064e-26)
(0.931719 -0.0094396 -1.20917e-23)
(0.936959 -0.00877685 -8.20022e-24)
(0.941898 -0.00813823 -1.44614e-23)
(0.946541 -0.00752572 -9.06469e-24)
(0.950893 -0.00694098 3.28107e-23)
(0.954964 -0.0063853 -1.72084e-23)
(0.95876 -0.00585961 2.13484e-23)
(0.962293 -0.00536448 -3.07065e-23)
(0.965573 -0.00490012 1.46377e-23)
(0.968611 -0.0044664 4.18884e-24)
(0.97142 -0.00406291 -9.57155e-24)
(0.974012 -0.00368892 -2.74452e-24)
(0.976399 -0.00334349 1.02937e-23)
(0.978594 -0.00302546 1.68907e-23)
(0.980608 -0.00273352 -1.81603e-24)
(0.982455 -0.00246624 -1.31284e-23)
(0.984146 -0.00222213 1.03877e-23)
(0.985692 -0.00199963 2.04138e-24)
(0.987103 -0.0017972 -2.86649e-24)
(0.98839 -0.00161332 -2.84933e-24)
(0.989562 -0.00144651 -7.04242e-25)
(0.990629 -0.00129541 -2.99551e-24)
(0.991598 -0.00115866 -1.49594e-25)
(0.992478 -0.00103503 3.18237e-24)
(0.993275 -0.000923357 4.38993e-25)
(0.993996 -0.000822603 7.98107e-25)
(0.994648 -0.000731797 1.08468e-24)
(0.995237 -0.000650052 -1.46022e-24)
(0.995767 -0.000576559 -8.24543e-25)
(0.996244 -0.000510575 1.35593e-24)
(0.996673 -0.000451423 -1.69544e-24)
(0.997057 -0.00039848 1.20016e-24)
(0.997401 -0.000351173 -7.37249e-25)
(0.997708 -0.000308975 4.67574e-25)
(0.997983 -0.000271403 -4.7071e-25)
(0.998227 -0.000238008 -5.00513e-25)
(0.998444 -0.000208381 4.0968e-25)
(0.998637 -0.000182143 8.15458e-26)
(0.998808 -0.000158948 4.65006e-27)
(0.99896 -0.000138479 -3.00162e-25)
(0.999094 -0.000120448 2.3988e-25)
(0.999211 -0.000104591 -3.44627e-25)
(0.999315 -9.06718e-05 1.20454e-25)
(0.999406 -7.84739e-05 -1.17674e-25)
(0.999486 -6.78031e-05 1.29482e-25)
(0.999557 -5.84849e-05 8.82193e-27)
(0.999618 -5.03624e-05 1.02421e-26)
(0.999671 -4.32952e-05 1.38746e-25)
(0.999718 -3.71571e-05 -1.13125e-26)
(0.999758 -3.18377e-05 7.56589e-26)
(0.999794 -2.72337e-05 7.23667e-27)
(0.999824 -2.32644e-05 -2.05119e-26)
(0.999851 -1.98332e-05 5.03926e-26)
(0.999873 -1.69118e-05 -3.00742e-27)
(0.999894 -1.43447e-05 -2.18569e-26)
(0.999907 -1.22915e-05 -1.09958e-27)
(0.99993 -1.01972e-05 1.41241e-26)
(0.932659 -0.0131517 -4.65584e-23)
(0.937809 -0.0122298 3.34271e-25)
(0.942665 -0.0113412 4.13494e-23)
(0.947231 -0.0104888 -2.32741e-23)
(0.951513 -0.00967496 1.29703e-23)
(0.955519 -0.00890139 8.37398e-25)
(0.959257 -0.00816944 -2.06857e-23)
(0.962737 -0.00747991 1.85772e-23)
(0.965969 -0.00683313 -1.18168e-23)
(0.968964 -0.00622894 -6.48507e-24)
(0.971734 -0.00566675 1.73233e-23)
(0.974291 -0.00514558 -1.46261e-23)
(0.976647 -0.00466412 -5.00207e-24)
(0.978814 -0.00422079 1.10519e-23)
(0.980803 -0.00381376 -3.52665e-25)
(0.982628 -0.00344107 -1.14383e-23)
(0.984299 -0.00310062 1.60094e-23)
(0.985828 -0.00279027 -1.37881e-24)
(0.987223 -0.00250788 -1.15672e-23)
(0.988497 -0.00225134 -4.66964e-25)
(0.989657 -0.00201858 2.83046e-25)
(0.990713 -0.00180774 2.85218e-24)
(0.991672 -0.00161688 2.96235e-25)
(0.992543 -0.00144432 -2.41947e-25)
(0.993333 -0.00128845 -1.57041e-24)
(0.994047 -0.00114781 -4.01255e-25)
(0.994694 -0.00102104 -2.72759e-24)
(0.995277 -0.000906927 2.95552e-24)
(0.995802 -0.000804327 4.68226e-25)
(0.996275 -0.00071221 7.80792e-25)
(0.9967 -0.000629631 -2.03765e-24)
(0.997081 -0.00055572 8.8835e-25)
(0.997422 -0.00048968 1.36828e-24)
(0.997727 -0.000430775 -6.42434e-25)
(0.997999 -0.000378329 1.23889e-24)
(0.998241 -0.000331718 -7.82165e-25)
(0.998457 -0.000290368 -1.21898e-25)
(0.998648 -0.000253752 5.78767e-25)
(0.998818 -0.000221385 -2.13661e-25)
(0.998968 -0.000192827 3.43683e-25)
(0.999101 -0.000167673 -1.30292e-25)
(0.999218 -0.000145556 4.47953e-25)
(0.999321 -0.000126144 -6.11776e-26)
(0.999411 -0.000109136 1.22172e-25)
(0.99949 -9.42602e-05 -2.28308e-25)
(0.99956 -8.12732e-05 1.37473e-25)
(0.999621 -6.99554e-05 -1.32932e-26)
(0.999674 -6.0111e-05 -2.89388e-26)
(0.99972 -5.15636e-05 -1.01916e-26)
(0.99976 -4.41588e-05 -6.19185e-27)
(0.999795 -3.77525e-05 3.8171e-26)
(0.999825 -3.22318e-05 1.8425e-26)
(0.999852 -2.74618e-05 -3.72729e-26)
(0.999874 -2.34032e-05 1.98834e-26)
(0.999895 -1.98387e-05 3.96593e-26)
(0.999908 -1.69911e-05 2.77461e-27)
(0.999931 -1.40865e-05 2.96325e-26)
(0.933901 -0.0168036 -4.90522e-23)
(0.938932 -0.0156283 7.57211e-23)
(0.943678 -0.0144952 -2.04309e-23)
(0.948143 -0.013408 2.60346e-23)
(0.952333 -0.0123696 -2.67186e-23)
(0.956254 -0.0113825 5.42841e-24)
(0.959915 -0.0104482 -2.51304e-23)
(0.963325 -0.00956783 1.88768e-23)
(0.966493 -0.00874185 2.60559e-25)
(0.969431 -0.00797007 8.12751e-25)
(0.97215 -0.00725178 -2.89567e-23)
(0.974661 -0.00658574 7.18299e-24)
(0.976975 -0.00597032 1.55675e-23)
(0.979105 -0.00540349 -1.58397e-23)
(0.981062 -0.00488298 1.17014e-23)
(0.982858 -0.00440626 -7.43354e-24)
(0.984503 -0.0039707 -5.20638e-24)
(0.986008 -0.00357357 6.11282e-24)
(0.987383 -0.00321215 1.76112e-24)
(0.988638 -0.00288376 -1.45676e-23)
(0.989782 -0.00258575 1.31529e-23)
(0.990824 -0.00231577 -1.09671e-23)
(0.991771 -0.00207135 3.57779e-24)
(0.99263 -0.00185031 3.75395e-24)
(0.99341 -0.00165065 3.81756e-24)
(0.994115 -0.00147047 -3.43912e-24)
(0.994754 -0.00130805 -2.77712e-24)
(0.99533 -0.00116183 4.18218e-24)
(0.995849 -0.00103036 -1.13774e-24)
(0.996316 -0.000912321 4.394e-26)
(0.996736 -0.000806497 -2.01464e-25)
(0.997113 -0.00071178 -9.85628e-25)
(0.99745 -0.000627148 1.48175e-24)
(0.997751 -0.000551661 -1.92655e-24)
(0.99802 -0.000484452 2.60571e-24)
(0.99826 -0.000424722 -1.27767e-24)
(0.998473 -0.000371735 5.51395e-25)
(0.998663 -0.000324817 3.82998e-26)
(0.99883 -0.000283346 1.85485e-26)
(0.998979 -0.000246757 -2.97798e-26)
(0.99911 -0.000214532 -3.00373e-25)
(0.999226 -0.000186201 2.18294e-25)
(0.999328 -0.000161337 3.60351e-26)
(0.999417 -0.000139554 -2.15649e-25)
(0.999496 -0.000120506 2.84612e-25)
(0.999565 -0.000103877 -5.72122e-26)
(0.999625 -8.93885e-05 1.01842e-26)
(0.999677 -7.67881e-05 -7.22717e-26)
(0.999723 -6.58499e-05 -6.04165e-26)
(0.999763 -5.63759e-05 -3.07638e-26)
(0.999797 -4.81814e-05 1.72915e-26)
(0.999827 -4.11218e-05 -1.87437e-26)
(0.999853 -3.50238e-05 -3.98367e-28)
(0.999875 -2.98374e-05 1.21028e-26)
(0.999896 -2.52837e-05 -4.39906e-26)
(0.999909 -2.16485e-05 -1.28125e-26)
(0.999932 -1.79401e-05 -4.38609e-26)
(0.935435 -0.0203793 5.87283e-23)
(0.94032 -0.0189578 -9.14095e-23)
(0.94493 -0.0175871 6.81279e-23)
(0.949271 -0.0162715 -7.15052e-23)
(0.953346 -0.0150145 -2.38495e-23)
(0.957163 -0.0138191 2.39656e-23)
(0.960729 -0.0126875 4.472e-23)
(0.964052 -0.0116208 -3.46153e-23)
(0.967143 -0.0106197 3.29745e-23)
(0.97001 -0.00968401 -4.86522e-24)
(0.972665 -0.0088129 3.44814e-23)
(0.975119 -0.00800493 -5.16082e-23)
(0.977382 -0.00725814 2.18449e-23)
(0.979467 -0.00657013 2.17993e-23)
(0.981383 -0.00593814 -3.4793e-23)
(0.983143 -0.00535918 2.84906e-23)
(0.984756 -0.00483006 1.57771e-23)
(0.986232 -0.00434751 -2.16183e-23)
(0.987582 -0.00390825 -1.56933e-25)
(0.988814 -0.00350903 3.26173e-25)
(0.989938 -0.00314665 -7.39196e-25)
(0.990962 -0.00281833 1.15119e-23)
(0.991893 -0.00252101 -1.4023e-23)
(0.992738 -0.0022521 1.37311e-24)
(0.993505 -0.00200914 8.27031e-25)
(0.9942 -0.00178987 -3.02603e-24)
(0.994828 -0.0015922 4.39171e-24)
(0.995396 -0.00141423 -3.47548e-24)
(0.995907 -0.00125419 1.84714e-25)
(0.996367 -0.00111048 2.01588e-24)
(0.996781 -0.000981647 9.74925e-25)
(0.997152 -0.000866329 -1.70864e-24)
(0.997485 -0.000763287 1.31095e-24)
(0.997782 -0.000671378 -6.32735e-25)
(0.998047 -0.000589547 -1.72178e-24)
(0.998283 -0.000516822 5.84683e-25)
(0.998494 -0.00045231 -1.06506e-24)
(0.99868 -0.000395186 5.61727e-25)
(0.998846 -0.000344698 -1.40201e-24)
(0.998992 -0.000300154 -1.13361e-25)
(0.999122 -0.000260925 7.75841e-25)
(0.999236 -0.000226438 -5.6563e-26)
(0.999337 -0.000196173 -1.60203e-25)
(0.999425 -0.000169662 3.75366e-25)
(0.999502 -0.00014648 -3.43659e-25)
(0.99957 -0.000126246 5.79933e-28)
(0.99963 -0.000108617 1.54646e-25)
(0.999681 -9.32875e-05 1.35636e-25)
(0.999727 -7.99823e-05 2.1821e-25)
(0.999766 -6.846e-05 -1.92836e-26)
(0.9998 -5.84954e-05 -1.6194e-26)
(0.999829 -4.99127e-05 -4.58269e-27)
(0.999855 -4.25006e-05 -3.975e-26)
(0.999877 -3.61984e-05 -3.74391e-26)
(0.999897 -3.06658e-05 7.23398e-27)
(0.99991 -2.6252e-05 1.07584e-26)
(0.999933 -2.17481e-05 1.54174e-26)
(0.937249 -0.0238635 2.5104e-23)
(0.941962 -0.0222047 -2.3336e-23)
(0.946413 -0.0206045 3.39355e-23)
(0.950607 -0.019068 -2.31757e-23)
(0.954547 -0.0175995 4.76008e-23)
(0.958241 -0.0162024 -8.81114e-23)
(0.961694 -0.0148793 3.16077e-23)
(0.964916 -0.0136317 -1.38988e-23)
(0.967914 -0.0124604 1.57327e-23)
(0.970697 -0.0113652 9.50313e-24)
(0.973277 -0.0103452 -1.00568e-23)
(0.975664 -0.00939882 -9.35035e-25)
(0.977867 -0.00852379 -2.18795e-23)
(0.979897 -0.00771735 -5.48933e-24)
(0.981766 -0.00697634 6.83118e-25)
(0.983482 -0.00629727 -8.99826e-25)
(0.985057 -0.00567646 1.35519e-23)
(0.986499 -0.00511013 3.36802e-24)
(0.987819 -0.00459445 -1.0509e-23)
(0.989024 -0.00412565 6.42656e-24)
(0.990124 -0.00369995 7.21418e-24)
(0.991126 -0.00331425 -1.75281e-23)
(0.992039 -0.00296485 2.17521e-23)
(0.992867 -0.00264877 -9.48955e-25)
(0.99362 -0.00236315 -1.63886e-23)
(0.994301 -0.00210533 7.02335e-25)
(0.994917 -0.00187288 5.26481e-24)
(0.995474 -0.00166356 -6.13561e-24)
(0.995976 -0.00147532 2.83224e-24)
(0.996429 -0.00130628 -1.87554e-24)
(0.996835 -0.00115471 -3.76378e-25)
(0.9972 -0.00101904 1.28659e-24)
(0.997526 -0.000897811 -1.84739e-25)
(0.997818 -0.000789673 -2.78475e-25)
(0.998079 -0.000693392 -8.57976e-25)
(0.998311 -0.000607825 1.04661e-24)
(0.998518 -0.00053192 6.74037e-25)
(0.998702 -0.000464709 1.89503e-25)
(0.998865 -0.000405307 1.36078e-25)
(0.999009 -0.0003529 -1.63978e-25)
(0.999136 -0.000306748 1.03347e-24)
(0.999248 -0.000266177 -7.87777e-25)
(0.999347 -0.000230576 4.62698e-25)
(0.999434 -0.000199391 -2.7738e-25)
(0.99951 -0.000172124 5.36805e-25)
(0.999577 -0.000148327 -2.64695e-25)
(0.999636 -0.000127596 -6.26006e-26)
(0.999687 -0.000109571 -7.03328e-27)
(0.999731 -9.39276e-05 -2.41775e-25)
(0.99977 -8.03824e-05 4.4434e-27)
(0.999803 -6.86699e-05 -1.27975e-25)
(0.999832 -5.85833e-05 -2.83707e-26)
(0.999858 -4.98738e-05 -5.55448e-26)
(0.999879 -4.24704e-05 8.2367e-27)
(0.999899 -3.59717e-05 -1.41444e-26)
(0.999911 -3.079e-05 7.15083e-27)
(0.999934 -2.55007e-05 9.3776e-27)
(0.939329 -0.027242 -6.68712e-23)
(0.943845 -0.025356 3.51773e-23)
(0.948114 -0.0235357 -1.08219e-23)
(0.95214 -0.0217871 -1.64213e-23)
(0.955927 -0.0201152 3.05265e-23)
(0.95948 -0.0185239 -1.56823e-23)
(0.962805 -0.0170161 4.73205e-23)
(0.965909 -0.0155938 -5.13235e-24)
(0.968801 -0.0142579 -2.90982e-23)
(0.97149 -0.0130083 2.14752e-23)
(0.973983 -0.011844 1.95094e-23)
(0.976292 -0.0107633 -1.57774e-23)
(0.978426 -0.00976364 8.12499e-24)
(0.980394 -0.00884197 -2.48175e-23)
(0.982207 -0.00799475 -2.58058e-25)
(0.983874 -0.00721805 2.37998e-23)
(0.985405 -0.00650773 -1.15646e-23)
(0.986808 -0.00585951 1.98757e-23)
(0.988092 -0.00526907 2.79634e-24)
(0.989267 -0.00473217 -1.28787e-23)
(0.990339 -0.0042447 9.51773e-24)
(0.991317 -0.00380243 -6.91873e-24)
(0.992208 -0.00340187 -1.16327e-23)
(0.993017 -0.00303945 1.78191e-23)
(0.993752 -0.00271189 -8.90092e-24)
(0.994418 -0.00241616 -1.41352e-24)
(0.995021 -0.00214949 5.0596e-24)
(0.995565 -0.00190931 7.54181e-25)
(0.996057 -0.00169329 7.73715e-24)
(0.996499 -0.00149929 -4.17055e-24)
(0.996897 -0.00132533 3.35467e-24)
(0.997254 -0.0011696 -4.66122e-24)
(0.997574 -0.00103044 2.0786e-24)
(0.99786 -0.0009063 2.37723e-25)
(0.998116 -0.00079577 -1.06102e-24)
(0.998344 -0.000697538 2.32872e-24)
(0.998546 -0.000610397 -6.44194e-25)
(0.998726 -0.000533239 1.07616e-24)
(0.998886 -0.000465045 -2.86748e-26)
(0.999027 -0.000404884 -6.28433e-25)
(0.999152 -0.000351904 -2.47011e-25)
(0.999262 -0.000305333 -2.81664e-25)
(0.999359 -0.000264469 -5.08274e-25)
(0.999445 -0.000228676 4.15277e-25)
(0.999519 -0.000197382 -2.3547e-25)
(0.999585 -0.000170072 4.40802e-25)
(0.999642 -0.000146283 -5.39304e-26)
(0.999692 -0.000125601 -6.08416e-26)
(0.999736 -0.000107653 9.96048e-27)
(0.999774 -9.21148e-05 8.33021e-26)
(0.999807 -7.86803e-05 4.6841e-26)
(0.999835 -6.71127e-05 -1.05034e-26)
(0.99986 -5.71253e-05 4.2604e-26)
(0.999881 -4.86379e-05 -2.68855e-26)
(0.999901 -4.1188e-05 2.33386e-26)
(0.999913 -3.52511e-05 -1.28135e-26)
(0.999935 -2.91882e-05 -8.54321e-26)
(0.941659 -0.0305018 -6.78322e-23)
(0.945956 -0.0283997 -1.12947e-22)
(0.950023 -0.0263699 1.37186e-22)
(0.953862 -0.024419 -1.87912e-23)
(0.957477 -0.0225527 4.76482e-23)
(0.960872 -0.0207755 -1.1391e-22)
(0.964054 -0.0190908 -1.02857e-23)
(0.967027 -0.0175008 1.15523e-22)
(0.969801 -0.0160067 -4.60096e-23)
(0.972382 -0.0146084 -7.07022e-23)
(0.974779 -0.0133049 4.4906e-23)
(0.977001 -0.0120944 -4.51909e-24)
(0.979057 -0.0109742 -5.60202e-24)
(0.980956 -0.00994096 -2.98664e-23)
(0.982706 -0.00899071 -2.01746e-24)
(0.984317 -0.00811919 4.03906e-23)
(0.985798 -0.00732181 -4.41414e-23)
(0.987157 -0.00659385 2.43467e-23)
(0.988402 -0.00593053 -8.45735e-24)
(0.989542 -0.00532714 -2.25758e-23)
(0.990583 -0.00477925 2.90025e-24)
(0.991533 -0.00428172 -5.35244e-24)
(0.992399 -0.0038311 3.42449e-24)
(0.993186 -0.00342329 1.45746e-23)
(0.993902 -0.00305462 -1.03009e-23)
(0.994551 -0.00272171 2.1305e-25)
(0.995138 -0.00242144 -6.67523e-24)
(0.995669 -0.00215096 5.32222e-24)
(0.996148 -0.00190766 5.48997e-24)
(0.99658 -0.00168912 2.47288e-25)
(0.996968 -0.00149314 -7.35326e-25)
(0.997317 -0.00131769 -2.3622e-24)
(0.997629 -0.00116089 1.00577e-24)
(0.997908 -0.00102102 -1.58176e-24)
(0.998158 -0.000896467 -1.90142e-24)
(0.99838 -0.000785774 4.97358e-25)
(0.998579 -0.000687578 -5.79292e-25)
(0.998754 -0.00060063 2.8665e-25)
(0.99891 -0.000523785 3.79501e-26)
(0.999049 -0.000455993 -2.48767e-25)
(0.999171 -0.000396295 2.67071e-25)
(0.999278 -0.00034382 4.90302e-25)
(0.999373 -0.000297778 -1.51508e-25)
(0.999457 -0.000257452 3.13359e-25)
(0.99953 -0.000222196 -1.12918e-25)
(0.999594 -0.000191431 -3.37656e-25)
(0.99965 -0.000164635 4.00017e-25)
(0.999699 -0.00014134 6.17592e-26)
(0.999742 -0.000121128 1.18717e-25)
(0.999779 -0.00010363 -1.29631e-25)
(0.999811 -8.8503e-05 7.6244e-26)
(0.999839 -7.54802e-05 -7.51013e-26)
(0.999863 -6.42376e-05 -3.79092e-26)
(0.999883 -5.46859e-05 -1.05718e-26)
(0.999903 -4.63017e-05 -2.95812e-26)
(0.999915 -3.96242e-05 -2.34568e-27)
(0.999936 -3.28013e-05 -3.01565e-27)
(0.944221 -0.0336311 -1.08488e-23)
(0.948279 -0.0313252 -8.31098e-23)
(0.952125 -0.0290973 1.06586e-22)
(0.95576 -0.0269549 6.82468e-23)
(0.959187 -0.0249041 -9.06753e-23)
(0.962409 -0.0229502 2.55542e-23)
(0.965433 -0.021097 -2.64847e-24)
(0.968264 -0.0193469 1.53513e-23)
(0.970907 -0.0177015 -1.01685e-23)
(0.97337 -0.0161608 -8.8069e-23)
(0.975661 -0.0147238 8.8773e-23)
(0.977787 -0.0133886 5.27286e-25)
(0.979757 -0.0121523 -3.52279e-23)
(0.981579 -0.0110114 6.51053e-24)
(0.98326 -0.00996169 -4.35628e-23)
(0.98481 -0.00899844 4.65484e-23)
(0.986236 -0.00811672 6.57253e-24)
(0.987546 -0.00731139 -8.33276e-24)
(0.988747 -0.00657726 1.3765e-23)
(0.989848 -0.00590918 5.40802e-26)
(0.990855 -0.00530214 -8.32822e-24)
(0.991774 -0.00475104 2.19205e-23)
(0.992612 -0.0042516 -5.62374e-24)
(0.993375 -0.00379947 7.05797e-24)
(0.994069 -0.00339062 -5.35911e-24)
(0.994698 -0.00302132 -7.72768e-24)
(0.995269 -0.00268817 1.85611e-24)
(0.995784 -0.00238802 1.11212e-24)
(0.99625 -0.00211797 1.11495e-24)
(0.996669 -0.00187539 8.23552e-25)
(0.997047 -0.00165782 -3.18211e-24)
(0.997386 -0.00146301 2.42713e-24)
(0.99769 -0.00128891 -8.55635e-25)
(0.997962 -0.00113359 5.87533e-25)
(0.998205 -0.000995277 2.71158e-25)
(0.998422 -0.00087235 1.48084e-24)
(0.998614 -0.0007633 -2.45538e-24)
(0.998786 -0.000666742 -1.04334e-24)
(0.998938 -0.000581404 4.43072e-25)
(0.999072 -0.00050612 -4.45713e-25)
(0.999191 -0.000439826 -1.12181e-25)
(0.999296 -0.000381556 -4.57688e-25)
(0.999389 -0.00033043 -1.52471e-26)
(0.99947 -0.000285655 -5.14625e-25)
(0.999541 -0.000246512 4.36024e-25)
(0.999604 -0.000212357 -4.85129e-25)
(0.999659 -0.00018261 -1.43389e-25)
(0.999706 -0.000156753 1.50823e-25)
(0.999748 -0.000134319 -1.11291e-25)
(0.999784 -0.0001149 4.08805e-26)
(0.999816 -9.81147e-05 -1.55212e-25)
(0.999843 -8.3666e-05 -5.04197e-27)
(0.999867 -7.11935e-05 1.87355e-26)
(0.999886 -6.05995e-05 1.17178e-25)
(0.999905 -5.13003e-05 7.08535e-27)
(0.999917 -4.38984e-05 4.86288e-27)
(0.999938 -3.63307e-05 2.11951e-25)
(0.946997 -0.0366194 -2.688e-23)
(0.950799 -0.0341228 -1.08179e-23)
(0.954406 -0.0317092 -4.08514e-23)
(0.957821 -0.0293866 -3.79856e-23)
(0.961045 -0.0271621 4.07498e-23)
(0.964082 -0.0250414 -2.78605e-23)
(0.966935 -0.0230286 5.82597e-23)
(0.969611 -0.0211268 -8.04078e-23)
(0.972113 -0.0193376 7.01213e-23)
(0.974449 -0.0176612 2.62492e-23)
(0.976624 -0.0160968 -1.79352e-23)
(0.978647 -0.0146424 -5.21487e-24)
(0.980523 -0.013295 7.51988e-24)
(0.982261 -0.0120508 -3.69637e-23)
(0.983867 -0.0109053 1.04941e-23)
(0.98535 -0.00985371 2.42695e-23)
(0.986716 -0.00889061 -1.19581e-23)
(0.987972 -0.00801052 -1.72222e-23)
(0.989126 -0.00720784 2.96626e-23)
(0.990184 -0.00647703 -2.71913e-23)
(0.991153 -0.00581266 4.91994e-24)
(0.992039 -0.00520943 8.03382e-24)
(0.992847 -0.00466251 -1.8072e-23)
(0.993583 -0.00416721 1.74968e-23)
(0.994253 -0.00371918 -9.34349e-24)
(0.994861 -0.00331439 6.1161e-25)
(0.995413 -0.00294914 3.59661e-24)
(0.995911 -0.00261999 8.67081e-24)
(0.996362 -0.00232381 -1.41846e-23)
(0.996768 -0.00205771 9.52591e-25)
(0.997134 -0.00181901 6.07241e-24)
(0.997462 -0.00160527 -4.85574e-24)
(0.997757 -0.00141423 -2.5843e-24)
(0.998021 -0.00124378 4.71294e-24)
(0.998256 -0.001092 2.8005e-26)
(0.998467 -0.000957089 -9.29928e-25)
(0.998654 -0.000837409 -3.58006e-26)
(0.99882 -0.000731438 3.21958e-25)
(0.998968 -0.00063778 4.94123e-25)
(0.999098 -0.000555158 2.35649e-24)
(0.999214 -0.000482405 -5.92647e-25)
(0.999316 -0.000418459 1.21557e-26)
(0.999406 -0.000362356 5.85734e-25)
(0.999485 -0.000313224 6.41194e-26)
(0.999554 -0.000270276 -2.23015e-25)
(0.999615 -0.000232803 7.61724e-26)
(0.999668 -0.000200169 -3.11857e-25)
(0.999714 -0.000171804 5.59246e-26)
(0.999755 -0.000147197 6.38654e-26)
(0.99979 -0.0001259 1.34929e-25)
(0.999821 -0.000107493 1.62054e-26)
(0.999847 -9.16506e-05 4.95011e-26)
(0.99987 -7.79761e-05 1.98387e-25)
(0.999889 -6.63645e-05 -1.48335e-26)
(0.999908 -5.61714e-05 3.81377e-26)
(0.999919 -4.80633e-05 -1.46834e-26)
(0.99994 -3.97676e-05 -2.78809e-25)
(0.949968 -0.0394575 -8.66136e-23)
(0.953497 -0.0367841 2.40531e-23)
(0.956852 -0.0341978 -3.89766e-23)
(0.960032 -0.0317073 2.41443e-23)
(0.96304 -0.0293203 -2.72926e-23)
(0.965879 -0.0270432 5.86123e-23)
(0.968551 -0.0248805 -2.87735e-23)
(0.971061 -0.0228357 4.14476e-23)
(0.973413 -0.0209107 -2.51795e-23)
(0.975612 -0.0191059 3.99159e-23)
(0.977664 -0.0174206 -6.2323e-23)
(0.979575 -0.0158528 3.55154e-23)
(0.981351 -0.0143994 1.2049e-23)
(0.982999 -0.0130565 -9.17186e-23)
(0.984524 -0.0118194 4.58855e-23)
(0.985935 -0.0106831 2.2277e-24)
(0.987236 -0.00964175 1.90441e-23)
(0.988435 -0.00868967 -4.55151e-23)
(0.989537 -0.00782089 4.5433e-23)
(0.99055 -0.0070295 -2.87889e-23)
(0.991478 -0.0063097 2.29936e-23)
(0.992327 -0.00565595 -7.73964e-24)
(0.993102 -0.00506297 2.75439e-25)
(0.993809 -0.00452576 -1.09763e-23)
(0.994453 -0.00403965 9.66764e-24)
(0.995038 -0.00360033 -8.32924e-25)
(0.995569 -0.00320382 -4.96818e-24)
(0.99605 -0.00284642 8.71771e-24)
(0.996484 -0.00252476 -6.7094e-24)
(0.996876 -0.00223572 9.06074e-24)
(0.997229 -0.00197641 -4.06377e-24)
(0.997546 -0.00174418 3.80036e-24)
(0.99783 -0.0015366 -3.96924e-25)
(0.998085 -0.00135138 -1.68474e-24)
(0.998313 -0.00118643 2.2739e-24)
(0.998516 -0.00103982 -2.00705e-24)
(0.998697 -0.000909753 8.71348e-25)
(0.998858 -0.000794584 -1.63506e-24)
(0.999 -0.000692798 9.05077e-25)
(0.999127 -0.000603006 -1.00573e-24)
(0.999239 -0.000523942 1.136e-24)
(0.999337 -0.000454452 -1.11048e-24)
(0.999424 -0.000393487 -3.62707e-25)
(0.999501 -0.0003401 -2.98705e-25)
(0.999568 -0.000293436 2.20142e-25)
(0.999627 -0.000252724 5.42405e-26)
(0.999678 -0.000217271 1.30558e-25)
(0.999723 -0.00018646 -5.85378e-26)
(0.999762 -0.000159733 1.94674e-25)
(0.999797 -0.000136605 -3.59682e-25)
(0.999826 -0.000116616 5.69489e-27)
(0.999852 -9.94152e-05 -1.11395e-25)
(0.999874 -8.45694e-05 -1.80273e-25)
(0.999893 -7.1967e-05 4.00986e-26)
(0.999911 -6.0903e-05 5.53925e-26)
(0.999922 -5.21086e-05 -8.1198e-27)
(0.999941 -4.31033e-05 5.36354e-26)
(0.953114 -0.0421378 8.86479e-23)
(0.956356 -0.0393021 -2.87577e-23)
(0.959445 -0.0365565 -4.23782e-23)
(0.96238 -0.0339108 4.96533e-23)
(0.965161 -0.0313732 -3.79083e-23)
(0.967791 -0.0289505 -3.70148e-23)
(0.970272 -0.026648 1.0116e-22)
(0.972607 -0.0244695 3.7435e-24)
(0.974799 -0.022417 9.39638e-24)
(0.976854 -0.0204914 -5.79427e-23)
(0.978775 -0.0186921 4.86157e-23)
(0.980568 -0.0170169 -2.56824e-23)
(0.982238 -0.015463 -7.60762e-24)
(0.983789 -0.0140263 -1.24759e-23)
(0.985229 -0.012702 1.97323e-24)
(0.986562 -0.0114847 6.79392e-24)
(0.987795 -0.0103686 -2.3883e-23)
(0.988932 -0.00934745 2.17815e-23)
(0.989979 -0.00841516 -1.9536e-23)
(0.990942 -0.00756547 1.40087e-23)
(0.991826 -0.00679226 7.73579e-24)
(0.992636 -0.00608971 1.69061e-23)
(0.993377 -0.00545219 -8.61443e-24)
(0.994053 -0.0048744 -1.95103e-24)
(0.994669 -0.00435139 -1.53436e-23)
(0.995229 -0.00387858 1.03493e-23)
(0.995738 -0.00345172 -5.00617e-24)
(0.996199 -0.00306687 -1.27117e-24)
(0.996616 -0.00272044 5.65701e-24)
(0.996992 -0.00240907 -7.21801e-24)
(0.997331 -0.0021297 -3.27496e-25)
(0.997636 -0.00187948 -7.04035e-25)
(0.997909 -0.00165578 2.14326e-24)
(0.998154 -0.00145617 1.11375e-24)
(0.998373 -0.0012784 -1.79692e-24)
(0.998569 -0.00112038 7.59906e-25)
(0.998743 -0.000980188 -7.75407e-25)
(0.998898 -0.000856054 1.90102e-24)
(0.999036 -0.000746345 -1.86785e-24)
(0.999158 -0.000649566 5.50625e-25)
(0.999265 -0.000564351 9.68908e-25)
(0.999361 -0.000489458 -6.24802e-25)
(0.999444 -0.000423757 -6.25238e-25)
(0.999518 -0.000366226 1.03024e-24)
(0.999583 -0.000315942 2.638e-25)
(0.99964 -0.000272075 -3.50029e-25)
(0.999689 -0.00023388 1.59307e-25)
(0.999733 -0.000200688 -2.18293e-25)
(0.999771 -0.000171899 3.40433e-25)
(0.999804 -0.000146988 3.55567e-26)
(0.999832 -0.000125462 -2.25507e-25)
(0.999857 -0.000106942 1.73333e-25)
(0.999879 -9.09577e-05 8.04803e-26)
(0.999896 -7.73936e-05 -4.56285e-26)
(0.999914 -6.54838e-05 -1.61233e-25)
(0.999924 -5.60246e-05 -2.901e-27)
(0.999943 -4.63295e-05 1.18732e-25)
(0.959358 -0.0416708 3.29524e-24)
(0.962171 -0.03878 -1.00154e-22)
(0.964849 -0.0359922 5.07271e-23)
(0.967394 -0.0333161 -5.22651e-24)
(0.969807 -0.0307592 1.37116e-25)
(0.972088 -0.0283273 -1.40277e-24)
(0.97424 -0.0260244 6.58778e-24)
(0.976266 -0.0238533 3.59498e-23)
(0.978169 -0.0218148 -6.09064e-23)
(0.979952 -0.0199084 3.23188e-23)
(0.981621 -0.0181324 -5.48083e-23)
(0.983179 -0.0164837 4.35431e-23)
(0.984629 -0.0149583 -1.99308e-23)
(0.985979 -0.0135512 3.40763e-23)
(0.98723 -0.012257 -1.42823e-23)
(0.98839 -0.0110696 9.78333e-24)
(0.989462 -0.00998254 -7.4392e-24)
(0.990451 -0.00898948 1.75366e-24)
(0.991362 -0.00808389 -9.32632e-24)
(0.992199 -0.00725939 1.64111e-23)
(0.992967 -0.00650987 -1.4876e-23)
(0.99367 -0.00582943 -3.6477e-24)
(0.994313 -0.00521248 2.26201e-23)
(0.9949 -0.00465382 -1.95882e-23)
(0.995434 -0.00414861 1.77005e-23)
(0.995919 -0.00369236 -1.64847e-23)
(0.996358 -0.00328092 1.56221e-24)
(0.996757 -0.00291046 -1.31807e-24)
(0.997116 -0.00257744 2.04328e-25)
(0.99744 -0.00227859 6.01536e-24)
(0.997732 -0.00201089 -4.95657e-24)
(0.997994 -0.00177154 2.06838e-24)
(0.998228 -0.00155795 -1.93309e-24)
(0.998438 -0.00136771 -2.43899e-24)
(0.998626 -0.0011986 1.67987e-24)
(0.998793 -0.00104857 -4.58167e-25)
(0.998942 -0.000915724 -9.72786e-25)
(0.999074 -0.000798313 1.01738e-24)
(0.999191 -0.000694742 4.62061e-26)
(0.999294 -0.00060355 4.67265e-25)
(0.999385 -0.000523406 -3.28384e-25)
(0.999466 -0.000453102 1.5503e-25)
(0.999537 -0.000391545 -3.47598e-25)
(0.999599 -0.000337746 8.67981e-26)
(0.999654 -0.000290817 9.81426e-26)
(0.999701 -0.000249958 -1.73936e-25)
(0.999743 -0.000214456 -7.20392e-26)
(0.999779 -0.000183666 -1.36805e-25)
(0.999811 -0.000157028 1.79411e-25)
(0.999839 -0.000134011 2.276e-25)
(0.999862 -0.000114213 -2.23983e-25)
(0.999883 -9.71261e-05 -1.93869e-25)
(0.9999 -8.26316e-05 -1.01902e-25)
(0.999917 -6.99027e-05 8.10682e-26)
(0.999927 -5.98018e-05 1.65355e-26)
(0.999946 -4.94383e-05 7.76338e-26)
(0.962484 -0.0438858 -8.36322e-23)
(0.965012 -0.0408641 4.7969e-23)
(0.967427 -0.0379474 -3.85696e-23)
(0.969727 -0.0351453 5.51006e-23)
(0.971914 -0.0324657 8.35804e-24)
(0.973989 -0.029915 -4.26652e-23)
(0.975951 -0.0274977 -1.74418e-23)
(0.977804 -0.0252167 4.22255e-23)
(0.97955 -0.0230733 2.49073e-23)
(0.98119 -0.0210674 -5.01308e-23)
(0.982729 -0.0191971 3.2516e-24)
(0.98417 -0.0174595 2.04287e-23)
(0.985515 -0.0158507 -1.49656e-23)
(0.986769 -0.0143655 -2.01008e-23)
(0.987936 -0.0129985 2.2222e-23)
(0.989019 -0.0117434 -4.36293e-24)
(0.990022 -0.0105938 -1.56621e-23)
(0.99095 -0.00954278 2.75653e-23)
(0.991805 -0.0085838 -9.35676e-24)
(0.992594 -0.00771021 3.62322e-24)
(0.993318 -0.00691565 -1.33531e-23)
(0.993982 -0.00619399 1.13839e-23)
(0.994589 -0.00553937 1.03205e-23)
(0.995144 -0.00494637 -6.41659e-25)
(0.99565 -0.00440992 1.53488e-24)
(0.99611 -0.00392531 -2.82675e-24)
(0.996528 -0.00348817 -2.55712e-24)
(0.996906 -0.00309448 -7.40795e-24)
(0.997248 -0.00274051 8.15505e-24)
(0.997556 -0.0024228 3.82861e-24)
(0.997834 -0.00213818 -1.36191e-24)
(0.998084 -0.00188366 3.41784e-24)
(0.998307 -0.00165652 3.58978e-25)
(0.998507 -0.0014542 3.05085e-24)
(0.998686 -0.00127434 3.63178e-25)
(0.998846 -0.00111477 -8.38579e-25)
(0.998988 -0.000973477 -1.66223e-25)
(0.999114 -0.0008486 1.30755e-24)
(0.999225 -0.000738445 -1.34886e-24)
(0.999324 -0.000641459 -9.64299e-26)
(0.999412 -0.000556226 -3.27638e-25)
(0.999489 -0.000481463 6.67128e-25)
(0.999557 -0.000416005 6.76552e-25)
(0.999616 -0.000358802 4.66755e-26)
(0.999668 -0.000308908 -8.28263e-25)
(0.999714 -0.000265472 -2.18321e-25)
(0.999754 -0.000227735 1.88916e-25)
(0.999789 -0.00019501 2.80547e-25)
(0.999819 -0.000166702 -1.32513e-25)
(0.999845 -0.000142245 -2.53989e-26)
(0.999868 -0.000121212 -2.34054e-26)
(0.999888 -0.00010306 8.70693e-26)
(0.999904 -8.76688e-05 9.00138e-26)
(0.999921 -7.41493e-05 3.72279e-26)
(0.99993 -6.34314e-05 -5.62528e-27)
(0.999948 -5.24219e-05 -4.07506e-26)
(0.965714 -0.0459439 -5.05151e-23)
(0.967952 -0.0428055 6.60802e-23)
(0.970097 -0.0397735 -3.50851e-23)
(0.972147 -0.0368579 5.55357e-23)
(0.974103 -0.0340673 -3.98423e-23)
(0.975965 -0.0314086 4.06304e-23)
(0.977733 -0.0288867 -4.38533e-23)
(0.979407 -0.026505 -1.03645e-23)
(0.98099 -0.0242651 6.23458e-24)
(0.982483 -0.022167 2.39677e-25)
(0.983888 -0.0202091 -1.73263e-23)
(0.985207 -0.0183887 4.10858e-23)
(0.986443 -0.0167019 -1.04194e-23)
(0.987599 -0.0151435 1.85131e-23)
(0.988677 -0.013708 -2.88087e-23)
(0.98968 -0.0123891 -3.70168e-25)
(0.990611 -0.01118 9.1303e-24)
(0.991474 -0.0100741 5.08824e-24)
(0.992273 -0.00906433 1.80117e-23)
(0.993009 -0.00814394 -2.05239e-23)
(0.993687 -0.00730634 1.59628e-23)
(0.99431 -0.00654523 1.26269e-23)
(0.994881 -0.0058545 -1.62116e-23)
(0.995403 -0.00522853 1.93193e-23)
(0.995879 -0.00466205 -8.2664e-25)
(0.996313 -0.00415014 -6.4205e-24)
(0.996707 -0.00368826 -7.08483e-24)
(0.997064 -0.00327217 6.91893e-24)
(0.997387 -0.00289799 -3.66111e-24)
(0.997679 -0.00256208 -3.6023e-24)
(0.997942 -0.00226111 -2.97484e-24)
(0.998178 -0.00199194 5.49688e-24)
(0.998391 -0.0017517 -3.78683e-24)
(0.99858 -0.00153771 -1.56132e-24)
(0.99875 -0.00134746 1.12736e-24)
(0.998902 -0.00117867 -1.40504e-24)
(0.999036 -0.0010292 1.03044e-26)
(0.999156 -0.000897108 1.63294e-24)
(0.999262 -0.000780589 -9.53766e-25)
(0.999356 -0.000678002 -1.126e-25)
(0.99944 -0.000587853 7.03277e-25)
(0.999513 -0.000508782 -1.08828e-24)
(0.999577 -0.000439557 4.83084e-25)
(0.999634 -0.000379067 -1.48172e-25)
(0.999684 -0.000326311 9.11548e-25)
(0.999727 -0.000280388 3.52985e-26)
(0.999765 -0.000240496 -3.73897e-25)
(0.999798 -0.000205905 -8.69133e-26)
(0.999827 -0.000175988 6.03239e-26)
(0.999852 -0.000150144 1.40526e-25)
(0.999874 -0.000127923 1.23913e-25)
(0.999893 -0.000108747 1.76104e-25)
(0.999909 -9.24936e-05 3.13975e-26)
(0.999924 -7.82135e-05 -9.17035e-26)
(0.999934 -6.69049e-05 2.51992e-26)
(0.99995 -5.52732e-05 -5.83761e-26)
(0.969031 -0.047843 7.21979e-23)
(0.970975 -0.0446023 -6.93794e-23)
(0.972845 -0.0414684 2.12323e-23)
(0.974641 -0.038452 3.93457e-24)
(0.976362 -0.0355621 -5.89168e-23)
(0.978007 -0.0328062 1.47534e-23)
(0.979575 -0.0301898 2.05202e-23)
(0.981068 -0.0277165 4.06787e-23)
(0.982484 -0.0253883 -9.36729e-24)
(0.983825 -0.0232056 -5.56109e-23)
(0.985093 -0.0211671 1.14806e-23)
(0.986287 -0.01927 3.40963e-23)
(0.98741 -0.0175106 -1.23638e-23)
(0.988463 -0.0158839 -2.59473e-23)
(0.989449 -0.0143843 1.57116e-23)
(0.99037 -0.0130054 2.47569e-24)
(0.991227 -0.0117405 -9.97215e-24)
(0.992023 -0.0105826 3.77471e-23)
(0.992762 -0.00952471 -1.14449e-23)
(0.993444 -0.00855987 -2.86892e-23)
(0.994074 -0.00768128 1.45327e-23)
(0.994654 -0.00688257 3.82047e-25)
(0.995186 -0.00615735 8.91941e-24)
(0.995674 -0.00549984 -1.00844e-23)
(0.996119 -0.00490458 6.02072e-24)
(0.996525 -0.00436649 2.32426e-24)
(0.996895 -0.00388083 -9.44703e-24)
(0.99723 -0.00344323 1.19779e-23)
(0.997534 -0.0030496 7.7483e-25)
(0.997808 -0.00269618 -1.18018e-24)
(0.998056 -0.00237946 3.08342e-25)
(0.998278 -0.00209619 -4.75725e-24)
(0.998478 -0.00184333 1.5559e-24)
(0.998657 -0.00161808 -4.0068e-26)
(0.998817 -0.00141782 2.58591e-24)
(0.99896 -0.00124014 -2.31265e-24)
(0.999088 -0.0010828 2.70137e-25)
(0.999201 -0.000943746 1.01642e-24)
(0.999301 -0.000821093 2.66298e-26)
(0.99939 -0.000713111 -1.98469e-25)
(0.999469 -0.000618225 1.70227e-25)
(0.999538 -0.000535004 6.53444e-25)
(0.999599 -0.000462153 -5.95492e-25)
(0.999653 -0.000398499 -7.4048e-26)
(0.9997 -0.00034299 -1.93557e-25)
(0.999741 -0.000294676 -2.37994e-25)
(0.999777 -0.000252711 4.32193e-25)
(0.999809 -0.000216329 -1.38221e-25)
(0.999836 -0.000184867 -3.20292e-25)
(0.99986 -0.000157691 -3.47489e-26)
(0.99988 -0.000134331 -9.17514e-26)
(0.999899 -0.000114173 -8.69981e-26)
(0.999913 -9.70952e-05 4.3052e-26)
(0.999928 -8.2086e-05 3.25151e-26)
(0.999937 -7.02144e-05 -1.98471e-26)
(0.999953 -5.79854e-05 -9.94041e-27)
(0.972416 -0.0495823 6.76183e-24)
(0.974063 -0.0462535 -1.85156e-23)
(0.975657 -0.0430311 3.43218e-23)
(0.977197 -0.0399263 -2.21673e-23)
(0.97868 -0.0369489 -7.23915e-24)
(0.980105 -0.0341066 1.33102e-23)
(0.981471 -0.0314056 6.57045e-24)
(0.982778 -0.0288499 1.18428e-24)
(0.984024 -0.0264419 2.55244e-24)
(0.985211 -0.0241822 -3.1733e-23)
(0.986337 -0.0220698 2.85676e-23)
(0.987404 -0.0201023 2.50606e-23)
(0.988411 -0.0182759 -1.55808e-23)
(0.98936 -0.0165859 -4.01668e-23)
(0.990251 -0.0150265 -8.45836e-25)
(0.991086 -0.0135915 1.6205e-23)
(0.991867 -0.0122742 -1.2124e-23)
(0.992594 -0.0110675 1.10604e-23)
(0.993271 -0.00996424 -4.98157e-24)
(0.993898 -0.00895737 1.45086e-23)
(0.994478 -0.00803996 -5.49889e-24)
(0.995013 -0.0072055 5.59055e-25)
(0.995505 -0.00644744 9.19495e-25)
(0.995957 -0.00575985 5.32047e-24)
(0.99637 -0.00513712 -2.65371e-24)
(0.996747 -0.00457399 -1.83181e-24)
(0.997091 -0.00406559 -1.28743e-25)
(0.997404 -0.00360736 -1.08215e-23)
(0.997687 -0.00319509 5.55528e-24)
(0.997943 -0.00282487 -8.82046e-25)
(0.998174 -0.00249304 -6.63553e-24)
(0.998382 -0.00219622 9.08696e-24)
(0.99857 -0.00193124 -5.50255e-24)
(0.998737 -0.00169517 -2.59887e-24)
(0.998888 -0.00148529 4.09856e-24)
(0.999022 -0.00129907 2.19896e-25)
(0.999141 -0.00113416 -5.45669e-25)
(0.999247 -0.000988426 -1.1459e-24)
(0.999342 -0.000859881 5.8644e-26)
(0.999425 -0.000746716 5.3516e-25)
(0.999499 -0.000647282 -7.75324e-25)
(0.999565 -0.000560079 5.44287e-25)
(0.999622 -0.000483747 -1.03847e-25)
(0.999673 -0.00041706 -1.8049e-25)
(0.999717 -0.000358911 -1.9096e-26)
(0.999756 -0.000308305 5.1315e-25)
(0.99979 -0.000264357 -8.02394e-26)
(0.99982 -0.000226259 3.49075e-26)
(0.999845 -0.00019332 5.07321e-25)
(0.999868 -0.000164871 -4.9714e-27)
(0.999887 -0.000140423 3.74963e-26)
(0.999904 -0.000119326 -1.30997e-25)
(0.999918 -0.000101463 -1.10383e-25)
(0.999932 -8.57579e-05 -5.33154e-26)
(0.99994 -7.33525e-05 1.67108e-26)
(0.999955 -6.0552e-05 1.01319e-25)
(0.975853 -0.0511622 -2.33739e-23)
(0.977203 -0.0477592 3.99161e-23)
(0.97852 -0.0444613 -4.72376e-24)
(0.979801 -0.0412806 1.21009e-24)
(0.981045 -0.0382271 -1.44792e-23)
(0.982248 -0.0353093 3.06288e-24)
(0.983411 -0.0325335 -4.3549e-23)
(0.98453 -0.0299045 8.32636e-23)
(0.985605 -0.027425 -2.69574e-23)
(0.986634 -0.0250959 -4.13333e-23)
(0.987617 -0.0229165 -1.17723e-23)
(0.988554 -0.0208847 2.01029e-23)
(0.989443 -0.0189969 1.40183e-23)
(0.990285 -0.0172485 6.64762e-24)
(0.991079 -0.0156339 -1.81039e-23)
(0.991827 -0.0141469 1.03429e-23)
(0.992529 -0.0127806 3.35586e-24)
(0.993186 -0.0115282 -1.70542e-23)
(0.993798 -0.0103823 -1.85296e-24)
(0.994368 -0.00933592 7.62167e-24)
(0.994896 -0.00838213 -1.86302e-23)
(0.995385 -0.00751359 -3.61327e-24)
(0.995836 -0.00672435 7.22517e-24)
(0.99625 -0.00600819 1.30312e-23)
(0.99663 -0.00535932 -2.54968e-24)
(0.996978 -0.00477234 -1.09284e-23)
(0.997295 -0.00424223 1.56617e-23)
(0.997584 -0.00376432 -6.73984e-24)
(0.997846 -0.00333424 4.9393e-26)
(0.998083 -0.00294794 -3.63175e-24)
(0.998298 -0.00260166 1.03481e-24)
(0.998491 -0.00229186 1.60842e-24)
(0.998665 -0.00201528 3.64798e-24)
(0.998821 -0.00176886 -3.57935e-24)
(0.998961 -0.00154976 4.13032e-24)
(0.999085 -0.00135535 -2.83614e-24)
(0.999197 -0.00118321 6.32109e-25)
(0.999296 -0.00103107 -1.78909e-25)
(0.999384 -0.000896883 5.52321e-25)
(0.999462 -0.000778758 -2.09042e-25)
(0.999531 -0.000674972 4.75202e-25)
(0.999592 -0.000583959 -5.22955e-25)
(0.999646 -0.0005043 -1.21674e-25)
(0.999693 -0.000434713 1.10343e-25)
(0.999735 -0.000374043 -4.08282e-25)
(0.999771 -0.00032125 5.60874e-25)
(0.999803 -0.000275408 -1.71446e-25)
(0.999831 -0.000235675 8.80457e-26)
(0.999855 -0.000201329 -1.23573e-25)
(0.999876 -0.000171667 -1.83732e-25)
(0.999894 -0.000146186 1.87382e-25)
(0.99991 -0.000124196 -6.6032e-26)
(0.999923 -0.000105589 6.32167e-26)
(0.999936 -8.92211e-05 1.4824e-25)
(0.999944 -7.63123e-05 -2.08394e-26)
(0.999958 -6.29671e-05 -6.27047e-26)
(0.979323 -0.0525839 6.89045e-24)
(0.980378 -0.0491203 2.45552e-25)
(0.981418 -0.0457599 -1.50263e-23)
(0.982442 -0.0425153 -4.53221e-24)
(0.983446 -0.039397 4.28646e-23)
(0.984428 -0.0364141 -2.98789e-23)
(0.985386 -0.0335734 3.68501e-23)
(0.986317 -0.03088 -1.33394e-23)
(0.987219 -0.0283372 -1.70621e-23)
(0.98809 -0.0259461 1.89707e-23)
(0.988928 -0.0237066 -8.52557e-24)
(0.989732 -0.0216167 -9.94526e-24)
(0.990502 -0.019673 -9.6954e-26)
(0.991235 -0.0178712 -1.62622e-24)
(0.991931 -0.0162059 -4.99789e-24)
(0.99259 -0.0146707 5.79658e-24)
(0.993211 -0.0132592 2.46298e-24)
(0.993795 -0.0119642 5.19666e-25)
(0.994342 -0.0107785 8.94045e-25)
(0.994853 -0.00969503 -2.30724e-24)
(0.995329 -0.0087068 5.8941e-24)
(0.99577 -0.00780633 -8.52351e-24)
(0.996178 -0.00698771 1.17407e-23)
(0.996554 -0.00624452 2.79391e-24)
(0.9969 -0.00557087 -3.74051e-24)
(0.997217 -0.00496125 -5.38256e-24)
(0.997507 -0.00441052 1.03278e-24)
(0.997771 -0.00391387 2.21996e-24)
(0.998011 -0.00346683 -7.90051e-24)
(0.998229 -0.00306522 3.96773e-24)
(0.998426 -0.00270515 1.02877e-24)
(0.998603 -0.00238298 -1.63226e-24)
(0.998764 -0.00209532 9.33092e-25)
(0.998907 -0.00183902 2.6459e-24)
(0.999036 -0.00161113 -4.22292e-24)
(0.999152 -0.00140891 -7.15837e-25)
(0.999255 -0.00122985 2.08774e-24)
(0.999346 -0.0010716 -1.38989e-25)
(0.999428 -0.000932034 -1.09837e-24)
(0.9995 -0.000809179 1.28921e-24)
(0.999564 -0.000701244 -1.19436e-24)
(0.999621 -0.0006066 1.02952e-26)
(0.999671 -0.000523773 2.86649e-25)
(0.999715 -0.000451425 -2.53256e-25)
(0.999753 -0.000388357 -1.60277e-25)
(0.999787 -0.000333484 -1.56399e-25)
(0.999816 -0.000285844 2.20966e-25)
(0.999842 -0.000244559 5.20342e-27)
(0.999865 -0.000208878 4.9893e-26)
(0.999884 -0.000178067 1.53428e-25)
(0.999901 -0.000151607 -1.05683e-25)
(0.999916 -0.000128772 5.67906e-26)
(0.999928 -0.000109463 6.51548e-26)
(0.999941 -9.24679e-05 -7.86905e-26)
(0.999948 -7.90876e-05 5.60525e-27)
(0.999961 -6.52251e-05 -1.52101e-26)
(0.983574 -0.0503387 2.32814e-23)
(0.984341 -0.0469282 1.98563e-24)
(0.985109 -0.0436314 -5.51813e-24)
(0.985875 -0.0404594 1.33101e-24)
(0.986636 -0.0374216 2.1699e-23)
(0.987389 -0.0345255 -2.94306e-23)
(0.988131 -0.0317766 -1.1858e-23)
(0.988859 -0.0291785 -3.11386e-24)
(0.989571 -0.0267329 7.7674e-24)
(0.990264 -0.02444 -1.88194e-23)
(0.990936 -0.022298 4.65744e-23)
(0.991584 -0.020304 -1.40915e-23)
(0.992207 -0.0184538 -2.14966e-23)
(0.992803 -0.016742 3.01716e-23)
(0.993371 -0.0151628 -7.11753e-26)
(0.993911 -0.0137095 -1.79454e-23)
(0.994421 -0.012375 9.37242e-24)
(0.994902 -0.0111524 -2.84292e-24)
(0.995352 -0.0100343 1.38282e-23)
(0.995774 -0.00901356 -6.39098e-24)
(0.996167 -0.00808344 1.06227e-23)
(0.996531 -0.00723721 -1.00087e-23)
(0.996868 -0.00646855 1.10771e-23)
(0.997178 -0.00577151 -1.24898e-23)
(0.997463 -0.00514048 6.27437e-24)
(0.997725 -0.00457021 -1.18025e-24)
(0.997964 -0.00405581 2.13867e-24)
(0.998181 -0.00359267 -1.0287e-24)
(0.998379 -0.00317652 -5.20853e-26)
(0.998558 -0.00280336 -2.15099e-24)
(0.99872 -0.00246943 1.14745e-24)
(0.998865 -0.00217125 -1.7608e-25)
(0.998997 -0.00190554 -7.58315e-25)
(0.999115 -0.00166928 -1.15252e-24)
(0.99922 -0.00145964 1.68966e-24)
(0.999314 -0.00127401 -5.43812e-25)
(0.999398 -0.00110996 1.48667e-24)
(0.999473 -0.000965275 -2.63707e-24)
(0.99954 -0.000837926 7.59333e-25)
(0.999598 -0.000726051 1.27224e-25)
(0.99965 -0.000627963 -1.16859e-26)
(0.999696 -0.00054213 -6.36067e-25)
(0.999737 -0.000467166 3.65191e-25)
(0.999772 -0.000401826 -9.55403e-26)
(0.999803 -0.000344985 1.852e-27)
(0.99983 -0.000295645 3.70238e-25)
(0.999854 -0.000252892 -5.10391e-26)
(0.999875 -0.000215952 -2.09524e-25)
(0.999893 -0.000184057 1.77217e-26)
(0.999909 -0.000156676 -4.31614e-26)
(0.999922 -0.000133044 7.07143e-26)
(0.999934 -0.000113077 -6.27286e-26)
(0.999945 -9.54913e-05 6.3477e-26)
(0.999952 -8.16727e-05 -2.56069e-26)
(0.999964 -6.73208e-05 1.15949e-26)
(0.986777 -0.051417 -3.27851e-23)
(0.987274 -0.0479685 2.99222e-23)
(0.98779 -0.0446308 -2.16118e-25)
(0.98832 -0.0414157 1.9617e-24)
(0.988862 -0.038333 -4.65297e-24)
(0.989412 -0.0353907 -1.99854e-24)
(0.989966 -0.0325948 1.03773e-23)
(0.990521 -0.0299493 -2.45566e-24)
(0.991074 -0.0274564 -2.72378e-23)
(0.991621 -0.0251166 2.89436e-23)
(0.992159 -0.0229286 9.34496e-24)
(0.992685 -0.0208897 -4.91756e-23)
(0.993197 -0.0189959 3.61419e-23)
(0.993693 -0.0172422 -1.86688e-23)
(0.99417 -0.0156228 2.80921e-23)
(0.994626 -0.0141312 -2.78718e-23)
(0.995061 -0.0127605 1.60059e-23)
(0.995474 -0.0115036 -1.08921e-23)
(0.995864 -0.0103534 8.02442e-24)
(0.99623 -0.00930268 -2.63415e-24)
(0.996573 -0.00834467 -1.07178e-23)
(0.996893 -0.00747258 3.67218e-24)
(0.997189 -0.00668003 6.36811e-24)
(0.997464 -0.00596099 -7.51978e-24)
(0.997717 -0.00530981 6.56409e-24)
(0.997949 -0.00472113 -1.92702e-24)
(0.998162 -0.00418996 -5.33862e-24)
(0.998356 -0.00371161 4.32318e-24)
(0.998533 -0.00328171 -3.111e-24)
(0.998694 -0.00289615 3.83864e-24)
(0.998839 -0.00255109 -1.76538e-24)
(0.99897 -0.00224294 1.5842e-24)
(0.999089 -0.00196834 -4.70653e-24)
(0.999195 -0.00172415 1.25944e-24)
(0.99929 -0.00150748 1.01447e-25)
(0.999376 -0.00131562 1.15507e-24)
(0.999452 -0.00114607 -1.7071e-25)
(0.99952 -0.000996552 1.06042e-25)
(0.99958 -0.000864952 -6.29894e-25)
(0.999633 -0.000749354 -6.43391e-26)
(0.999681 -0.00064801 1.34328e-24)
(0.999722 -0.000559339 1.1035e-25)
(0.999759 -0.000481907 -4.25507e-25)
(0.999792 -0.000414427 3.43075e-25)
(0.99982 -0.000355732 -6.06787e-26)
(0.999845 -0.000304792 -1.48938e-25)
(0.999867 -0.00026066 -1.32527e-25)
(0.999885 -0.000222538 5.59611e-26)
(0.999902 -0.000189625 -8.29377e-26)
(0.999916 -0.000161383 1.07038e-25)
(0.999929 -0.000137005 -1.42942e-26)
(0.999939 -0.000116425 5.26546e-26)
(0.99995 -9.82851e-05 -2.70093e-26)
(0.999956 -8.40627e-05 1.19443e-27)
(0.999967 -6.92497e-05 -5.44893e-26)
(0.989975 -0.0523585 -1.40595e-24)
(0.990207 -0.0488834 -8.63404e-24)
(0.990475 -0.0455158 2.17424e-24)
(0.990773 -0.0422678 -1.34347e-23)
(0.991098 -0.0391498 1.00405e-24)
(0.991447 -0.0361702 4.75306e-24)
(0.991815 -0.0333355 4.32773e-24)
(0.992198 -0.0306503 -3.28233e-24)
(0.992592 -0.0281171 -1.45528e-24)
(0.992994 -0.0257369 -4.1757e-26)
(0.993398 -0.0235086 3.85551e-25)
(0.993803 -0.0214301 2.26428e-24)
(0.994203 -0.0194975 2.30697e-24)
(0.994597 -0.0177062 1.70242e-23)
(0.994982 -0.0160505 -2.80147e-23)
(0.995355 -0.0145241 1.85414e-23)
(0.995714 -0.0131203 8.73313e-24)
(0.996058 -0.0118321 -1.69106e-23)
(0.996386 -0.0106522 -4.71554e-24)
(0.996696 -0.00957377 9.69388e-24)
(0.996989 -0.00858985 -8.80834e-24)
(0.997263 -0.00769363 4.24854e-24)
(0.997518 -0.00687876 1.15678e-24)
(0.997756 -0.00613915 5.01662e-24)
(0.997976 -0.00546906 -4.38778e-24)
(0.998179 -0.00486309 1.77292e-24)
(0.998365 -0.00431616 8.98327e-25)
(0.998536 -0.0038235 -3.29808e-24)
(0.998691 -0.00338065 1.05712e-24)
(0.998833 -0.00298341 -2.09812e-24)
(0.998962 -0.00262786 1.22198e-24)
(0.999078 -0.0023103 -1.58731e-25)
(0.999183 -0.00202731 -3.52627e-26)
(0.999278 -0.00177565 1.13305e-24)
(0.999363 -0.00155235 -1.28867e-24)
(0.999439 -0.00135462 1.66188e-24)
(0.999507 -0.00117989 -1.69478e-24)
(0.999567 -0.00102582 -3.3014e-25)
(0.999621 -0.000890216 1.04882e-24)
(0.999669 -0.000771114 4.37099e-25)
(0.999712 -0.00066671 -3.66424e-25)
(0.999749 -0.000575374 -7.07829e-25)
(0.999782 -0.000495625 2.52336e-25)
(0.999812 -0.000426137 -5.09138e-25)
(0.999837 -0.000365706 1.23518e-25)
(0.99986 -0.00031327 -2.6171e-25)
(0.999879 -0.000267849 5.30834e-26)
(0.999896 -0.000228624 2.70249e-26)
(0.999911 -0.000194762 -4.60252e-26)
(0.999924 -0.00016572 -3.13706e-26)
(0.999936 -0.000140646 -9.25952e-26)
(0.999945 -0.000119501 -2.33917e-26)
(0.999954 -0.000100843 -1.59362e-26)
(0.99996 -8.6253e-05 2.50471e-27)
(0.99997 -7.10075e-05 -4.49308e-26)
(0.993156 -0.0531673 -1.09441e-22)
(0.99313 -0.0496765 5.9136e-23)
(0.993154 -0.0462892 -1.90573e-23)
(0.993224 -0.0430181 2.83729e-23)
(0.993337 -0.0398739 -1.49152e-23)
(0.993488 -0.0368656 -1.9715e-23)
(0.993672 -0.0340001 9.62191e-24)
(0.993885 -0.0312825 8.7457e-24)
(0.994122 -0.0287159 2.80724e-25)
(0.994378 -0.0263014 -2.24754e-24)
(0.99465 -0.0240386 3.73577e-25)
(0.994932 -0.0219256 -5.54513e-24)
(0.995221 -0.0199589 5.69403e-24)
(0.995514 -0.0181342 -8.02226e-25)
(0.995806 -0.016446 1.92514e-24)
(0.996095 -0.0148883 -6.00741e-24)
(0.996378 -0.0134544 7.3489e-24)
(0.996653 -0.0121376 -3.77169e-24)
(0.996917 -0.0109306 1.78882e-24)
(0.997171 -0.00982664 -6.09025e-24)
(0.997412 -0.00881879 6.30606e-24)
(0.99764 -0.0079002 -3.04567e-24)
(0.997854 -0.00706459 -1.1763e-24)
(0.998054 -0.00630582 5.22673e-24)
(0.99824 -0.0056181 -3.42601e-24)
(0.998413 -0.00499597 3.93889e-24)
(0.998572 -0.0044343 -1.94847e-24)
(0.998719 -0.00392823 3.38017e-25)
(0.998853 -0.00347324 -3.17852e-24)
(0.998975 -0.00306505 1.21452e-24)
(0.999087 -0.00269964 1.37685e-24)
(0.999188 -0.00237326 3.58535e-25)
(0.999279 -0.00208239 5.08565e-25)
(0.999362 -0.00182372 1.9013e-25)
(0.999436 -0.00159419 9.04571e-25)
(0.999503 -0.00139096 -2.20346e-24)
(0.999563 -0.00121138 1.05067e-24)
(0.999616 -0.00105303 1.69609e-25)
(0.999664 -0.00091368 -2.07102e-27)
(0.999706 -0.000791299 -8.54819e-25)
(0.999744 -0.000684034 8.31986e-26)
(0.999777 -0.000590207 3.73674e-25)
(0.999806 -0.000508297 -2.95213e-26)
(0.999832 -0.000436938 3.22003e-26)
(0.999855 -0.000374891 -2.28051e-25)
(0.999875 -0.000321064 9.92676e-26)
(0.999892 -0.000274446 2.12214e-25)
(0.999907 -0.000234199 -1.74801e-25)
(0.999921 -0.000199458 5.98398e-26)
(0.999932 -0.000169678 3.51514e-26)
(0.999942 -0.00014396 -1.12462e-26)
(0.999951 -0.000122298 -3.29866e-26)
(0.999959 -0.000103161 -3.3888e-26)
(0.999964 -8.82401e-05 1.27351e-26)
(0.999973 -7.25906e-05 8.05923e-26)
(0.996309 -0.0538477 2.12386e-22)
(0.996031 -0.0503515 -6.35995e-23)
(0.995818 -0.0469544 -2.45197e-23)
(0.995666 -0.0436694 -2.05064e-23)
(0.995571 -0.0405077 -9.01038e-24)
(0.995527 -0.0374789 -2.00978e-23)
(0.99553 -0.0345903 2.77339e-23)
(0.995575 -0.0318473 -2.13447e-23)
(0.995657 -0.0292536 7.96633e-24)
(0.99577 -0.0268109 -6.49256e-24)
(0.995909 -0.0245191 9.03941e-25)
(0.996071 -0.0223766 8.07743e-25)
(0.996249 -0.0203804 -3.02675e-24)
(0.99644 -0.0185264 2.92246e-24)
(0.996639 -0.0168095 -2.37997e-24)
(0.996844 -0.0152238 -7.26241e-24)
(0.99705 -0.0137629 1.08296e-23)
(0.997255 -0.0124201 5.69013e-24)
(0.997457 -0.0111885 -1.6397e-23)
(0.997653 -0.0100612 1.05244e-23)
(0.997842 -0.00903132 7.50664e-24)
(0.998023 -0.00809217 -1.04183e-23)
(0.998195 -0.00723741 2.06916e-26)
(0.998358 -0.0064609 -8.92103e-26)
(0.99851 -0.00575682 5.61343e-25)
(0.998652 -0.00511967 2.56645e-24)
(0.998784 -0.00454426 -4.24144e-24)
(0.998905 -0.0040257 9.85914e-25)
(0.999018 -0.00355938 -2.62462e-25)
(0.99912 -0.00314097 -8.20635e-25)
(0.999214 -0.00276637 -2.60934e-25)
(0.9993 -0.00243175 9.7774e-25)
(0.999378 -0.00213352 -8.04825e-25)
(0.999448 -0.0018683 -1.12316e-24)
(0.999511 -0.00163296 1.76822e-24)
(0.999569 -0.00142459 -6.70766e-25)
(0.99962 -0.00124048 8.78243e-25)
(0.999666 -0.00107815 4.4596e-25)
(0.999707 -0.000935312 -3.25807e-25)
(0.999743 -0.00080988 9.98044e-27)
(0.999776 -0.000699956 9.52558e-26)
(0.999805 -0.000603819 6.32789e-26)
(0.99983 -0.000519905 2.07152e-25)
(0.999853 -0.000446814 -9.13319e-27)
(0.999872 -0.000383272 1.4497e-25)
(0.99989 -0.000328162 1.37842e-27)
(0.999905 -0.00028044 -4.57957e-26)
(0.999918 -0.000239255 1.51564e-25)
(0.99993 -0.000203706 1.9896e-26)
(0.99994 -0.000173251 1.54056e-26)
(0.999949 -0.000146943 -3.60225e-26)
(0.999956 -0.000124813 6.76672e-26)
(0.999964 -0.000105235 1.89347e-26)
(0.999968 -9.00208e-05 6.79089e-27)
(0.999976 -7.39954e-05 1.17052e-26)
(0.998903 -0.0509128 4.36807e-23)
(0.99846 -0.047515 -1.10149e-24)
(0.998091 -0.0442249 9.50328e-23)
(0.997792 -0.041054 -1.3403e-22)
(0.997559 -0.0380123 6.60844e-23)
(0.997384 -0.0351077 -4.11827e-24)
(0.997264 -0.0323462 -2.24127e-23)
(0.997193 -0.0297317 2.24276e-23)
(0.997165 -0.0272665 3.92268e-24)
(0.997174 -0.0249509 -8.87466e-24)
(0.997215 -0.0227837 3.25882e-24)
(0.997283 -0.0207624 -3.79964e-24)
(0.997373 -0.0188832 -1.21626e-24)
(0.99748 -0.0171411 9.55789e-25)
(0.9976 -0.0155307 1.26029e-24)
(0.997729 -0.0140458 -1.80875e-24)
(0.997864 -0.0126797 -9.71393e-25)
(0.998002 -0.0114259 -1.00015e-24)
(0.998141 -0.0102773 3.4696e-24)
(0.998278 -0.00922742 -2.35455e-25)
(0.998412 -0.00826949 3.73896e-24)
(0.998542 -0.00739716 -4.27922e-24)
(0.998666 -0.00660431 2.3982e-24)
(0.998783 -0.00588514 -2.40975e-24)
(0.998894 -0.0052341 2.42438e-24)
(0.998998 -0.00464599 -1.29665e-24)
(0.999095 -0.00411585 2.45865e-25)
(0.999185 -0.00363902 -8.08667e-25)
(0.999268 -0.00321111 1.91986e-25)
(0.999344 -0.00282798 1.48593e-24)
(0.999414 -0.0024857 -1.74346e-24)
(0.999478 -0.00218064 -1.29936e-25)
(0.999535 -0.00190934 1.00537e-24)
(0.999588 -0.00166861 5.02598e-25)
(0.999635 -0.00145547 -9.26689e-25)
(0.999678 -0.00126717 7.60868e-25)
(0.999716 -0.00110115 2.74707e-25)
(0.999751 -0.000955086 -1.49352e-24)
(0.999782 -0.000826835 5.95145e-25)
(0.999809 -0.000714457 -3.67709e-26)
(0.999833 -0.000616189 1.70519e-25)
(0.999855 -0.000530431 -7.22616e-26)
(0.999874 -0.00045575 2.67573e-26)
(0.999891 -0.000390837 1.07712e-26)
(0.999905 -0.000334554 5.72957e-26)
(0.999918 -0.000285823 -8.22183e-27)
(0.99993 -0.000243784 -1.26893e-26)
(0.99994 -0.000207499 1.46992e-27)
(0.999948 -0.000176435 4.43812e-26)
(0.999956 -0.000149588 -5.50936e-26)
(0.999962 -0.000127042 -7.49712e-27)
(0.999969 -0.000107059 3.52591e-27)
(0.999972 -9.15929e-05 1.66941e-26)
(0.999979 -7.52193e-05 -4.79948e-26)
(1.00174 -0.0513649 8.57619e-23)
(1.00107 -0.0479751 -2.1581e-23)
(1.00049 -0.044688 -1.86278e-23)
(0.999997 -0.0415156 5.98384e-23)
(0.999577 -0.0384684 -5.13452e-23)
(0.99923 -0.0355547 -1.30426e-24)
(0.998948 -0.032781 5.5305e-23)
(0.998727 -0.0301516 -3.05923e-23)
(0.998559 -0.0276694 -6.41083e-24)
(0.998439 -0.025335 6.50595e-24)
(0.998362 -0.0231478 8.76899e-24)
(0.99832 -0.0211056 -1.17343e-23)
(0.99831 -0.0192049 2.60291e-24)
(0.998325 -0.0174413 3.36436e-24)
(0.998361 -0.0158094 -1.44794e-24)
(0.998413 -0.0143033 1.13518e-24)
(0.998478 -0.0129166 -1.6491e-24)
(0.998553 -0.0116428 9.59797e-25)
(0.998634 -0.0104752 2.30272e-25)
(0.998719 -0.00940718 4.47476e-25)
(0.998805 -0.00843217 3.21626e-26)
(0.998892 -0.00754381 -1.27493e-24)
(0.998977 -0.00673603 1.86726e-25)
(0.99906 -0.00600301 -7.61492e-25)
(0.99914 -0.00533923 -6.76668e-25)
(0.999215 -0.00473942 1.99635e-24)
(0.999287 -0.00419861 -1.18978e-24)
(0.999354 -0.0037121 8.72991e-25)
(0.999417 -0.00327544 3.98909e-25)
(0.999475 -0.00288442 5.00875e-25)
(0.999529 -0.00253509 -4.83707e-25)
(0.999579 -0.00222371 -5.03369e-25)
(0.999624 -0.00194681 2.0702e-25)
(0.999665 -0.00170111 -5.86157e-27)
(0.999703 -0.00148358 -7.71637e-25)
(0.999737 -0.00129141 9.58989e-25)
(0.999768 -0.00112201 -2.11855e-25)
(0.999795 -0.000972979 1.82398e-25)
(0.99982 -0.000842143 -3.98564e-25)
(0.999842 -0.000727518 1.26947e-25)
(0.999862 -0.000627304 1.20512e-26)
(0.99988 -0.000539864 2.39884e-25)
(0.999895 -0.000463735 -1.35171e-25)
(0.999909 -0.000397577 3.90384e-26)
(0.999921 -0.00034023 6.84766e-26)
(0.999932 -0.000290588 6.70708e-26)
(0.999941 -0.000247779 3.64208e-26)
(0.999949 -0.000210831 2.44654e-26)
(0.999957 -0.000179223 -2.10109e-26)
(0.999963 -0.000151892 -4.02406e-26)
(0.999968 -0.000128981 3.40073e-27)
(0.999974 -0.000108632 5.695e-27)
(0.999977 -9.29546e-05 -2.49398e-26)
(0.999983 -7.62597e-05 -1.10005e-26)
(1.00453 -0.0517127 9.60515e-23)
(1.00365 -0.0483388 -6.55069e-24)
(1.00287 -0.0450624 -5.03611e-23)
(1.00218 -0.0418959 -7.38247e-23)
(1.00158 -0.03885 6.73213e-23)
(1.00106 -0.0359336 -5.42665e-24)
(1.00062 -0.0331536 -4.14293e-23)
(1.00025 -0.030515 2.21249e-23)
(0.99995 -0.0280208 5.31241e-23)
(0.999703 -0.0256726 -1.66252e-23)
(0.999508 -0.0234698 6.90102e-24)
(0.999359 -0.0214107 9.18855e-24)
(0.999249 -0.0194923 -2.34326e-23)
(0.999173 -0.0177105 1.08561e-23)
(0.999125 -0.0160601 -4.13083e-24)
(0.999101 -0.0145356 -3.45695e-25)
(0.999096 -0.0131309 5.71757e-24)
(0.999107 -0.0118395 -3.319e-24)
(0.999131 -0.0106549 2.84031e-24)
(0.999163 -0.00957065 -2.32727e-24)
(0.999202 -0.00858023 -2.87831e-25)
(0.999245 -0.00767737 9.03364e-25)
(0.999292 -0.00685604 -2.35496e-25)
(0.999339 -0.00611044 -1.95198e-25)
(0.999388 -0.00543502 2.29219e-25)
(0.999435 -0.00482453 -3.70567e-25)
(0.999481 -0.00427397 4.4386e-25)
(0.999526 -0.00377859 -5.73772e-25)
(0.999568 -0.00333391 1.53007e-25)
(0.999608 -0.00293567 -3.90062e-25)
(0.999646 -0.00257986 5.97384e-25)
(0.999681 -0.00226271 -1.21893e-25)
(0.999714 -0.00198067 2.71731e-25)
(0.999744 -0.00173043 -2.16009e-25)
(0.999771 -0.00150889 8.7643e-27)
(0.999797 -0.00131319 2.7618e-25)
(0.99982 -0.0011407 2.33747e-25)
(0.99984 -0.000988975 -2.94009e-26)
(0.999859 -0.000855789 -2.23879e-25)
(0.999876 -0.000739127 -9.91003e-26)
(0.999891 -0.000637152 -1.52552e-25)
(0.999905 -0.000548193 -1.93682e-25)
(0.999917 -0.00047076 6.54434e-26)
(0.999928 -0.000403484 -4.14954e-26)
(0.999937 -0.000345186 -1.54022e-25)
(0.999945 -0.000294728 -1.5425e-26)
(0.999953 -0.000251237 -6.61559e-26)
(0.999959 -0.000213698 2.61173e-26)
(0.999965 -0.000181614 -2.7105e-27)
(0.99997 -0.000153852 5.68624e-26)
(0.999974 -0.00013063 2.85624e-27)
(0.999979 -0.00010995 1.86431e-26)
(0.999981 -9.4105e-05 3.78909e-27)
(0.999986 -7.71146e-05 3.79691e-26)
(1.00727 -0.0519612 1.79259e-22)
(1.00618 -0.0486107 5.01064e-24)
(1.0052 -0.045352 -2.41227e-22)
(1.00433 -0.042198 1.67204e-22)
(1.00356 -0.0391598 -1.48497e-22)
(1.00288 -0.0362467 4.69047e-23)
(1.00228 -0.0334661 3.20029e-23)
(1.00177 -0.0308235 -4.83285e-23)
(1.00133 -0.0283225 3.08755e-23)
(1.00096 -0.0259648 -6.24597e-24)
(1.00065 -0.0237506 2.64193e-25)
(1.0004 -0.0216786 1.5804e-23)
(1.00019 -0.019746 -1.71129e-23)
(1.00002 -0.0179492 3.61714e-23)
(0.999891 -0.0162834 -1.50223e-23)
(0.999791 -0.0147432 -1.63715e-23)
(0.999717 -0.0133229 2.44452e-23)
(0.999664 -0.0120161 -1.19053e-23)
(0.99963 -0.0108166 8.9989e-24)
(0.99961 -0.00971791 -2.37527e-24)
(0.999601 -0.00871375 1.32903e-24)
(0.999601 -0.00779791 -4.48146e-24)
(0.999609 -0.00696439 -1.80706e-24)
(0.999621 -0.00620743 9.42736e-25)
(0.999638 -0.0055215 9.74587e-25)
(0.999657 -0.00490133 -2.71365e-25)
(0.999677 -0.00434191 -1.28547e-26)
(0.999699 -0.00383848 1.29427e-27)
(0.999721 -0.00338651 1.95543e-25)
(0.999743 -0.0029817 -5.68552e-26)
(0.999764 -0.00262002 6.24876e-26)
(0.999785 -0.00229762 1.58789e-25)
(0.999804 -0.00201092 -9.08339e-26)
(0.999823 -0.00175655 8.2322e-26)
(0.99984 -0.00153138 -2.44193e-25)
(0.999857 -0.0013325 1.38345e-25)
(0.999872 -0.00115722 1.39717e-25)
(0.999886 -0.00100306 1.45514e-26)
(0.999898 -0.000867762 1.23579e-25)
(0.99991 -0.000749272 -1.12401e-25)
(0.999921 -0.000645723 9.03833e-26)
(0.99993 -0.00055541 8.80798e-27)
(0.999939 -0.000476819 -5.71325e-26)
(0.999946 -0.000408552 7.90852e-26)
(0.999953 -0.000349415 4.58379e-26)
(0.999959 -0.00029824 -9.9893e-27)
(0.999965 -0.000254153 9.17975e-28)
(0.999969 -0.000216097 -1.06953e-26)
(0.999974 -0.000183606 -2.55114e-26)
(0.999977 -0.000155465 -3.02857e-26)
(0.999981 -0.000131986 -2.6533e-26)
(0.999984 -0.000111012 -2.17782e-26)
(0.999986 -9.50441e-05 1.25523e-27)
(0.999989 -7.77822e-05 -2.05119e-26)
(1.00867 -0.0487954 -9.94225e-24)
(1.0075 -0.0455609 5.11768e-23)
(1.00645 -0.0424256 5.54706e-23)
(1.00551 -0.039401 -1.43771e-22)
(1.00467 -0.0364969 6.83702e-23)
(1.00393 -0.033721 -5.87722e-23)
(1.00327 -0.0310793 1.30352e-24)
(1.00271 -0.0285759 1.48715e-23)
(1.00221 -0.0262131 9.96516e-24)
(1.00179 -0.0239915 -5.07392e-23)
(1.00143 -0.0219102 -2.01774e-23)
(1.00113 -0.0199668 1.18663e-23)
(1.00087 -0.0181581 2.55668e-23)
(1.00066 -0.0164797 1.00152e-23)
(1.00048 -0.0149265 8.45346e-24)
(1.00034 -0.0134929 -2.36338e-23)
(1.00022 -0.0121729 -8.78395e-24)
(1.00013 -0.0109604 6.37977e-24)
(1.00006 -0.00984912 4.40683e-24)
(1 -0.00883286 2.12067e-24)
(0.999959 -0.00790551 -3.23231e-24)
(0.999927 -0.00706114 4.53016e-25)
(0.999904 -0.00629404 2.11066e-24)
(0.999889 -0.00559868 -4.29889e-24)
(0.999879 -0.00496982 3.93036e-24)
(0.999874 -0.00440244 -1.23812e-24)
(0.999873 -0.00389176 7.08776e-25)
(0.999874 -0.00343323 -6.43165e-25)
(0.999878 -0.00302252 -1.08576e-25)
(0.999883 -0.00265554 5.46513e-25)
(0.999889 -0.00232843 -1.24289e-25)
(0.999895 -0.00203754 -1.33793e-25)
(0.999903 -0.00177947 8.09704e-26)
(0.99991 -0.00155104 2.12417e-26)
(0.999917 -0.00134931 1.29719e-26)
(0.999924 -0.00117154 -6.56409e-27)
(0.999931 -0.00101523 1.15206e-26)
(0.999938 -0.000878055 -1.10665e-25)
(0.999944 -0.000757949 5.73796e-26)
(0.99995 -0.000653012 6.13776e-27)
(0.999956 -0.00056151 1.67714e-26)
(0.999961 -0.000481907 -4.6244e-26)
(0.999965 -0.000412777 9.36249e-27)
(0.999969 -0.000352914 -2.48617e-26)
(0.999973 -0.00030112 4.38554e-26)
(0.999976 -0.000256526 -2.27755e-26)
(0.999979 -0.000218026 7.98965e-27)
(0.999982 -0.000185196 1.42618e-26)
(0.999984 -0.00015673 3.54935e-27)
(0.999987 -0.00013305 2.84836e-27)
(0.999989 -0.000111815 1.15674e-26)
(0.99999 -9.57723e-05 -4.72035e-27)
(0.999992 -7.82611e-05 8.59888e-27)
(1.0111 -0.0488974 -1.96773e-22)
(1.00976 -0.0456932 1.88023e-22)
(1.00854 -0.0425823 1.01698e-22)
(1.00743 -0.0395768 -1.68443e-22)
(1.00644 -0.0366867 8.56726e-23)
(1.00555 -0.0339204 -1.37447e-22)
(1.00476 -0.0312842 -9.17882e-24)
(1.00407 -0.0287828 8.85606e-23)
(1.00346 -0.0264189 -6.95633e-23)
(1.00292 -0.0241936 7.77937e-23)
(1.00246 -0.0221065 -5.00728e-23)
(1.00206 -0.0201556 4.86585e-24)
(1.00171 -0.0183379 -3.32525e-23)
(1.00142 -0.0166496 2.12098e-23)
(1.00117 -0.0150858 1.88811e-23)
(1.00096 -0.0136413 -4.93314e-24)
(1.00078 -0.0123102 -7.88576e-24)
(1.00063 -0.0110866 4.9345e-24)
(1.00051 -0.00996448 8.81604e-24)
(1.0004 -0.0089377 -1.16845e-23)
(1.00032 -0.00800028 9.7108e-25)
(1.00025 -0.00714636 2.69228e-24)
(1.00019 -0.0063703 2.06665e-24)
(1.00014 -0.00566661 -2.15579e-24)
(1.0001 -0.00503005 3.56427e-24)
(1.00007 -0.00445559 -3.67981e-24)
(1.00005 -0.00393846 2.39541e-24)
(1.00003 -0.0034741 -1.4168e-25)
(1.00001 -0.00305813 5.31286e-25)
(1 -0.00268644 -2.08425e-25)
(0.999993 -0.00235513 -1.1448e-25)
(0.999987 -0.00206053 4.3534e-25)
(0.999983 -0.00179918 -2.1837e-25)
(0.99998 -0.00156788 -9.53702e-26)
(0.999978 -0.00136363 -1.15371e-25)
(0.999977 -0.00118368 -4.14751e-26)
(0.999977 -0.00102548 -8.33018e-26)
(0.999978 -0.000886663 1.9763e-26)
(0.999979 -0.000765153 4.32953e-26)
(0.99998 -0.000659015 -1.03881e-26)
(0.999981 -0.00056649 -1.85442e-26)
(0.999983 -0.000486022 1.27051e-26)
(0.999984 -0.000416157 4.71438e-27)
(0.999985 -0.000355683 -1.3364e-26)
(0.999987 -0.000303367 -8.76213e-28)
(0.999988 -0.000258354 -1.30373e-26)
(0.999989 -0.000219484 6.7883e-27)
(0.999991 -0.000186384 -1.10732e-26)
(0.999992 -0.000157645 2.81172e-27)
(0.999993 -0.000133821 -1.22552e-27)
(0.999994 -0.000112359 1.84787e-27)
(0.999995 -9.6291e-05 1.58853e-27)
(0.999996 -7.85505e-05 6.06332e-28)
(1.01349 -0.0489214 -1.86876e-22)
(1.01197 -0.0457528 5.80906e-23)
(1.01058 -0.0426717 1.61612e-22)
(1.00932 -0.0396902 -4.47079e-23)
(1.00818 -0.036819 -4.56525e-23)
(1.00715 -0.0340667 4.65631e-23)
(1.00623 -0.0314404 9.28942e-23)
(1.00541 -0.028945 -6.19688e-23)
(1.00469 -0.0265838 1.18514e-24)
(1.00404 -0.0243583 -5.11234e-23)
(1.00348 -0.0222686 1.69743e-23)
(1.00299 -0.0203131 -5.12822e-23)
(1.00256 -0.0184894 -2.34934e-24)
(1.00218 -0.0167938 5.49778e-23)
(1.00186 -0.0152218 -1.24355e-23)
(1.00158 -0.0137685 -2.92318e-23)
(1.00134 -0.0124283 1.87157e-23)
(1.00113 -0.0111955 -1.38436e-25)
(1.00096 -0.0100642 8.24003e-24)
(1.00081 -0.00902845 -1.15741e-24)
(1.00068 -0.00808237 -5.60944e-24)
(1.00057 -0.00722019 -2.02436e-25)
(1.00047 -0.00643629 3.17808e-24)
(1.00039 -0.00572537 3.60822e-24)
(1.00033 -0.00508207 -2.87551e-24)
(1.00027 -0.0045014 -3.12806e-24)
(1.00022 -0.00397862 1.78179e-24)
(1.00018 -0.00350912 -1.09592e-24)
(1.00015 -0.00308854 1.60355e-24)
(1.00012 -0.00271273 -1.03493e-24)
(1.0001 -0.00237775 -1.10933e-24)
(1.00008 -0.0020799 -3.83937e-25)
(1.00006 -0.00181569 7.24681e-25)
(1.00005 -0.00158189 8.09341e-27)
(1.00004 -0.00137546 1.727e-25)
(1.00003 -0.00119363 -4.17362e-25)
(1.00002 -0.0010338 1.6878e-25)
(1.00002 -0.000893587 -4.93441e-27)
(1.00001 -0.000770883 2.77997e-25)
(1.00001 -0.000663733 -8.81026e-26)
(1.00001 -0.00057035 6.21279e-26)
(1 -0.000489163 -5.48725e-27)
(1 -0.000418692 -1.05246e-26)
(1 -0.000357721 -3.79168e-27)
(1 -0.000304982 -2.80226e-27)
(1 -0.000259639 3.15439e-27)
(0.999999 -0.000220472 1.08226e-27)
(0.999999 -0.000187173 2.12796e-27)
(0.999999 -0.00015821 -2.51656e-27)
(0.999999 -0.000134302 1.02075e-27)
(0.999999 -0.000112643 2.12143e-27)
(0.999999 -9.66024e-05 3.73741e-27)
(0.999999 -7.86494e-05 4.51756e-27)
(1.01581 -0.048872 -3.24538e-22)
(1.01413 -0.0457441 -1.99998e-22)
(1.01259 -0.0426974 1.6792e-22)
(1.01117 -0.0397445 1.57128e-23)
(1.00989 -0.0368965 -1.95132e-23)
(1.00873 -0.0341625 9.3817e-23)
(1.00768 -0.03155 -8.84338e-23)
(1.00674 -0.0290643 3.79622e-23)
(1.0059 -0.0267093 -1.93628e-23)
(1.00516 -0.0244869 3.31674e-23)
(1.00449 -0.0223976 -6.35395e-23)
(1.00391 -0.0204405 5.66326e-23)
(1.00339 -0.0186133 -4.05504e-24)
(1.00294 -0.0169129 -2.35681e-23)
(1.00254 -0.015335 3.34081e-23)
(1.0022 -0.013875 -2.02999e-23)
(1.0019 -0.0125276 -1.46577e-24)
(1.00163 -0.0112874 5.57788e-24)
(1.00141 -0.0101485 7.00962e-24)
(1.00121 -0.00910531 -2.00646e-23)
(1.00104 -0.00815194 5.5952e-24)
(1.00089 -0.00728275 1.29123e-23)
(1.00076 -0.00649219 -8.47214e-24)
(1.00065 -0.00577496 8.42849e-24)
(1.00055 -0.00512593 -1.12474e-23)
(1.00047 -0.00453992 9.32066e-25)
(1.0004 -0.00401226 3.64789e-24)
(1.00034 -0.00353834 -9.39713e-25)
(1.00029 -0.00311378 -2.49536e-24)
(1.00024 -0.00273441 1.34286e-24)
(1.0002 -0.00239628 1.76902e-24)
(1.00017 -0.00209565 -1.61182e-24)
(1.00014 -0.001829 -1.63217e-27)
(1.00012 -0.00159307 3.82372e-25)
(1.0001 -0.00138481 -2.39238e-26)
(1.00008 -0.00120139 -1.4411e-25)
(1.00007 -0.00104021 2.6136e-25)
(1.00006 -0.00089883 2.95013e-26)
(1.00005 -0.000775142 -2.93923e-25)
(1.00004 -0.000667168 -5.67232e-26)
(1.00003 -0.000573092 -8.32803e-26)
(1.00003 -0.000491334 1.22966e-25)
(1.00002 -0.000420384 -4.42621e-26)
(1.00002 -0.00035903 7.2252e-26)
(1.00001 -0.000305965 -3.76094e-26)
(1.00001 -0.000260382 -6.68426e-27)
(1.00001 -0.000220989 -1.95268e-26)
(1.00001 -0.000187562 1.78658e-26)
(1.00001 -0.000158427 -1.42948e-26)
(1.00001 -0.000134495 4.53222e-27)
(1 -0.000112666 3.42405e-27)
(1 -9.67094e-05 -1.42545e-28)
(1 -7.85574e-05 -2.28954e-26)
(1.01624 -0.0456711 3.6539e-22)
(1.01455 -0.0426632 2.56894e-24)
(1.01299 -0.0397431 -7.43189e-23)
(1.01157 -0.0369223 -5.85302e-23)
(1.01028 -0.0342104 -1.40708e-23)
(1.00911 -0.0316152 -4.19683e-23)
(1.00806 -0.0291427 -4.85303e-24)
(1.00711 -0.026797 1.6749e-23)
(1.00626 -0.0245808 -3.88433e-23)
(1.0055 -0.0224949 3.61049e-23)
(1.00482 -0.0205388 4.77515e-23)
(1.00422 -0.0187106 -1.66538e-23)
(1.00369 -0.0170076 7.7827e-24)
(1.00322 -0.015426 -5.51535e-23)
(1.00281 -0.0139613 6.00271e-23)
(1.00245 -0.0126087 -4.92962e-23)
(1.00213 -0.0113627 3.13155e-23)
(1.00185 -0.0102178 -4.02567e-23)
(1.00161 -0.00916857 1.18838e-23)
(1.00139 -0.00820923 9.21335e-24)
(1.00121 -0.00733425 -7.54558e-24)
(1.00104 -0.00653818 -4.42425e-24)
(1.0009 -0.00581566 1.31763e-23)
(1.00078 -0.00516161 -5.08371e-24)
(1.00067 -0.00457122 6.77147e-24)
(1.00057 -0.00403946 -8.38298e-24)
(1.00049 -0.00356182 6.79679e-24)
(1.00042 -0.00313391 -1.79945e-24)
(1.00036 -0.00275155 3.67248e-25)
(1.00031 -0.00241077 -9.06699e-26)
(1.00026 -0.00210782 6.25192e-25)
(1.00022 -0.00183914 -1.47394e-24)
(1.00019 -0.00160146 1.49585e-24)
(1.00016 -0.00139168 -2.66197e-28)
(1.00014 -0.00120698 -1.09762e-24)
(1.00012 -0.00104471 1.13855e-24)
(1.0001 -0.000902398 -5.23093e-25)
(1.00008 -0.000777938 3.04643e-26)
(1.00007 -0.000669326 5.85901e-26)
(1.00006 -0.000574721 1.50956e-25)
(1.00005 -0.000492537 1.87259e-25)
(1.00004 -0.000421237 -1.61994e-25)
(1.00003 -0.000359614 8.80085e-26)
(1.00003 -0.00030632 -2.88633e-26)
(1.00002 -0.000260585 -2.00815e-26)
(1.00002 -0.000221038 2.13931e-26)
(1.00002 -0.000187556 -1.8994e-26)
(1.00001 -0.000158295 2.56439e-26)
(1.00001 -0.000134401 -1.65482e-27)
(1.00001 -0.000112429 -1.79202e-26)
(1.00001 -9.66161e-05 -3.58519e-27)
(1.00001 -7.8274e-05 3.56735e-26)
(1.0183 -0.0455387 -9.91518e-23)
(1.01647 -0.0425733 -1.41638e-22)
(1.01477 -0.0396897 2.69996e-22)
(1.01322 -0.0368997 -1.9453e-22)
(1.01181 -0.0342133 -1.50092e-22)
(1.01052 -0.0316387 4.29255e-23)
(1.00935 -0.0291825 5.32679e-23)
(1.00829 -0.0268492 1.9061e-23)
(1.00734 -0.0246419 3.23027e-23)
(1.00649 -0.022562 -6.35157e-23)
(1.00573 -0.0206093 9.85187e-23)
(1.00505 -0.0187825 1.59851e-23)
(1.00444 -0.0170791 -3.57786e-23)
(1.0039 -0.0154957 4.34273e-23)
(1.00342 -0.0140283 -6.17258e-23)
(1.003 -0.012672 3.29674e-23)
(1.00263 -0.0114218 -1.89885e-23)
(1.0023 -0.0102725 3.54785e-23)
(1.00201 -0.00921858 -3.35692e-23)
(1.00175 -0.00825453 -1.8403e-24)
(1.00153 -0.00737492 -3.56669e-25)
(1.00133 -0.00657438 -6.91761e-25)
(1.00115 -0.00584765 1.69075e-23)
(1.001 -0.00518955 1.75065e-24)
(1.00087 -0.00459544 -1.27084e-23)
(1.00075 -0.00406032 5.42297e-24)
(1.00065 -0.00357962 -8.88901e-24)
(1.00056 -0.00314897 4.0357e-24)
(1.00048 -0.00276418 1.86782e-24)
(1.00041 -0.00242126 -1.61132e-24)
(1.00035 -0.00211643 -6.36655e-26)
(1.0003 -0.00184614 -6.83883e-25)
(1.00026 -0.00160706 9.26363e-25)
(1.00022 -0.0013961 8.07577e-25)
(1.00019 -0.0012104 -1.42659e-24)
(1.00016 -0.00104732 4.37208e-25)
(1.00014 -0.000904304 2.29766e-25)
(1.00012 -0.000779279 -3.65196e-25)
(1.0001 -0.000670214 2.44625e-25)
(1.00008 -0.000575245 -4.15223e-25)
(1.00007 -0.00049278 2.30153e-25)
(1.00006 -0.000421255 -2.38595e-25)
(1.00005 -0.000359477 -2.22528e-27)
(1.00004 -0.00030605 8.28981e-26)
(1.00004 -0.000260254 -6.03664e-26)
(1.00003 -0.000220622 -1.39765e-26)
(1.00002 -0.000187157 -9.13672e-27)
(1.00002 -0.000157816 -1.36808e-26)
(1.00002 -0.000134026 -8.37216e-27)
(1.00001 -0.00011193 2.17663e-26)
(1.00001 -9.63272e-05 2.86863e-27)
(1.00001 -7.77992e-05 -1.8806e-26)
(1.02031 -0.0453496 -6.48785e-22)
(1.01834 -0.0424302 6.30718e-22)
(1.01652 -0.0395865 -2.57749e-22)
(1.01484 -0.0368305 -7.81573e-23)
(1.0133 -0.0341727 1.8283e-22)
(1.0119 -0.0316218 -1.17451e-22)
(1.01062 -0.0291847 7.44491e-24)
(1.00946 -0.0268665 -1.03752e-22)
(1.00842 -0.0246707 2.1166e-23)
(1.00747 -0.0225992 5.755e-23)
(1.00662 -0.0206523 5.66933e-23)
(1.00586 -0.0188291 -5.32997e-23)
(1.00518 -0.0171274 -1.15205e-23)
(1.00457 -0.0155442 -1.47556e-23)
(1.00403 -0.0140757 -4.41968e-23)
(1.00355 -0.0127176 5.09263e-23)
(1.00312 -0.0114649 -1.42331e-23)
(1.00274 -0.0103125 -7.56155e-24)
(1.0024 -0.00925526 5.65205e-24)
(1.00211 -0.00828775 2.69221e-23)
(1.00184 -0.00740466 -1.23142e-23)
(1.00161 -0.0066007 -1.30844e-23)
(1.0014 -0.00587071 3.74974e-24)
(1.00122 -0.00520966 -4.00857e-24)
(1.00106 -0.00461254 1.15997e-23)
(1.00092 -0.00407478 -5.36567e-24)
(1.0008 -0.00359169 5.63917e-24)
(1.00069 -0.00315892 -8.3381e-24)
(1.0006 -0.00277226 4.69008e-24)
(1.00052 -0.0024277 -2.73921e-24)
(1.00045 -0.00212147 2.85847e-24)
(1.00038 -0.00184997 1.62905e-24)
(1.00033 -0.00160986 -2.42671e-24)
(1.00028 -0.00139805 6.1555e-25)
(1.00024 -0.00121166 7.51091e-25)
(1.00021 -0.00104804 -8.11358e-26)
(1.00018 -0.000904544 -1.01209e-24)
(1.00015 -0.000779157 9.95269e-26)
(1.00013 -0.000669827 8.45688e-25)
(1.00011 -0.000574658 -2.33312e-25)
(1.00009 -0.00049206 -3.37329e-25)
(1.00008 -0.000420437 1.9646e-25)
(1.00007 -0.00035862 -6.89516e-26)
(1.00006 -0.000305156 3.3858e-26)
(1.00005 -0.000259388 -1.96957e-26)
(1.00004 -0.000219742 -4.89662e-26)
(1.00003 -0.000186369 4.76121e-26)
(1.00003 -0.000156992 2.06309e-27)
(1.00002 -0.000133372 4.94148e-27)
(1.00002 -0.000111169 -1.97421e-26)
(1.00002 -9.58476e-05 1.79316e-27)
(1.00001 -7.71332e-05 5.64004e-27)
(1.02017 -0.0422301 4.68738e-22)
(1.01822 -0.0394296 -1.11511e-22)
(1.01643 -0.036711 7.88504e-24)
(1.01477 -0.034085 -1.09154e-22)
(1.01326 -0.0315609 4.64418e-23)
(1.01188 -0.029146 -1.71778e-22)
(1.01062 -0.0268458 4.64193e-24)
(1.00947 -0.0246644 1.49853e-24)
(1.00844 -0.022604 8.51068e-23)
(1.00751 -0.0206654 -8.32e-23)
(1.00667 -0.0188481 4.94722e-24)
(1.00591 -0.0171504 9.73274e-23)
(1.00524 -0.0155695 -4.76111e-23)
(1.00463 -0.0141021 4.2028e-24)
(1.00409 -0.0127439 2.12267e-24)
(1.00361 -0.0114903 3.18674e-24)
(1.00318 -0.0103366 7.23606e-24)
(1.0028 -0.00927752 -4.07417e-23)
(1.00246 -0.00830795 2.48808e-23)
(1.00216 -0.00742265 1.86299e-23)
(1.00189 -0.00661646 -3.29694e-23)
(1.00166 -0.00588427 1.99736e-23)
(1.00145 -0.0052211 -1.55376e-23)
(1.00126 -0.00462204 3.27823e-24)
(1.0011 -0.00408243 -4.06068e-24)
(1.00096 -0.00359771 5.97274e-24)
(1.00083 -0.00316348 9.87308e-24)
(1.00072 -0.00277555 -1.05809e-23)
(1.00062 -0.0024299 4.62107e-25)
(1.00054 -0.00212274 2.03778e-24)
(1.00046 -0.00185047 1.12424e-24)
(1.0004 -0.00160975 -6.13169e-25)
(1.00034 -0.00139744 4.47888e-25)
(1.0003 -0.00121067 -1.52091e-24)
(1.00025 -0.00104686 3.09594e-25)
(1.00022 -0.000903075 7.69506e-25)
(1.00019 -0.000777538 -5.55273e-25)
(1.00016 -0.000668138 -4.14589e-25)
(1.00013 -0.00057294 2.9543e-25)
(1.00011 -0.000490362 -4.516e-26)
(1.0001 -0.000418773 1.09595e-25)
(1.00008 -0.000357034 3.85602e-27)
(1.00007 -0.000303632 -6.617e-26)
(1.00006 -0.000257987 5.69881e-26)
(1.00005 -0.000218395 -1.48815e-26)
(1.00004 -0.000185191 -2.21959e-27)
(1.00003 -0.000155821 4.99757e-26)
(1.00003 -0.000132443 1.24696e-27)
(1.00002 -0.000110146 -5.42075e-28)
(1.00002 -9.51833e-05 -4.02937e-27)
(1.00001 -7.62759e-05 2.45523e-26)
(1.02196 -0.0419809 1.24223e-23)
(1.01989 -0.0392267 4.59217e-22)
(1.01798 -0.0365483 -7.14659e-23)
(1.01621 -0.0339571 -3.28872e-23)
(1.01459 -0.0314625 1.01892e-22)
(1.01311 -0.0290724 -4.25498e-23)
(1.01175 -0.0267928 -2.24036e-22)
(1.01052 -0.0246281 2.3297e-22)
(1.0094 -0.0225811 -7.96908e-23)
(1.00838 -0.020653 -7.7482e-23)
(1.00747 -0.0188437 1.62957e-22)
(1.00664 -0.0171519 -6.1793e-23)
(1.0059 -0.0155751 -8.24158e-23)
(1.00523 -0.0141104 -2.19432e-23)
(1.00463 -0.0127537 6.8599e-23)
(1.0041 -0.0115008 3.33197e-23)
(1.00362 -0.010347 -7.1123e-23)
(1.00319 -0.00928738 6.23984e-23)
(1.00281 -0.0083169 -2.06061e-23)
(1.00247 -0.00743048 -2.22353e-23)
(1.00217 -0.00662303 1.30569e-23)
(1.0019 -0.00588954 -1.14722e-23)
(1.00167 -0.00522509 1.64656e-23)
(1.00146 -0.00462483 1.00018e-23)
(1.00127 -0.00408409 -1.7607e-23)
(1.00111 -0.00359835 3.47191e-24)
(1.00096 -0.00316324 1.38722e-24)
(1.00084 -0.00277455 2.02695e-25)
(1.00073 -0.00242827 -5.54268e-24)
(1.00063 -0.00212057 1.9639e-24)
(1.00054 -0.00184795 2.44645e-24)
(1.00047 -0.00160697 -3.05392e-24)
(1.0004 -0.00139446 1.79055e-24)
(1.00035 -0.00120758 1.90633e-25)
(1.0003 -0.00104361 -9.88029e-26)
(1.00026 -0.000899966 6.91935e-25)
(1.00022 -0.000774516 -5.52993e-25)
(1.00019 -0.000665233 4.36912e-26)
(1.00016 -0.000570164 2.83367e-26)
(1.00014 -0.000487744 -5.58549e-25)
(1.00012 -0.00041631 5.95184e-25)
(1.0001 -0.000354759 -7.82339e-26)
(1.00008 -0.000301508 -2.37834e-25)
(1.00007 -0.000256074 1.91665e-25)
(1.00006 -0.000216599 -8.42113e-26)
(1.00005 -0.00018364 4.51772e-26)
(1.00004 -0.000154311 -2.38354e-26)
(1.00004 -0.000131251 -5.79917e-27)
(1.00003 -0.000108858 1.8278e-26)
(1.00003 -9.435e-05 7.28988e-27)
(1.00002 -7.5224e-05 -2.78623e-26)
(1.0237 -0.0417594 -1.06974e-22)
(1.02152 -0.0390502 1.5904e-22)
(1.0195 -0.0364108 -3.44291e-22)
(1.01763 -0.0338526 3.58174e-22)
(1.0159 -0.0313859 -4.27707e-22)
(1.01432 -0.0290188 1.53046e-22)
(1.01287 -0.0267579 -1.86104e-22)
(1.01155 -0.0246082 2.04772e-22)
(1.01034 -0.0225728 9.80467e-23)
(1.00925 -0.0206534 -2.20612e-22)
(1.00826 -0.0188505 6.06949e-23)
(1.00736 -0.0171629 2.86601e-23)
(1.00655 -0.0155889 -6.7782e-23)
(1.00582 -0.0141255 9.79387e-23)
(1.00517 -0.0127692 2.98202e-24)
(1.00458 -0.0115159 -7.04211e-23)
(1.00406 -0.0103611 5.74288e-23)
(1.00358 -0.00930008 -3.67846e-24)
(1.00316 -0.00832798 -3.97281e-23)
(1.00279 -0.0074398 1.84207e-23)
(1.00245 -0.00663057 7.22245e-24)
(1.00215 -0.00589533 2.61044e-23)
(1.00189 -0.00522922 -3.20631e-23)
(1.00165 -0.00462743 1.26576e-23)
(1.00145 -0.00408533 1.80169e-23)
(1.00126 -0.00359839 -2.15071e-23)
(1.0011 -0.00316224 6.71693e-24)
(1.00096 -0.00277269 -2.19315e-24)
(1.00083 -0.00242571 2.9139e-24)
(1.00072 -0.00211748 4.91549e-25)
(1.00062 -0.00184444 -2.66905e-24)
(1.00054 -0.00160317 -4.08818e-25)
(1.00046 -0.00139046 7.91893e-25)
(1.0004 -0.00120342 2.09493e-25)
(1.00034 -0.00103873 6.84433e-25)
(1.0003 -0.000895906 -9.14598e-25)
(1.00025 -0.000770693 1.41465e-24)
(1.00022 -0.0006616 -1.07619e-24)
(1.00018 -0.000566719 4.78902e-25)
(1.00016 -0.000484519 7.2957e-26)
(1.00013 -0.000413289 1.38383e-25)
(1.00011 -0.000351985 -2.21385e-25)
(1.0001 -0.000298927 2.61847e-26)
(1.00008 -0.000253762 9.77118e-27)
(1.00007 -0.000214431 -6.17311e-26)
(1.00006 -0.000181781 -6.45026e-26)
(1.00005 -0.000152496 3.22652e-26)
(1.00004 -0.000129836 2.11414e-26)
(1.00003 -0.000107308 -2.94596e-26)
(1.00003 -9.33827e-05 3.48331e-27)
(1.00002 -7.39715e-05 9.80396e-28)
(1.02541 -0.041577 8.67129e-23)
(1.02312 -0.0389115 -1.67239e-22)
(1.02099 -0.0363092 2.65277e-22)
(1.01901 -0.0337821 1.85144e-22)
(1.01719 -0.0313408 -4.38339e-22)
(1.01551 -0.0289943 1.0439e-22)
(1.01397 -0.0267495 -4.66092e-25)
(1.01256 -0.0246121 6.03583e-23)
(1.01128 -0.0225857 -6.87088e-23)
(1.01011 -0.0206726 5.25752e-23)
(1.00904 -0.0188736 -7.94891e-23)
(1.00808 -0.0171881 9.65199e-24)
(1.0072 -0.0156147 -1.40618e-23)
(1.00641 -0.0141509 8.91145e-23)
(1.0057 -0.0127932 -5.31618e-24)
(1.00506 -0.011538 -5.92469e-23)
(1.00449 -0.0103809 5.51889e-23)
(1.00397 -0.00931732 -2.01326e-23)
(1.00351 -0.00834259 1.02092e-23)
(1.0031 -0.00745179 1.50461e-23)
(1.00273 -0.00664004 -4.65066e-24)
(1.0024 -0.00590243 -1.65058e-23)
(1.00211 -0.00523413 7.18059e-24)
(1.00185 -0.0046304 -1.20074e-23)
(1.00162 -0.00408658 1.21734e-23)
(1.00141 -0.00359816 8.64077e-24)
(1.00123 -0.00316078 -1.41112e-23)
(1.00107 -0.00277022 5.23522e-25)
(1.00093 -0.00242244 2.19102e-24)
(1.00081 -0.00211363 -1.15749e-24)
(1.0007 -0.00184013 2.06986e-25)
(1.00061 -0.00159855 -1.87867e-24)
(1.00052 -0.00138568 3.39022e-25)
(1.00045 -0.00119862 -2.93183e-25)
(1.00039 -0.00103435 1.74247e-24)
(1.00033 -0.000891287 -1.94894e-24)
(1.00029 -0.000766143 6.99534e-25)
(1.00025 -0.00065726 -7.59164e-25)
(1.00021 -0.00056261 7.30014e-25)
(1.00018 -0.000480683 1.20959e-25)
(1.00015 -0.00040971 -1.61024e-25)
(1.00013 -0.000348709 -6.6745e-26)
(1.00011 -0.00029589 -2.36694e-25)
(1.00009 -0.00025105 9.49137e-26)
(1.00008 -0.000211898 9.33003e-26)
(1.00007 -0.00017961 -1.23246e-25)
(1.00005 -0.000150388 4.11839e-26)
(1.00005 -0.000128186 -6.73592e-27)
(1.00004 -0.000105517 1.87522e-26)
(1.00003 -9.22527e-05 -4.6109e-27)
(1.00002 -7.25454e-05 -4.33764e-27)
(1.02649 -0.0409705 0)
(1.02413 -0.0383601 0)
(1.02194 -0.0358094 0)
(1.0199 -0.0333303 0)
(1.01802 -0.0309335 0)
(1.01628 -0.0286279 0)
(1.01469 -0.0264208 0)
(1.01322 -0.0243176 0)
(1.01188 -0.0223224 0)
(1.01066 -0.0204376 0)
(1.00955 -0.0186641 0)
(1.00854 -0.0170017 0)
(1.00763 -0.015449 0)
(1.0068 -0.0140035 0)
(1.00605 -0.0126624 0)
(1.00538 -0.0114219 0)
(1.00477 -0.0102779 0)
(1.00423 -0.00922601 0)
(1.00374 -0.00826168 0)
(1.0033 -0.00738013 0)
(1.00291 -0.00657659 0)
(1.00257 -0.00584629 0)
(1.00225 -0.0051845 0)
(1.00198 -0.00458655 0)
(1.00173 -0.00404787 0)
(1.00151 -0.00356403 0)
(1.00132 -0.00313071 0)
(1.00115 -0.00274375 0)
(1.001 -0.00239918 0)
(1.00087 -0.0020932 0)
(1.00075 -0.00182221 0)
(1.00065 -0.00158287 0)
(1.00056 -0.00137199 0)
(1.00049 -0.00118672 0)
(1.00042 -0.00102436 0)
(1.00036 -0.000882207 0)
(1.00031 -0.000758207 0)
(1.00026 -0.000650354 0)
(1.00023 -0.000556615 0)
(1.00019 -0.000475492 0)
(1.00016 -0.00040522 0)
(1.00014 -0.000344838 0)
(1.00012 -0.000292549 0)
(1.0001 -0.000248184 0)
(1.00008 -0.000209427 0)
(1.00007 -0.000177508 0)
(1.00006 -0.000148568 0)
(1.00005 -0.000126659 0)
(1.00004 -0.000104181 0)
(1.00004 -9.1147e-05 0)
(1.00003 -7.15766e-05 0)
(1.02704 -0.0405388 0)
(1.02465 -0.037963 0)
(1.02242 -0.0354453 0)
(1.02036 -0.0329976 0)
(1.01844 -0.0306304 0)
(1.01668 -0.0283526 0)
(1.01505 -0.0261714 0)
(1.01356 -0.0240924 0)
(1.0122 -0.0221196 0)
(1.01095 -0.0202553 0)
(1.00981 -0.0185007 0)
(1.00878 -0.0168554 0)
(1.00785 -0.0153183 0)
(1.007 -0.0138871 0)
(1.00623 -0.0125587 0)
(1.00554 -0.0113298 0)
(1.00492 -0.0101962 0)
(1.00436 -0.0091537 0)
(1.00386 -0.00819774 0)
(1.00341 -0.00732368 0)
(1.00301 -0.00652684 0)
(1.00265 -0.00580251 0)
(1.00233 -0.00514604 0)
(1.00204 -0.00455282 0)
(1.00179 -0.00401835 0)
(1.00157 -0.00353823 0)
(1.00137 -0.0031082 0)
(1.00119 -0.00272416 0)
(1.00104 -0.00238215 0)
(1.0009 -0.00207843 0)
(1.00078 -0.00180942 0)
(1.00068 -0.00157181 0)
(1.00058 -0.00136245 0)
(1.0005 -0.0011785 0)
(1.00043 -0.00101732 0)
(1.00037 -0.000876135 0)
(1.00032 -0.000753008 0)
(1.00027 -0.000645901 0)
(1.00023 -0.000552811 0)
(1.0002 -0.000472248 0)
(1.00017 -0.00040246 0)
(1.00014 -0.000342492 0)
(1.00012 -0.000290563 0)
(1.0001 -0.000246499 0)
(1.00009 -0.000208008 0)
(1.00007 -0.000176304 0)
(1.00006 -0.000147565 0)
(1.00005 -0.000125797 0)
(1.00004 -0.000103486 0)
(1.00004 -9.05157e-05 0)
(1.00003 -7.10925e-05 0)
(1.02758 -0.0400755 0)
(1.02516 -0.0375361 0)
(1.0229 -0.0350532 0)
(1.02081 -0.0326387 0)
(1.01886 -0.0303029 0)
(1.01707 -0.0280547 0)
(1.01541 -0.0259012 0)
(1.0139 -0.023848 0)
(1.0125 -0.0218991 0)
(1.01123 -0.0200569 0)
(1.01007 -0.0183225 0)
(1.00902 -0.0166958 0)
(1.00806 -0.0151756 0)
(1.0072 -0.0137597 0)
(1.00641 -0.0124453 0)
(1.00571 -0.011229 0)
(1.00507 -0.0101067 0)
(1.00449 -0.00907442 0)
(1.00398 -0.00812761 0)
(1.00352 -0.00726176 0)
(1.0031 -0.00647226 0)
(1.00273 -0.00575449 0)
(1.0024 -0.00510386 0)
(1.00211 -0.00451585 0)
(1.00185 -0.003986 0)
(1.00162 -0.00350998 0)
(1.00141 -0.00308358 0)
(1.00123 -0.00270273 0)
(1.00107 -0.00236355 0)
(1.00093 -0.00206231 0)
(1.00081 -0.00179548 0)
(1.0007 -0.00155977 0)
(1.0006 -0.00135208 0)
(1.00052 -0.00116956 0)
(1.00045 -0.00100962 0)
(1.00039 -0.000869564 0)
(1.00033 -0.000747396 0)
(1.00028 -0.000641105 0)
(1.00024 -0.000548725 0)
(1.00021 -0.00046877 0)
(1.00018 -0.000399508 0)
(1.00015 -0.000339987 0)
(1.00013 -0.000288447 0)
(1.00011 -0.000244707 0)
(1.00009 -0.000206505 0)
(1.00008 -0.000175027 0)
(1.00006 -0.00014651 0)
(1.00005 -0.000124885 0)
(1.00004 -0.000102761 0)
(1.00004 -8.98443e-05 0)
(1.00003 -7.05932e-05 0)
(1.02812 -0.0396119 0)
(1.02567 -0.0371088 0)
(1.02338 -0.0346608 0)
(1.02125 -0.0322794 0)
(1.01928 -0.0299749 0)
(1.01746 -0.0277562 0)
(1.01578 -0.0256303 0)
(1.01423 -0.0236028 0)
(1.01281 -0.0216778 0)
(1.01152 -0.0198576 0)
(1.01034 -0.0181435 0)
(1.00926 -0.0165353 0)
(1.00828 -0.015032 0)
(1.0074 -0.0136315 0)
(1.00659 -0.0123311 0)
(1.00587 -0.0111273 0)
(1.00522 -0.0100164 0)
(1.00463 -0.00899433 0)
(1.0041 -0.00805671 0)
(1.00362 -0.0071991 0)
(1.0032 -0.00641698 0)
(1.00282 -0.00570581 0)
(1.00248 -0.00506107 0)
(1.00218 -0.0044783 0)
(1.00191 -0.00395312 0)
(1.00167 -0.00348124 0)
(1.00146 -0.00305851 0)
(1.00127 -0.0026809 0)
(1.00111 -0.00234457 0)
(1.00096 -0.00204585 0)
(1.00084 -0.00178123 0)
(1.00072 -0.00154745 0)
(1.00063 -0.00134145 0)
(1.00054 -0.00116041 0)
(1.00046 -0.00100174 0)
(1.0004 -0.000862816 0)
(1.00034 -0.000741623 0)
(1.00029 -0.000636168 0)
(1.00025 -0.000544513 0)
(1.00021 -0.000465182 0)
(1.00018 -0.00039646 0)
(1.00016 -0.000337398 0)
(1.00013 -0.000286258 0)
(1.00011 -0.000242851 0)
(1.00009 -0.000204947 0)
(1.00008 -0.000173702 0)
(1.00007 -0.000145413 0)
(1.00006 -0.000123937 0)
(1.00005 -0.000102005 0)
(1.00004 -8.91487e-05 0)
(1.00003 -7.00713e-05 0)
(1.02866 -0.0391431 0)
(1.02618 -0.0366767 0)
(1.02386 -0.0342636 0)
(1.0217 -0.0319155 0)
(1.0197 -0.0296426 0)
(1.01784 -0.0274536 0)
(1.01614 -0.0253555 0)
(1.01456 -0.023354 0)
(1.01312 -0.021453 0)
(1.0118 -0.019655 0)
(1.01059 -0.0179614 0)
(1.0095 -0.0163719 0)
(1.0085 -0.0148858 0)
(1.00759 -0.0135008 0)
(1.00677 -0.0122145 0)
(1.00603 -0.0110235 0)
(1.00536 -0.00992415 0)
(1.00476 -0.00891246 0)
(1.00422 -0.00798419 0)
(1.00373 -0.00713497 0)
(1.00329 -0.00636037 0)
(1.0029 -0.00565592 0)
(1.00256 -0.00501719 0)
(1.00224 -0.00443977 0)
(1.00197 -0.00391935 0)
(1.00172 -0.00345171 0)
(1.00151 -0.00303273 0)
(1.00131 -0.00265844 0)
(1.00114 -0.00232504 0)
(1.00099 -0.00202889 0)
(1.00086 -0.00176654 0)
(1.00075 -0.00153475 0)
(1.00065 -0.00133049 0)
(1.00056 -0.00115096 0)
(1.00048 -0.000993609 0)
(1.00041 -0.000855841 0)
(1.00035 -0.000735651 0)
(1.0003 -0.000631058 0)
(1.00026 -0.000540151 0)
(1.00022 -0.000461464 0)
(1.00019 -0.000393299 0)
(1.00016 -0.000334713 0)
(1.00014 -0.000283985 0)
(1.00012 -0.000240924 0)
(1.0001 -0.000203327 0)
(1.00008 -0.000172326 0)
(1.00007 -0.000144271 0)
(1.00006 -0.000122952 0)
(1.00005 -0.000101215 0)
(1.00004 -8.84272e-05 0)
(1.00003 -6.95269e-05 0)
(1.02919 -0.0386652 0)
(1.02668 -0.0362357 0)
(1.02433 -0.0338581 0)
(1.02214 -0.0315437 0)
(1.02011 -0.0293028 0)
(1.01823 -0.0271439 0)
(1.01649 -0.0250741 0)
(1.01489 -0.0230989 0)
(1.01343 -0.0212224 0)
(1.01208 -0.0194471 0)
(1.01085 -0.0177743 0)
(1.00973 -0.016204 0)
(1.00871 -0.0147353 0)
(1.00779 -0.0133662 0)
(1.00695 -0.0120943 0)
(1.00619 -0.0109165 0)
(1.00551 -0.00982896 0)
(1.00489 -0.00882794 0)
(1.00433 -0.00790927 0)
(1.00384 -0.00706868 0)
(1.00339 -0.00630182 0)
(1.00299 -0.00560431 0)
(1.00263 -0.00497177 0)
(1.00231 -0.00439988 0)
(1.00203 -0.00388438 0)
(1.00178 -0.00342111 0)
(1.00155 -0.003006 0)
(1.00135 -0.00263515 0)
(1.00118 -0.00230478 0)
(1.00103 -0.0020113 0)
(1.00089 -0.00175129 0)
(1.00077 -0.00152156 0)
(1.00067 -0.00131911 0)
(1.00058 -0.00114115 0)
(1.0005 -0.000985163 0)
(1.00043 -0.000848593 0)
(1.00037 -0.000729443 0)
(1.00031 -0.000625746 0)
(1.00027 -0.000535616 0)
(1.00023 -0.000457598 0)
(1.00019 -0.000390012 0)
(1.00017 -0.000331919 0)
(1.00014 -0.000281622 0)
(1.00012 -0.000238919 0)
(1.0001 -0.000201642 0)
(1.00008 -0.000170893 0)
(1.00007 -0.000143082 0)
(1.00006 -0.000121927 0)
(1.00005 -0.000100392 0)
(1.00004 -8.76776e-05 0)
(1.00003 -6.89602e-05 0)
(1.02972 -0.0381778 0)
(1.02718 -0.0357857 0)
(1.0248 -0.0334439 0)
(1.02258 -0.0311638 0)
(1.02052 -0.0289552 0)
(1.01861 -0.0268269 0)
(1.01685 -0.0247858 0)
(1.01522 -0.0228374 0)
(1.01373 -0.0209858 0)
(1.01236 -0.0192336 0)
(1.01111 -0.017582 0)
(1.00997 -0.0160313 0)
(1.00893 -0.0145804 0)
(1.00799 -0.0132277 0)
(1.00713 -0.0119706 0)
(1.00635 -0.0108061 0)
(1.00565 -0.00973076 0)
(1.00502 -0.0087407 0)
(1.00445 -0.00783191 0)
(1.00394 -0.0070002 0)
(1.00348 -0.0062413 0)
(1.00307 -0.00555093 0)
(1.00271 -0.00492477 0)
(1.00238 -0.00435858 0)
(1.00209 -0.00384816 0)
(1.00183 -0.00338941 0)
(1.0016 -0.00297831 0)
(1.00139 -0.002611 0)
(1.00121 -0.00228377 0)
(1.00106 -0.00199305 0)
(1.00092 -0.00173547 0)
(1.00079 -0.00150788 0)
(1.00069 -0.00130729 0)
(1.00059 -0.00113096 0)
(1.00051 -0.000976393 0)
(1.00044 -0.000841066 0)
(1.00038 -0.000722995 0)
(1.00032 -0.000620227 0)
(1.00028 -0.000530905 0)
(1.00024 -0.000453581 0)
(1.0002 -0.000386596 0)
(1.00017 -0.000329016 0)
(1.00014 -0.000279165 0)
(1.00012 -0.000236835 0)
(1.0001 -0.00019989 0)
(1.00009 -0.000169404 0)
(1.00007 -0.000141847 0)
(1.00006 -0.000120862 0)
(1.00005 -9.95363e-05 0)
(1.00004 -8.68992e-05 0)
(1.00003 -6.83712e-05 0)
(1.03025 -0.0376814 0)
(1.02767 -0.0353271 0)
(1.02527 -0.0330215 0)
(1.02302 -0.030776 0)
(1.02093 -0.0286003 0)
(1.01899 -0.0265029 0)
(1.0172 -0.0244909 0)
(1.01555 -0.0225698 0)
(1.01403 -0.0207435 0)
(1.01264 -0.0190148 0)
(1.01137 -0.0173848 0)
(1.01021 -0.015854 0)
(1.00915 -0.0144213 0)
(1.00818 -0.0130852 0)
(1.00731 -0.0118432 0)
(1.00652 -0.0106925 0)
(1.0058 -0.0096296 0)
(1.00515 -0.00865079 0)
(1.00457 -0.00775213 0)
(1.00405 -0.00692953 0)
(1.00358 -0.00617883 0)
(1.00316 -0.0054958 0)
(1.00278 -0.00487622 0)
(1.00244 -0.0043159 0)
(1.00215 -0.00381072 0)
(1.00188 -0.00335662 0)
(1.00164 -0.00294966 0)
(1.00143 -0.00258601 0)
(1.00125 -0.00226201 0)
(1.00109 -0.00197415 0)
(1.00094 -0.00171909 0)
(1.00082 -0.0014937 0)
(1.00071 -0.00129504 0)
(1.00061 -0.0011204 0)
(1.00053 -0.0009673 0)
(1.00045 -0.00083326 0)
(1.00039 -0.000716305 0)
(1.00033 -0.000614502 0)
(1.00028 -0.000526016 0)
(1.00024 -0.000449412 0)
(1.00021 -0.000383051 0)
(1.00018 -0.000326003 0)
(1.00015 -0.000276614 0)
(1.00013 -0.000234671 0)
(1.00011 -0.000198071 0)
(1.00009 -0.000167858 0)
(1.00007 -0.000140563 0)
(1.00006 -0.000119755 0)
(1.00005 -9.86462e-05 0)
(1.00005 -8.60918e-05 0)
(1.00003 -6.77594e-05 0)
(1.03077 -0.0371759 0)
(1.02816 -0.0348598 0)
(1.02573 -0.0325909 0)
(1.02345 -0.0303803 0)
(1.02134 -0.0282379 0)
(1.01937 -0.026172 0)
(1.01756 -0.0241895 0)
(1.01588 -0.022296 0)
(1.01434 -0.0204955 0)
(1.01292 -0.0187905 0)
(1.01162 -0.0171827 0)
(1.01044 -0.0156721 0)
(1.00936 -0.014258 0)
(1.00838 -0.0129389 0)
(0.999792 4.60677e-06 -3.04261e-27)
(0.999823 3.88283e-06 -1.18349e-26)
(0.999849 3.26391e-06 1.15495e-26)
(0.999872 2.74393e-06 -9.52272e-27)
(0.999893 2.29317e-06 -6.66315e-27)
(0.999906 1.94099e-06 1.77076e-27)
(0.99993 1.58383e-06 -4.61996e-27)
)
;

boundaryField
{
    inlet
    {
        type            uniformFixedValue;
        uniformValue    constant (1 0 0);
        value           nonuniform 0();
    }
    outlet
    {
        type            pressureInletOutletVelocity;
        value           nonuniform List<vector> 
49
(
(1.00003 -7.15766e-05 0)
(1.00003 -7.10925e-05 0)
(1.00003 -7.05932e-05 0)
(1.00003 -7.00713e-05 0)
(1.00003 -6.95269e-05 0)
(1.00003 -6.89602e-05 0)
(1.00003 -6.83712e-05 0)
(1.00003 -6.77594e-05 0)
(0.99993 -2.3519e-06 4.61965e-27)
(0.99993 -6.28231e-06 -1.69064e-26)
(0.99993 -1.01972e-05 1.41241e-26)
(0.999931 -1.40865e-05 2.96325e-26)
(0.999932 -1.79401e-05 -4.38609e-26)
(0.999933 -2.17481e-05 1.54174e-26)
(0.999934 -2.55007e-05 9.3776e-27)
(0.999935 -2.91882e-05 -8.54321e-26)
(0.999936 -3.28013e-05 -3.01565e-27)
(0.999938 -3.63307e-05 2.11951e-25)
(0.99994 -3.97676e-05 -2.78809e-25)
(0.999941 -4.31033e-05 5.36354e-26)
(0.999943 -4.63295e-05 1.18732e-25)
(0.999946 -4.94383e-05 7.76338e-26)
(0.999948 -5.24219e-05 -4.07506e-26)
(0.99995 -5.52732e-05 -5.83761e-26)
(0.999953 -5.79854e-05 -9.94041e-27)
(0.999955 -6.0552e-05 1.01319e-25)
(0.999958 -6.29671e-05 -6.27047e-26)
(0.999961 -6.52251e-05 -1.52101e-26)
(0.999964 -6.73208e-05 1.15949e-26)
(0.999967 -6.92497e-05 -5.44893e-26)
(0.99997 -7.10075e-05 -4.49308e-26)
(0.999973 -7.25906e-05 8.05923e-26)
(0.999976 -7.39954e-05 1.17052e-26)
(0.999979 -7.52193e-05 -4.79948e-26)
(0.999983 -7.62597e-05 -1.10005e-26)
(0.999986 -7.71146e-05 3.79691e-26)
(0.999989 -7.77822e-05 -2.05119e-26)
(0.999992 -7.82611e-05 8.59888e-27)
(0.999996 -7.85505e-05 6.06332e-28)
(0.999999 -7.86494e-05 4.51756e-27)
(1 -7.85574e-05 -2.28954e-26)
(1.00001 -7.8274e-05 3.56735e-26)
(1.00001 -7.77992e-05 -1.8806e-26)
(1.00001 -7.71332e-05 5.64004e-27)
(1.00001 -7.62759e-05 2.45523e-26)
(1.00002 -7.5224e-05 -2.78623e-26)
(1.00002 -7.39715e-05 9.80396e-28)
(1.00002 -7.25454e-05 -4.33764e-27)
(0.99993 1.58383e-06 -4.61996e-27)
)
;
    }
    cylinder
    {
        type            fixedValue;
        value           nonuniform 0();
    }
    top
    {
        type            symmetryPlane;
    }
    bottom
    {
        type            symmetryPlane;
    }
    defaultFaces
    {
        type            empty;
    }
    procBoundary11to7
    {
        type            processor;
        value           nonuniform List<vector> 
58
(
(0.93077 0.00188864 -1.76493e-24)
(0.936102 0.00175522 -8.04259e-24)
(0.941125 0.00162671 -5.25311e-24)
(0.945845 0.00150352 -2.78949e-25)
(0.950269 0.00138596 -4.00264e-25)
(0.954404 0.0012743 4.84487e-24)
(0.95826 0.00116872 -2.59477e-24)
(0.961846 0.00106932 5.05324e-24)
(0.965174 0.000976146 -2.71256e-24)
(0.968256 0.000889166 -1.16782e-24)
(0.971104 0.000808289 4.35255e-24)
(0.973731 0.000733366 -2.89408e-24)
(0.97615 0.0006642 3.09251e-24)
(0.978372 0.000600557 -1.7452e-25)
(0.980412 0.000542166 1.64075e-24)
(0.982281 0.000488738 -2.79864e-24)
(0.983992 0.000439966 2.776e-25)
(0.985555 0.000395539 2.10405e-24)
(0.986982 0.000355142 -1.7088e-24)
(0.988283 0.000318468 -6.92152e-25)
(0.989467 0.00028522 8.0895e-25)
(0.990545 0.000255113 7.77387e-25)
(0.991524 0.000227882 -6.40084e-25)
(0.992412 0.000203277 3.35429e-25)
(0.993217 0.000181068 -2.04716e-25)
(0.993945 0.000161044 1.40772e-26)
(0.994603 0.000143009 5.47256e-25)
(0.995197 0.000126786 -1.95473e-25)
(0.995732 0.000112213 3.58445e-25)
(0.996213 9.91407e-05 -5.87315e-25)
(0.996645 8.74338e-05 2.45743e-25)
(0.997033 7.69675e-05 -2.03931e-26)
(0.99738 6.76271e-05 1.66724e-25)
(0.99769 5.93071e-05 -2.8048e-26)
(0.997966 5.19105e-05 -7.98551e-26)
(0.998213 4.53476e-05 -1.12307e-25)
(0.998432 3.9536e-05 -1.41636e-25)
(0.998626 3.44001e-05 -8.03825e-26)
(0.998799 2.98703e-05 -9.77185e-27)
(0.998952 2.58833e-05 5.61737e-26)
(0.999086 2.23809e-05 -7.23076e-26)
(0.999205 1.93106e-05 1.27007e-26)
(0.99931 1.66247e-05 1.24889e-26)
(0.999402 1.42799e-05 3.14745e-26)
(0.999482 1.22374e-05 1.81121e-26)
(0.999553 1.04622e-05 -3.89588e-26)
(0.999615 8.92286e-06 2.19984e-26)
(0.999669 7.59146e-06 -1.30526e-26)
(0.999716 6.44276e-06 -4.22454e-27)
(0.999756 5.45469e-06 4.69081e-27)
(0.999792 1.52295e-05 3.44804e-27)
(0.999823 1.29399e-05 -6.12663e-27)
(0.99985 1.09699e-05 -6.27188e-27)
(0.999872 9.30184e-06 2.27604e-28)
(0.999894 7.8443e-06 -5.04519e-27)
(0.999907 6.68963e-06 1.75671e-27)
(0.99993 5.51468e-06 -1.64207e-26)
(0.999756 5.45469e-06 4.69081e-27)
)
;
    }
    procBoundary11to10
    {
        type            processor;
        value           nonuniform List<vector> 
55
(
(0.925128 -0.00203985 1.61711e-23)
(0.925478 -0.00609652 2.16092e-23)
(0.926175 -0.0101242 9.46013e-24)
(0.927213 -0.0141039 -2.62233e-24)
(0.928583 -0.0180171 -2.50701e-23)
(0.930275 -0.0218464 -2.64857e-23)
(0.932274 -0.0255749 -3.72873e-23)
(0.934565 -0.029187 -9.75781e-23)
(0.937131 -0.0326686 -9.41337e-23)
(0.93995 -0.0360065 8.21838e-23)
(0.943002 -0.0391896 -4.94804e-23)
(0.946266 -0.0422077 -3.66481e-24)
(0.949717 -0.0450529 9.66354e-24)
(0.956412 -0.0446541 1.38231e-23)
(0.956412 -0.0446541 1.38231e-23)
(0.959842 -0.0470016 -8.69605e-23)
(0.963384 -0.0491769 -1.35285e-23)
(0.967016 -0.0511782 4.04657e-23)
(0.970719 -0.0530047 -5.04464e-24)
(0.974471 -0.054657 -2.71024e-24)
(0.978256 -0.0561369 9.73795e-24)
(0.98281 -0.0538498 -5.43955e-24)
(0.98281 -0.0538498 -5.43955e-24)
(0.986301 -0.0549629 1.99909e-23)
(0.98978 -0.0559273 -3.1215e-23)
(0.993235 -0.0567474 -7.90227e-23)
(0.996654 -0.0574284 2.31853e-22)
(0.999424 -0.0544047 2.15674e-23)
(0.999424 -0.0544047 2.15674e-23)
(1.00249 -0.0548436 4.92662e-23)
(1.00551 -0.0551697 -4.37957e-23)
(1.00847 -0.055389 -1.4998e-23)
(1.00995 -0.0521157 2.24664e-22)
(1.00995 -0.0521157 2.24664e-22)
(1.01258 -0.0521813 -1.63457e-22)
(1.01514 -0.0521634 3.88459e-24)
(1.01764 -0.0520669 -4.49008e-22)
(1.01808 -0.048754 -1.67733e-22)
(1.01808 -0.048754 -1.67733e-22)
(1.02029 -0.0485725 -4.76443e-22)
(1.02244 -0.0483309 -3.93749e-22)
(1.02227 -0.0451 3.47536e-22)
(1.02227 -0.0451 3.47536e-22)
(1.02418 -0.0447983 5.3448e-22)
(1.02604 -0.0445252 7.91955e-23)
(1.02786 -0.0442921 5.68409e-23)
(1.02901 -0.0436269 0)
(1.02959 -0.0431593 0)
(1.03017 -0.0426582 0)
(1.03074 -0.0421568 0)
(1.03131 -0.0416501 0)
(1.03187 -0.0411338 0)
(1.03243 -0.0406077 0)
(1.03299 -0.040072 0)
(1.03354 -0.0395271 0)
)
;
    }
    procBoundary11to15
    {
        type            processor;
        value           nonuniform List<vector> 
52
(
(1.00748 -0.0117124 0)
(1.00668 -0.0105757 0)
(1.00594 -0.00952551 0)
(1.00528 -0.0085582 0)
(1.00469 -0.00766993 0)
(1.00415 -0.0068567 0)
(1.00367 -0.00611441 0)
(1.00324 -0.00543893 0)
(1.00285 -0.00482611 0)
(1.00251 -0.00427184 0)
(1.0022 -0.00377204 0)
(1.00193 -0.00332274 0)
(1.00169 -0.00292004 0)
(1.00147 -0.00256018 0)
(1.00129 -0.00223952 0)
(1.00112 -0.0019546 0)
(1.00097 -0.00170213 0)
(1.00084 -0.00147902 0)
(1.00073 -0.00128237 0)
(1.00063 -0.00110946 0)
(1.00054 -0.000957883 0)
(1.00047 -0.000825174 0)
(1.0004 -0.000709374 0)
(1.00034 -0.000608569 0)
(1.00029 -0.000520949 0)
(1.00025 -0.00044509 0)
(1.00021 -0.000379375 0)
(1.00018 -0.000322878 0)
(1.00015 -0.000273969 0)
(1.00013 -0.000232427 0)
(1.00011 -0.000196184 0)
(1.00009 -0.000166254 0)
(1.00008 -0.000139232 0)
(1.00007 -0.000118607 0)
(1.00005 -9.77218e-05 0)
(1.00005 -8.52551e-05 0)
(1.00003 -6.71245e-05 0)
(1.03128 -0.0366615 0)
(1.02865 -0.0343839 0)
(1.02619 -0.0321521 0)
(1.02388 -0.0299769 0)
(1.02174 -0.0278681 0)
(1.01975 -0.025834 0)
(1.01791 -0.0238815 0)
(1.0162 -0.022016 0)
(1.01464 -0.0202416 0)
(1.0132 -0.0185609 0)
(1.01188 -0.0169755 0)
(1.01067 -0.0154855 0)
(1.00957 -0.0140904 0)
(1.00748 -0.0117124 0)
(1.00857 -0.0127886 0)
)
;
    }
}


// ************************************************************************* //
