/*--------------------------------*- C++ -*----------------------------------*\
  =========                 |
  \\      /  F ield         | OpenFOAM: The Open Source CFD Toolbox
   \\    /   O peration     | Website:  https://openfoam.org
    \\  /    A nd           | Version:  7
     \\/     M anipulation  |
\*---------------------------------------------------------------------------*/
FoamFile
{
    version     2.0;
    format      ascii;
    class       surfaceScalarField;
    location    "15";
    object      phi;
}
// * * * * * * * * * * * * * * * * * * * * * * * * * * * * * * * * * * * * * //

dimensions      [0 3 -1 0 0 0 0];

internalField   nonuniform List<scalar> 
5137
(
6.71689e-05
-3.77808e-05
8.96898e-05
-4.48734e-05
0.000115898
-5.22282e-05
0.000145861
-5.97173e-05
0.000179562
-6.71687e-05
0.000216871
-7.43573e-05
0.000257523
-8.10156e-05
0.00030105
-8.67385e-05
-9.16604e-05
0.000347053
6.90063e-05
-5.70481e-05
9.18639e-05
-6.7731e-05
0.000118448
-7.88118e-05
0.000148829
-9.00993e-05
0.000182997
-0.000101336
0.000220824
-0.000112184
0.000262051
-0.000122242
0.00030621
-0.000130898
-0.000138352
0.000352902
7.1758e-05
-7.67669e-05
9.51195e-05
-9.10924e-05
0.000122265
-0.000105957
0.000153273
-0.000121107
0.000188138
-0.000136201
0.00022674
-0.000150787
0.000268826
-0.000164328
0.000313931
-0.000176003
-0.000186072
0.000361651
7.54173e-05
-9.70856e-05
9.94481e-05
-0.000115123
0.00012734
-0.000133848
0.000159179
-0.000152947
0.000194969
-0.000171991
0.000234601
-0.000190419
0.000277828
-0.000207555
0.000324187
-0.000222362
-0.000235158
0.000373272
7.99752e-05
-0.000118151
0.000104839
-0.000139987
0.000133658
-0.000162668
0.000166531
-0.00018582
0.000203472
-0.000208933
0.000244383
-0.00023133
0.000289027
-0.000252198
0.000336944
-0.000270279
-0.000285939
0.000387726
8.54208e-05
-0.000140108
0.000111278
-0.000165845
0.000141205
-0.000192594
0.00017531
-0.000219925
0.000213622
-0.000247245
0.000256057
-0.000273765
0.000302388
-0.00029853
0.000352162
-0.000320053
-0.000338741
0.000404963
9.1741e-05
0.00011875
-0.000192854
0.000149958
-0.000223802
0.00018549
-0.000255456
0.000225388
-0.000287143
0.000269586
-0.000317962
0.000317869
-0.000346813
0.000369789
-0.000371972
-0.000393877
0.000424925
0.000127236
-0.00022117
0.000159897
-0.000256463
0.000197043
-0.000292602
0.000238737
-0.000328838
0.000284929
-0.000364154
0.00033542
-0.000397305
0.000389768
-0.00042632
-0.000451654
0.000447544
0.000136714
-0.000250942
0.000170994
-0.000290742
0.000209938
-0.000331547
0.00025363
-0.00037253
0.000302039
-0.000412563
0.000354986
-0.000450251
0.000412033
-0.000483367
-0.000512365
0.000472744
0.000147161
-0.000282316
0.00018322
-0.000326801
0.000224139
-0.000372466
0.000270024
-0.000418414
0.000320865
-0.000463404
0.000376503
-0.000505889
0.000436509
-0.000543373
-0.000576293
0.000500437
0.000158552
-0.000315434
0.000196544
-0.000364793
0.000239608
-0.00041553
0.00028787
-0.000466676
0.000341348
-0.000516881
0.000399903
-0.000564445
0.000463116
-0.000606586
-0.000643705
0.000530529
0.000170856
-0.00035043
0.000210931
-0.000404867
0.0002563
-0.000460899
0.000307117
-0.000517493
0.000363425
-0.000573189
0.000425111
-0.00062613
0.000491765
-0.00067324
-0.000714855
0.000562915
0.000184045
-0.000387436
0.000226343
-0.000447165
0.000274172
-0.000508728
0.00032771
-0.000571032
0.00038703
-0.000632509
0.000452044
-0.000691144
0.000522358
-0.000743554
-0.000789979
0.000597483
0.000198087
-0.000426574
0.000242741
-0.000491819
0.000293173
-0.00055916
0.000349588
-0.000627447
0.000412089
-0.00069501
0.000480617
-0.000759673
0.000554793
-0.00081773
-0.000869298
0.000634112
0.000212945
-0.000467963
0.000260082
-0.000538956
0.000313252
-0.00061233
0.000372688
-0.000686883
0.000438525
-0.000760847
0.000510736
-0.000831884
0.00058896
-0.000895954
-0.000953011
0.000672673
0.000228584
-0.000511713
0.000278322
-0.000588695
0.000334355
-0.000668363
0.000396944
-0.000749472
0.000466258
-0.00083016
0.000542303
-0.00090793
0.000624741
-0.000978392
-0.0010413
0.000713031
0.000244966
0.000297415
-0.000641143
0.000356424
-0.000727372
0.000422285
-0.000815333
0.000495201
-0.000903076
0.000575216
-0.000987944
0.000662015
-0.00106519
-0.00113433
0.000755041
0.00031731
-0.000696401
0.0003794
-0.000789462
0.000448639
-0.000884573
0.000525266
-0.000979703
0.000609365
-0.00107204
0.000700653
-0.00115648
-0.00123223
0.000798553
0.000337957
-0.000754562
0.000403219
-0.000854725
0.000475929
-0.000957282
0.00055636
-0.00106013
0.00064464
-0.00116032
0.00074052
-0.00125236
-0.00133511
0.00084341
0.000359303
-0.000815706
0.000427819
-0.000923241
0.000504077
-0.00103354
0.000588388
-0.00114445
0.000680924
-0.00125286
0.000781479
-0.00135291
-0.00144309
0.00088945
0.000381293
-0.000879906
0.000453132
-0.00099508
0.000533002
-0.00111341
0.000621252
-0.00123269
0.000718097
-0.00134971
0.000823386
-0.0014582
-0.00155621
0.000936506
0.000403872
-0.000947225
0.000479091
-0.0010703
0.000562623
-0.00119694
0.00065485
-0.00132492
0.000756038
-0.00145089
0.000866095
-0.00156826
-0.00167452
0.000984405
0.00042698
0.000505625
-0.00114894
0.000592854
-0.00128417
0.00068908
-0.00142115
0.000794621
-0.00155643
0.000909455
-0.00168309
-0.00179803
0.00103297
0.000532663
-0.00123105
0.00062361
-0.00137512
0.00072384
-0.00152138
0.000833721
-0.00166632
0.000953315
-0.00180269
-0.00192675
0.00108203
0.000560132
-0.00131664
0.000654803
-0.00146979
0.000759023
-0.0016256
0.000873208
-0.0017805
0.000997521
-0.001927
-0.00206061
0.00113139
0.000587956
-0.00140572
0.000686346
-0.00156818
0.000794525
-0.00173378
0.000912957
-0.00189893
0.00104192
-0.00205596
-0.00219957
0.00118088
0.000616059
-0.0014983
0.000718149
-0.00167027
0.000830242
-0.00184587
0.000952841
-0.00202153
0.00108636
-0.00218948
-0.00234352
0.00123031
0.000644363
0.000750123
-0.00177603
0.000866068
-0.00196182
0.000992735
-0.0021482
0.00113069
-0.00232744
-0.00249233
0.0012795
0.000782176
-0.00188542
0.000901902
-0.00208154
0.00103252
-0.00227882
0.00117477
-0.00246969
-0.00264585
0.00132828
0.000814217
-0.00199839
0.000937643
-0.00220497
0.00107208
-0.00241325
0.00121845
-0.00261606
-0.00280386
0.00137646
0.000846153
0.000973191
-0.00233201
0.0011113
-0.00255136
0.00126162
-0.00276638
-0.00296612
0.00142388
0.00100845
-0.00246257
0.00115009
-0.002693
0.00130415
-0.00292044
-0.00313234
0.00147037
0.00104332
-0.00259658
0.00118837
-0.00283805
0.00134596
-0.00307803
-0.00330216
0.00151578
0.00107771
0.00122606
-0.00298639
0.00138699
-0.00323896
-0.00347513
0.00155997
0.00126311
-0.00313798
0.00142723
-0.00340308
-0.00365076
0.00160285
0.00129948
-0.00329285
0.00146672
-0.00357032
-0.00382846
0.00164442
0.00133515
0.00150554
-0.00374072
-0.00400774
0.00168482
0.00154399
-0.00391459
-0.00418878
0.00172503
0.00158374
-0.0040941
-0.00437185
0.00176681
0.00162501
-0.00461128
0.00186444
-0.00483645
0.00188028
0.00188992
0.000569284
-1.74792e-05
0.000587086
-1.78019e-05
0.000605209
-1.81228e-05
0.000623647
-1.84383e-05
0.000642393
-1.87451e-05
0.000661433
-1.90405e-05
0.000680755
-1.93224e-05
0.000700344
-1.95888e-05
0.000720182
-1.98383e-05
0.000740252
-2.00698e-05
0.000760535
-2.02824e-05
0.00078101
-2.04755e-05
0.000801659
-2.06489e-05
0.000822461
-2.08024e-05
0.000843398
-2.0936e-05
0.000864448
-2.105e-05
0.000885592
-2.11446e-05
0.000906812
-2.12201e-05
0.00092809
-2.12772e-05
0.000949406
-2.13162e-05
0.000970744
-2.13379e-05
0.000992087
-2.13427e-05
0.00101342
-2.13314e-05
0.00103472
-2.13045e-05
0.00105599
-2.12627e-05
0.00107719
-2.12067e-05
0.00109833
-2.1137e-05
0.00111938
-2.10544e-05
0.00114034
-2.09594e-05
0.0011612
-2.08527e-05
0.00118193
-2.07348e-05
-2.06063e-05
0.000363015
-3.19778e-05
0.000378651
-3.13198e-05
0.000394104
-3.09489e-05
0.000409471
-3.07721e-05
0.000424836
-3.07665e-05
0.000440273
-3.09082e-05
0.000455843
-3.11722e-05
0.000471597
-3.15373e-05
0.000487574
-3.19849e-05
0.000503809
-3.24982e-05
0.000520325
-3.3062e-05
0.000537142
-3.36629e-05
0.000554272
-3.42889e-05
0.000571722
-3.49291e-05
0.000589494
-3.5574e-05
0.000607586
-3.62152e-05
0.000625993
-3.68453e-05
0.000644706
-3.74581e-05
0.000663714
-3.80482e-05
0.000683003
-3.86111e-05
0.000702557
-3.91431e-05
0.00072236
-3.96413e-05
0.000742394
-4.01035e-05
0.00076264
-4.0528e-05
0.000783078
-4.09136e-05
0.000803689
-4.12598e-05
0.000824453
-4.15663e-05
0.00084535
-4.18331e-05
0.00086636
-4.20607e-05
0.000887465
-4.22495e-05
0.000908646
-4.24005e-05
0.000929883
-4.25145e-05
0.000951159
-4.25926e-05
0.000972457
-4.26359e-05
0.00099376
-4.26457e-05
0.00101505
-4.26232e-05
0.00103632
-4.25697e-05
0.00105754
-4.24864e-05
0.00107871
-4.23747e-05
0.00109981
-4.22358e-05
0.00112082
-4.2071e-05
0.00114175
-4.18815e-05
0.00116256
-4.16686e-05
0.00118326
-4.14333e-05
-4.11769e-05
0.000368757
-4.78334e-05
0.000384298
-4.68602e-05
0.000399665
-4.63168e-05
0.000414954
-4.60608e-05
0.000430247
-4.60597e-05
0.000445617
-4.62778e-05
0.000461123
-4.66782e-05
0.000476815
-4.72292e-05
0.000492733
-4.79028e-05
0.000508909
-4.86741e-05
0.000525367
-4.95206e-05
0.000542127
-5.04221e-05
0.000559198
-5.13607e-05
0.00057659
-5.23202e-05
0.000594302
-5.32863e-05
0.000612333
-5.42466e-05
0.000630678
-5.51901e-05
0.000649327
-5.61074e-05
0.00066827
-5.69905e-05
0.000687491
-5.78327e-05
0.000706977
-5.86286e-05
0.000726709
-5.93739e-05
0.000746671
-6.00652e-05
0.000766843
-6.07001e-05
0.000787207
-6.1277e-05
0.000807742
-6.17948e-05
0.000828428
-6.22532e-05
0.000849248
-6.26524e-05
0.00087018
-6.29928e-05
0.000891206
-6.32754e-05
0.000912306
-6.35013e-05
0.000933464
-6.36721e-05
0.000954661
-6.37891e-05
0.000975879
-6.38543e-05
0.000997102
-6.38692e-05
0.00101832
-6.38359e-05
0.0010395
-6.37562e-05
0.00106065
-6.36321e-05
0.00108174
-6.34654e-05
0.00110276
-6.3258e-05
0.0011237
-6.30119e-05
0.00114455
-6.27289e-05
0.00116529
-6.24107e-05
0.00118592
-6.20592e-05
-6.16761e-05
0.000377347
-6.35289e-05
0.000392744
-6.22572e-05
0.000407984
-6.15567e-05
0.000423156
-6.12327e-05
0.000438341
-6.12447e-05
0.000453609
-6.15462e-05
0.000469019
-6.20881e-05
0.000484618
-6.28287e-05
0.000500447
-6.37312e-05
0.000516535
-6.47624e-05
0.000532907
-6.58924e-05
0.00054958
-6.70948e-05
0.000566564
-6.83455e-05
0.000583867
-6.96232e-05
0.00060149
-7.09092e-05
0.00061943
-7.21867e-05
0.000637682
-7.34414e-05
0.000656235
-7.46609e-05
0.000675079
-7.58345e-05
0.0006942
-7.69536e-05
0.000713583
-7.8011e-05
0.00073321
-7.9001e-05
0.000753064
-7.99191e-05
0.000773126
-8.07623e-05
0.000793377
-8.15284e-05
0.000813798
-8.22161e-05
0.00083437
-8.28249e-05
0.000855073
-8.33551e-05
0.000875887
-8.38073e-05
0.000896795
-8.41829e-05
0.000917777
-8.44833e-05
0.000938815
-8.47104e-05
0.000959892
-8.48664e-05
0.000980991
-8.49534e-05
0.0010021
-8.49739e-05
0.00102319
-8.49303e-05
0.00104426
-8.48252e-05
0.00106529
-8.4661e-05
0.00108626
-8.44404e-05
0.00110717
-8.41658e-05
0.001128
-8.38397e-05
0.00114873
-8.34646e-05
0.00116937
-8.30428e-05
0.00118988
-8.25767e-05
-8.20685e-05
0.000388755
-7.9011e-05
0.00040396
-7.74627e-05
0.000419029
-7.6626e-05
0.000434045
-7.62487e-05
0.000449086
-7.62852e-05
0.000464219
-7.66792e-05
0.000479501
-7.73697e-05
0.000494977
-7.83053e-05
0.000510686
-7.94403e-05
0.000526658
-8.07337e-05
0.000542914
-8.21486e-05
0.000559471
-8.3652e-05
0.00057634
-8.52142e-05
0.000593525
-8.6809e-05
0.000611029
-8.84128e-05
0.000628847
-9.00052e-05
0.000646974
-9.15683e-05
0.0006654
-9.30869e-05
0.000684113
-9.45479e-05
0.0007031
-9.59405e-05
0.000722345
-9.72561e-05
0.000741832
-9.84875e-05
0.000761542
-9.96295e-05
0.000781458
-0.000100678
0.000801561
-0.000101631
0.000821831
-0.000102486
0.000842249
-0.000103243
0.000862797
-0.000103903
0.000883455
-0.000104466
0.000904205
-0.000104933
0.000925029
-0.000105307
0.000945909
-0.00010559
0.000966828
-0.000105785
0.000987769
-0.000105894
0.00100872
-0.000105921
0.00102965
-0.000105868
0.00105057
-0.000105738
0.00107144
-0.000105535
0.00109226
-0.000105262
0.00111302
-0.000104922
0.0011337
-0.000104517
0.00115428
-0.000104052
0.00117477
-0.000103529
0.00119514
-0.00010295
-0.00010232
0.000402942
-9.42265e-05
0.000417908
-9.24289e-05
0.000432763
-9.14814e-05
0.000447584
-9.10693e-05
0.000462444
-9.11451e-05
0.000477407
-9.1643e-05
0.000492529
-9.24909e-05
0.000507851
-9.36279e-05
0.000523411
-9.50001e-05
0.000539236
-9.65588e-05
0.000555348
-9.82601e-05
0.000571761
-0.000100065
0.000588484
-0.000101938
0.000605524
-0.000103848
0.000622878
-0.000105767
0.000640544
-0.000107672
0.000658516
-0.00010954
0.000676782
-0.000111354
0.000695333
-0.000113098
0.000714152
-0.00011476
0.000733226
-0.00011633
0.000752537
-0.000117799
0.000772068
-0.000119161
0.000791802
-0.000120411
0.000811718
-0.000121548
0.0008318
-0.000122568
0.000852027
-0.000123471
0.000872382
-0.000124258
0.000892846
-0.000124929
0.000913401
-0.000125488
0.000934028
-0.000125935
0.000954711
-0.000126273
0.000975433
-0.000126507
0.000996177
-0.000126639
0.00101693
-0.000126672
0.00103767
-0.00012661
0.00105839
-0.000126457
0.00107907
-0.000126217
0.0010997
-0.000125893
0.00112027
-0.000125489
0.00114076
-0.000125009
0.00116117
-0.000124456
0.00118147
-0.000123834
0.00120167
-0.000123146
-0.000122395
0.000419859
-0.000109122
0.000434537
-0.000107108
0.000449136
-0.00010608
0.000463722
-0.000105655
0.000478364
-0.000105788
0.000493125
-0.000106403
0.000508053
-0.000107419
0.000523191
-0.000108766
0.000538572
-0.000110381
0.000554221
-0.000112208
0.00057016
-0.000114198
0.000586399
-0.000116305
0.000602949
-0.000118488
0.000619812
-0.000120711
0.000636988
-0.000122943
0.000654472
-0.000125156
0.000672257
-0.000127325
0.000690333
-0.000129429
0.000708687
-0.000131452
0.000727306
-0.000133379
0.000746175
-0.000135198
0.000765276
-0.0001369
0.000784593
-0.000138478
0.000804108
-0.000139926
0.000823803
-0.000141242
0.000843659
-0.000142424
0.000863659
-0.00014347
0.000883783
-0.000144382
0.000904015
-0.000145161
0.000924336
-0.000145809
0.000944729
-0.000146328
0.000965177
-0.000146722
0.000985664
-0.000146994
0.00100617
-0.000147148
0.00102669
-0.000147189
0.0010472
-0.00014712
0.00106769
-0.000146946
0.00108814
-0.00014667
0.00110855
-0.000146298
0.00112889
-0.000145833
0.00114916
-0.000145279
0.00116935
-0.000144641
0.00118943
-0.000143923
0.00120942
-0.000143129
-0.000142262
0.000439448
-0.000123645
0.000453791
-0.000121451
0.000468089
-0.000120378
0.000482401
-0.000119967
0.00049679
-0.000120176
0.000511312
-0.000120926
0.000526016
-0.000122123
0.000540938
-0.000123688
0.000556109
-0.000125553
0.000571554
-0.000127653
0.00058729
-0.000129934
0.000603328
-0.000132343
0.000619675
-0.000134835
0.000636333
-0.000137369
0.000653301
-0.000139911
0.000670572
-0.000142427
0.00068814
-0.000144892
0.000705993
-0.000147282
0.000724119
-0.000149579
0.000742505
-0.000151765
0.000761134
-0.000153827
0.000779991
-0.000155757
0.000799059
-0.000157546
0.00081832
-0.000159188
0.000837757
-0.000160679
0.000857352
-0.000162019
0.000877087
-0.000163205
0.000896944
-0.00016424
0.000916906
-0.000165123
0.000936956
-0.000165859
0.000957078
-0.000166449
0.000977254
-0.000166898
0.000997469
-0.000167209
0.00101771
-0.000167387
0.00103795
-0.000167436
0.0010582
-0.000167361
0.00107842
-0.000167167
0.00109861
-0.000166858
0.00111875
-0.00016644
0.00113883
-0.000165917
0.00115885
-0.000165293
0.00117878
-0.000164574
0.00119862
-0.000163764
0.00121836
-0.000162867
-0.000161887
0.000461641
-0.000137742
0.000475601
-0.00013541
0.000489556
-0.000134333
0.000503553
-0.000133964
0.000517651
-0.000134274
0.000531902
-0.000135177
0.000546347
-0.000136568
0.000561023
-0.000138363
0.000575956
-0.000140485
0.000591167
-0.000142865
0.000606671
-0.000145438
0.000622479
-0.00014815
0.000638594
-0.00015095
0.000655018
-0.000153793
0.000671747
-0.00015664
0.000688776
-0.000159456
0.000706095
-0.000162211
0.000723695
-0.000164881
0.000741561
-0.000167445
0.00075968
-0.000169884
0.000778037
-0.000172184
0.000796616
-0.000174336
0.0008154
-0.00017633
0.000834372
-0.00017816
0.000853516
-0.000179823
0.000872813
-0.000181316
0.000892247
-0.000182639
0.000911801
-0.000183793
0.000931458
-0.00018478
0.000951201
-0.000185602
0.000971015
-0.000186263
0.000990883
-0.000186766
0.00101079
-0.000187116
0.00103072
-0.000187319
0.00105066
-0.000187378
0.0010706
-0.000187299
0.00109052
-0.000187087
0.00111041
-0.000186748
0.00113026
-0.000186287
0.00115005
-0.000185708
0.00116977
-0.000185018
0.00118942
-0.000184222
0.00120898
-0.000183323
0.00122844
-0.000182328
-0.000181241
0.000486362
-0.00015136
0.00049989
-0.000148938
0.000513458
-0.000147901
0.000527101
-0.000147608
0.000540872
-0.000148045
0.000554816
-0.000149121
0.000568972
-0.000150724
0.00058337
-0.000152761
0.000598034
-0.000155149
0.000612982
-0.000157813
0.000628226
-0.000160683
0.000643775
-0.000163699
0.000659629
-0.000166805
0.00067579
-0.000169954
0.000692252
-0.000173102
0.000709007
-0.000176212
0.000726048
-0.000179252
0.000743361
-0.000182195
0.000760935
-0.000185019
0.000778756
-0.000187704
0.000796807
-0.000190236
0.000815074
-0.000192603
0.00083354
-0.000194796
0.000852189
-0.000196809
0.000871004
-0.000198638
0.000889969
-0.000200281
0.000909068
-0.000201738
0.000928283
-0.000203009
0.000947599
-0.000204096
0.000967
-0.000205003
0.00098647
-0.000205733
0.00100599
-0.000206291
0.00102556
-0.000206681
0.00104515
-0.000206908
0.00106475
-0.000206979
0.00108435
-0.000206898
0.00110393
-0.000206672
0.00112349
-0.000206305
0.00114301
-0.000205804
0.00116248
-0.000205175
0.00118188
-0.000204423
0.00120121
-0.000203553
0.00122046
-0.000202571
0.00123961
-0.000201483
-0.000200294
0.000513524
-0.000164447
0.000526572
-0.000161985
0.00053971
-0.000161039
0.00055296
-0.000160858
0.000566366
-0.000161451
0.000579969
-0.000162725
0.000593803
-0.000164558
0.000607892
-0.000166851
0.000622258
-0.000169515
0.000636914
-0.000172469
0.000651869
-0.000175639
0.00066713
-0.000178959
0.000682695
-0.000182371
0.000698563
-0.000185822
0.000714728
-0.000189266
0.000731181
-0.000192664
0.000747911
-0.000195983
0.000764908
-0.000199192
0.000782158
-0.000202269
0.000799647
-0.000205193
0.00081736
-0.000207949
0.000835282
-0.000210524
0.000853396
-0.00021291
0.000871688
-0.000215101
0.000890141
-0.000217091
0.000908739
-0.000218879
0.000927467
-0.000220466
0.000946309
-0.000221851
0.00096525
-0.000223037
0.000984274
-0.000224027
0.00100337
-0.000224826
0.00102251
-0.000225438
0.0010417
-0.000225869
0.00106092
-0.000226123
0.00108015
-0.000226207
0.00109937
-0.000226127
0.00111859
-0.000225889
0.00113779
-0.000225498
0.00115694
-0.000224962
0.00117605
-0.000224286
0.00119511
-0.000223476
0.00121409
-0.000222538
0.001233
-0.000221479
0.00125182
-0.000220303
-0.000219017
0.000543033
-0.000176952
0.000555553
-0.000174506
0.000568217
-0.000173703
0.000581034
-0.000173674
0.000594039
-0.000174456
0.000607267
-0.000175953
0.000620746
-0.000178036
0.000634496
-0.000180601
0.000648534
-0.000183552
0.000662868
-0.000186803
0.000677507
-0.000190277
0.000692451
-0.000193903
0.000707698
-0.000197618
0.000723245
-0.000201368
0.000739082
-0.000205104
0.000755202
-0.000208784
0.000771593
-0.000212373
0.000788242
-0.000215841
0.000805137
-0.000219163
0.000822262
-0.000222318
0.000839604
-0.000225291
0.000857147
-0.000228068
0.000874877
-0.00023064
0.000892778
-0.000233002
0.000910835
-0.000235148
0.000929033
-0.000237077
0.000947358
-0.00023879
0.000965793
-0.000240286
0.000984325
-0.000241569
0.00100294
-0.000242642
0.00102162
-0.000243509
0.00104036
-0.000244176
0.00105914
-0.000244648
0.00107795
-0.000244931
0.00109677
-0.000245031
0.0011156
-0.000244954
0.00113442
-0.000244708
0.00115322
-0.000244297
0.00117198
-0.00024373
0.00119071
-0.000243012
0.00120938
-0.000242149
0.00122799
-0.000241149
0.00124653
-0.000240018
0.00126499
-0.000238761
-0.000237385
0.000574785
-0.000188822
0.000586731
-0.000186452
0.000598878
-0.00018585
0.000611221
-0.000186018
0.000623788
-0.000187023
0.000636608
-0.000188773
0.0006497
-0.000191129
0.000663081
-0.000193981
0.00067676
-0.000197231
0.000690745
-0.000200788
0.000705037
-0.00020457
0.000719636
-0.000208502
0.000734537
-0.000212519
0.000749733
-0.000216564
0.000765214
-0.000220585
0.000780971
-0.000224541
0.000796991
-0.000228394
0.000813262
-0.000232112
0.000829769
-0.00023567
0.000846499
-0.000239048
0.000863438
-0.000242229
0.000880571
-0.000245201
0.000897884
-0.000247953
0.000915362
-0.00025048
0.00093299
-0.000252777
0.000950755
-0.000254843
0.000968643
-0.000256677
0.00098664
-0.000258282
0.00100473
-0.00025966
0.0010229
-0.000260815
0.00104115
-0.000261751
0.00105944
-0.000262473
0.00107778
-0.000262988
0.00109615
-0.000263302
0.00111454
-0.00026342
0.00113294
-0.000263351
0.00115133
-0.000263099
0.00116971
-0.000262673
0.00118806
-0.00026208
0.00120637
-0.000261325
0.00122464
-0.000260416
0.00124285
-0.00025936
0.00126099
-0.000258163
0.00127906
-0.000256831
-0.000255371
0.000608668
-0.000200007
0.000619993
-0.000197777
0.000631581
-0.000197438
0.000643412
-0.000197849
0.000655505
-0.000199116
0.000667882
-0.00020115
0.000680555
-0.000203802
0.000693536
-0.000206961
0.000706828
-0.000210524
0.000720434
-0.000214394
0.000734352
-0.000218488
0.000748577
-0.000222727
0.000763103
-0.000227044
0.000777919
-0.00023138
0.000793015
-0.000235681
0.000808378
-0.000239905
0.000823997
-0.000244013
0.000839858
-0.000247973
0.000855948
-0.00025176
0.000872251
-0.000255352
0.000888755
-0.000258734
0.000905446
-0.000261891
0.00092231
-0.000264816
0.000939332
-0.000267502
0.000956501
-0.000269945
0.000973802
-0.000272144
0.000991222
-0.000274097
0.00100875
-0.000275809
0.00102637
-0.00027728
0.00104407
-0.000278516
0.00106184
-0.00027952
0.00107967
-0.0002803
0.00109754
-0.000280859
0.00111544
-0.000281206
0.00113337
-0.000281347
0.00115131
-0.000281288
0.00116924
-0.000281037
0.00118717
-0.0002806
0.00120508
-0.000279986
0.00122295
-0.000279201
0.00124079
-0.000278251
0.00125857
-0.000277145
0.0012763
-0.000275889
0.00129396
-0.00027449
-0.000272954
0.000644563
-0.000210458
0.00065522
-0.000208434
0.000666207
-0.000208424
0.000677487
-0.000209128
0.00068907
-0.0002107
0.000700971
-0.00021305
0.000713195
-0.000216026
0.000725745
-0.000219512
0.000738621
-0.0002234
0.00075182
-0.000227593
0.000765336
-0.000232003
0.000779159
-0.00023655
0.00079328
-0.000241165
0.000807687
-0.000245787
0.000822368
-0.000250362
0.000837309
-0.000254846
0.000852496
-0.0002592
0.000867917
-0.000263394
0.000883557
-0.0002674
0.000899403
-0.000271198
0.000915441
-0.000274772
0.000931658
-0.000278109
0.000948042
-0.0002812
0.000964578
-0.000284039
0.000981256
-0.000286623
0.000998062
-0.00028895
0.00101498
-0.00029102
0.00103201
-0.000292835
0.00104913
-0.000294399
0.00106633
-0.000295716
0.0010836
-0.00029679
0.00110093
-0.000297628
0.0011183
-0.000298235
0.00113572
-0.000298618
0.00115315
-0.000298784
0.00117061
-0.000298741
0.00118806
-0.000298495
0.00120552
-0.000298053
0.00122296
-0.000297424
0.00124037
-0.000296615
0.00125775
-0.000295632
0.00127509
-0.000294483
0.00129237
-0.000293176
0.0013096
-0.000291717
-0.000290114
0.000682341
-0.000220126
0.000692287
-0.00021838
0.000702631
-0.000218768
0.000713322
-0.000219819
0.000724361
-0.000221739
0.000735753
-0.000224442
0.000747496
-0.00022777
0.000759586
-0.000231602
0.000772018
-0.000235831
0.000784781
-0.000240357
0.000797865
-0.000245087
0.000811258
-0.000249943
0.000824947
-0.000254853
0.000838916
-0.000259756
0.000853152
-0.000264598
0.00086764
-0.000269334
0.000882366
-0.000273926
0.000897315
-0.000278343
0.000912476
-0.00028256
0.000927833
-0.000286555
0.000943375
-0.000290313
0.000959088
-0.000293822
0.000974961
-0.000297073
0.000990982
-0.00030006
0.00100714
-0.00030278
0.00102342
-0.000305232
0.00103982
-0.000307416
0.00105632
-0.000309334
0.00107291
-0.00031099
0.00108958
-0.000312388
0.00110632
-0.000313534
0.00112313
-0.000314432
0.00113998
-0.000315089
0.00115687
-0.000315512
0.0011738
-0.000315709
0.00119074
-0.000315685
0.0012077
-0.00031545
0.00122466
-0.00031501
0.0012416
-0.000314373
0.00125853
-0.000313546
0.00127544
-0.000312537
0.00129231
-0.000311354
0.00130914
-0.000310003
0.00132591
-0.000308493
-0.00030683
0.000721869
-0.000228965
0.000731059
-0.00022757
0.00074072
-0.000228429
0.000750785
-0.000229884
0.000761245
-0.000232199
0.000772096
-0.000235294
0.000783329
-0.000239002
0.000794931
-0.000243204
0.000806889
-0.00024779
0.000819189
-0.000252656
0.000831814
-0.000257713
0.000844748
-0.000262878
0.000857974
-0.00026808
0.000871476
-0.000273258
0.000885238
-0.000278359
0.000899243
-0.000283339
0.000913477
-0.00028816
0.000927926
-0.000292792
0.000942576
-0.00029721
0.000957414
-0.000301394
0.000972429
-0.000305328
0.000987609
-0.000309002
0.00100294
-0.000312406
0.00101842
-0.000315536
0.00103403
-0.000318388
0.00104976
-0.000320962
0.0010656
-0.000323258
0.00108154
-0.000325279
0.00109758
-0.000327027
0.0011137
-0.000328507
0.00112989
-0.000329726
0.00114615
-0.000330687
0.00116246
-0.000331398
0.00117881
-0.000331866
0.0011952
-0.000332098
0.00121161
-0.0003321
0.00122805
-0.000331882
0.00124448
-0.000331449
0.00126092
-0.000330811
0.00127735
-0.000329975
0.00129376
-0.000328948
0.00131015
-0.000327738
0.0013265
-0.000326353
0.0013428
-0.0003248
-0.000323087
0.000763004
-0.000236928
0.000771396
-0.000235963
0.000780335
-0.000237368
0.000789739
-0.000239288
0.000799587
-0.000242047
0.000809867
-0.000245573
0.000820559
-0.000249695
0.000831644
-0.000254289
0.000843101
-0.000259247
0.00085491
-0.000264464
0.000867047
-0.000269851
0.000879494
-0.000275324
0.00089223
-0.000280815
0.000905235
-0.000286263
0.000918492
-0.000291616
0.000931985
-0.000296831
0.000945697
-0.000301872
0.000959614
-0.00030671
0.000973724
-0.00031132
0.000988014
-0.000315684
0.00100247
-0.000319787
0.00101709
-0.000323619
0.00103186
-0.000327171
0.00104676
-0.00033044
0.00106179
-0.000333421
0.00107694
-0.000336114
0.00109221
-0.000338521
0.00110757
-0.000340644
0.00112303
-0.000342485
0.00113857
-0.00034405
0.00115419
-0.000345344
0.00116988
-0.000346372
0.00118562
-0.000347141
0.00120141
-0.000347659
0.00121724
-0.000347931
0.00123311
-0.000347966
0.001249
-0.000347771
0.0012649
-0.000347354
0.00128082
-0.000346723
0.00129673
-0.000345885
0.00131263
-0.000344848
0.00132851
-0.000343621
0.00134437
-0.00034221
0.00136019
-0.000340624
-0.00033887
0.000805597
-0.000243973
0.000813152
-0.000243517
0.000821332
-0.000245548
0.00083004
-0.000247995
0.000839244
-0.000251252
0.000848923
-0.000255252
0.000859047
-0.000259819
0.000869588
-0.00026483
0.000880517
-0.000270175
0.000891805
-0.000275753
0.000903428
-0.000281473
0.000915359
-0.000287255
0.000927574
-0.000293031
0.000940053
-0.000298742
0.000952776
-0.000304339
0.000965726
-0.000309781
0.000978885
-0.000315032
0.000992242
-0.000320066
0.00100578
-0.00032486
0.00101949
-0.000329396
0.00103337
-0.000333662
0.0010474
-0.000337646
0.00106157
-0.000341341
0.00107587
-0.000344744
0.0010903
-0.000347852
0.00110485
-0.000350664
0.00111951
-0.000353181
0.00113427
-0.000355406
0.00114913
-0.000357342
0.00116408
-0.000358994
0.0011791
-0.000360367
0.00119419
-0.000361466
0.00120935
-0.000362299
0.00122456
-0.000362872
0.00123982
-0.000363191
0.00125512
-0.000363265
0.00127045
-0.000363102
0.00128581
-0.000362708
0.00130118
-0.000362092
0.00131655
-0.000361261
0.00133193
-0.000360224
0.0013473
-0.000358988
0.00136265
-0.000357562
0.00137798
-0.000355953
-0.000354169
0.000849494
-0.000250057
0.000856173
-0.000250196
0.00086356
-0.000252935
0.000871539
-0.000255975
0.000880071
-0.000259783
0.000889121
-0.000264302
0.000898649
-0.000269347
0.000908619
-0.000274799
0.000918992
-0.000280548
0.000929734
-0.000286495
0.000940813
-0.000292552
0.000952199
-0.000298641
0.000963865
-0.000304697
0.000975788
-0.000310665
0.000987946
-0.000316498
0.00100032
-0.000322157
0.0010129
-0.00032761
0.00102567
-0.000332832
0.00103861
-0.000337801
0.00105171
-0.000342503
0.00106498
-0.000346924
0.00107839
-0.000351055
0.00109193
-0.00035489
0.00110561
-0.000358425
0.00111942
-0.000361658
0.00113334
-0.000364587
0.00114738
-0.000367216
0.00116152
-0.000369545
0.00117575
-0.000371579
0.00119008
-0.000373321
0.00120449
-0.000374777
0.00121898
-0.000375953
0.00123353
-0.000376855
0.00124815
-0.000377489
0.00126282
-0.000377863
0.00127754
-0.000377984
0.0012923
-0.00037786
0.00130709
-0.000377498
0.00132191
-0.000376906
0.00133674
-0.000376092
0.00135158
-0.000375064
0.00136642
-0.00037383
0.00138125
-0.000372398
0.00139608
-0.000370776
0.00141088
-0.000368972
-0.000366993
0.000894536
-0.000255142
0.000900303
-0.000255963
0.000906863
-0.000259496
0.000914085
-0.000263197
0.000921916
-0.000267614
0.000930311
-0.000272697
0.000939218
-0.000278255
0.00094859
-0.00028417
0.00095838
-0.000290339
0.000968548
-0.000296663
0.000979055
-0.000303059
0.000989867
-0.000309453
0.00100095
-0.000315784
0.00101229
-0.000322001
0.00102385
-0.000328061
0.00103563
-0.000333929
0.00104759
-0.000339575
0.00105974
-0.000344977
0.00107205
-0.000350115
0.00108452
-0.000354976
0.00109715
-0.000359548
0.00110991
-0.000363822
0.00112282
-0.000367794
0.00113585
-0.000371459
0.00114901
-0.000374816
0.00116229
-0.000377864
0.00117568
-0.000380605
0.00118917
-0.000383042
0.00120277
-0.000385176
0.00121646
-0.000387014
0.00123024
-0.000388559
0.00124411
-0.000389817
0.00125805
-0.000390795
0.00127206
-0.000391498
0.00128613
-0.000391934
0.00130025
-0.000392111
0.00131443
-0.000392034
0.00132864
-0.000391713
0.00134289
-0.000391155
0.00135717
-0.000390368
0.00137146
-0.000389359
0.00138577
-0.000388137
0.00140008
-0.000386711
0.00141439
-0.000385087
0.00142869
-0.000383274
-0.000381279
0.000940556
-0.000259192
0.00094538
-0.000260787
0.000951084
-0.0002652
0.000957522
-0.000269634
0.000964627
-0.000274719
0.000972341
-0.000280411
0.000980603
-0.000286516
0.000989351
-0.000292919
0.000998533
-0.000299521
0.0010081
-0.000306229
0.001018
-0.000312965
0.00102821
-0.000319661
0.00103869
-0.000326261
0.00104941
-0.000332721
0.00106035
-0.000339
0.00107149
-0.000345068
0.00108281
-0.000350899
0.00109431
-0.000356473
0.00110596
-0.000361774
0.00111778
-0.000366788
0.00112974
-0.000371507
0.00114184
-0.000375922
0.00115407
-0.000380028
0.00116643
-0.000383824
0.00117893
-0.000387306
0.00119154
-0.000390475
0.00120426
-0.000393332
0.0012171
-0.000395879
0.00123004
-0.00039812
0.00124309
-0.000400058
0.00125622
-0.000401698
0.00126945
-0.000403045
0.00128276
-0.000404106
0.00129615
-0.000404887
0.00130961
-0.000405394
0.00132314
-0.000405635
0.00133672
-0.000405616
0.00135035
-0.000405346
0.00136403
-0.000404832
0.00137774
-0.000404082
0.00139149
-0.000403103
0.00140525
-0.000401905
0.00141904
-0.000400494
0.00143283
-0.000398879
0.00144662
-0.000397069
-0.00039507
0.000987387
-0.000262174
0.000991238
-0.000264638
0.000996061
-0.000270023
0.00100169
-0.000275264
0.00100805
-0.000281076
0.00101506
-0.000287424
0.00102265
-0.000294108
0.00103075
-0.00030102
0.0010393
-0.000308068
0.00104823
-0.000315165
0.00105751
-0.00032224
0.00106708
-0.000329234
0.00107692
-0.000336098
0.00108699
-0.000342791
0.00109727
-0.000349281
0.00110775
-0.000355542
0.0011184
-0.000361551
0.00112922
-0.000367292
0.00114019
-0.00037275
0.00115132
-0.000377914
0.00116259
-0.000382777
0.001174
-0.000387332
0.00118554
-0.000391573
0.00119722
-0.0003955
0.00120902
-0.000399109
0.00122095
-0.000402402
0.001233
-0.000405379
0.00124516
-0.000408042
0.00125744
-0.000410395
0.00126982
-0.00041244
0.00128231
-0.000414183
0.00129489
-0.000415628
0.00130756
-0.000416781
0.00132032
-0.000417648
0.00133316
-0.000418235
0.00134608
-0.00041855
0.00135906
-0.000418599
0.00137211
-0.000418391
0.00138521
-0.000417931
0.00139835
-0.000417229
0.00141154
-0.000416292
0.00142477
-0.000415128
0.00143802
-0.000413745
0.00145129
-0.000412152
0.00146458
-0.000410356
-0.000408365
0.00103486
-0.000264058
0.00103771
-0.000267491
0.00104163
-0.000273942
0.00104643
-0.000280065
0.00105202
-0.000286665
0.00105831
-0.000293713
0.00106521
-0.000301008
0.00107264
-0.00030845
0.00108052
-0.000315953
0.0010888
-0.000323442
0.00109741
-0.000330855
0.00110632
-0.000338141
0.00111548
-0.000345261
0.00112487
-0.000352181
0.00113447
-0.000358875
0.00114425
-0.000365321
0.0011542
-0.000371503
0.00116431
-0.000377405
0.00117458
-0.000383017
0.001185
-0.00038833
0.00119555
-0.000393336
0.00120625
-0.000398031
0.00121709
-0.000402409
0.00122806
-0.00040647
0.00123916
-0.000410211
0.00125039
-0.000413632
0.00126175
-0.000416735
0.00127322
-0.000419521
0.00128482
-0.000421992
0.00129653
-0.000424152
0.00130836
-0.000426006
0.00132029
-0.000427557
0.00133232
-0.000428811
0.00134444
-0.000429774
0.00135666
-0.000430453
0.00136896
-0.000430852
0.00138134
-0.00043098
0.0013938
-0.000430844
0.00140632
-0.000430451
0.0014189
-0.000429809
0.00143153
-0.000428925
0.00144421
-0.000427807
0.00145693
-0.000426465
0.00146968
-0.000424904
0.00148246
-0.000423135
-0.000421165
0.00108279
-0.000264818
0.00108462
-0.000269326
0.00108762
-0.00027694
0.00109158
-0.000284022
0.00109638
-0.00029147
0.00110193
-0.000299263
0.00110812
-0.000307197
0.00111485
-0.000315183
0.00112205
-0.000323149
0.00112964
-0.00033103
0.00113756
-0.000338777
0.00114577
-0.000346349
0.00115423
-0.000353718
0.0011629
-0.000360858
0.00117178
-0.000367749
0.00118083
-0.000374376
0.00119005
-0.000380725
0.00119943
-0.000386787
0.00120897
-0.000392551
0.00121865
-0.000398012
0.00122848
-0.000403163
0.00123845
-0.000408
0.00124856
-0.000412519
0.0012588
-0.000416718
0.00126919
-0.000420596
0.00127971
-0.000424152
0.00129036
-0.000427388
0.00130114
-0.000430304
0.00131205
-0.000432902
0.00132309
-0.000435187
0.00133424
-0.000437161
0.00134552
-0.000438828
0.0013569
-0.000440194
0.00136839
-0.000441264
0.00137998
-0.000442044
0.00139167
-0.00044254
0.00140345
-0.000442759
0.00141531
-0.000442707
0.00142725
-0.000442392
0.00143926
-0.000441821
0.00145134
-0.000441003
0.00146348
-0.000439944
0.00147567
-0.000438654
0.0014879
-0.000437139
0.00150018
-0.000435409
-0.000433472
0.001131
-0.000264433
0.00113181
-0.000270129
0.00113387
-0.000279006
0.00113698
-0.000287125
0.00114099
-0.000295479
0.00114578
-0.000304056
0.00115124
-0.000312653
0.00115725
-0.000321196
0.00116373
-0.000329627
0.00117059
-0.000337898
0.00117779
-0.000345973
0.00118527
-0.000353825
0.00119298
-0.000361435
0.00120091
-0.000368788
0.00120904
-0.000375871
0.00121733
-0.000382674
0.0012258
-0.00038919
0.00123442
-0.000395409
0.0012432
-0.000401328
0.00125213
-0.000406939
0.0012612
-0.000412238
0.00127042
-0.000417221
0.00127979
-0.000421886
0.0012893
-0.000426231
0.00129896
-0.000430253
0.00130876
-0.000433953
0.0013187
-0.00043733
0.00132878
-0.000440385
0.001339
-0.000443121
0.00134936
-0.00044554
0.00135984
-0.000447645
0.00137045
-0.00044944
0.00138119
-0.000450929
0.00139204
-0.000452118
0.00140301
-0.000453011
0.00141408
-0.000453615
0.00142526
-0.000453936
0.00143653
-0.000453981
0.0014479
-0.000453757
0.00145935
-0.000453271
0.00147087
-0.00045253
0.00148247
-0.000451543
0.00149414
-0.000450318
0.00150586
-0.000448862
0.00151764
-0.000447184
-0.000445292
0.00117933
-0.000262886
0.0011791
-0.000269893
0.00118022
-0.000280135
0.00118247
-0.000289368
0.00118567
-0.000298683
0.00118969
-0.000308078
0.0011944
-0.000317357
0.00119966
-0.000326462
0.00120539
-0.000335358
0.00121151
-0.000344012
0.00121794
-0.000352407
0.00122465
-0.000360532
0.00123159
-0.000368377
0.00123874
-0.000375938
0.00124608
-0.000383209
0.00125359
-0.000390188
0.00126127
-0.000396869
0.00126911
-0.00040325
0.00127711
-0.000409325
0.00128526
-0.000415091
0.00129357
-0.000420544
0.00130203
-0.000425681
0.00131064
-0.0004305
0.00131941
-0.000434999
0.00132833
-0.000439174
0.0013374
-0.000443027
0.00134663
-0.000446556
0.00135601
-0.000449762
0.00136553
-0.000452646
0.0013752
-0.000455211
0.00138502
-0.000457459
0.00139497
-0.000459393
0.00140506
-0.000461017
0.00141528
-0.000462337
0.00142562
-0.000463356
0.00143609
-0.000464081
0.00144667
-0.000464517
0.00145736
-0.000464672
0.00146815
-0.000464551
0.00147905
-0.000464163
0.00149003
-0.000463514
0.0015011
-0.000462611
0.00151224
-0.000461464
0.00152346
-0.00046008
0.00153475
-0.000458468
-0.000456635
0.00122759
-0.000260168
0.00122632
-0.000268616
0.00122651
-0.000280329
0.00122789
-0.000290752
0.00123029
-0.000301077
0.00123353
-0.000311317
0.00123746
-0.000321286
0.00124195
-0.000330953
0.00124689
-0.000340306
0.00125222
-0.000349336
0.00125785
-0.000358043
0.00126375
-0.000366431
0.00126988
-0.000374507
0.00127622
-0.000382272
0.00128274
-0.000389732
0.00128944
-0.000396887
0.00129631
-0.000403738
0.00130334
-0.000410284
0.00131054
-0.000416522
0.0013179
-0.000422451
0.00132542
-0.000428067
0.00133311
-0.000433368
0.00134096
-0.000438351
0.00134897
-0.000443013
0.00135715
-0.000447354
0.0013655
-0.000451371
0.001374
-0.000455063
0.00138268
-0.000458432
0.00139151
-0.000461477
0.0014005
-0.000464201
0.00140964
-0.000466604
0.00141894
-0.000468691
0.00142839
-0.000470464
0.00143798
-0.000471927
0.00144771
-0.000473086
0.00145757
-0.000473945
0.00146756
-0.00047451
0.00147768
-0.000474788
0.00148791
-0.000474784
0.00149826
-0.000474507
0.0015087
-0.000473962
0.00151925
-0.000473158
0.00152989
-0.000472103
0.00154061
-0.000470804
0.00155142
-0.00046927
0.00156229
-0.000467509
-0.00046553
0.00127561
-0.000256276
0.00127331
-0.000266311
0.00127258
-0.0002796
0.00127311
-0.000291283
0.00127469
-0.000302658
0.00127713
-0.000313757
0.00128026
-0.000324416
0.00128394
-0.000334637
0.00128807
-0.000344435
0.00129257
-0.000353829
0.00129736
-0.000362838
0.00130241
-0.000371485
0.00130769
-0.000379786
0.00131318
-0.000387757
0.00131885
-0.000395408
0.00132471
-0.000402744
0.00133074
-0.000409771
0.00133695
-0.000416491
0.00134333
-0.000422902
0.00134989
-0.000429004
0.00135661
-0.000434794
0.00136352
-0.00044027
0.00137059
-0.00044543
0.00137785
-0.00045027
0.00138529
-0.000454788
0.0013929
-0.000458983
0.00140069
-0.000462854
0.00140866
-0.000466399
0.0014168
-0.000469619
0.00142511
-0.000472514
0.00143359
-0.000475087
0.00144224
-0.00047734
0.00145106
-0.000479275
0.00146002
-0.000480897
0.00146915
-0.000482209
0.00147842
-0.000483216
0.00148783
-0.000483924
0.00149739
-0.000484339
0.00150707
-0.000484466
0.00151687
-0.000484314
0.0015268
-0.000483888
0.00153684
-0.000483196
0.00154698
-0.000482246
0.00155722
-0.000481046
0.00156756
-0.000479604
0.00157798
-0.000477929
-0.000476028
0.00132322
-0.000251217
0.00131991
-0.000262999
0.00131828
-0.000277969
0.00131797
-0.000290975
0.00131874
-0.000303424
0.00132036
-0.000315383
0.00132267
-0.000326719
0.0013255
-0.000337475
0.00132877
-0.000347703
0.00133239
-0.000357446
0.0013363
-0.000366749
0.00134046
-0.000375649
0.00134486
-0.000384178
0.00134946
-0.000392357
0.00135425
-0.000400205
0.00135924
-0.000407732
0.00136442
-0.000414947
0.00136978
-0.000421852
0.00137533
-0.000428449
0.00138106
-0.000434738
0.00138698
-0.000440717
0.0013931
-0.000446384
0.0013994
-0.000451735
0.0014059
-0.000456767
0.00141259
-0.000461479
0.00141947
-0.000465867
0.00142655
-0.00046993
0.00143382
-0.000473666
0.00144127
-0.000477076
0.00144892
-0.000480159
0.00145675
-0.000482917
0.00146476
-0.000485351
0.00147295
-0.000487463
0.00148131
-0.000489258
0.00148984
-0.000490738
0.00149853
-0.000491908
0.00150738
-0.000492773
0.00151638
-0.000493339
0.00152552
-0.000493612
0.00153481
-0.000493598
0.00154422
-0.000493304
0.00155377
-0.000492738
0.00156343
-0.000491908
0.0015732
-0.00049082
0.00158308
-0.000489484
0.00159306
-0.000487908
-0.000486101
0.00137026
-0.000245014
0.00136598
-0.00025872
0.00136348
-0.000275471
0.00136235
-0.000289845
0.0013623
-0.000303373
0.00136309
-0.000316173
0.00136453
-0.000328158
0.00136648
-0.000339423
0.00136883
-0.000350058
0.00137152
-0.000360138
0.0013745
-0.000369728
0.00137774
-0.000378882
0.0013812
-0.000387641
0.00138488
-0.000396038
0.00138877
-0.000404095
0.00139286
-0.000411827
0.00139716
-0.000419243
0.00140166
-0.000426351
0.00140636
-0.000433152
0.00141127
-0.000439645
0.00141638
-0.000445831
0.0014217
-0.000451705
0.00142723
-0.000457265
0.00143297
-0.000462507
0.00143892
-0.000467429
0.00144508
-0.000472027
0.00145145
-0.000476299
0.00145803
-0.000480244
0.00146481
-0.00048386
0.0014718
-0.000487146
0.00147899
-0.000490105
0.00148637
-0.000492735
0.00149395
-0.000495041
0.00150172
-0.000497023
0.00150966
-0.000498686
0.00151779
-0.000500034
0.00152609
-0.000501071
0.00153455
-0.000501803
0.00154318
-0.000502236
0.00155195
-0.000502375
0.00156088
-0.000502228
0.00156994
-0.000501803
0.00157914
-0.000501105
0.00158846
-0.000500144
0.00159791
-0.000498928
0.00160746
-0.000497465
-0.000495763
0.00141657
-0.000237707
0.00141139
-0.000253536
0.00140807
-0.00027215
0.00140614
-0.000287913
0.00140526
-0.000302496
0.00140518
-0.000316092
0.00140571
-0.000328685
0.00140671
-0.000340425
0.0014081
-0.000351445
0.00140981
-0.000361849
0.0014118
-0.000371723
0.00141406
-0.000381136
0.00141655
-0.000390138
0.00141928
-0.000398767
0.00142224
-0.00040705
0.00142542
-0.000415005
0.00142882
-0.000422645
0.00143244
-0.000429976
0.00143629
-0.000437
0.00144036
-0.00044372
0.00144466
-0.000450132
0.00144919
-0.000456234
0.00145395
-0.000462022
0.00145894
-0.000467494
0.00146416
-0.000472645
0.0014696
-0.000477472
0.00147527
-0.000481972
0.00148117
-0.000486142
0.00148729
-0.000489982
0.00149364
-0.000493489
0.0015002
-0.000496665
0.00150697
-0.000499509
0.00151395
-0.000502023
0.00152114
-0.000504209
0.00152852
-0.000506071
0.0015361
-0.000507612
0.00154387
-0.000508837
0.00155182
-0.00050975
0.00155994
-0.000510357
0.00156823
-0.000510665
0.00157668
-0.000510679
0.00158528
-0.000510408
0.00159404
-0.000509858
0.00160293
-0.000509037
0.00161195
-0.000507955
0.00162111
-0.000506618
-0.000505036
0.00146203
-0.000229372
0.00145604
-0.000247538
0.00145195
-0.000268064
0.00144923
-0.000285195
0.0014475
-0.00030077
0.00144651
-0.000315093
0.00144606
-0.000328236
0.00144604
-0.000340413
0.0014464
-0.000351797
0.00144707
-0.000362519
0.00144802
-0.000372683
0.00144926
-0.000382367
0.00145075
-0.000391629
0.00145249
-0.000400512
0.00145449
-0.000409045
0.00145673
-0.00041725
0.00145922
-0.000425138
0.00146197
-0.000432717
0.00146496
-0.000439991
0.0014682
-0.00044696
0.00147169
-0.000453622
0.00147543
-0.000459975
0.00147942
-0.000466015
0.00148366
-0.000471738
0.00148816
-0.000477139
0.0014929
-0.000482215
0.00149789
-0.000486962
0.00150312
-0.000491377
0.0015086
-0.000495458
0.00151431
-0.000499204
0.00152026
-0.000502615
0.00152645
-0.000505689
0.00153285
-0.000508429
0.00153948
-0.000510836
0.00154632
-0.000512913
0.00155337
-0.000514663
0.00156062
-0.00051609
0.00156807
-0.0005172
0.00157571
-0.000517997
0.00158354
-0.000518487
0.00159153
-0.000518677
0.0015997
-0.000518575
0.00160803
-0.000518186
0.00161651
-0.000517521
0.00162514
-0.000516585
0.00163391
-0.000515389
-0.00051394
0.00150654
-0.000220131
0.00149985
-0.000240853
0.00149506
-0.000263273
0.00149156
-0.000281691
0.00148894
-0.000298148
0.00148694
-0.000313101
0.00148544
-0.000326728
0.00148433
-0.000339304
0.00148357
-0.000351038
0.00148313
-0.000362081
0.001483
-0.00037255
0.00148316
-0.000382528
0.00148361
-0.000392079
0.00148434
-0.000401246
0.00148536
-0.000410061
0.00148665
-0.000418545
0.00148823
-0.000426712
0.00149008
-0.00043457
0.00149221
-0.000442121
0.00149462
-0.000449368
0.00149731
-0.000456308
0.00150027
-0.000462937
0.00150351
-0.000469253
0.00150702
-0.00047525
0.0015108
-0.000480923
0.00151486
-0.00048627
0.00151918
-0.000491285
0.00152377
-0.000495965
0.00152862
-0.000500308
0.00153373
-0.000504311
0.00153909
-0.000507975
0.00154469
-0.000511298
0.00155055
-0.00051428
0.00155663
-0.000516925
0.00156295
-0.000519233
0.0015695
-0.000521208
0.00157626
-0.000522854
0.00158324
-0.000524176
0.00159042
-0.000525177
0.0015978
-0.000525865
0.00160537
-0.000526246
0.00161312
-0.000526327
0.00162105
-0.000526114
0.00162914
-0.000525617
0.0016374
-0.000524843
0.00164581
-0.0005238
-0.000522499
0.00155002
-0.000210186
0.00154283
-0.000233659
0.00153739
-0.000257834
0.00153307
-0.000277369
0.00152946
-0.000294545
0.00152637
-0.000310008
0.0015237
-0.000324052
0.00152139
-0.000337001
0.00151944
-0.000349085
0.00151783
-0.000360468
0.00151655
-0.000371271
0.0015156
-0.000381579
0.00151497
-0.000391455
0.00151467
-0.000400945
0.00151469
-0.00041008
0.00151503
-0.000418882
0.00151568
-0.000427364
0.00151665
-0.000435535
0.00151792
-0.000443397
0.00151951
-0.000450952
0.0015214
-0.000458198
0.00152359
-0.000465132
0.00152609
-0.00047175
0.00152888
-0.000478046
0.00153198
-0.000484016
0.00153536
-0.000489656
0.00153904
-0.000494961
0.001543
-0.000499927
0.00154725
-0.000504552
0.00155177
-0.000508832
0.00155656
-0.000512768
0.00156162
-0.000516357
0.00156694
-0.000519601
0.00157251
-0.0005225
0.00157834
-0.000525056
0.0015844
-0.000527273
0.0015907
-0.000529153
0.00159723
-0.000530702
0.00160397
-0.000531924
0.00161093
-0.000532825
0.0016181
-0.000533411
0.00162546
-0.000533689
0.00163301
-0.000533667
0.00164075
-0.000533352
0.00164866
-0.000532752
0.00165673
-0.000531877
0.00166497
-0.000530736
-0.000529337
0.00159255
-0.000199879
0.00158506
-0.000226172
0.00157898
-0.000251751
0.00157373
-0.000272122
0.001569
-0.000289811
0.00156465
-0.000305663
0.00156067
-0.000320075
0.00155706
-0.000333391
0.00155383
-0.000345848
0.00155097
-0.00035761
0.00154849
-0.000368792
0.00154639
-0.000379479
0.00154467
-0.000389731
0.00154331
-0.000399592
0.00154233
-0.000409094
0.0015417
-0.000418257
0.00154143
-0.000427095
0.00154151
-0.000435617
0.00154194
-0.000443826
0.00154272
-0.000451724
0.00154383
-0.000459309
0.00154527
-0.000466577
0.00154704
-0.000473524
0.00154915
-0.000480147
0.00155157
-0.000486439
0.00155431
-0.000492396
0.00155736
-0.000498013
0.00156072
-0.000503287
0.00156438
-0.000508215
0.00156834
-0.000512792
0.00157259
-0.000517019
0.00157713
-0.000520893
0.00158195
-0.000524416
0.00158703
-0.000527587
0.00159239
-0.000530409
0.001598
-0.000532883
0.00160386
-0.000535014
0.00160996
-0.000536806
0.0016163
-0.000538263
0.00162287
-0.000539392
0.00162965
-0.000540198
0.00163665
-0.000540688
0.00164386
-0.00054087
0.00165126
-0.000540751
0.00165884
-0.00054034
0.00166661
-0.000539646
0.00167455
-0.000538678
-0.000537445
0.0016343
-0.000189754
0.00162672
-0.000218597
0.00161989
-0.000244915
0.0016135
-0.000265733
0.0016074
-0.000283717
0.00160161
-0.000299867
0.00159617
-0.000314636
0.00159113
-0.000328354
0.00158652
-0.00034124
0.00158235
-0.000353443
0.00157863
-0.00036507
0.00157535
-0.000376199
0.00157251
-0.000386887
0.00157009
-0.000397177
0.0015681
-0.000407098
0.00156651
-0.000416672
0.00156533
-0.000425913
0.00156454
-0.000434828
0.00156414
-0.000443424
0.00156412
-0.000451701
0.00156447
-0.000459658
0.00156518
-0.000467292
0.00156626
-0.000474599
0.00156769
-0.000481575
0.00156946
-0.000488216
0.00157158
-0.000494515
0.00157404
-0.000500469
0.00157682
-0.000506073
0.00157993
-0.000511324
0.00158336
-0.000516219
0.0015871
-0.000520757
0.00159114
-0.000524935
0.00159548
-0.000528755
0.0016001
-0.000532215
0.00160502
-0.000535319
0.0016102
-0.000538068
0.00161565
-0.000540466
0.00162136
-0.000542517
0.00162732
-0.000544225
0.00163353
-0.000545596
0.00163997
-0.000546636
0.00164663
-0.000547352
0.00165351
-0.000547752
0.0016606
-0.000547843
0.0016679
-0.000547635
0.00167539
-0.000547135
0.00168306
-0.000546353
-0.000545298
0.00167556
-0.000180489
0.0016681
-0.000211141
0.00166024
-0.00023706
0.00165234
-0.000257829
0.00164456
-0.000275938
0.00163707
-0.000292371
0.00162999
-0.000307558
0.0016234
-0.000321765
0.00161733
-0.000335172
0.0016118
-0.000347908
0.00160679
-0.000360066
0.00160231
-0.000371717
0.00159834
-0.000382914
0.00159486
-0.000393698
0.00159186
-0.000404099
0.00158933
-0.000414138
0.00158725
-0.000423831
0.0015856
-0.000433186
0.00158439
-0.00044221
0.00158359
-0.000450904
0.0015832
-0.000459269
0.00158321
-0.000467302
0.00158361
-0.000475
0.0015844
-0.000482359
0.00158556
-0.000489374
0.00158708
-0.000496041
0.00158897
-0.000502355
0.00159121
-0.000508313
0.0015938
-0.000513909
0.00159672
-0.000519143
0.00159997
-0.000524011
0.00160355
-0.000528513
0.00160744
-0.000532647
0.00161164
-0.000536416
0.00161614
-0.000539819
0.00162093
-0.000542859
0.00162601
-0.000545539
0.00163136
-0.000547864
0.00163697
-0.000549838
0.00164284
-0.000551466
0.00164896
-0.000552755
0.00165532
-0.000553712
0.00166191
-0.000554344
0.00166873
-0.000554659
0.00167576
-0.000554665
0.00168299
-0.000554372
0.00169043
-0.000553789
-0.000552927
0.0017175
-0.000172961
0.0017102
-0.000203843
0.00170055
-0.000227413
0.00169047
-0.000247744
0.00168054
-0.000266009
0.00167104
-0.000282868
0.00166212
-0.000298639
0.00165384
-0.00031349
0.00164623
-0.000327558
0.00163927
-0.000340949
0.00163295
-0.000353745
0.00162724
-0.000366012
0.00162213
-0.000377801
0.00161758
-0.000389154
0.00161358
-0.000400101
0.00161011
-0.000410665
0.00160714
-0.000420863
0.00160466
-0.000430706
0.00160266
-0.000440202
0.00160111
-0.000449355
0.0016
-0.000458165
0.00159933
-0.000466632
0.00159908
-0.000474752
0.00159925
-0.000482524
0.00159982
-0.000489942
0.00160078
-0.000497003
0.00160212
-0.000503702
0.00160385
-0.000510035
0.00160594
-0.000516
0.00160839
-0.000521593
0.00161119
-0.000526812
0.00161433
-0.000531656
0.00161781
-0.000536125
0.00162161
-0.000540218
0.00162573
-0.000543937
0.00163016
-0.000547285
0.00163488
-0.000550265
0.0016399
-0.000552879
0.00164519
-0.000555134
0.00165076
-0.000557035
0.00165659
-0.000558587
0.00166268
-0.000559798
0.00166901
-0.000560675
0.00167558
-0.000561227
0.00168238
-0.000561462
0.00168939
-0.000561389
0.00169662
-0.000561018
-0.000560359
0.00176513
-0.000171283
0.00175423
-0.00019295
0.0017407
-0.000213882
0.00172743
-0.00023447
0.00171483
-0.000253413
0.00170307
-0.000271103
0.00169217
-0.000287745
0.00168215
-0.000303461
0.00167295
-0.000318365
0.00166456
-0.000332554
0.00165692
-0.000346108
0.00165
-0.000359094
0.00164377
-0.000371565
0.00163818
-0.000383564
0.0016332
-0.000395126
0.00162881
-0.000406276
0.00162499
-0.000417035
0.0016217
-0.000427417
0.00161892
-0.000437431
0.00161665
-0.000447083
0.00161486
-0.000456376
0.00161354
-0.000465312
0.00161268
-0.000473887
0.00161226
-0.000482101
0.00161227
-0.000489951
0.00161269
-0.000497431
0.00161353
-0.00050454
0.00161477
-0.000511274
0.0016164
-0.000517628
0.00161841
-0.000523602
0.00162079
-0.000529192
0.00162353
-0.000534397
0.00162662
-0.000539218
0.00163006
-0.000543654
0.00163382
-0.000547707
0.00163792
-0.000551378
0.00164233
-0.000554672
0.00164704
-0.000557592
0.00165205
-0.000560143
0.00165734
-0.00056233
0.00166291
-0.000564159
0.00166876
-0.000565638
0.00167485
-0.000566775
0.0016812
-0.000567576
0.00168779
-0.000568052
0.00169462
-0.000568212
0.00170167
-0.000568065
-0.000567622
0.00206984
-0.000142448
-0.00209867
0.00205339
-0.000176504
0.00204005
-0.000200548
0.00202766
-0.000222073
0.00201587
-0.000241624
0.00200458
-0.000259813
0.00199375
-0.00027692
0.00198338
-0.000293089
0.00197345
-0.000308438
0.00196396
-0.000323062
0.00195489
-0.000337039
0.00194623
-0.000350434
0.00193797
-0.000363298
0.00193008
-0.000375676
0.00192255
-0.000387602
0.00191538
-0.000399101
0.00190854
-0.000410195
0.00190202
-0.000420899
0.00189581
-0.000431223
0.0018899
-0.000441174
0.00188428
-0.000450756
0.00187894
-0.000459971
0.00187387
-0.000468818
0.00186907
-0.000477296
0.00186452
-0.000485402
0.00186022
-0.000493134
0.00185617
-0.000500489
0.00185236
-0.000507462
0.00184878
-0.000514053
0.00184544
-0.000520257
0.00184232
-0.000526074
0.00183943
-0.000531502
0.00183675
-0.000536541
0.00183429
-0.000541192
0.00183204
-0.000545456
0.00182999
-0.000549335
0.00182815
-0.000552832
0.00182651
-0.00055595
0.00182507
-0.000558696
0.00182381
-0.000561074
0.00182274
-0.00056309
0.00182185
-0.000564751
0.00182114
-0.000566065
0.00182061
-0.000567041
0.00182024
-0.000567686
0.00182004
-0.00056801
0.00182
-0.000568024
0.00182011
-0.000567736
-0.000567159
0.00218339
-0.000119826
-0.00220602
0.00216286
-0.000155966
0.00214566
-0.000183355
0.00213031
-0.000206719
0.0021162
-0.000227509
0.00210298
-0.000246597
0.00209049
-0.00026443
0.00207863
-0.000281234
0.00206736
-0.000297161
0.00205662
-0.000312322
0.00204638
-0.000326805
0.00203663
-0.000340676
0.00202732
-0.000353993
0.00201845
-0.000366801
0.00200998
-0.000379134
0.0020019
-0.000391023
0.00199419
-0.000402488
0.00198684
-0.000413546
0.00197983
-0.00042421
0.00197314
-0.000434487
0.00196677
-0.000444384
0.0019607
-0.000453902
0.00195492
-0.000463042
0.00194943
-0.000471805
0.00194422
-0.000480188
0.00193927
-0.000488189
0.00193459
-0.000495806
0.00193016
-0.000503036
0.00192599
-0.000509877
0.00192206
-0.000516328
0.00191837
-0.000522385
0.00191492
-0.000528049
0.0019117
-0.00053332
0.0019087
-0.000538198
0.00190593
-0.000542684
0.00190338
-0.000546781
0.00190104
-0.000550492
0.00189891
-0.000553821
0.00189698
-0.000556771
0.00189526
-0.00055935
0.00189373
-0.000561562
0.0018924
-0.000563416
0.00189125
-0.000564917
0.00189028
-0.000566075
0.00188949
-0.000566898
0.00188888
-0.000567396
0.00188843
-0.000567578
0.00188815
-0.000567455
-0.000567036
0.00229364
-0.000100006
-0.00231346
0.00227279
-0.000135114
0.00225364
-0.000164205
0.00223614
-0.000189214
0.00222003
-0.000211403
0.00220503
-0.000231599
0.00219094
-0.000250338
0.00217763
-0.000267921
0.00216501
-0.000284539
0.00215301
-0.000300329
0.0021416
-0.000315392
0.00213073
-0.000329805
0.00212036
-0.000343629
0.00211048
-0.000356914
0.00210104
-0.000369699
0.00209203
-0.000382015
0.00208343
-0.000393886
0.00207522
-0.000405331
0.00206737
-0.000416364
0.00205988
-0.000426995
0.00205273
-0.000437231
0.0020459
-0.000447076
0.00203939
-0.000456532
0.00203319
-0.0004656
0.00202728
-0.000474279
0.00202166
-0.000482568
0.00201632
-0.000490465
0.00201125
-0.000497968
0.00200645
-0.000505076
0.0020019
-0.000511786
0.00199762
-0.000518099
0.00199358
-0.000524012
0.00198979
-0.000529528
0.00198623
-0.000534645
0.00198292
-0.000539366
0.00197983
-0.000543693
0.00197696
-0.000547629
0.00197432
-0.000551178
0.00197189
-0.000554344
0.00196968
-0.000557134
0.00196767
-0.000559552
0.00196586
-0.000561607
0.00196425
-0.000563305
0.00196283
-0.000564655
0.00196159
-0.000565665
0.00196054
-0.000566345
0.00195967
-0.000566705
0.00195897
-0.000566754
-0.000566503
0.00240363
-8.19715e-05
-0.00242166
0.00238337
-0.000114854
0.00236345
-0.000144286
0.00234459
-0.000170356
0.00232695
-0.000193768
0.00231044
-0.000215081
0.00229489
-0.000234794
0.00228021
-0.000253236
0.00226629
-0.000270622
0.00225307
-0.00028711
0.00224049
-0.000302814
0.00222851
-0.000317822
0.00221708
-0.000332201
0.00220617
-0.000346007
0.00219576
-0.000359282
0.0021858
-0.000372061
0.00217629
-0.000384371
0.00216719
-0.000396234
0.00215849
-0.000407665
0.00215017
-0.000418676
0.00214222
-0.000429276
0.00213461
-0.000439471
0.00212735
-0.000449264
0.0021204
-0.000458657
0.00211377
-0.000467651
0.00210745
-0.000476245
0.00210143
-0.000484439
0.00209569
-0.000492232
0.00209024
-0.000499621
0.00208506
-0.000506607
0.00208015
-0.000513189
0.0020755
-0.000519366
0.00207111
-0.000525138
0.00206697
-0.000530507
0.00206308
-0.000535475
0.00205943
-0.000540043
0.00205602
-0.000544216
0.00205284
-0.000547996
0.00204988
-0.000551389
0.00204715
-0.0005544
0.00204463
-0.000557035
0.00204233
-0.000559301
0.00204023
-0.000561206
0.00203833
-0.000562757
0.00203663
-0.000563963
0.00203512
-0.000564834
0.00203379
-0.00056538
0.00203265
-0.00056561
-0.000565535
0.00251445
-6.49908e-05
-0.00253143
0.00249494
-9.53461e-05
0.00247491
-0.000124257
0.00245533
-0.000150775
0.00243663
-0.000175069
0.00241891
-0.000197356
0.00240212
-0.000218007
0.0023862
-0.000237317
0.00237108
-0.000255503
0.0023567
-0.000272727
0.002343
-0.000289112
0.00232993
-0.000304753
0.00231745
-0.000319724
0.00230553
-0.000334086
0.00229413
-0.000347884
0.00228323
-0.000361158
0.00227279
-0.000373936
0.0022628
-0.000386243
0.00225323
-0.000398097
0.00224407
-0.000409513
0.00223529
-0.0004205
0.00222689
-0.000431066
0.00221884
-0.000441217
0.00221114
-0.000450955
0.00220377
-0.000460282
0.00219673
-0.0004692
0.00218999
-0.000477707
0.00218357
-0.000485805
0.00217744
-0.000493492
0.0021716
-0.000500767
0.00216604
-0.000507632
0.00216076
-0.000514085
0.00215575
-0.000520128
0.002151
-0.000525762
0.00214652
-0.000530988
0.00214228
-0.00053581
0.0021383
-0.00054023
0.00213455
-0.000544253
0.00213105
-0.000547883
0.00212777
-0.000551125
0.00212472
-0.000553987
0.0021219
-0.000556474
0.00211929
-0.000558595
0.00211689
-0.000560357
0.00211469
-0.000561769
0.0021127
-0.00056284
0.0021109
-0.000563581
0.00210929
-0.000564
-0.00056411
0.00262661
-4.85396e-05
-0.00264306
0.00260781
-7.65409e-05
0.00258802
-0.000104465
0.00256817
-0.000130925
0.00254881
-0.000155716
0.00253021
-0.000178748
0.00251241
-0.000200215
0.00249544
-0.00022034
0.00247924
-0.000239307
0.00246379
-0.00025727
0.00244902
-0.00027435
0.00243492
-0.000290645
0.00242142
-0.000306232
0.00240851
-0.000321173
0.00239615
-0.000335519
0.0023843
-0.000349311
0.00237294
-0.000362581
0.00236206
-0.000375356
0.00235162
-0.000387655
0.0023416
-0.000399497
0.00233199
-0.000410891
0.00232277
-0.000421849
0.00231393
-0.000432376
0.00230545
-0.000442477
0.00229733
-0.000452155
0.00228954
-0.000461412
0.00228208
-0.00047025
0.00227494
-0.000478667
0.00226812
-0.000486666
0.0022616
-0.000494245
0.00225537
-0.000501406
0.00224944
-0.000508149
0.00224378
-0.000514475
0.00223841
-0.000520385
0.0022333
-0.000525882
0.00222846
-0.000530969
0.00222388
-0.000535648
0.00221955
-0.000539924
0.00221547
-0.000543802
0.00221163
-0.000547286
0.00220803
-0.000550385
0.00220466
-0.000553103
0.00220151
-0.00055545
0.00219859
-0.000557432
0.00219588
-0.000559059
0.00219338
-0.00056034
0.00219108
-0.000561284
0.00218898
-0.000561902
-0.000562205
0.00274044
-3.23334e-05
-0.00275664
0.00272221
-5.83153e-05
0.00270281
-8.50633e-05
0.00268299
-0.000111106
0.00266332
-0.000136044
0.00264413
-0.000159556
0.00262558
-0.000181666
0.00260774
-0.000202499
0.00259062
-0.000222187
0.0025742
-0.000240857
0.00255847
-0.00025862
0.00254339
-0.000275567
0.00252894
-0.000291775
0.00251507
-0.000307307
0.00250177
-0.000322215
0.002489
-0.000336541
0.00247674
-0.00035032
0.00246496
-0.000363579
0.00245365
-0.000376342
0.00244278
-0.000388627
0.00243233
-0.000400446
0.0024223
-0.000411812
0.00241265
-0.000422732
0.00240339
-0.000433212
0.00239449
-0.000443257
0.00238595
-0.000452869
0.00237775
-0.00046205
0.00236988
-0.000470803
0.00236234
-0.000479127
0.00235512
-0.000487023
0.00234821
-0.000494494
0.0023416
-0.000501539
0.00233528
-0.000508159
0.00232925
-0.000514358
0.00232351
-0.000520137
0.00231804
-0.0005255
0.00231284
-0.000530449
0.00230791
-0.000534989
0.00230323
-0.000539124
0.0022988
-0.000542862
0.00229463
-0.000546207
0.00229069
-0.000549166
0.00228699
-0.000551748
0.00228352
-0.00055396
0.00228027
-0.000555811
0.00227724
-0.00055731
0.00227442
-0.000558468
0.00227181
-0.000559294
-0.000559799
0.0028561
-1.62282e-05
-0.0028722
0.00283833
-4.05431e-05
0.00281936
-6.60957e-05
0.00279975
-9.15013e-05
0.00278001
-0.000116301
0.0027605
-0.000140039
0.00274142
-0.000162596
0.00272292
-0.000183995
0.00270504
-0.000204308
0.00268781
-0.000223623
0.00267122
-0.000242029
0.00265526
-0.000259606
0.0026399
-0.000276424
0.00262514
-0.000292543
0.00261094
-0.000308015
0.00259728
-0.000322881
0.00258414
-0.000337177
0.00257149
-0.000350933
0.00255932
-0.000364171
0.00254761
-0.000376911
0.00253633
-0.000389169
0.00252547
-0.000400957
0.00251502
-0.000412283
0.00250497
-0.000423156
0.00249529
-0.00043358
0.00248598
-0.00044356
0.00247703
-0.000453099
0.00246843
-0.000462199
0.00246016
-0.000470861
0.00245222
-0.000479087
0.00244461
-0.000486878
0.00243731
-0.000494237
0.00243031
-0.000501164
0.00242362
-0.000507662
0.00241721
-0.000513735
0.0024111
-0.000519383
0.00240526
-0.000524613
0.0023997
-0.000529427
0.00239441
-0.000533831
0.00238937
-0.000537831
0.0023846
-0.000541432
0.00238008
-0.000544642
0.0023758
-0.000547469
0.00237176
-0.00054992
0.00236795
-0.000552004
0.00236437
-0.000553731
0.00236101
-0.000555111
0.00235787
-0.000556153
-0.000556868
0.0029737
-1.58782e-07
-0.00298976
0.00295628
-2.31253e-05
0.00293774
-4.75543e-05
0.00291845
-7.22116e-05
0.00289881
-9.6667e-05
0.00287918
-0.000120409
0.0028598
-0.000143216
0.00284083
-0.000165024
0.00282237
-0.000185843
0.00280446
-0.000205715
0.00278713
-0.000224701
0.00277039
-0.000242865
0.00275423
-0.000260264
0.00273864
-0.000276952
0.0027236
-0.000292977
0.00270909
-0.000308378
0.00269511
-0.000323192
0.00268162
-0.000337445
0.00266861
-0.000351164
0.00265607
-0.000364367
0.00264397
-0.000377072
0.00263231
-0.00038929
0.00262106
-0.000401033
0.00261021
-0.000412309
0.00259975
-0.000423124
0.00258968
-0.000433483
0.00257997
-0.00044339
0.00257062
-0.000452848
0.00256162
-0.000461859
0.00255295
-0.000470425
0.00254462
-0.000478548
0.00253662
-0.000486231
0.00252893
-0.000493475
0.00252155
-0.000500283
0.00251447
-0.000506658
0.00250769
-0.000512604
0.0025012
-0.000518123
0.002495
-0.000523222
0.00248907
-0.000527903
0.00248342
-0.000532175
0.00247803
-0.000536042
0.0024729
-0.000539512
0.00246802
-0.000542593
0.00246339
-0.000545292
0.00245901
-0.000547619
0.00245486
-0.000549582
0.00245094
-0.000551192
0.00244724
-0.000552459
-0.000553393
0.00309325
1.58909e-05
-0.0031093
0.00307612
-5.99503e-06
0.00305798
-2.94134e-05
0.00303906
-5.32886e-05
0.00301966
-7.72636e-05
0.00300008
-0.000100831
0.00298057
-0.000123708
0.00296131
-0.000145767
0.00294243
-0.000166959
0.002924
-0.000187283
0.00290607
-0.00020677
0.00288866
-0.000225458
0.00287179
0.00285545
0.00283965
0.00282436
0.00280958
0.00279529
0.00278149
0.00276814
0.00275524
0.00274278
0.00273075
0.00271912
0.00270789
0.00269705
0.00268658
0.00267648
0.00266674
0.00265734
0.00264829
0.00263957
0.00263118
0.00262311
0.00261534
0.00260789
0.00260073
0.00259387
0.00258729
0.00258099
0.00257497
0.00256922
0.00256373
0.00255849
0.00255351
0.00254877
0.00254427
0.00254
0.00321477
0.00319789
0.00318012
0.00316159
0.0031425
0.0031231
0.00310361
0.00308423
0.00306509
0.00304629
0.00302789
0.00220581
0.00192739
0.0021712
0.00192454
0.00213469
0.00191679
0.00190046
0.0023052
0.0019566
0.00227419
0.00195554
0.00224142
0.00194955
0.00193586
0.00240609
0.00198341
0.00237761
0.00198403
0.00234723
0.00197993
0.00196963
0.00250793
0.00200812
0.00248159
0.00201037
0.00245327
0.00200825
0.00200124
0.00261152
0.00203079
0.00258722
0.00203467
0.0025609
0.00203457
0.00203071
0.00271698
0.00205145
0.00269467
0.00205698
0.00267033
0.0020589
0.00205798
0.00282426
0.00207013
0.00280394
0.0020773
0.00278164
0.0020812
0.00208298
0.00293337
0.0029151
0.00209557
0.0028949
0.0021014
0.00210567
0.00302814
0.0030101
0.00211945
0.00212601
0.00312724
)
;

boundaryField
{
    inlet
    {
        type            calculated;
        value           nonuniform 0();
    }
    outlet
    {
        type            calculated;
        value           nonuniform 0();
    }
    cylinder
    {
        type            calculated;
        value           nonuniform 0();
    }
    top
    {
        type            symmetryPlane;
        value           nonuniform 0();
    }
    bottom
    {
        type            symmetryPlane;
        value           nonuniform 0();
    }
    defaultFaces
    {
        type            empty;
        value           nonuniform 0();
    }
    procBoundary10to6
    {
        type            processor;
        value           nonuniform List<scalar> 
55
(
1.8815e-05
2.23525e-05
2.60202e-05
2.97539e-05
3.34676e-05
3.70487e-05
4.03638e-05
4.32109e-05
4.56577e-05
1.60156e-05
1.56838e-05
1.54957e-05
1.54055e-05
1.54013e-05
1.5471e-05
1.56021e-05
1.57841e-05
1.60074e-05
1.62637e-05
1.65455e-05
1.68459e-05
-0.000551805
1.7159e-05
2.38315e-11
2.18484e-11
1.94944e-11
1.69531e-11
1.42244e-11
1.12724e-11
8.07095e-12
4.59307e-12
8.17959e-13
-3.27246e-12
-7.69846e-12
-1.24518e-11
-1.756e-11
-2.3037e-11
-2.88834e-11
-3.51137e-11
-4.17485e-11
-4.87759e-11
-5.62249e-11
-6.40892e-11
-7.23585e-11
-8.10458e-11
-9.01e-11
-9.95502e-11
-1.09372e-10
-1.1952e-10
-1.29943e-10
-1.40591e-10
-1.51385e-10
-1.62257e-10
-1.73057e-10
-1.83689e-10
)
;
    }
    procBoundary10to9
    {
        type            processor;
        value           nonuniform List<scalar> 
60
(
-4.82031e-05
-4.9739e-05
-5.20393e-05
-5.50986e-05
-5.89097e-05
-6.34638e-05
-6.87503e-05
-0.000163099
-9.89206e-05
-0.000106942
-0.000115787
-0.000125434
-0.00013586
-0.00014704
-0.000158948
-0.000171556
-0.000184834
-0.000198752
-0.000557928
-0.000262051
-0.000279796
-0.000298159
-0.000317093
-0.000336553
-0.00035649
-0.00101771
-0.000450558
-0.000474543
-0.000498872
-0.000523479
-0.000548297
-0.00159437
-0.000672786
-0.000701247
-0.000729658
-0.00211488
-0.000877886
-0.000909318
-0.00094034
-0.00273395
-0.00111152
-0.00114461
-0.00117687
-0.00345113
-0.00137012
-0.00140423
-0.00143534
-0.00428377
-0.00165511
-0.00167638
-0.00504999
-0.00189513
-0.00223806
-0.00233441
-0.0024329
-0.00253264
-0.00263419
-0.00273765
-0.00284293
-0.00295002
)
;
    }
    procBoundary10to11
    {
        type            processor;
        value           nonuniform List<scalar> 
53
(
0.00120254
0.00120383
0.00120642
0.00121028
0.00121539
0.00122174
0.00122928
0.00123798
0.0012478
0.00125867
0.00127054
0.00128336
0.00129705
0.00131154
0.00132676
0.00134263
0.00135906
0.00137597
0.00139328
0.000352217
0.00142566
0.00144298
0.00146042
0.00147787
0.00149526
0.00151248
0.00152946
0.00154609
0.00045459
0.00157323
0.00158847
0.00160313
0.00161713
0.00163038
0.00164282
0.00165437
0.000520947
0.00167336
0.00168266
0.00169092
0.00169806
0.00170405
0.00170893
0.000566893
0.00182038
0.00188803
0.00195843
0.00203168
0.00210786
0.00218708
0.00226941
0.00235494
0.00244377
)
;
    }
    procBoundary10to14
    {
        type            processor;
        value           nonuniform List<scalar> 
57
(
-0.000243392
-0.000260616
-0.000277171
-0.000293092
-0.000308412
-0.000323158
-0.000337355
-0.000351022
-0.000364176
-0.00037683
-0.000388996
-0.000400681
-0.000411894
-0.00042264
-0.000432923
-0.000442748
-0.000452116
-0.000461032
-0.000469496
-0.000477512
-0.000485082
-0.000492209
-0.000498897
-0.000505148
-0.000510966
-0.000516357
-0.000521326
-0.000525878
-0.00053002
-0.000533759
-0.000537102
-0.000540058
-0.000542635
-0.000544843
-0.000546692
-0.000548192
-0.000549354
3.1906e-05
-0.00323078
1.08849e-05
-1.16465e-05
-3.47548e-05
-5.81715e-05
-8.14307e-05
-0.000104225
-0.000126385
-0.000147816
-0.000168479
-0.000188371
0.00300994
-0.000207509
0.00208678
-0.00304432
0.00211175
-0.00314305
0.00213525
0.00214395
)
;
    }
    procBoundary10to15
    {
        type            processor;
        value           uniform 0.00253596;
    }
}


// ************************************************************************* //
