/*--------------------------------*- C++ -*----------------------------------*\
  =========                 |
  \\      /  F ield         | OpenFOAM: The Open Source CFD Toolbox
   \\    /   O peration     | Website:  https://openfoam.org
    \\  /    A nd           | Version:  7
     \\/     M anipulation  |
\*---------------------------------------------------------------------------*/
FoamFile
{
    version     2.0;
    format      ascii;
    class       surfaceScalarField;
    location    "15";
    object      phi;
}
// * * * * * * * * * * * * * * * * * * * * * * * * * * * * * * * * * * * * * //

dimensions      [0 3 -1 0 0 0 0];

internalField   nonuniform List<scalar> 
5137
(
0.00230644
-0.000504554
0.00231217
-0.000447835
0.00231811
-0.000390691
-0.000333152
0.00235142
-0.000621434
0.0023565
-0.000565898
0.00236183
-0.00050988
0.0023674
-0.000453404
0.0023732
-0.000396498
-0.000339188
0.00240399
-0.000680746
0.00240856
-0.000625999
0.0024134
-0.00057074
0.00241851
-0.000514994
0.0024239
-0.000458786
0.00242954
-0.000402141
-0.000345086
0.0024552
-0.000791956
0.00245885
-0.000738613
0.00246282
-0.00068471
0.00246709
-0.000630269
0.00247166
-0.000575313
0.00247653
-0.000519865
0.00248169
-0.00046395
0.00248715
-0.000407593
-0.000350819
0.00251075
-0.000899119
0.00251334
-0.000847305
0.00251627
-0.000794886
0.00251954
-0.000741882
0.00252315
-0.000688316
0.00252709
-0.000634208
0.00253135
-0.000579581
0.00253595
-0.000524459
0.00254086
-0.000468863
0.00254609
-0.00041282
-0.000356354
0.00257261
-0.00095168
0.00257435
-0.000900865
0.00257647
-0.000849422
0.00257895
-0.000797371
0.00258181
-0.000744734
0.00258502
-0.00069153
0.00258859
-0.000637783
0.00259253
-0.000583512
0.00259681
-0.000528742
0.00260144
-0.000473494
0.00260641
-0.000417793
-0.000361663
0.00263716
-0.00105137
0.00263759
-0.00100227
0.00263842
-0.000952505
0.00263964
-0.000902087
0.00264126
-0.00085104
0.00264327
-0.000799383
0.00264567
-0.000747138
0.00264847
-0.000694324
0.00265165
-0.000640964
0.00265521
-0.000587077
0.00265916
-0.000532687
0.00266348
-0.000477814
0.00266817
-0.000422484
-0.000366718
0.00270643
-0.00109877
0.00270585
-0.00105078
0.00270568
-0.00100211
0.00270594
-0.000952762
0.00270662
-0.000902765
0.00270771
-0.000852137
0.00270923
-0.000800899
0.00271116
-0.000749071
0.00271351
-0.000696673
0.00271627
-0.000643725
0.00271945
-0.000590249
0.00272302
-0.000536265
0.00272701
-0.000481796
0.00273139
-0.000426864
-0.000371492
0.00278119
-0.00119007
0.00277912
-0.00114397
0.00277748
-0.00109713
0.00277628
-0.00104958
0.00277551
-0.00100134
0.00277519
-0.000952438
0.00277531
-0.000902881
0.00277586
-0.000852695
0.00277686
-0.000801899
0.0027783
-0.000750512
0.00278019
-0.000698554
0.0027825
-0.000646044
0.00278526
-0.000593004
0.00278845
-0.000539455
0.00279207
-0.000485416
0.00279612
-0.000430911
-0.000375961
0.00285845
-0.00123183
0.00285529
-0.00118691
0.00285257
-0.00114124
0.00285029
-0.00109485
0.00284846
-0.00104775
0.00284709
-0.000999969
0.00284617
-0.00095152
0.00284571
-0.000902424
0.00284572
-0.0008527
0.00284618
-0.000802366
0.00284711
-0.000751443
0.00284851
-0.000699948
0.00285037
-0.000647902
0.00285268
-0.000595323
0.00285546
-0.000542233
0.0028587
-0.000488652
0.00286239
-0.000434601
-0.000380102
0.00294395
-0.00131427
0.00293926
-0.00127129
0.00293499
-0.00122756
0.00293116
-0.00118308
0.00292778
-0.00113786
0.00292486
-0.00109192
0.0029224
-0.00104529
0.0029204
-0.000997977
0.00291888
-0.000950001
0.00291784
-0.000901383
0.00291728
-0.000852139
0.0029172
-0.000802289
0.00291761
-0.000751849
0.0029185
-0.00070084
0.00291988
-0.00064928
0.00292175
-0.000597187
0.0029241
-0.000544582
0.00292693
-0.000491484
0.00293024
-0.000437915
-0.000383894
0.00302942
-0.00135026
0.00302363
-0.00130848
0.00301825
-0.00126591
0.0030133
-0.00122262
0.0030088
-0.00117858
0.00300476
-0.00113382
0.00300119
-0.00108835
0.00299809
-0.00104219
0.00299547
-0.00099536
0.00299335
-0.000947874
0.00299171
-0.000899749
0.00299058
-0.000851004
0.00298994
-0.000801655
0.00298981
-0.00075172
0.00299019
-0.000701218
0.00299108
-0.000650166
0.00299247
-0.000598582
0.00299438
-0.000546486
0.00299679
-0.000493897
0.00299971
-0.000440835
-0.00038732
0.00312582
-0.00142341
-0.00313349
0.00311853
-0.00138367
0.00311161
-0.00134334
0.00310511
-0.00130198
0.00309903
-0.00125984
0.0030934
-0.00121699
0.00308823
-0.00117341
0.00308352
-0.00112911
0.00307929
-0.00108412
0.00307555
-0.00103845
0.00307231
-0.000992115
0.00306956
-0.000945131
0.00306733
-0.000897516
0.00306561
-0.000849286
0.00306441
-0.000800457
0.00306374
-0.000751046
0.00306359
-0.00070107
0.00306397
-0.000650548
0.00306489
-0.000599496
0.00306633
-0.000547932
0.00306831
-0.000495876
0.00307082
-0.000443347
-0.000390364
0.00321131
-0.00141499
-0.00321973
0.00320327
-0.00137563
0.00319563
-0.0013357
0.00318841
-0.00129476
0.00318163
-0.00125306
0.00317531
-0.00121066
0.00316945
-0.00116755
0.00316407
-0.00112373
0.00315918
-0.00107923
0.00315479
-0.00103406
0.00315091
-0.000988234
0.00314755
-0.000941768
0.00314471
-0.000894678
0.0031424
-0.000846979
0.00314063
-0.000798687
0.0031394
-0.000749818
0.00313872
-0.000700389
0.00313859
-0.000650416
0.00313901
-0.000599917
0.00313999
-0.000548908
0.00314152
-0.000497409
0.00314361
-0.000445437
-0.000393012
0.00329868
-0.0014058
-0.00330787
0.00328988
-0.00136684
0.0032815
-0.00132731
0.00327355
-0.00128681
0.00326606
-0.00124557
0.00325903
-0.00120363
0.00325248
-0.001161
0.00324642
-0.00111767
0.00324087
-0.00107368
0.00323582
-0.00102902
0.0032313
-0.000983713
0.00322731
-0.000937779
0.00322386
-0.000891229
0.00322096
-0.000844077
0.00321861
-0.000796339
0.00321682
-0.00074803
0.0032156
-0.000699166
0.00321495
-0.000649763
0.00321487
-0.000599837
0.00321536
-0.000549406
0.00321644
-0.000498486
0.0032181
-0.000447095
0.00338795
-0.00139582
-0.00339793
0.00337839
-0.00135728
0.00336925
-0.00131817
0.00336056
-0.00127813
0.00335234
-0.00123735
0.0033446
-0.00119589
0.00333735
-0.00115375
0.0033306
-0.00111093
0.00332437
-0.00106744
0.00331866
-0.00102331
0.00331349
-0.000978546
0.00330887
-0.000933158
0.00330481
-0.000887163
0.00330131
-0.000840574
0.00329837
-0.000793407
0.00329602
-0.000745675
0.00329425
-0.000697395
0.00329307
-0.000648581
0.00329248
-0.00059925
0.00329249
-0.000549417
0.0032931
-0.000499099
-0.000448313
0.00347916
-0.00138503
-0.00348995
0.00346881
-0.00134693
0.0034589
-0.00130826
0.00344946
-0.00126868
0.0034405
-0.00122839
0.00343203
-0.00118742
0.00342406
-0.00114579
0.00341662
-0.00110348
0.00340971
-0.00106053
0.00340333
-0.00101694
0.00339751
-0.000972725
0.00339225
-0.000927899
0.00338756
-0.000882475
0.00338346
-0.000836466
0.00337994
-0.000789886
0.00337701
-0.00074275
0.00337469
-0.000695072
0.00337297
-0.000646866
0.00337187
-0.000598149
0.00337139
-0.000548935
0.00337153
-0.00049924
-0.000449081
0.00357233
-0.00137342
-0.00358394
0.00356118
-0.00133577
0.00355048
-0.00129756
0.00354027
-0.00125847
0.00353055
-0.00121867
0.00352135
-0.00117822
0.00351266
-0.0011371
0.00350451
-0.00109533
0.0034969
-0.00105292
0.00348985
-0.00100989
0.00348337
-0.000966244
0.00347747
-0.000921995
0.00347215
-0.000877158
0.00346743
-0.000831746
0.00346332
-0.000785771
0.00345982
-0.000739248
0.00345694
-0.000692191
0.00345468
-0.000644613
0.00345306
-0.000596529
0.00345208
-0.000547954
0.00345175
-0.000498904
-0.000449395
0.00366749
-0.00136097
-0.00367994
0.00365552
-0.0013238
0.00364402
-0.00128606
0.00363302
-0.00124747
0.00362254
-0.00120819
0.00361258
-0.00116826
0.00360316
-0.00112768
0.00359429
-0.00108646
0.00358598
-0.00104462
0.00357825
-0.00100216
0.0035711
-0.000959095
0.00356455
-0.000915441
0.0035586
-0.000871208
0.00355326
-0.000826409
0.00354855
-0.000781057
0.00354446
-0.000735165
0.00354102
-0.000688747
0.00353822
-0.000641816
0.00353608
-0.000594385
0.0035346
-0.000546471
0.00353378
-0.000498086
-0.000449248
0.00376466
-0.00134767
-0.00377796
0.00375185
-0.00131099
0.00373954
-0.00127375
0.00372774
-0.00123568
0.00371648
-0.00119692
0.00370576
-0.00115754
0.00369559
-0.00111752
0.003686
-0.00107687
0.00367698
-0.0010356
0.00366855
-0.000993731
0.00366073
-0.00095127
0.00365351
-0.000908228
0.00364692
-0.000864617
0.00364096
-0.00082045
0.00363564
-0.000775739
0.00363098
-0.000730497
0.00362697
-0.000684736
0.00362362
-0.000638471
0.00362095
-0.000591714
0.00361896
-0.00054448
0.00361765
-0.000496782
-0.000448637
0.00386388
-0.0013335
-0.00387805
0.00385022
-0.00129733
0.00383707
-0.0012606
0.00382446
-0.00122307
0.0038124
-0.00118487
0.00380091
-0.00114604
0.00378998
-0.00110659
0.00377965
-0.00106653
0.00376991
-0.00102586
0.00376078
-0.000984603
0.00375227
-0.000942761
0.00374439
-0.000900349
0.00373716
-0.000857379
0.00373057
-0.000813862
0.00372464
-0.00076981
0.00371938
-0.000725237
0.0037148
-0.000680154
0.0037109
-0.000634574
0.0037077
-0.000588511
0.0037052
-0.000541978
0.0037034
-0.000494988
-0.000447556
0.00396516
-0.00131844
-0.00398022
0.00395064
-0.00128281
0.00393664
-0.00124661
0.00392321
-0.00120963
0.00391034
-0.001172
0.00389806
-0.00113376
0.00388637
-0.0010949
0.00387528
-0.00105545
0.00386481
-0.00101539
0.00385497
-0.000974762
0.00384577
-0.000933559
0.00383722
-0.000891797
0.00382933
-0.000849486
0.0038221
-0.000806639
0.00381556
-0.000763266
0.0038097
-0.000719381
0.00380455
-0.000674996
0.00380009
-0.000630122
0.00379635
-0.000584772
0.00379334
-0.00053896
0.00379105
-0.0004927
-0.000446004
0.00406855
-0.00130247
-0.00408451
0.00405314
-0.0012674
0.00403829
-0.00123176
0.00402401
-0.00119536
0.00401033
-0.00115831
0.00399724
-0.00112067
0.00398477
-0.00108243
0.00397293
-0.0010436
0.00396172
-0.00100419
0.00395116
-0.000964201
0.00394126
-0.000923656
0.00393202
-0.000882563
0.00392347
-0.000840932
0.0039156
-0.000798774
0.00390844
-0.000756101
0.00390198
-0.000712924
0.00389624
-0.000669256
0.00389123
-0.000625108
0.00388695
-0.000580493
0.00388341
-0.000535424
0.00388063
-0.000489914
-0.000443976
0.00417407
-0.0012856
-0.00419095
0.00415777
-0.0012511
0.00414204
-0.00121603
0.00412691
-0.00118023
0.00411239
-0.0011438
0.0040985
-0.00110678
0.00408524
-0.00106917
0.00407262
-0.00103098
0.00406066
-0.000992226
0.00404937
-0.00095291
0.00403876
-0.000913044
0.00402883
-0.00087264
0.00401961
-0.000831709
0.0040111
-0.000790261
0.0040033
-0.000748307
0.00399624
-0.000705859
0.00398991
-0.00066293
0.00398433
-0.000619529
0.00397951
-0.00057567
0.00397545
-0.000531365
0.00397217
-0.000486627
-0.000441469
0.00428175
-0.00126779
-0.00429956
0.00426454
-0.00123389
0.00424793
-0.00119942
0.00423194
-0.00116423
0.00421657
-0.00112843
0.00420185
-0.00109206
0.00418779
-0.00105511
0.00417439
-0.00101759
0.00416167
-0.000979507
0.00414964
-0.000940879
0.00413831
-0.000901713
0.00412769
-0.00086202
0.00411779
-0.000821809
0.00410862
-0.000781092
0.0041002
-0.000739879
0.00409252
-0.000698182
0.0040856
-0.000656012
0.00407945
-0.00061338
0.00407408
-0.000570299
0.00406949
-0.00052678
0.0040657
-0.000482836
-0.000438479
0.00439163
-0.00124904
-0.00441038
0.0043735
-0.00121576
0.00435599
-0.00118191
0.00433912
-0.00114736
0.0043229
-0.00111222
0.00430735
-0.00107651
0.00429247
-0.00104023
0.00427828
-0.0010034
0.00426479
-0.000966018
0.00425201
-0.0009281
0.00423996
-0.000889656
0.00422863
-0.000850694
0.00421805
-0.000811226
0.00420822
-0.000771261
0.00419915
-0.000730811
0.00419085
-0.000689886
0.00418334
-0.000648497
0.00417661
-0.000606656
0.00417069
-0.000564374
0.00416557
-0.000521663
0.00416127
-0.000478535
-0.000435003
0.00450374
-0.00122934
-0.00452344
0.00448468
-0.0011967
0.00446626
-0.00116349
0.0044485
-0.0011296
0.00443141
-0.00109513
0.00441502
-0.00106011
0.00439932
-0.00102453
0.00438433
-0.000988408
0.00437006
-0.000951749
0.00435652
-0.000914564
0.00434373
-0.000876863
0.00433169
-0.000838656
0.00432042
-0.000799952
0.00430992
-0.000760762
0.0043002
-0.000721096
0.00429128
-0.000680965
0.00428316
-0.00064038
0.00427586
-0.000599352
0.00426938
-0.000557892
0.00426373
-0.000516011
0.00425891
-0.000473723
-0.000431038
0.00461812
-0.00120867
-0.00463878
0.00459811
-0.0011767
0.00457877
-0.00114414
0.00456011
-0.00111094
0.00454215
-0.00107717
0.0045249
-0.00104286
0.00450837
-0.001008
0.00449257
-0.000972608
0.00447751
-0.000936693
0.00446321
-0.000900263
0.00444967
-0.000863327
0.00443691
-0.000825896
0.00442494
-0.000787979
0.00441376
-0.000749586
0.00440339
-0.000710727
0.00439384
-0.000671413
0.00438512
-0.000631654
0.00437723
-0.000591462
0.00437018
-0.000550847
0.00436399
-0.00050982
0.00435866
-0.000468394
-0.00042658
0.0047348
-0.00118703
-0.00475644
0.00471384
-0.00115574
0.00469356
-0.00112387
0.004674
-0.00109138
0.00465515
-0.00105832
0.00463703
-0.00102474
0.00461966
-0.000990625
0.00460304
-0.000955989
0.00458719
-0.00092084
0.00457211
-0.000885187
0.00455782
-0.00084904
0.00454434
-0.000812408
0.00453166
-0.0007753
0.0045198
-0.000737727
0.00450877
-0.000699698
0.00449858
-0.000661224
0.00448924
-0.000622315
0.00448076
-0.000582982
0.00447315
-0.000543235
0.00446641
-0.000503085
0.00446056
-0.000462545
-0.000421625
0.00485382
-0.0011644
-0.00487645
0.00483189
-0.00113382
0.00481068
-0.00110266
0.0047902
-0.00107089
0.00477045
-0.00103858
0.00475146
-0.00100575
0.00473324
-0.000972401
0.00471579
-0.000938543
0.00469914
-0.000904182
0.00468328
-0.00086933
0.00466823
-0.000833994
0.00465401
-0.000798183
0.00464062
-0.000761909
0.00462807
-0.000725179
0.00461637
-0.000688003
0.00460554
-0.000650392
0.00459558
-0.000612356
0.00458651
-0.000573905
0.00457832
-0.00053505
0.00457104
-0.000495801
0.00456466
-0.00045617
-0.000416168
0.00497522
-0.00114078
-0.00499885
0.00495233
-0.00111092
0.00493017
-0.0010805
0.00490875
-0.00104948
0.00488811
-0.00101793
0.00486824
-0.000985879
0.00484915
-0.000953319
0.00483087
-0.00092026
0.0048134
-0.000886712
0.00479675
-0.000852682
0.00478094
-0.000818181
0.00476597
-0.000783216
0.00475186
-0.000747797
0.00473862
-0.000711934
0.00472625
-0.000675635
0.00471477
-0.000638911
0.00470418
-0.000601772
0.00469451
-0.000564227
0.00468574
-0.000526287
0.00467791
-0.000487964
0.004671
-0.000449266
-0.000410207
0.00509905
-0.00111615
-0.00512368
0.00507518
-0.00108705
0.00505206
-0.00105738
0.00502971
-0.00102713
0.00500815
-0.000996375
0.00498739
-0.000965119
0.00496744
-0.00093337
0.00494832
-0.000901135
0.00493003
-0.000868421
0.00491258
-0.000835238
0.004896
-0.000801595
0.00488028
-0.000767499
0.00486544
-0.00073296
0.0048515
-0.000697986
0.00483845
-0.000662588
0.00482631
-0.000626775
0.0048151
-0.000590557
0.00480481
-0.000553942
0.00479547
-0.000516943
0.00478707
-0.000479568
0.00477963
-0.000441829
-0.000403736
0.00522536
-0.00109052
-0.00525099
0.0052005
-0.00106218
0.00517641
-0.00103329
0.00515312
-0.00100384
0.00513064
-0.000973896
0.00510899
-0.000943462
0.00508816
-0.000912547
0.00506819
-0.000881158
0.00504907
-0.000849303
0.00503082
-0.00081699
0.00501345
-0.000784228
0.00499698
-0.000751024
0.00498141
-0.000717389
0.00496675
-0.00068333
0.00495302
-0.000648857
0.00494022
-0.000613978
0.00492837
-0.000578705
0.00491747
-0.000543045
0.00490754
-0.00050701
0.00489858
-0.000470609
0.00489061
-0.000433853
-0.000396752
0.00535418
-0.00106387
-0.00538084
0.00532833
-0.00103632
0.00530327
-0.00100823
0.00527903
-0.000979606
0.00525562
-0.00095049
0.00523306
-0.000920901
0.00521136
-0.000890844
0.00519053
-0.000860325
0.00517057
-0.000829351
0.00515152
-0.000797932
0.00513336
-0.000766074
0.00511612
-0.000733787
0.00509981
-0.000701079
0.00508444
-0.000667958
0.00507002
-0.000634434
0.00505656
-0.000600515
0.00504406
-0.000566211
0.00503255
-0.000531531
0.00502202
-0.000496485
0.0050125
-0.000461083
0.00500398
-0.000425334
-0.00038925
0.00548558
-0.00103619
-0.00551326
0.00545872
-0.00100946
0.00543269
-0.000982197
0.00540749
-0.000954412
0.00538315
-0.000926151
0.00535968
-0.00089743
0.00533709
-0.000868253
0.00531539
-0.000838627
0.0052946
-0.000808558
0.00527472
-0.000778056
0.00525578
-0.000747127
0.00523777
-0.00071578
0.00522071
-0.000684023
0.00520462
-0.000651865
0.0051895
-0.000619314
0.00517537
-0.000586379
0.00516222
-0.000553069
0.00515009
-0.000519394
0.00513896
-0.000485362
0.00512886
-0.000450983
0.0051198
-0.000416268
-0.000381226
0.00561961
-0.00100749
-0.00564831
0.00559174
-0.000981598
0.00556472
-0.000955176
0.00553856
-0.000928255
0.00551328
-0.000900872
0.0054889
-0.000873042
0.00546541
-0.000844769
0.00544284
-0.000816058
0.0054212
-0.000786918
0.0054005
-0.000757356
0.00538076
-0.00072738
0.00536198
-0.000696998
0.00534417
-0.000666217
0.00532735
-0.000635045
0.00531153
-0.000603492
0.00529671
-0.000571566
0.00528292
-0.000539275
0.00527015
-0.000506629
0.00525843
-0.000473636
0.00524775
-0.000440307
0.00523813
-0.00040665
-0.000372675
0.00575632
-0.000977753
-0.00578605
0.00572744
-0.000952718
0.00569943
-0.000927166
0.0056723
-0.000901131
0.00564608
-0.000874649
0.00562077
-0.000847732
0.00559638
-0.000820385
0.00557294
-0.000792614
0.00555045
-0.000764426
0.00552892
-0.000735828
0.00550837
-0.000706828
0.0054888
-0.000677434
0.00547024
-0.000647653
0.00545269
-0.000617493
0.00543616
-0.000586962
0.00542066
-0.000556069
0.00540621
-0.000524822
0.00539281
-0.000493231
0.00538048
-0.000461303
0.00536922
-0.000429048
0.00535904
-0.000396475
-0.000363595
0.00589577
-0.000946978
-0.00592655
0.00586588
-0.000922821
0.00583687
-0.00089816
0.00580877
-0.000873034
0.0057816
-0.000847475
0.00575536
-0.000821494
0.00573007
-0.000795097
0.00570575
-0.000768288
0.0056824
-0.000741075
0.00566003
-0.000713465
0.00563867
-0.000685465
0.00561832
-0.000657083
0.00559899
-0.000628326
0.0055807
-0.000599202
0.00556346
-0.000569719
0.00554727
-0.000539884
0.00553216
-0.000509707
0.00551812
-0.000479195
0.00550518
-0.000448357
0.00549333
-0.000417203
0.0054826
-0.00038574
-0.000353979
0.00603805
-0.00091516
-0.00606986
0.00600713
-0.000891902
0.00597712
-0.000868155
0.00594805
-0.000843959
0.00591992
-0.000819345
0.00589275
-0.000794323
0.00586655
-0.000768898
0.00584134
-0.000743075
0.00581712
-0.00071686
0.00579392
-0.000690262
0.00577174
-0.000663286
0.00575059
-0.00063594
0.0057305
-0.000608232
0.00571147
-0.000580168
0.0056935
-0.000551757
0.00567663
-0.000523006
0.00566084
-0.000493923
0.00564616
-0.000464516
0.0056326
-0.000434794
0.00562016
-0.000404766
0.00560886
-0.00037444
-0.000343825
0.0061832
-0.000882296
-0.00621607
0.00615126
-0.000859958
0.00612025
-0.000837146
0.00609019
-0.000813903
0.0060611
-0.000790256
0.00603299
-0.000766215
0.00600588
-0.000741784
0.00597978
-0.000716969
0.00595469
-0.000691777
0.00593064
-0.000666213
0.00590764
-0.000640285
0.0058857
-0.000614
0.00586483
-0.000587364
0.00584505
-0.000560386
0.00582637
-0.000533071
0.00580879
-0.000505429
0.00579233
-0.000477465
0.005777
-0.00044919
0.00576282
-0.00042061
0.00574979
-0.000391734
0.00573792
-0.00036257
-0.000333127
0.00633132
-0.000848382
-0.00636524
0.00629835
-0.000826984
0.00626633
-0.000805128
0.00623529
-0.000782859
0.00620523
-0.000760201
0.00617618
-0.000737163
0.00614815
-0.00071375
0.00612115
-0.000689966
0.00609519
-0.000665819
0.00607029
-0.000641314
0.00604646
-0.000616458
0.00602372
-0.000591257
0.00600207
-0.000565719
0.00598154
-0.000539849
0.00596212
-0.000513657
0.00594384
-0.000487148
0.00592671
-0.00046033
0.00591073
-0.000433211
0.00589592
-0.000405799
0.00588228
-0.000378102
0.00586984
-0.000350127
-0.000321883
0.00648249
-0.000813414
-0.00651746
0.00644848
-0.000792976
0.00641545
-0.000772098
0.00638342
-0.000750824
0.00635239
-0.000729177
0.0063224
-0.000707165
0.00629344
-0.000684791
0.00626553
-0.000662061
0.00623869
-0.000638982
0.00621294
-0.000615559
0.00618828
-0.000591798
0.00616473
-0.000567706
0.0061423
-0.000543289
0.00612101
-0.000518555
0.00610086
-0.000493509
0.00608187
-0.000468159
0.00606405
-0.000442512
0.00604742
-0.000416576
0.00603197
-0.000390358
0.00601774
-0.000363865
0.00600472
-0.000337106
-0.000310089
0.00663679
-0.00077739
-0.00667281
0.00660174
-0.000757932
0.0065677
-0.000738052
0.00653467
-0.000717795
0.00650267
-0.00069718
0.00647172
-0.000676215
0.00644183
-0.000654903
0.00641302
-0.00063325
0.0063853
-0.000611261
0.00635868
-0.000588943
0.00633319
-0.000566302
0.00630882
-0.000543342
0.00628561
-0.000520072
0.00626355
-0.000496496
0.00624266
-0.000472623
0.00622296
-0.000448457
0.00620445
-0.000424007
0.00618716
-0.00039928
0.00617108
-0.000374282
0.00615624
-0.00034902
0.00614263
-0.000323504
-0.000297739
0.00679431
-0.000740305
-0.0068314
0.00675823
-0.000721847
0.00672316
-0.000702987
0.00668913
-0.000683767
0.00665616
-0.000664205
0.00662425
-0.000644308
0.00659343
-0.000624081
0.00656371
-0.000603527
0.0065351
-0.000582652
0.00650762
-0.000561462
0.00648128
-0.000539964
0.0064561
-0.000518161
0.00643209
-0.000496061
0.00640926
-0.00047367
0.00638763
-0.000450993
0.00636721
-0.000428038
0.00634801
-0.00040481
0.00633005
-0.000381317
0.00631334
-0.000357566
0.00629788
-0.000333563
0.00628369
-0.000309316
-0.000284832
0.00695516
-0.000702157
-0.00699331
0.00691803
-0.000684719
0.00688195
-0.000666898
0.00684691
-0.000648736
0.00681296
-0.000630248
0.00678009
-0.000611442
0.00674833
-0.00059232
0.00671769
-0.000572887
0.00668819
-0.00055315
0.00665984
-0.000533112
0.00663265
-0.000512779
0.00660665
-0.000492158
0.00658184
-0.000471253
0.00655824
-0.00045007
0.00653586
-0.000428616
0.00651472
-0.000406896
0.00649483
-0.000384917
0.0064762
-0.000362685
0.00645884
-0.000340207
0.00644276
-0.000317489
0.00642799
-0.000294539
-0.000271363
0.00711945
-0.000662944
-0.00715866
0.00708128
-0.000646543
0.00704416
-0.000629782
0.00700812
-0.000612698
0.00697318
-0.000595305
0.00693935
-0.00057761
0.00690664
-0.000559616
0.00687508
-0.000541327
0.00684468
-0.000522749
0.00681546
-0.000503886
0.00678742
-0.000484743
0.00676059
-0.000465327
0.00673498
-0.000445641
0.0067106
-0.000425692
0.00668747
-0.000405486
0.0066656
-0.000385027
0.00664501
-0.000364323
0.0066257
-0.000343378
0.00660769
-0.0003222
0.006591
-0.000300795
0.00657563
-0.000279169
-0.000257329
0.00728729
-0.00062266
-0.00732757
0.00724806
-0.000607317
0.00720992
-0.000591635
0.00717287
-0.000575649
0.00713694
-0.000559372
0.00710214
-0.00054281
0.00706848
-0.000525964
0.007036
-0.000508842
0.00700469
-0.000491445
0.00697459
-0.00047378
0.0069457
-0.000455851
0.00691803
-0.000437664
0.00689162
-0.000419222
0.00686645
-0.000400532
0.00684257
-0.000381598
0.00681997
-0.000362427
0.00679867
-0.000343023
0.00677868
-0.000323393
0.00676002
-0.000303542
0.0067427
-0.000283477
0.00672674
-0.000263203
-0.000242727
0.00745881
-0.000581304
-0.00750016
0.00741853
-0.000567037
0.00737934
-0.000552453
0.00734128
-0.000537585
0.00730435
-0.000522444
0.00726858
-0.000507035
0.00723398
-0.000491361
0.00720056
-0.000475426
0.00716835
-0.000459234
0.00713736
-0.00044279
0.0071076
-0.000426098
0.0070791
-0.000409163
0.00705187
-0.00039199
0.00702593
-0.000374584
0.00700128
-0.000356949
0.00697794
-0.00033909
0.00695593
-0.000321014
0.00693526
-0.000302725
0.00691595
-0.000284228
0.006898
-0.00026553
0.00688144
-0.000246636
-0.000227553
0.00763413
-0.000538871
-0.00767656
0.00759279
-0.000525699
0.00755257
-0.000512232
0.00751349
-0.000498502
0.00747556
-0.000484517
0.00743881
-0.000470282
0.00740325
-0.0004558
0.0073689
-0.000441075
0.00733577
-0.00042611
0.00730389
-0.00041091
0.00727328
-0.000395479
0.00724393
-0.000379821
0.00721588
-0.000363941
0.00718914
-0.000347844
0.00716373
-0.000331533
0.00713965
-0.000315013
0.00711693
-0.000298291
0.00709557
-0.000281369
0.0070756
-0.000264255
0.00705702
-0.000246952
0.00703985
-0.000229467
-0.000211804
0.0078134
-0.000495359
-0.00785692
0.007771
-0.000483299
0.00772974
-0.000470969
0.00768963
-0.000458396
0.0076507
-0.000445587
0.00761297
-0.000432547
0.00757645
-0.000419278
0.00754115
-0.000405784
0.00750711
-0.000392068
0.00747434
-0.000378136
0.00744285
-0.000363989
0.00741266
-0.000349632
0.00738379
-0.00033507
0.00735625
-0.000320306
0.00733006
-0.000305345
0.00730524
-0.000290191
0.0072818
-0.000274849
0.00725975
-0.000259323
0.00723912
-0.000243618
0.0072199
-0.000227739
0.00720213
-0.000211691
-0.000195478
0.00799678
-0.000450762
-0.00804137
0.00795331
-0.000439834
0.007911
-0.000428658
0.00786987
-0.000417261
0.00782993
-0.000405648
0.0077912
-0.000393823
0.00775371
-0.000381789
0.00771748
-0.000369548
0.00768251
-0.000357104
0.00764884
-0.000344461
0.00761647
-0.000331623
0.00758543
-0.000318591
0.00755573
-0.000305372
0.0075274
-0.000291967
0.00750043
-0.000278382
0.00747486
-0.00026462
0.0074507
-0.000250685
0.00742795
-0.000236581
0.00740665
-0.000222314
0.0073868
-0.000207887
0.00736841
-0.000193305
-0.000178572
0.00818441
-0.000405078
-0.00823009
0.00813987
-0.000395298
0.00809651
-0.000385296
0.00805434
-0.000375094
0.00801339
-0.000364696
0.00797368
-0.000354107
0.00793522
-0.000343328
0.00789803
-0.000332362
0.00786214
-0.000321212
0.00782756
-0.000309882
0.00779431
-0.000298375
0.00776241
-0.000286693
0.00773188
-0.000274841
0.00770274
-0.000262821
0.00767499
-0.000250638
0.00764867
-0.000238294
0.00762378
-0.000225794
0.00760033
-0.000213141
0.00757836
-0.000200339
0.00755787
-0.000187393
0.00753887
-0.000174306
-0.000161083
0.00837647
-0.000358303
-0.00842324
0.00833086
-0.000349689
0.00828644
-0.000340878
0.00824324
-0.000331889
0.00820127
-0.000322727
0.00816055
-0.000313393
0.00812112
-0.00030389
0.00808297
-0.000294221
0.00804615
-0.000284388
0.00801066
-0.000274393
0.00797653
-0.000264241
0.00794377
-0.000253933
0.0079124
-0.000243473
0.00788244
-0.000232864
0.00785391
-0.000222108
0.00782683
-0.00021121
0.00780121
-0.000200172
0.00777706
-0.000188997
0.00775441
-0.00017769
0.00773327
-0.000166254
0.00771366
-0.000154692
-0.000143008
0.00857313
-0.000310432
-0.00862101
0.00852645
-0.000303001
0.00848097
-0.0002954
0.00843672
-0.000287643
0.00839373
-0.000279735
0.00835201
-0.000271676
0.00831159
-0.00026347
0.00827249
-0.000255119
0.00823473
-0.000246624
0.00819833
-0.000237989
0.0081633
-0.000229215
0.00812967
-0.000220306
0.00809746
-0.000211263
0.00806669
-0.00020209
0.00803737
-0.000192789
0.00800952
-0.000183362
0.00798316
-0.000173814
0.00795831
-0.000164146
0.00793498
-0.000154363
0.0079132
-0.000144466
0.00789296
-0.000134459
0.0087746
-0.000261461
-0.00882357
0.00872683
-0.000255231
0.00868028
-0.000248857
0.00863499
-0.00024235
0.00859097
-0.000235715
0.00854825
-0.000228952
0.00850684
-0.000222064
0.00846677
-0.000215052
0.00842806
-0.000207918
0.00839074
-0.000200664
0.00835482
-0.000193293
0.00832032
-0.000185806
0.00828726
-0.000178206
0.00825566
-0.000170494
0.00822555
-0.000162674
0.00819693
-0.000154747
0.00816984
-0.000146716
0.00814427
-0.000138584
0.00812027
-0.000130353
0.00809783
-0.000122026
-0.000113606
0.00898105
-0.000211388
-0.00903112
0.00893219
-0.000206375
0.00888458
-0.000201245
0.00883823
-0.000196007
0.00879318
-0.000190663
0.00874944
-0.000185215
0.00870705
-0.000179665
0.00866601
-0.000174013
0.00862635
-0.000168262
0.0085881
-0.000162413
0.00855127
-0.000156467
0.0085159
-0.000150427
0.00848199
-0.000144295
0.00844956
-0.000138071
0.00841865
-0.000131759
0.00838926
-0.000125359
0.00836142
-0.000118875
0.00833514
-0.000112308
0.00831045
-0.000105659
0.00828735
-9.89325e-05
-9.21293e-05
0.00919269
-0.000160209
-0.00924387
0.00914275
-0.000156429
0.00909406
-0.000152559
0.00904666
-0.000148607
0.00900057
-0.000144573
0.00895582
-0.00014046
0.00891242
-0.000136268
0.0088704
-0.000131997
0.00882979
-0.000127651
0.00879061
-0.000123229
0.00875287
-0.000118733
0.00871661
-0.000114165
0.00868184
-0.000109525
0.00864859
-0.000104816
0.00861687
-0.000100039
0.0085867
-9.51945e-05
0.00855811
-9.02852e-05
0.00853112
-8.53122e-05
0.00850573
-8.02772e-05
0.00848198
-7.51821e-05
-7.00284e-05
0.00940974
-0.000107921
-0.00946203
0.0093587
-0.000105389
0.00930894
-0.000102796
0.00926048
-0.000100146
0.00921335
-9.74405e-05
0.00916757
-9.46799e-05
0.00912316
-9.18652e-05
0.00908016
-8.89973e-05
0.00903859
-8.6077e-05
0.00899847
-8.31052e-05
0.00895982
-8.00829e-05
0.00892266
-7.7011e-05
0.00888703
-7.38906e-05
0.00885293
-7.07225e-05
0.0088204
-6.75078e-05
0.00878946
-6.42477e-05
0.00876011
-6.09432e-05
0.0087324
-5.75953e-05
0.00870632
-5.42052e-05
0.00868192
-5.07742e-05
-4.73031e-05
0.00963241
-5.45192e-05
-0.00968581
0.00958027
-5.32499e-05
0.00952942
-5.19478e-05
0.00947989
-5.0616e-05
0.00943171
-4.9255e-05
0.00938489
-4.78657e-05
0.00933948
-4.64481e-05
0.00929548
-4.50032e-05
0.00925294
-4.35311e-05
0.00921186
-4.20328e-05
0.00917229
-4.05084e-05
0.00913424
-3.89587e-05
0.00909773
-3.7384e-05
0.00906279
-3.57851e-05
0.00902945
-3.41622e-05
0.00899772
-3.25163e-05
0.00896762
-3.08473e-05
0.00893918
-2.91567e-05
0.00891242
-2.74441e-05
0.00888736
-2.57109e-05
-2.39571e-05
0.00986093
-0.00991545
0.00980768
0.00975573
0.00970512
0.00965586
0.009608
0.00956155
0.00951654
0.00947301
0.00943098
0.00939047
0.00935151
0.00931413
0.00927834
0.00924418
0.00921167
0.00918082
0.00915166
0.00912422
0.00909851
0.00302563
0.00110557
0.00303825
0.0011088
0.00305205
0.00110745
0.00306691
0.00110128
0.00308269
0.0010899
0.00309921
0.00107276
0.00311624
0.00104907
0.00101751
0.00306404
5.76299e-05
0.00306307
0.000161227
0.00306159
0.000252847
0.00305969
0.000334773
0.0030575
0.000409443
0.00305516
0.000478217
0.00305279
0.000542225
0.0030505
0.000602162
0.00304845
0.00065852
0.00304675
0.000711586
0.00304553
0.000761518
0.00304493
0.000808365
0.00304507
0.000852102
0.00304608
0.000892651
0.00304806
0.0009299
0.00305112
0.000963715
0.00305536
0.000993958
0.00306084
0.00102049
0.00306762
0.00104318
0.00307573
0.00106193
0.00308518
0.00107662
0.00309597
0.00108717
0.00310805
0.00109349
0.00312137
0.00109548
0.00313582
0.001093
0.00315129
0.00108581
0.00316762
0.00107356
0.00318464
0.00105575
0.00320211
0.0010316
0.000999884
0.00313693
5.79285e-05
0.00313606
0.000162099
0.00313473
0.000254182
0.00313303
0.000336466
0.0031311
0.000411371
0.00312906
0.00048026
0.00312703
0.000544255
0.00312514
0.000604051
0.00312352
0.000660139
0.00312231
0.000712805
0.00312162
0.000762207
0.00312159
0.000808395
0.00312234
0.000851349
0.00312399
0.000890997
0.00312666
0.000927235
0.00313043
0.000959943
0.00313539
0.000988994
0.00314162
0.00101427
0.00314915
0.00103565
0.00315801
0.00105306
0.00316821
0.00106642
0.00317972
0.00107565
0.00319251
0.00108071
0.00320649
0.0010815
0.00322158
0.00107791
0.00323764
0.00106975
0.00325451
0.00105669
0.003272
0.00103826
0.00328988
0.00101371
0.0009819
0.00321156
5.81899e-05
0.00321079
0.000162866
0.00320962
0.000255352
0.00320815
0.00033794
0.00320649
0.000413028
0.00320477
0.000481982
0.00320311
0.000545915
0.00320163
0.000605523
0.00320048
0.000661294
0.00319977
0.000713514
0.00319963
0.000762341
0.0032002
0.000807828
0.00320159
0.00084996
0.00320392
0.000888672
0.00320728
0.00092387
0.00321178
0.000955444
0.00321749
0.000983285
0.00322447
0.00100729
0.00323276
0.00102737
0.00324237
0.00104345
0.00325331
0.00105548
0.00326555
0.00106342
0.00327902
0.00106723
0.00329366
0.00106686
0.00330936
0.00106221
0.00332599
0.00105313
0.00334337
0.00103931
0.00336132
0.00102031
0.0033796
0.000995427
0.000963573
0.00328796
5.84118e-05
0.0032873
0.000163523
0.00328631
0.000256345
0.00328507
0.00033918
0.0032837
0.000414397
0.00328232
0.000483362
0.00328105
0.000547184
0.00328002
0.000606555
0.00327935
0.000661961
0.00327918
0.000713688
0.00327963
0.000761895
0.00328081
0.00080664
0.00328286
0.000847911
0.00328588
0.000885653
0.00328997
0.000919782
0.00329521
0.000950202
0.00330168
0.000976818
0.00330942
0.000999545
0.00331847
0.00101831
0.00332884
0.00103308
0.00334052
0.0010438
0.00335347
0.00105047
0.00336762
0.00105307
0.0033829
0.00105158
0.0033992
0.00104592
0.00341637
0.00103596
0.00343424
0.00102143
0.00345263
0.00100192
0.00347129
0.00097676
0.000944918
0.00336618
5.85916e-05
0.00336564
0.000164061
0.00336483
0.000257151
0.00336384
0.00034017
0.00336278
0.000415457
0.00336176
0.000484381
0.00336091
0.000548038
0.00336034
0.000607121
0.00336019
0.000662112
0.00336058
0.0007133
0.00336163
0.000760843
0.00336347
0.000804804
0.0033662
0.000845179
0.00336993
0.00088192
0.00337476
0.000914954
0.00338076
0.000944201
0.003388
0.000969581
0.00339651
0.000991029
0.00340633
0.00100849
0.00341746
0.00102195
0.00342987
0.00103139
0.00344352
0.00103682
0.00345834
0.00103825
0.00347424
0.00103568
0.00349111
0.00102905
0.0035088
0.00101827
0.00352715
0.00100308
0.00354595
0.000983124
0.00356498
0.000957733
0.000925954
0.00344625
5.87266e-05
0.00344584
0.000164473
0.00344523
0.000257758
0.00344451
0.000340896
0.00344377
0.000416192
0.00344314
0.000485017
0.00344272
0.000548454
0.00344265
0.000607197
0.00344303
0.000661724
0.00344401
0.000712324
0.00344569
0.00075916
0.0034482
0.000802298
0.00345164
0.000841741
0.00345611
0.000877451
0.00346169
0.000909369
0.00346847
0.000937427
0.00347648
0.000961564
0.00348578
0.000981733
0.00349637
0.000997905
0.00350824
0.00101007
0.00352138
0.00101826
0.00353572
0.00102248
0.0035512
0.00102278
0.00356771
0.00101916
0.00358513
0.00101163
0.00360333
0.00100007
0.00362212
0.000984291
0.00364132
0.000963929
0.00366068
0.000938366
0.000906699
0.00352824
5.88144e-05
0.00352796
0.000164752
0.00352756
0.000258155
0.00352712
0.000341342
0.00352673
0.000416584
0.00352649
0.000485248
0.00352654
0.00054841
0.00352698
0.000606758
0.00352793
0.000660771
0.00352952
0.000710737
0.00353186
0.000756822
0.00353506
0.000799097
0.00353922
0.000837575
0.00354444
0.000872228
0.0035508
0.000903009
0.00355836
0.000929867
0.00356717
0.000952758
0.00357725
0.000971653
0.00358861
0.000986545
0.00360123
0.00099745
0.00361509
0.0010044
0.00363011
0.00100746
0.00364622
0.00100666
0.00366332
0.00100207
0.00368128
0.000993665
0.00369996
0.000981394
0.00371918
0.00096507
0.00373875
0.000944361
0.00375844
0.00091868
0.000887173
0.00361217
5.88522e-05
0.00361204
0.000164891
0.00361186
0.000258329
0.00361171
0.000341493
0.00361168
0.000416613
0.00361187
0.000485055
0.0036124
0.000547882
0.00361338
0.000605782
0.00361492
0.000659228
0.00361714
0.000708513
0.00362016
0.000753804
0.00362408
0.00079518
0.00362899
0.000832662
0.00363499
0.000866234
0.00364213
0.000895862
0.00365049
0.000921511
0.00366009
0.000943155
0.00367096
0.000960786
0.00368309
0.000974416
0.00369646
0.000984081
0.00371102
0.00098984
0.00372671
0.000991764
0.00374345
0.000989928
0.00376112
0.000984395
0.0037796
0.000975186
0.00379874
0.000962255
0.00381836
0.000945443
0.00383828
0.000924441
0.00385827
0.000898693
0.000867394
0.00369811
5.88373e-05
0.00369812
0.000164881
0.00369817
0.000258271
0.00369833
0.000341333
0.00369868
0.000416261
0.00369932
0.000484417
0.00370036
0.000546849
0.00370189
0.000604243
0.00370405
0.000657072
0.00370694
0.000705628
0.00371065
0.000750084
0.00371531
0.000790526
0.00372099
0.000826983
0.00372777
0.000859451
0.00373572
0.000887912
0.00374488
0.000912348
0.00375529
0.000932751
0.00376694
0.00094913
0.00377984
0.000961519
0.00379395
0.000969975
0.00380921
0.000974577
0.00382556
0.000975416
0.0038429
0.000972587
0.00386112
0.000966171
0.0038801
0.00095621
0.00389968
0.000942675
0.00391969
0.00092543
0.00393994
0.00090419
0.00396021
0.000878427
0.00084738
0.00378608
5.87669e-05
0.00378625
0.000164715
0.00378655
0.000257967
0.00378704
0.000340848
0.00378779
0.000415511
0.00378889
0.000483313
0.00379045
0.000545288
0.00379258
0.00060212
0.00379537
0.00065428
0.00379894
0.000702061
0.00380338
0.000745641
0.00380879
0.000785114
0.00381525
0.000820519
0.00382284
0.000851866
0.0038316
0.000879151
0.00384158
0.000902372
0.00385279
0.00092154
0.00386523
0.000936684
0.00387889
0.000947859
0.00389373
0.00095514
0.00390968
0.000958625
0.00392667
0.000958426
0.0039446
0.000954656
0.00396336
0.000947413
0.00398281
0.000936756
0.00400282
0.000922675
0.00402319
0.000905054
0.00404375
0.000883628
0.00406428
0.0008579
0.000827149
0.00387615
5.86385e-05
0.00387648
0.000164387
0.00387704
0.000257406
0.00387787
0.000340022
0.00387903
0.000414344
0.00388062
0.000481722
0.00388273
0.000543178
0.00388546
0.00059939
0.00388892
0.000650828
0.00389319
0.000697788
0.00389838
0.000740454
0.00390456
0.000778926
0.00391183
0.000813255
0.00392023
0.000843465
0.00392981
0.000869566
0.00394061
0.000891575
0.00395263
0.000909521
0.00396586
0.000923452
0.00398028
0.00093344
0.00399584
0.000939583
0.00401247
0.000941997
0.00403008
0.00094081
0.00404859
0.000936152
0.00406786
0.000928138
0.00408777
0.000916843
0.00410817
0.000902274
0.00412889
0.000884333
0.00414975
0.000862775
0.00417052
0.000837132
0.00080672
0.00396836
5.84493e-05
0.00396886
0.000163887
0.00396969
0.000256577
0.00397087
0.000338841
0.00397248
0.000412743
0.00397457
0.000479626
0.00397725
0.000540497
0.00398061
0.000596031
0.00398474
0.000646695
0.00398974
0.00069279
0.00399569
0.000734503
0.00400268
0.000771944
0.00401075
0.000805177
0.00401998
0.000834237
0.0040304
0.000859152
0.00404202
0.000879955
0.00405485
0.000896693
0.00406886
0.000909434
0.00408403
0.000918271
0.0041003
0.000923316
0.00411759
0.000924704
0.00413582
0.000922581
0.00415488
0.000917092
0.00417465
0.000908366
0.004195
0.000896493
0.00421578
0.000881494
0.00423683
0.000863288
0.00425795
0.000841651
0.00427895
0.00081614
0.000786108
0.00406277
5.81967e-05
0.00406345
0.000163209
0.00406456
0.000255468
0.00406611
0.000337288
0.00406816
0.00041069
0.00407078
0.000477004
0.00407406
0.000537224
0.00407806
0.000592022
0.0040829
0.000641861
0.00408864
0.000687046
0.00409537
0.00072777
0.00410316
0.000764154
0.00411207
0.000796271
0.00412214
0.000824171
0.00413339
0.0008479
0.00414584
0.000867507
0.00415947
0.000883057
0.00417427
0.000894638
0.00419018
0.000902357
0.00420715
0.000906349
0.00422509
0.000906761
0.00424392
0.000903757
0.00426351
0.000897494
0.00428376
0.000888115
0.00430453
0.000875723
0.00432568
0.000860352
0.00434703
0.000841938
0.0043684
0.000820273
0.0043896
0.000794943
0.000765331
0.00415942
5.7878e-05
0.00416028
0.000162345
0.00416168
0.000254068
0.00416362
0.000335351
0.00416614
0.000408168
0.00416931
0.000473839
0.00417319
0.000533341
0.00417787
0.000587343
0.00418343
0.000636306
0.00418993
0.000680539
0.00419746
0.00072024
0.00420608
0.00075554
0.00421582
0.000786526
0.00422673
0.000813261
0.00423882
0.000835808
0.0042521
0.000854231
0.00426654
0.000868617
0.00428211
0.000879067
0.00429876
0.00088571
0.00431641
0.000888694
0.00433499
0.000888183
0.0043544
0.000884353
0.00437451
0.000877375
0.00439523
0.000867404
0.0044164
0.000854553
0.00443788
0.000838869
0.00445951
0.000820302
0.00448113
0.000798661
0.00450251
0.000773556
0.000744402
0.00425837
5.74906e-05
0.00425943
0.000161288
0.00426113
0.000252366
0.00426347
0.000333015
0.00426647
0.000405161
0.0042702
0.000470112
0.00427471
0.000528829
0.00428008
0.000581975
0.00428638
0.000630012
0.00429366
0.000673251
0.00430201
0.000711897
0.00431146
0.000746091
0.00432205
0.000775933
0.00433381
0.0008015
0.00434675
0.000822871
0.00436085
0.000840129
0.00437609
0.000853375
0.00439243
0.000862731
0.0044098
0.000868339
0.00442813
0.000870364
0.00444733
0.000868984
0.00446729
0.000864386
0.00448791
0.000856754
0.00450907
0.000846251
0.00453062
0.000833002
0.00455242
0.000817063
0.00457433
0.000798397
0.00459616
0.00077683
0.00461772
0.000751995
0.000723338
0.00435967
5.70321e-05
0.00436093
0.000160031
0.00436295
0.00025035
0.0043657
0.000330265
0.00436921
0.000401653
0.00437351
0.000465805
0.00437867
0.000523668
0.00438475
0.000575901
0.0043918
0.000622962
0.00439988
0.000665166
0.00440905
0.000702728
0.00441935
0.000735796
0.00443079
0.000764483
0.00444341
0.000788884
0.00445719
0.00080909
0.00447212
0.000825202
0.00448816
0.000837339
0.00450525
0.000845638
0.00452333
0.000850257
0.00454232
0.000851373
0.00456213
0.00084918
0.00458264
0.000843874
0.00460374
0.000835648
0.00462532
0.000824675
0.00464723
0.000811087
0.00466935
0.000794952
0.0046915
0.000776242
0.00471353
0.000754798
0.00473525
0.000730276
0.00070215
0.00446339
5.65001e-05
0.00446485
0.000158567
0.00446719
0.000248012
0.00447037
0.000327089
0.00447439
0.000397628
0.00447929
0.000460902
0.00448512
0.000517843
0.00449192
0.000569103
0.00449974
0.00061514
0.00450863
0.000656272
0.00451864
0.000692721
0.00452979
0.000724646
0.0045421
0.000752172
0.00455558
0.000775409
0.0045702
0.000794464
0.00458595
0.000809455
0.00460277
0.000820515
0.00462061
0.000827797
0.0046394
0.000831474
0.00465903
0.000831737
0.00467942
0.000828787
0.00470047
0.000822833
0.00472204
0.000814076
0.00474402
0.000802694
0.00476628
0.000788828
0.00478868
0.000772553
0.00481107
0.000753852
0.00483328
0.00073258
0.00485515
0.000708413
0.000680853
0.00456957
5.58922e-05
0.00457124
0.000156889
0.00457392
0.000245339
0.00457753
0.000323474
0.00458209
0.000393072
0.0045876
0.000455388
0.00459411
0.000511338
0.00460164
0.000561567
0.00461025
0.000606532
0.00461997
0.000646555
0.00463082
0.000681866
0.00464284
0.000712633
0.00465601
0.000738995
0.00467035
0.000761076
0.00468581
0.000778997
0.00470238
0.000792893
0.00471998
0.000802912
0.00473856
0.000809221
0.00475802
0.000812006
0.00477829
0.000811469
0.00479926
0.000807823
0.00482081
0.000801282
0.00484283
0.000792055
0.0048652
0.000780326
0.00488778
0.000766242
0.00491045
0.000749883
0.00493306
0.000731243
0.00495545
0.000710189
0.00497745
0.000686418
0.000659456
0.00467827
5.52062e-05
0.00468017
0.000154991
0.00468318
0.000242324
0.00468725
0.000319408
0.00469235
0.000387971
0.00469849
0.000449247
0.00470569
0.000504137
0.00471398
0.000553278
0.00472339
0.000597126
0.00473394
0.000636006
0.00474565
0.000670154
0.00475853
0.000699752
0.00477258
0.00072495
0.00478777
0.000745884
0.00480407
0.000762692
0.00482144
0.000775523
0.00483982
0.000784539
0.00485911
0.000789921
0.00487925
0.000791866
0.00490014
0.000790587
0.00492166
0.000786303
0.0049437
0.000779237
0.00496615
0.000769602
0.00498889
0.000757588
0.00501179
0.000743343
0.00503472
0.000726957
0.00505753
0.00070843
0.00508008
0.000687639
0.00510219
0.000664304
0.000637972
0.00478956
5.44401e-05
0.00479168
0.000152867
0.00479505
0.000238956
0.00479958
0.000314879
0.00480524
0.000382312
0.00481202
0.000442467
0.00481993
0.000496227
0.00482898
0.000544223
0.0048392
0.000586909
0.00485059
0.000624613
0.00486317
0.00065758
0.00487692
0.000686
0.00489183
0.000710035
0.00490788
0.000729836
0.00492502
0.000745555
0.00494319
0.000757354
0.00496232
0.000765408
0.00498233
0.000769911
0.00500312
0.00077107
0.00502461
0.000769105
0.00504666
0.000764245
0.00506919
0.000756716
0.00509205
0.000746735
0.00511515
0.000734495
0.00513834
0.00072015
0.00516151
0.000703791
0.00518451
0.000685425
0.00520721
0.000664943
0.00522943
0.00064208
0.000616408
0.00490349
5.35917e-05
0.00490585
0.000150511
0.00490958
0.000235228
0.00491458
0.000309877
0.00492081
0.000376083
0.00492824
0.000435035
0.00493687
0.000487596
0.0049467
0.000534392
0.00495774
0.000575873
0.00496998
0.000612371
0.00498342
0.000644138
0.00499805
0.000671374
0.00501383
0.000694252
0.00503073
0.000712937
0.00504869
0.000727593
0.00506765
0.000738395
0.00508753
0.000745531
0.00510824
0.000749204
0.00512968
0.000749631
0.00515174
0.00074704
0.00517432
0.000741665
0.0051973
0.000733735
0.00522057
0.00072347
0.005244
0.000711065
0.00526747
0.000696676
0.00529086
0.000680397
0.00531405
0.000662242
0.00533688
0.000642111
0.0053592
0.000619757
0.000594773
0.00502014
5.26593e-05
0.00502273
0.000147918
0.00502683
0.000231131
0.00503231
0.000304392
0.00503912
0.000369273
0.00504722
0.000426938
0.00505658
0.000478234
0.0050672
0.000523774
0.00507906
0.000564009
0.00509216
0.000599274
0.00510647
0.000629825
0.00512197
0.000655874
0.00513862
0.000677604
0.00515637
0.000695191
0.00517515
0.000708813
0.00519488
0.000718656
0.00521549
0.000724919
0.00523688
0.000727815
0.00525895
0.000727567
0.00528158
0.00072441
0.00530466
0.00071858
0.00532809
0.000710311
0.00535174
0.000699823
0.00537549
0.000687313
0.00539923
0.000672935
0.00542284
0.000656789
0.00544619
0.000638892
0.00546914
0.000619154
0.00549156
0.000597343
0.000573075
0.00513955
5.16413e-05
0.00514239
0.000145083
0.00514686
0.000226658
0.00515284
0.000298414
0.00516024
0.000361873
0.00516901
0.000418169
0.00517911
0.00046813
0.00519052
0.000512362
0.00520322
0.000551312
0.00521718
0.000585317
0.00523236
0.00061464
0.00524874
0.000639501
0.00526625
0.000660094
0.00528483
0.000676606
0.00530442
0.000689226
0.00532493
0.00069815
0.00534626
0.000703588
0.00536831
0.000705758
0.00539099
0.000704892
0.00541417
0.000701228
0.00543774
0.000695006
0.00546159
0.00068646
0.00548561
0.00067581
0.00550967
0.000663251
0.00553366
0.000648941
0.00555747
0.000632978
0.00558098
0.000615385
0.00560406
0.00059608
0.00562655
0.000574846
0.000551319
0.00526181
5.0536e-05
0.00526489
0.000142002
0.00526974
0.000221802
0.00527622
0.000291937
0.00528422
0.000353873
0.00529367
0.000408717
0.00530453
0.000457277
0.00531674
0.000500148
0.00533028
0.000537776
0.0053451
0.000570497
0.00536115
0.000598582
0.0053784
0.000622258
0.00539676
0.000641728
0.00541618
0.000657189
0.00543656
0.000668841
0.00545783
0.000676889
0.00547986
0.000681549
0.00550257
0.000683049
0.00552584
0.000681623
0.00554956
0.000677513
0.00557361
0.000670959
0.00559787
0.000662196
0.00562223
0.000651444
0.00564659
0.000638895
0.00567083
0.000624705
0.00569483
0.000608975
0.00571849
0.00059173
0.00574167
0.000572896
0.00576424
0.000552271
0.00052951
0.00538697
4.93421e-05
0.0053903
0.00013867
0.00539554
0.000216557
0.00540253
0.000284951
0.00541114
0.000345266
0.00542128
0.000398575
0.00543289
0.000445667
0.00544591
0.000487128
0.00546029
0.000523398
0.00547597
0.000554815
0.0054929
0.000581654
0.005511
0.000604149
0.00553022
0.000622512
0.00555046
0.00063695
0.00557163
0.00064767
0.00559364
0.000654885
0.00561637
0.000658818
0.00563971
0.000659702
0.00566356
0.000657775
0.0056878
0.000653279
0.0057123
0.000646454
0.00573696
0.000637535
0.00576167
0.000626738
0.00578631
0.000614255
0.00581077
0.000600238
0.00583496
0.000584789
0.00585876
0.000567934
0.00588204
0.000549609
0.00590469
0.000529624
0.000507652
0.0055151
4.80584e-05
0.00551869
0.000135085
0.00552433
0.000210918
0.00553183
0.000277452
0.00554105
0.000336044
0.00555188
0.000387737
0.00556425
0.000433297
0.00557808
0.000473298
0.00559331
0.000508176
0.00560985
0.00053827
0.00562765
0.000563858
0.00564662
0.000585179
0.00566667
0.000602455
0.00568773
0.000615898
0.00570967
0.000625723
0.00573241
0.000632151
0.00575582
0.000635409
0.00577979
0.000635733
0.0058042
0.000633362
0.00582894
0.00062854
0.00585388
0.000621506
0.00587893
0.00061249
0.00590396
0.000601706
0.00592887
0.000589342
0.00595356
0.000575549
0.00597793
0.000560427
0.00600186
0.000544005
0.00602524
0.000526223
0.00604796
0.000506907
0.000485746
0.00564628
4.66838e-05
0.00565013
0.000131242
0.00565616
0.000204881
0.00566418
0.000269435
0.00567402
0.000326204
0.00568556
0.000376198
0.00569869
0.000420162
0.00571334
0.000458656
0.0057294
0.00049211
0.00574681
0.000520864
0.00576547
0.000545197
0.00578529
0.000565355
0.00580618
0.000581564
0.00582804
0.000594044
0.00585075
0.000603015
0.0058742
0.000608701
0.00589827
0.000611336
0.00592285
0.000611155
0.00594781
0.0006084
0.00597304
0.000603312
0.00599842
0.000596127
0.00602383
0.000587072
0.00604918
0.000576357
0.00607436
0.000564166
0.00609926
0.000550646
0.00612379
0.000535896
0.00614785
0.000519946
0.00617133
0.000502742
0.00619412
0.000484122
0.000463795
0.00578058
4.52176e-05
0.00578468
0.00012714
0.00579112
0.000198442
0.00579966
0.000260893
0.00581013
0.00031574
0.00582237
0.000363955
0.00583627
0.000406259
0.00585173
0.0004432
0.00586864
0.000475202
0.0058869
0.000502601
0.00590642
0.000525679
0.00592709
0.000544685
0.0059488
0.00055985
0.00597145
0.000571399
0.00599491
0.000579555
0.00601906
0.000584549
0.00604378
0.000586612
0.00606896
0.000585983
0.00609445
0.000582902
0.00612016
0.000577606
0.00614596
0.000570329
0.00617174
0.000561293
0.00619739
0.000550702
0.00622282
0.000538735
0.00624793
0.000525536
0.00627263
0.0005112
0.00629682
0.00049576
0.00632039
0.000479168
0.00634324
0.000461271
0.000441797
0.00591807
4.3659e-05
0.00592243
0.000122777
0.00592928
0.000191599
0.00593834
0.000251826
0.00594943
0.00030465
0.00596238
0.000351004
0.00597706
0.000391588
0.00599332
0.000426932
0.00601107
0.000457453
0.00603019
0.000483484
0.00605056
0.000505308
0.00607207
0.000523176
0.0060946
0.000537322
0.00611802
0.000547973
0.00614222
0.000555358
0.00616706
0.000559706
0.00619243
0.000561251
0.00621818
0.00056023
0.0062442
0.00055688
0.00627037
0.000551435
0.00629658
0.000544123
0.00632271
0.000535161
0.00634866
0.000524747
0.00637434
0.000513055
0.00639966
0.000500222
0.00642451
0.000486343
0.00644882
0.00047145
0.00647249
0.0004555
0.00649541
0.000438353
0.00041975
0.00605883
4.20075e-05
0.00606345
0.000118151
0.0060707
0.000184348
0.0060803
0.00024223
0.00609202
0.000292931
0.00610568
0.000337346
0.00612112
0.000376148
0.0061382
0.000409853
0.00615678
0.000438866
0.00617675
0.000463519
0.00619796
0.000484092
0.0062203
0.000500836
0.00624363
0.000513989
0.00626783
0.000523779
0.00629275
0.000530434
0.00631827
0.000534186
0.00634426
0.000535266
0.00637058
0.000533908
0.00639712
0.000530346
0.00642374
0.000524809
0.00645035
0.000517519
0.00647682
0.000508685
0.00650307
0.0004985
0.006529
0.000487129
0.00655451
0.000474708
0.00657953
0.000461326
0.00660396
0.000447016
0.00662772
0.000431738
0.00665071
0.000415364
0.000397651
0.00620293
4.02628e-05
0.00620782
0.000113261
0.00621548
0.000176688
0.0062256
0.000232104
0.00623795
0.000280583
0.00625232
0.00032298
0.00626852
0.000359941
0.00628641
0.000391965
0.00630583
0.000419447
0.00632664
0.000442711
0.00634869
0.000462038
0.00637185
0.000477676
0.00639598
0.000489863
0.00642093
0.000498827
0.00644657
0.000504796
0.00647276
0.000507999
0.00649936
0.000508666
0.00652624
0.000507027
0.00655327
0.000503309
0.00658035
0.000497736
0.00660734
0.000490522
0.00663416
0.000481869
0.0066607
0.000471963
0.00668686
0.000460962
0.00671258
0.000448994
0.00673776
0.000436147
0.00676232
0.000422454
0.00678618
0.000407878
0.00680924
0.000392301
0.000375496
0.00635045
3.84247e-05
0.00635561
0.000108107
0.00636367
0.00016862
0.00637433
0.000221447
0.00638731
0.000267606
0.00640238
0.000307907
0.00641935
0.000342969
0.00643805
0.000373272
0.00645829
0.000399199
0.00647994
0.000421069
0.00650282
0.000439154
0.00652679
0.000453704
0.0065517
0.000464952
0.0065774
0.000473127
0.00660374
0.000478453
0.00663059
0.000481157
0.00665779
0.000481463
0.00668522
0.000479596
0.00671275
0.000475777
0.00674027
0.000470222
0.00676765
0.000463138
0.0067948
0.000454718
0.00682162
0.000445139
0.00684803
0.000434552
0.00687395
0.00042308
0.00689929
0.000410805
0.00692398
0.000397761
0.00694795
0.000383915
0.00697109
0.000369157
0.000353277
0.00650148
3.64933e-05
0.0065069
0.000102688
0.00651538
0.000160143
0.00652656
0.000210261
0.00654017
0.000254001
0.00655595
0.000292129
0.00657368
0.000325236
0.00659317
0.000353779
0.00661424
0.00037813
0.00663671
0.000398597
0.00666042
0.000415448
0.0066852
0.000428928
0.00671088
0.000439267
0.00673732
0.000446689
0.00676436
0.000451416
0.00679185
0.000453668
0.00681964
0.000453664
0.00684762
0.000451623
0.00687564
0.000447757
0.00690359
0.000442274
0.00693135
0.000435371
0.00695884
0.000427233
0.00698595
0.000418027
0.00701261
0.000407897
0.00703873
0.000396961
0.00706424
0.000385295
0.00708907
0.000372931
0.00711314
0.000359841
0.00713637
0.000345924
0.000330985
0.0066561
3.44686e-05
0.00666178
9.70053e-05
0.00667067
0.000151257
0.00668238
0.000198546
0.00669661
0.00023977
0.00671309
0.00027565
0.00673158
0.000306745
0.00675187
0.000333491
0.00677376
0.000356245
0.00679705
0.000375304
0.00682157
0.000390928
0.00684714
0.000403357
0.00687359
0.000412815
0.00690076
0.000419521
0.00692848
0.000423691
0.00695661
0.000425539
0.006985
0.000425276
0.00701351
0.000423112
0.00704202
0.000419251
0.0070704
0.000413891
0.00709855
0.000407219
0.00712637
0.000399411
0.00715378
0.000390624
0.00718068
0.000380994
0.00720701
0.000370631
0.0072327
0.000359607
0.00725767
0.000347954
0.00728187
0.000335647
0.0073052
0.000322592
0.000308609
0.00681439
3.23511e-05
0.00682034
9.10596e-05
0.00682963
0.000141965
0.00684187
0.000186305
0.00685673
0.000224916
0.0068739
0.000258473
0.00689315
0.000287501
0.00691422
0.000312414
0.00693692
0.000333551
0.00696103
0.000351196
0.00698635
0.000365602
0.00701271
0.000376999
0.00703992
0.000385605
0.00706781
0.000391632
0.00709621
0.000395287
0.00712498
0.000396776
0.00715395
0.000396303
0.007183
0.000394066
0.00721199
0.000390261
0.0072408
0.000385074
0.00726934
0.000378682
0.0072975
0.000371249
0.0073252
0.000362924
0.00735236
0.000353834
0.00737891
0.000344081
0.00740479
0.000333733
0.00742992
0.000322821
0.00745425
0.00031132
0.00747769
0.000299148
0.000286138
0.00697644
3.01411e-05
0.00698265
8.48519e-05
0.00699235
0.000132268
0.00700511
0.00017354
0.00702059
0.000209443
0.00703846
0.000240603
0.00705845
0.00026751
0.00708031
0.000290553
0.00710381
0.000310053
0.00712872
0.000326281
0.00715485
0.000339477
0.00718199
0.000349861
0.00720995
0.000357642
0.00723856
0.000363025
0.00726764
0.000366206
0.00729703
0.000367382
0.00732659
0.000366745
0.00735617
0.000364485
0.00738565
0.000360784
0.0074149
0.000355818
0.00744383
0.000349753
0.00747234
0.00034274
0.00750035
0.000334919
0.00752777
0.000326407
0.00755455
0.000317299
0.00758063
0.00030766
0.00760593
0.000297515
0.00763041
0.000286846
0.00765398
0.000275576
0.000263553
0.00714235
2.78392e-05
0.00714881
7.83841e-05
0.00715891
0.000122169
0.0071722
0.000160255
0.00718829
0.000193355
0.00720685
0.000222044
0.00722758
0.000246776
0.00725022
0.000267915
0.00727451
0.000285759
0.00730023
0.000300564
0.00732715
0.000312557
0.00735506
0.000321947
0.00738377
0.000328932
0.00741309
0.000333704
0.00744285
0.00033645
0.00747287
0.000337356
0.00750302
0.000336603
0.00753313
0.000334366
0.0075631
0.000330816
0.0075928
0.000326118
0.00762213
0.000320423
0.007651
0.000313873
0.00767932
0.000306596
0.00770703
0.000298699
0.00773406
0.000290271
0.00776035
0.00028137
0.00778585
0.000272021
0.00781048
0.000262207
0.0078342
0.000251858
0.000240839
0.00731219
2.5446e-05
0.00731892
7.16581e-05
0.00732942
0.00011167
0.00734322
0.000146454
0.00735991
0.000176657
0.00737916
0.000202802
0.00740063
0.000225307
0.00742404
0.000244506
0.00744912
0.000260675
0.00747563
0.000274052
0.00750334
0.000284849
0.00753202
0.000293262
0.00756148
0.000299476
0.00759151
0.00030367
0.00762194
0.00030602
0.0076526
0.000306698
0.00768334
0.00030587
0.007714
0.000303702
0.00774447
0.000300348
0.00777462
0.000295961
0.00780437
0.000290679
0.00783361
0.000284633
0.00786227
0.000277938
0.00789027
0.000270693
0.00791757
0.000262977
0.00794409
0.000254844
0.0079698
0.000246317
0.00799462
0.000237381
0.00801851
0.000227974
0.000217973
0.00748607
2.29625e-05
0.00749305
6.46762e-05
0.00750395
0.000100776
0.00751826
0.000132141
0.00753556
0.000159354
0.00755548
0.000182883
0.00757768
0.000203108
0.00760185
0.000220331
0.00762772
0.000234805
0.00765503
0.000246749
0.00768352
0.000256356
0.00771297
0.000263808
0.00774317
0.000269275
0.00777392
0.000272923
0.00780503
0.000274912
0.00783633
0.0002754
0.00786766
0.00027454
0.00789888
0.000272482
0.00792986
0.000269368
0.00796049
0.000265333
0.00799066
0.000260506
0.00802029
0.000255002
0.0080493
0.000248925
0.00807763
0.000242366
0.00810521
0.000235394
0.008132
0.000228058
0.00815794
0.000220379
0.00818297
0.000212343
0.00820705
0.000203897
0.00019493
0.00766408
2.03895e-05
0.00767131
5.74411e-05
0.0076826
8.94904e-05
0.00769742
0.000117322
0.00771532
0.000141452
0.00773591
0.000162294
0.00775883
0.000180185
0.00778377
0.000195397
0.00781042
0.000208155
0.00783851
0.000218658
0.00786778
0.00022708
0.00789801
0.000233585
0.00792896
0.000238327
0.00796042
0.000241457
0.00799222
0.000243118
0.00802416
0.000243453
0.0080561
0.000242601
0.00808789
0.000240693
0.0081194
0.000237857
0.00815052
0.000234216
0.00818114
0.000229881
0.00821119
0.000224957
0.00824058
0.000219534
0.00826925
0.000213693
0.00829715
0.000207496
0.00832422
0.000200985
0.00835042
0.000194179
0.0083757
0.000187066
0.0084
0.0001796
0.000171684
0.00784632
1.7728e-05
0.0078538
4.99559e-05
0.00786548
7.7818e-05
0.00788079
0.000102003
0.00789929
0.000122958
0.00792054
0.00014104
0.00794418
0.000156545
0.00796987
0.000169708
0.0079973
0.000180729
0.00802617
0.000189781
0.00805623
0.00019702
0.00808723
0.00020259
0.00811893
0.000206627
0.00815112
0.000209264
0.00818361
0.000210628
0.00821622
0.000210845
0.00824878
0.000210035
0.00828116
0.000208315
0.00831322
0.000205796
0.00834485
0.000202585
0.00837595
0.00019878
0.00840644
0.000194469
0.00843624
0.000189735
0.00846529
0.000184644
0.00849354
0.00017925
0.00852093
0.000173591
0.00854742
0.000167684
0.00857297
0.000161517
0.00859752
0.00015505
0.000148201
0.00803289
1.49792e-05
0.00804062
4.22241e-05
0.00805267
6.57638e-05
0.00806849
8.61901e-05
0.00808757
0.000103878
0.00810948
0.00011913
0.00813383
0.000132193
0.00816027
0.00014327
0.00818847
0.00015253
0.00821813
0.000160121
0.00824897
0.000166176
0.00828074
0.00017082
0.0083132
0.000174168
0.00834613
0.000176335
0.00837933
0.000177429
0.00841262
0.000177557
0.00844583
0.000176823
0.00847882
0.000175325
0.00851146
0.000173158
0.00854363
0.000170412
0.00857524
0.00016717
0.0086062
0.000163508
0.00863644
0.000159492
0.0086659
0.000155182
0.00869453
0.000150621
0.00872228
0.000145841
0.00874911
0.000140856
0.00877497
0.000135657
0.00879981
0.000130211
0.000124446
0.00822389
1.21442e-05
0.00823186
3.42495e-05
0.00824429
5.33336e-05
0.00826059
6.98899e-05
0.00828025
8.42208e-05
0.00830281
9.65688e-05
0.00832787
0.000107136
0.00835505
0.000116087
0.00838402
0.000123559
0.00841447
0.000129676
0.0084461
0.000134544
0.00847865
0.000138267
0.00851188
0.000140939
0.00854556
0.000142654
0.00857949
0.000143502
0.00861348
0.000143569
0.00864736
0.000142939
0.00868099
0.000141695
0.00871424
0.000139912
0.00874699
0.000137663
0.00877914
0.000135016
0.00881062
0.000132033
0.00884134
0.000128767
0.00887126
0.000125266
0.00890031
0.000121565
0.00892846
0.00011769
0.00895567
0.000113652
0.00898188
0.000109445
0.00900705
0.000105039
0.000100379
0.00841942
9.22457e-06
0.00842764
2.60365e-05
0.00844044
4.05341e-05
0.00845722
5.31107e-05
0.00847744
6.3994e-05
0.00850065
7.33659e-05
0.0085264
8.13804e-05
0.00855432
8.81632e-05
0.00858406
9.38202e-05
0.0086153
9.8444e-05
0.00864772
0.000102118
0.00868107
0.000104921
0.00871508
0.000106926
0.00874953
0.000108204
0.00878421
0.000108824
0.00881892
0.000108852
0.00885351
0.000108354
0.00888782
0.00010739
0.00892171
0.000106019
0.00895507
0.000104297
0.00898782
0.000102275
0.00901985
9.99995e-05
0.0090511
9.75121e-05
0.00908152
9.48477e-05
0.00911105
9.20343e-05
0.00913965
8.90906e-05
0.00916728
8.60246e-05
0.00919389
8.2831e-05
0.00921944
7.9488e-05
7.59523e-05
0.00861961
6.22182e-06
0.00862805
1.75904e-05
0.00864122
2.73727e-05
0.00865846
3.58615e-05
0.00867925
4.32073e-05
0.00870309
4.95297e-05
0.00872953
5.49336e-05
0.00875819
5.95041e-05
0.0087887
6.3313e-05
0.00882072
6.64232e-05
0.00885395
6.88916e-05
0.0088881
7.07712e-05
0.00892291
7.2112e-05
0.00895815
7.29624e-05
0.00899361
7.33691e-05
0.00902908
7.33772e-05
0.00906441
7.30304e-05
0.00909943
7.23704e-05
0.00913401
7.14372e-05
0.00916804
7.02679e-05
0.00920142
6.88973e-05
0.00923406
6.73568e-05
0.0092659
6.56744e-05
0.00929687
6.38736e-05
0.00932693
6.19733e-05
0.00935604
5.99859e-05
0.00938414
5.79167e-05
0.00941121
5.57616e-05
0.0094372
5.35052e-05
5.1117e-05
0.00882455
3.13675e-06
0.00883322
8.91918e-06
0.00884673
1.38576e-05
0.00886444
1.81529e-05
0.00888578
2.18717e-05
0.00891024
2.50705e-05
0.00893737
2.78035e-05
0.00896676
3.01143e-05
0.00899803
3.2039e-05
0.00903084
3.36097e-05
0.00906488
3.48554e-05
0.00909985
3.58028e-05
0.00913548
3.64775e-05
0.00917154
3.69041e-05
0.00920781
3.71062e-05
0.00924408
3.71068e-05
0.00928018
3.6928e-05
0.00931596
3.65911e-05
0.00935128
3.61163e-05
0.00938602
3.55223e-05
0.00942009
3.48268e-05
0.00945341
3.40458e-05
0.00948589
3.31932e-05
0.00951748
3.22812e-05
0.00954813
3.1319e-05
0.00957781
3.03132e-05
0.00960646
2.9266e-05
0.00963404
2.81753e-05
0.00966052
2.70325e-05
2.58199e-05
0.00903433
0.00904325
0.0090571
0.00907526
0.00909713
0.0091222
0.00915
0.00918012
0.00921216
0.00924577
0.00928062
0.00931642
0.0093529
0.00938981
0.00942691
0.00946402
0.00950095
0.00953754
0.00957365
0.00960918
0.009644
0.00967805
0.00971124
0.00974352
0.00977484
0.00980516
0.00983442
0.0098626
0.00988963
)
;

boundaryField
{
    inlet
    {
        type            calculated;
        value           nonuniform List<scalar> 
47
(
-0.00306438
-0.00313723
-0.00321182
-0.00328818
-0.00336636
-0.00344639
-0.00352833
-0.00361221
-0.00369809
-0.00378601
-0.00387602
-0.00396817
-0.00406252
-0.0041591
-0.00425798
-0.00435922
-0.00446286
-0.00456896
-0.00467758
-0.00478879
-0.00490264
-0.0050192
-0.00513853
-0.0052607
-0.00538577
-0.00551382
-0.00564491
-0.00577911
-0.00591651
-0.00605717
-0.00620118
-0.00634861
-0.00649955
-0.00665408
-0.00681227
-0.00697423
-0.00714004
-0.0073098
-0.00748359
-0.00766151
-0.00784366
-0.00803014
-0.00822105
-0.00841651
-0.00861661
-0.00882146
-0.00903119
)
;
    }
    outlet
    {
        type            calculated;
        value           nonuniform 0();
    }
    cylinder
    {
        type            calculated;
        value           nonuniform 0();
    }
    top
    {
        type            symmetryPlane;
        value           uniform 0;
    }
    bottom
    {
        type            symmetryPlane;
        value           nonuniform 0();
    }
    defaultFaces
    {
        type            empty;
        value           nonuniform 0();
    }
    procBoundary12to8
    {
        type            processor;
        value           nonuniform List<scalar> 
65
(
0.000384749
0.000442106
0.000499043
0.000616607
-0.00230093
0.00056082
-0.0023466
0.000676461
0.000788613
-0.00239971
0.000734958
0.000896873
-0.00245185
0.000844716
-0.00250851
0.000950306
0.00105134
-0.00257123
0.00100185
-0.00263714
0.00109977
0.00119257
-0.00270743
0.00114604
-0.00278369
0.00123542
0.00131937
-0.00286204
0.00127598
-0.00294905
0.00135646
0.00143107
-0.00303562
0.00139097
-0.00111694
-0.00112142
-0.00112125
-0.00111614
-0.00110568
-0.00108928
-0.00106611
-0.00103475
-5.72965e-05
-0.000160257
-0.000251358
-0.000332873
-0.000407261
-0.000475875
-0.000539849
-0.00059988
-0.000656463
-0.000709884
-0.000760302
-0.000807764
-0.000852244
-0.000893657
-0.000931883
-0.000966779
-0.000998193
-0.00102597
-0.00104996
-0.00107004
-0.00108607
-0.00301426
-0.00109796
)
;
    }
    procBoundary12to9
    {
        type            processor;
        value           nonuniform List<scalar> 
12
(
0.000327004
0.00232426
0.00237924
0.00243544
0.00249288
0.00255162
0.00261172
0.00267322
0.00273616
0.00280058
0.00286653
0.00293403
)
;
    }
    procBoundary12to13
    {
        type            processor;
        value           nonuniform List<scalar> 
51
(
0.00300314
0.00307387
0.00314626
0.00322034
-0.000395253
0.00329432
0.0033723
0.00345206
0.00353363
0.00361704
0.00370232
0.0037895
0.0038786
0.00396966
0.00406271
0.0041578
0.00425495
0.0043542
0.00445561
0.00455921
0.00466504
0.00477316
0.00488362
0.00499647
0.00511177
0.00522958
0.00534996
0.00547298
0.00559871
0.00572722
0.0058586
0.00599292
0.00613029
0.00627078
0.00641452
0.0065616
0.00671214
0.00686626
0.0070241
0.0071858
0.00735151
0.00752138
0.00769558
0.0078743
-0.000124346
0.00807697
0.00826588
0.00845988
0.00865919
0.00886401
0.00907455
)
;
    }
}


// ************************************************************************* //
