/*--------------------------------*- C++ -*----------------------------------*\
  =========                 |
  \\      /  F ield         | OpenFOAM: The Open Source CFD Toolbox
   \\    /   O peration     | Website:  https://openfoam.org
    \\  /    A nd           | Version:  7
     \\/     M anipulation  |
\*---------------------------------------------------------------------------*/
FoamFile
{
    version     2.0;
    format      ascii;
    class       surfaceScalarField;
    location    "15";
    object      phi;
}
// * * * * * * * * * * * * * * * * * * * * * * * * * * * * * * * * * * * * * //

dimensions      [0 3 -1 0 0 0 0];

internalField   nonuniform List<scalar> 
5120
(
-0.00104381
1.65774e-09
1.60164e-09
-0.00104381
0.00025738
-0.00131854
0.000274725
-0.00160896
0.000290426
-0.00191515
0.00030619
-0.00223795
0.000322804
-0.00257878
0.00034083
-0.00293923
0.000360448
-0.00332102
0.000381793
-0.00372593
0.000404907
-0.00415579
0.000429859
-0.0046125
0.000456705
-0.00509801
0.000485509
-0.00561439
0.000516383
-0.00616366
0.000549269
0.000584609
-0.00674828
-0.00104316
0.00051464
-0.00131777
0.000549336
-0.00160808
0.000580741
-0.00191416
0.000612267
-0.00223685
0.000645493
-0.00257756
0.000681541
-0.00293788
0.000720768
-0.00331954
0.00076345
-0.0037243
0.000809671
-0.004154
0.000859562
-0.00461054
0.000913242
-0.00509587
0.000970836
-0.00561205
0.00103257
-0.0061611
0.00109832
0.00116898
-0.00674547
-0.00104184
0.000771663
-0.00131623
0.000823721
-0.00160632
0.000870836
-0.00191218
0.000918122
-0.00223464
0.000967953
-0.00257511
0.00102201
-0.00293518
0.00108084
-0.00331657
0.00114484
-0.00372104
0.00121414
-0.00415043
0.00128895
-0.00460663
0.00136944
-0.00509159
0.00145579
-0.00560737
0.00154834
-0.00615597
0.00164693
0.00175287
-0.00673986
-0.00103987
0.00102833
-0.00131392
0.00109777
-0.00160368
0.0011606
-0.00190921
0.00122364
-0.00223132
0.00129007
-0.00257144
0.00136212
-0.00293112
0.00144053
-0.00331211
0.00152582
-0.00371615
0.00161819
-0.00414508
0.00171788
-0.00460077
0.00182513
-0.00508517
0.0019402
-0.00560034
0.00206352
-0.00614828
0.00219487
0.00233603
-0.00673145
-0.00103725
0.00128453
-0.00131084
0.00137136
-0.00160017
0.00144992
-0.00190525
0.00152872
-0.00222691
0.00161173
-0.00256654
0.00170176
-0.00292572
0.00179971
-0.00330617
0.00190627
-0.00370964
0.00202165
-0.00413794
0.00214618
-0.00459295
0.00228015
-0.00507662
0.00242386
-0.00559098
0.00257788
-0.00613804
0.00274192
0.00291824
-0.00672024
-0.00103397
-0.001307
0.00164439
-0.00159577
0.00173869
-0.0019003
0.00183325
-0.00222139
0.00193282
-0.00256043
0.0020408
-0.00291898
0.00215826
-0.00329875
0.00228604
-0.0037015
0.0024244
-0.00412902
0.00257371
-0.0045832
0.00273432
-0.00506594
0.00290661
-0.0055793
0.00309124
-0.00612525
0.00328788
0.00349924
-0.00670626
-0.00130239
0.00191675
-0.0015905
0.0020268
-0.00189436
0.00213711
-0.00221477
0.00225323
-0.00255309
0.00237912
-0.00291089
0.00251606
-0.00328986
0.00266501
-0.00369174
0.00282628
-0.00411834
0.0030003
-0.0045715
0.00318749
-0.00505315
0.00338826
-0.0055653
0.00360339
-0.00610994
0.00383251
0.00407881
-0.00668951
-0.00129702
0.00218831
-0.00158436
0.00231414
-0.00188745
0.00244019
-0.00220705
0.00257283
-0.00254454
0.00271661
-0.00290146
0.00287297
-0.00327949
0.00304305
-0.00368037
0.00322715
-0.00410588
0.00342582
-0.00455787
0.00363948
-0.00503824
0.00386862
-0.00554899
0.00411415
-0.0060921
0.00437561
0.00465671
-0.00667
-0.00129089
0.00245898
-0.00157735
0.0026006
-0.00187955
0.00274239
-0.00219824
0.00289153
-0.00253478
0.00305314
-0.00289069
0.00322889
-0.00326765
0.00342001
-0.00366739
0.00362689
-0.00409167
0.0038501
-0.00454232
0.00409013
-0.00502123
0.00434754
-0.0055304
0.00462331
-0.00607175
0.00491697
0.00523272
-0.00664776
-0.001284
0.00272863
-0.00156946
0.00288607
-0.00187067
0.00304359
-0.00218834
0.00320921
-0.00252381
0.00338861
-0.00287859
0.00358367
-0.00325436
0.00379577
-0.0036528
0.00402533
-0.0040757
0.00427299
-0.00452486
0.00453929
-0.00500214
0.00482482
-0.00550952
0.00513069
-0.00604892
0.00545638
0.0058066
-0.0066228
-0.00127635
0.00299715
-0.00156072
0.00317044
-0.00186081
0.00334369
-0.00217735
0.00352575
-0.00251164
0.00372289
-0.00286517
0.0039372
-0.0032396
0.0041702
-0.00363662
0.00442236
-0.00405799
0.00469436
-0.00450549
0.00498679
-0.00498096
0.0053003
-0.00548637
0.0056361
-0.00602362
0.00599363
0.00637813
-0.00659516
-0.00126794
0.00326443
-0.0015511
0.0034536
-0.00184999
0.00364258
-0.00216528
0.00384104
-0.00249826
0.00405587
-0.00285042
0.00428936
-0.00322339
0.00454318
-0.00361885
0.00481782
-0.00403854
0.00511404
-0.00448423
0.00543247
-0.00495773
0.0057738
-0.00546098
0.00613935
-0.00599588
0.00652852
0.0069471
-0.00656484
-0.00125879
0.00353036
-0.00154063
0.00373545
-0.00183819
0.00394014
-0.00215213
0.00415497
-0.00248369
0.00438743
-0.00283435
0.00464002
-0.00320574
0.00491456
-0.00359951
0.00521159
-0.00401737
0.00553191
-0.00446108
0.00587618
-0.00493245
0.00624516
-0.00543337
0.00664027
-0.00596571
0.00706086
0.00751328
-0.00653189
-0.00124889
0.00379483
-0.0015293
0.00401586
-0.00182543
0.00423627
-0.0021379
0.00446744
-0.00246793
0.00471746
-0.00281698
0.00498907
-0.00318665
0.00528423
-0.00357859
0.00560353
-0.00399449
0.00594781
-0.00443608
0.00631777
-0.00490514
0.00671422
-0.00540354
0.00713867
-0.00593314
0.00759046
0.00807647
-0.00649633
-0.00123824
0.00405771
-0.00151712
0.00429474
-0.00181171
0.00453087
-0.0021226
0.00477833
-0.00245099
0.00504585
-0.0027983
0.00533638
-0.00316613
0.00565206
-0.00355611
0.0059935
-0.0039699
0.0063616
-0.00440922
0.00675709
-0.00487581
0.00718082
-0.00537153
0.00763439
-0.0058982
0.00811713
0.00863646
-0.00645819
-0.00122686
0.00431891
-0.00150409
0.00457198
-0.00179704
0.00482381
-0.00210624
0.00508753
-0.00243286
0.00537247
-0.00277833
0.00568185
-0.00314419
0.00601793
-0.00353207
0.00638138
-0.00394362
0.00677315
-0.00438052
0.00719399
-0.00484449
0.00764479
-0.00533735
0.00812725
-0.00586091
0.00864068
0.00919305
-0.0064175
-0.00121474
0.00457831
-0.00149022
0.00484746
-0.00178141
0.005115
-0.00208882
0.00539493
-0.00241357
0.00569722
-0.00275706
0.00602534
-0.00312084
0.00638171
-0.0035065
0.00676704
-0.00391566
0.00718231
-0.00435
0.00762832
-0.00481119
0.00810599
-0.00530104
0.0086171
-0.0058213
0.00916094
0.00974605
-0.0063743
-0.00120189
0.0048358
-0.00147551
0.00512109
-0.00176484
0.00540433
-0.00207034
0.00570042
-0.00239311
0.00601999
-0.00273452
0.00636675
-0.00309609
0.00674328
-0.0034794
0.00715035
-0.00388604
0.00758896
-0.00431767
0.00805994
-0.00477594
0.00856426
-0.0052626
0.00910376
-0.00577941
0.00967775
0.0102953
-0.00632862
-0.00118832
0.00509126
-0.00145997
0.00539274
-0.00174733
0.00569169
-0.00205082
0.00600391
-0.00237149
0.00634067
-0.0027107
0.00670595
-0.00306994
0.00710253
-0.00345077
0.00753117
-0.00385477
0.00799296
-0.00428355
0.00848872
-0.00473876
0.00901946
-0.00522208
0.00958708
-0.00573526
0.0101909
0.0108405
-0.0062805
-0.00117402
0.00534458
-0.0014436
0.00566232
-0.00172889
0.00597698
-0.00203025
0.00630527
-0.00234873
0.00665914
-0.00268562
0.00704285
-0.00304242
0.00745932
-0.00342065
0.0079094
-0.00382187
0.00839419
-0.00424767
0.00891452
-0.00469965
0.00947145
-0.00517949
0.0100669
-0.00568888
0.0107003
0.0113816
-0.00622997
-0.00115902
0.00559566
-0.00142641
0.00592972
-0.00170952
0.00626009
-0.00200866
0.00660441
-0.00232482
0.0069753
-0.00265929
0.00737732
-0.00301352
0.00781356
-0.00338902
0.00828491
-0.00378734
0.00879251
-0.00421003
0.00933721
-0.00465866
0.00992009
-0.00513486
0.0105431
-0.00564032
0.0112058
0.0119183
-0.00617708
-0.0011433
0.00584437
-0.00140841
0.00619482
-0.00168923
0.00654091
-0.00198604
0.00690122
-0.00229978
0.00728904
-0.00263171
0.00770924
-0.00298326
0.00816511
-0.00335592
0.00865757
-0.00375121
0.00918779
-0.00417065
0.00975665
-0.0046158
0.0103652
-0.00508823
0.0110156
-0.00558959
0.0117071
0.0124506
-0.00612186
-0.00112688
-0.00138959
0.00645753
-0.00166803
0.00681935
-0.0019624
0.00719559
-0.00227361
0.00760025
-0.00260289
0.00803852
-0.00295165
0.00851387
-0.00332135
0.00902727
-0.00371349
0.00957993
-0.00412956
0.0101727
-0.00457109
0.0108068
-0.0050396
0.0114841
-0.00553674
0.0122043
0.0129782
-0.00606435
-0.00136997
0.00671773
-0.00164591
0.00709529
-0.00193774
0.00748742
-0.00224632
0.00790883
-0.00257285
0.00836505
-0.0029187
0.00885972
-0.00328532
0.00939389
-0.00367419
0.0099688
-0.00408677
0.0105853
-0.00452455
0.0112446
-0.00498902
0.0119485
-0.00548179
0.012697
0.013501
-0.00600458
-0.00134956
0.00697532
-0.0016229
0.00736863
-0.00191209
0.0077766
-0.00221793
0.00821468
-0.00254159
0.00868871
-0.00288443
0.00920256
-0.00324786
0.00975732
-0.00363333
0.0103543
-0.0040423
0.0109943
-0.00447622
0.0116785
-0.00493651
0.0124088
-0.00542479
0.0131853
0.0140188
-0.0059426
-0.00132836
0.00723019
-0.001599
0.00763927
-0.00188544
0.00806304
-0.00218844
0.00851768
-0.00250913
0.00900939
-0.00284884
0.00954226
-0.00320896
0.0101174
-0.00359094
0.0107362
-0.00399617
0.0113995
-0.0044261
0.0121084
-0.0048821
0.0128648
-0.00536576
0.013669
0.0145315
-0.00587843
-0.00130638
0.00748224
-0.00157422
0.00790711
-0.00185781
0.00834663
-0.00215787
0.00881773
-0.00247548
0.00932701
-0.00281195
0.00987874
-0.00316866
0.0104742
-0.00354701
0.0111146
-0.0039484
0.0118009
-0.00437423
0.0125342
-0.00482581
0.0133164
-0.00530474
0.0141479
0.0150389
-0.00581212
-0.00128363
0.00773136
-0.00154856
0.00817204
-0.0018292
0.00862727
-0.00212621
0.00911474
-0.00244064
0.00964144
-0.00277377
0.0102119
-0.00312695
0.0108273
-0.00350158
0.0114892
-0.00389901
0.0121983
-0.00432063
0.0129559
-0.00476768
0.0137635
-0.00524176
0.014622
0.0155408
-0.0057437
-0.00126011
0.00797744
-0.00152203
0.00843396
-0.00179962
0.00890486
-0.00209348
0.0094086
-0.00240463
0.00995258
-0.00273431
0.0105416
-0.00308387
0.0111769
-0.00345465
0.01186
-0.00384801
0.0125917
-0.00426531
0.0133732
-0.00470773
0.0142059
-0.00517685
0.0150911
0.0160371
-0.00567318
-0.00123584
0.00822037
-0.00149465
0.00869277
-0.00176909
0.0091793
-0.0020597
0.00969921
-0.00236746
0.0102603
-0.00269359
0.0108677
-0.00303941
0.0115227
-0.00340625
0.0122269
-0.00379543
0.0129809
-0.0042083
0.013786
-0.00464597
0.0146436
-0.00511005
0.0155552
0.0165277
-0.00560061
-0.00121082
0.00846005
-0.00146642
0.00894837
-0.00173761
0.00945049
-0.00202487
0.00998648
-0.00232915
0.0105646
-0.00265162
0.0111902
-0.0029936
0.0118647
-0.00335639
0.0125896
-0.00374129
0.0133658
-0.00414963
0.0141944
-0.00458245
0.0150764
-0.00504137
0.0160141
0.0170123
-0.00552599
-0.00118507
-0.00143735
0.00920065
-0.00170519
0.00971833
-0.00198901
0.0102703
-0.00228969
0.0108653
-0.00260842
0.0115089
-0.00294644
0.0122027
-0.00330508
0.0129483
-0.0036856
0.0137463
-0.00408931
0.0145981
-0.00451719
0.0155043
-0.00497086
0.0164678
0.0174908
-0.00544934
-0.00140745
0.00944952
-0.00167184
0.00998272
-0.00195212
0.0105506
-0.00224912
0.0111623
-0.00256399
0.0118238
-0.00289796
0.0125367
-0.00325235
0.0133027
-0.00362838
0.0141223
-0.00402736
0.0149971
-0.0044502
0.0159271
-0.00489854
0.0169161
0.017963
-0.00537069
-0.00137674
0.00969486
-0.00163758
0.0102436
-0.00191421
0.0108272
-0.00220743
0.0114555
-0.00251835
0.0121347
-0.00284818
0.0128665
-0.0031982
0.0136527
-0.00356966
0.0144938
-0.00396381
0.0153912
-0.00438151
0.0163448
-0.00482443
0.017359
0.0184286
-0.00529004
-0.00134522
0.00993659
-0.00160241
0.0105008
-0.00187531
0.0111001
-0.00216465
0.0117449
-0.00247151
0.0124415
-0.00279709
0.0131921
-0.00314266
0.0139983
-0.00350944
0.0148605
-0.00389867
0.0157804
-0.00431116
0.0167573
-0.00474858
0.0177965
0.0188874
-0.00520739
-0.0013129
0.0101746
-0.00156635
0.0107542
-0.00183541
0.0113692
-0.00212078
0.0120302
-0.00242349
0.0127442
-0.00274473
0.0135133
-0.00308574
0.0143393
-0.00344774
0.0152225
-0.00383196
0.0161647
-0.00423916
0.0171645
-0.00467102
0.0182283
0.0193391
-0.00512277
-0.00127979
0.0104088
-0.00152941
0.0110038
-0.00179454
0.0116343
-0.00207583
0.0123115
-0.0023743
0.0130427
-0.0026911
0.0138301
-0.00302746
0.0146756
-0.00338458
0.0155797
-0.00376371
0.0165438
-0.00416553
0.0175663
-0.00459179
0.0186546
0.0197836
-0.00503623
-0.00124591
-0.00149159
0.0112495
-0.0017527
0.0118954
-0.00202983
0.0125887
-0.00232396
0.0133368
-0.00263622
0.0141424
-0.00296783
0.0150073
-0.00331999
0.0159318
-0.00369392
0.0169177
-0.00409032
0.0179627
-0.00451094
0.0190752
0.0202204
-0.00494779
-0.00145292
0.0114912
-0.00170991
0.0121524
-0.00198278
0.0128615
-0.00227247
0.0136265
-0.0025801
0.01445
-0.00290687
0.015334
-0.00325397
0.0162789
-0.00362261
0.0172864
-0.00401354
0.0183536
-0.00442841
0.0194901
0.0206494
-0.00485743
-0.0014134
0.0117287
-0.00166618
0.0124052
-0.0019347
0.0131301
-0.00221986
0.0139117
-0.00252276
0.0147529
-0.0028446
0.0156559
-0.00318654
0.0166209
-0.00354981
0.0176496
-0.00393522
0.018739
-0.0043441
0.0198989
0.0210731
-0.00476776
-0.00137306
0.011962
-0.00162153
0.0126536
-0.0018856
0.0133941
-0.00216613
0.0141922
-0.00246421
0.015051
-0.002781
0.0159727
-0.00311769
0.0169576
-0.0034755
0.0180074
-0.00385529
0.0191188
-0.00425961
0.0203033
0.0215067
-0.00469329
-0.00133189
0.012191
-0.00157596
0.0128977
-0.00183549
0.0136537
-0.00211131
0.014468
-0.00240448
0.0153442
-0.00271615
0.0162843
-0.0030475
0.0172889
-0.00339977
0.0183597
-0.00377392
0.019493
-0.00417191
0.0207013
0.0219355
-0.00460069
-0.00128991
-0.00152949
0.0131373
-0.0017844
0.0139086
-0.00205541
0.014739
-0.00234357
0.0156323
-0.00265003
0.0165908
-0.00297596
0.0176148
-0.0033226
0.0187063
-0.00369104
0.0198614
-0.00408296
0.0210932
0.0223581
-0.00450552
-0.00148213
0.0133723
-0.00173233
0.0141588
-0.00199845
0.0150052
-0.00228151
0.0159154
-0.00258267
0.0168919
-0.00290309
0.0179353
-0.00324402
0.0190473
-0.00360669
0.0202241
-0.00399266
0.0214792
0.0227741
-0.00440866
-0.00143391
0.0136026
-0.00167929
0.0144041
-0.00194043
0.0152663
-0.00221831
0.0161933
-0.00251407
0.0171877
-0.00282889
0.0182501
-0.00316404
0.0193824
-0.00352087
0.0205809
-0.00390088
0.0218592
0.0231834
-0.00431021
-0.00138483
0.0138281
-0.00162532
0.0146446
-0.00188138
0.0155224
-0.00215398
0.0164659
-0.00244426
0.017478
-0.0027534
0.0185592
-0.00308269
0.0197117
-0.0034336
0.0209318
-0.00380759
0.0222332
0.023586
-0.00421021
-0.0013349
-0.00157041
0.0148801
-0.00182131
0.0157733
-0.00208855
0.0167331
-0.00237325
0.0177627
-0.00267663
0.0188626
-0.00299998
0.0200351
-0.00334489
0.0212767
-0.00371277
0.022601
0.0239819
-0.00410867
-0.00151458
0.0151106
-0.00176023
0.0160189
-0.00202202
0.0169949
-0.00230105
0.0180417
-0.00259858
0.0191601
-0.00291593
0.0203524
-0.00325476
0.0216156
-0.00361643
0.0229627
0.0243711
-0.0040056
-0.00145786
0.0153358
-0.00169817
0.0162592
-0.00195441
0.0172511
-0.0022277
0.018315
-0.00251929
0.0194517
-0.00283054
0.0206637
-0.0031632
0.0219482
-0.00351857
0.0233181
0.0247536
-0.00390101
-0.00140025
-0.00163513
0.0164941
-0.00188574
0.0175017
-0.00215319
0.0185825
-0.00243876
0.0197373
-0.00274383
0.0209687
-0.00307022
0.0222746
-0.00341921
0.0236671
0.0251293
-0.00157114
0.0167235
-0.00181603
0.0177466
-0.00207755
0.018844
-0.00235701
0.0200168
-0.00265581
0.0212675
-0.00297584
0.0225946
-0.00331835
0.0240096
0.0254982
-0.00150621
0.0169472
-0.00174529
0.0179857
-0.0020008
0.0190995
-0.00227404
0.02029
-0.00256649
0.02156
-0.00288006
0.0229082
-0.00321601
0.0243455
-0.00144036
-0.00167354
0.0182189
-0.00192294
0.0193489
-0.00218989
0.0205569
-0.00247587
0.021846
-0.00278289
0.0232152
0.0246748
-0.0016008
0.0184461
-0.00184399
0.0195921
-0.00210455
0.0208175
-0.00238398
0.0221254
-0.00268433
0.0235156
0.0249973
-0.00152708
-0.00176398
0.019829
-0.00201804
0.0210716
-0.00229082
0.0223982
-0.0025844
0.0238091
0.025313
-0.00168291
0.0200595
-0.00193038
0.021319
-0.0021964
0.0226642
-0.00248309
0.0240958
0.0256217
-0.0016008
0.0202835
-0.00184158
0.0215598
-0.00210073
0.0229234
-0.00238042
0.0243755
0.0259233
-0.00151768
-0.00175166
0.0217938
-0.00200382
0.0231755
-0.00227638
0.0246481
0.0262177
-0.00166062
-0.00190568
0.0234206
-0.00217099
0.0249134
0.0265048
-0.00180633
0.0236584
-0.00206424
0.0251713
0.0267844
-0.00170577
-0.00195615
0.0254217
0.0256644
0.00612797
4.96792e-05
9.60225e-06
0.00606978
3.05566e-05
2.76289e-05
0.00601264
1.26616e-05
4.44789e-05
0.00595655
-4.14452e-06
6.02342e-05
0.00590145
-2.00032e-05
7.51037e-05
0.00584733
-3.5076e-05
8.92023e-05
0.00579414
-4.94578e-05
0.000102646
0.00574185
-6.32318e-05
0.000115515
0.00569044
-7.64716e-05
0.000127884
0.00563987
-8.92346e-05
0.00013981
0.00559009
-0.00010157
0.000151341
0.0055411
-0.000113513
0.000162512
0.00549284
-0.000125094
0.000173352
0.00544529
-0.000136337
0.000183884
0.00539843
-0.00014726
0.000194123
0.00535222
-0.000157875
0.000204082
0.00530664
-0.000168192
0.000213768
0.00526168
-0.000178218
0.000223185
0.0052173
-0.000187956
0.000232335
0.00517349
-0.000197408
0.000241217
0.00513023
-0.000206572
0.000249827
0.00508752
-0.000215445
0.000258156
0.00504535
-0.000224015
0.000266189
0.00500371
-0.000232269
0.000273907
0.00496262
-0.000240178
0.000281266
0.0049221
-0.000247701
0.000288224
0.00488222
-0.000254759
0.000294634
0.00484303
-0.000261234
0.000300432
0.00480492
-0.000266786
0.000304887
-0.000270566
0.000307731
0.00613227
0.000104662
0.00607824
8.45817e-05
0.00602515
6.57562e-05
0.00597297
4.8036e-05
0.00592169
3.12725e-05
0.00587129
1.53302e-05
0.00582172
1.03462e-07
0.00577298
-1.44844e-05
0.00572502
-2.85111e-05
0.00567781
-4.20298e-05
0.00563134
-5.50953e-05
0.00558556
-6.77392e-05
0.00554046
-7.9994e-05
0.00549601
-9.1885e-05
0.00545218
-0.000103431
0.00540895
-0.000114646
0.0053663
-0.000125542
0.00532421
-0.000136126
0.00528266
-0.000146404
0.00524163
-0.000156378
0.00520111
-0.00016605
0.00516108
-0.000175415
0.00512153
-0.000184466
0.00508245
-0.000193187
0.00504382
-0.00020155
0.00500562
-0.000209506
0.00496784
-0.000216972
0.00493041
-0.000223803
0.00489334
-0.000229725
-0.000234651
0.00613649
0.000155424
0.00608654
0.000134525
0.00603741
0.000114888
0.00598909
9.63613e-05
0.00594156
7.88008e-05
0.00589481
6.20833e-05
0.0058488
4.61061e-05
0.00580353
3.07878e-05
0.00575896
1.60561e-05
0.00571507
1.86236e-06
0.00567184
-1.18624e-05
0.00562924
-2.51363e-05
0.00558724
-3.79977e-05
0.00554583
-5.04734e-05
0.00550498
-6.25814e-05
0.00546467
-7.43381e-05
0.00542488
-8.57555e-05
0.0053856
-9.68429e-05
0.0053468
-0.000107606
0.00530848
-0.00011805
0.0052706
-0.000128174
0.00523316
-0.000137977
0.00519614
-0.000147448
0.00515953
-0.000156573
0.0051233
-0.00016532
0.00508743
-0.000173641
0.00505191
-0.000181452
0.00501672
-0.000188611
0.00498195
-0.000194959
-0.000200483
0.00614062
0.000202058
0.00609467
0.000180468
0.00604943
0.000160136
0.00600488
0.000140911
0.00596102
0.00012266
0.00591784
0.000105265
0.00587531
8.86283e-05
0.00583343
7.26683e-05
0.00579217
5.73163e-05
0.00575152
4.25173e-05
0.00571144
2.82171e-05
0.00567192
1.43831e-05
0.00563294
9.85618e-07
0.00559447
-1.20101e-05
0.00555651
-2.46165e-05
0.00551902
-3.68534e-05
0.005482
-4.87333e-05
0.00544542
-6.02663e-05
0.00540928
-7.14594e-05
0.00537354
-8.23168e-05
0.00533821
-9.28399e-05
0.00530326
-0.000103026
0.00526868
-0.000112866
0.00523445
-0.000122343
0.00520055
-0.000131428
0.00516698
-0.000140072
0.00513373
-0.000148198
0.0051008
-0.000155681
0.00506827
-0.000162426
-0.000168442
0.00614465
0.000244656
0.00610263
0.000222494
0.00606118
0.000201579
0.00602033
0.000181765
0.00598006
0.000162925
0.00594038
0.00014495
0.00590126
0.000127744
0.0058627
0.00011123
0.00582468
9.53386e-05
0.00578718
8.00155e-05
0.00575019
6.52123e-05
0.00571368
5.08914e-05
0.00567764
3.70221e-05
0.00564206
2.35755e-05
0.00560691
1.05326e-05
0.00557218
-2.12441e-06
0.00553785
-1.44089e-05
0.00550392
-2.63317e-05
0.00547036
-3.79004e-05
0.00543716
-4.91196e-05
0.00540431
-5.99909e-05
0.0053718
-7.05114e-05
0.00533961
-8.06726e-05
0.00530772
-9.04575e-05
0.00527613
-9.98378e-05
0.00524483
-0.000108769
0.00521381
-0.000117179
0.00518309
-0.00012496
0.00515272
-0.000132054
-0.000138493
0.00614859
0.000283311
0.0061104
0.00026069
0.00607268
0.0002393
0.00603544
0.000219001
0.0059987
0.000199673
0.00596243
0.000181211
0.00592665
0.000163526
0.00589134
0.000146542
0.00585649
0.000130192
0.00582208
0.000114424
0.0057881
9.91898e-05
0.00575454
8.44522e-05
0.00572138
7.01798e-05
0.00568861
5.63454e-05
0.00565622
4.29283e-05
0.00562418
2.99109e-05
0.00559249
1.72788e-05
0.00556114
5.02117e-06
0.00553011
-6.86972e-06
0.00549939
-1.83994e-05
0.00546897
-2.95698e-05
0.00543883
-4.0377e-05
0.00540898
-5.08141e-05
0.00537938
-6.08642e-05
0.00535004
-7.0501e-05
0.00532096
-7.96834e-05
0.00529213
-8.83459e-05
0.00526356
-9.63967e-05
0.0052353
-0.000103795
-0.000110583
0.00615244
0.000318118
0.00611799
0.000295144
0.00608391
0.000273383
0.00605021
0.000252699
0.0060169
0.000232979
0.00598399
0.000214123
0.00595147
0.000196047
0.00591934
0.000178675
0.00588758
0.000161948
0.00585619
0.00014581
0.00582517
0.000130217
0.00579449
0.000115132
0.00576414
0.000100524
0.00573412
8.6365e-05
0.00570442
7.26349e-05
0.00567501
5.93156e-05
0.0056459
4.63928e-05
0.00561706
3.38552e-05
0.0055885
2.16945e-05
0.0055602
9.90521e-06
0.00553214
-1.51712e-06
0.00550433
-1.25632e-05
0.00547675
-2.32332e-05
0.00544939
-3.35069e-05
0.00542225
-4.3362e-05
0.00539533
-5.27609e-05
0.00536863
-6.16444e-05
0.00534216
-6.99307e-05
0.00531596
-7.75903e-05
-8.46648e-05
0.0061562
0.000349172
0.00612539
0.000325948
0.00609486
0.000303915
0.00606462
0.000282942
0.00603467
0.000262922
0.00600503
0.000243762
0.0059757
0.000225379
0.00594667
0.000207703
0.00591795
0.000190674
0.00588952
0.000174242
0.00586137
0.000158362
0.00583351
0.000142998
0.00580591
0.000128119
0.00577858
0.000113698
0.0057515
9.97157e-05
0.00572466
8.61528e-05
0.00569806
7.29949e-05
0.00567168
6.02308e-05
0.00564552
4.78518e-05
0.00561958
3.5852e-05
0.00559383
2.42292e-05
0.00556828
1.29864e-05
0.00554292
2.12425e-06
0.00551775
-8.33004e-06
0.00549275
-1.83662e-05
0.00546794
-2.79459e-05
0.00544331
-3.70153e-05
0.00541888
-4.55017e-05
0.00539467
-5.3381e-05
-6.06881e-05
0.00615985
0.000376572
0.0061326
0.000353194
0.00610554
0.000330983
0.00607866
0.000309814
0.006052
0.000289585
0.00602556
0.000270205
0.00599934
0.000251598
0.00597334
0.000233697
0.00594758
0.000216443
0.00592203
0.000199789
0.0058967
0.000183692
0.00587158
0.000168115
0.00584667
0.00015303
0.00582196
0.00013841
0.00579744
0.000124234
0.00577311
0.000110484
0.00574896
9.71462e-05
0.00572498
8.42082e-05
0.00570117
7.16614e-05
0.00567752
5.95001e-05
0.00565403
4.77213e-05
0.00563069
3.63268e-05
0.00560749
2.53217e-05
0.00558444
1.47212e-05
0.00556153
4.54081e-06
0.00553877
-5.18233e-06
0.00551616
-1.4401e-05
0.00549371
-2.30513e-05
0.00547143
-3.11078e-05
-3.85997e-05
0.00616341
0.000400416
0.00613962
0.000376977
0.00611593
0.000354679
0.00609234
0.000333402
0.00606888
0.000313047
0.00604555
0.000293532
0.00602237
0.000274781
0.00599933
0.000256731
0.00597645
0.000239327
0.00595372
0.000222522
0.00593113
0.000206275
0.0059087
0.000190552
0.0058864
0.000175323
0.00586425
0.000160563
0.00584223
0.000146252
0.00582034
0.000132372
0.00579858
0.000118907
0.00577694
0.000105847
0.00575542
9.31825e-05
0.00573402
8.09072e-05
0.00571272
6.9018e-05
0.00569153
5.75162e-05
0.00567045
4.6407e-05
0.00564946
3.5702e-05
0.00562859
2.54198e-05
0.00560781
1.55897e-05
0.00558716
6.25466e-06
0.00556663
-2.52526e-06
0.00554624
-1.07135e-05
-1.83491e-05
0.00616686
0.000420804
0.00614645
0.000397393
0.00612603
0.000375094
0.00610564
0.000353792
0.00608529
0.000333396
0.006065
0.000313823
0.00604478
0.000295005
0.00602463
0.000276881
0.00600456
0.000259398
0.00598457
0.00024251
0.00596466
0.000226181
0.00594484
0.000210374
0.0059251
0.000195064
0.00590544
0.000180224
0.00588586
0.000165834
0.00586635
0.000151877
0.00584692
0.000138339
0.00582756
0.000125208
0.00580827
0.000112474
0.00578904
0.000100131
0.00576988
8.81768e-05
0.00575079
7.66108e-05
0.00573176
6.54378e-05
0.00571279
5.46688e-05
0.00569389
4.43208e-05
0.00567506
3.44204e-05
0.0056563
2.501e-05
0.00563763
1.61463e-05
0.00561906
7.85488e-06
1.08837e-07
0.00617022
0.000437838
0.00615307
0.000414539
0.00613584
0.000392322
0.00611856
0.000371076
0.00610124
0.000350715
0.0060839
0.000331162
0.00606656
0.000312351
0.00604921
0.000294224
0.00603188
0.00027673
0.00601456
0.000259828
0.00599726
0.000243479
0.00597999
0.000227652
0.00596273
0.000212319
0.0059455
0.000197456
0.00592829
0.000183043
0.0059111
0.000169064
0.00589394
0.000155503
0.0058768
0.00014235
0.00585968
0.000129594
0.00584258
0.000117231
0.0058255
0.000105255
0.00580844
9.36669e-05
0.00579141
8.24712e-05
0.0057744
7.16771e-05
0.00575742
6.13009e-05
0.00574047
5.13674e-05
0.00572357
4.19167e-05
0.00570671
3.30012e-05
0.00568992
2.46435e-05
1.68531e-05
0.00617347
0.000451619
0.00615949
0.000428513
0.00614536
0.000406456
0.00613109
0.000385344
0.00611671
0.000365093
0.00610224
0.000345633
0.00608769
0.0003269
0.00607308
0.000308838
0.00605841
0.000291401
0.00604369
0.000274548
0.00602893
0.000258243
0.00601412
0.000242454
0.00599929
0.000227157
0.00598442
0.000212327
0.00596951
0.000197945
0.00595458
0.000183994
0.00593963
0.000170462
0.00592464
0.000157334
0.00590963
0.000144604
0.0058946
0.000132264
0.00587954
0.00012031
0.00586447
0.000108742
0.00584938
9.75631e-05
0.00583427
8.6783e-05
0.00581916
7.64162e-05
0.00580404
6.64865e-05
0.00578892
5.70313e-05
0.00577382
4.81003e-05
0.00575875
3.97165e-05
3.1906e-05
0.00617662
0.000462254
0.00616571
0.000439416
0.00615458
0.000417594
0.00614323
0.000396688
0.0061317
0.00037662
0.00612002
0.000357322
0.00610818
0.000338734
0.00609622
0.000320804
0.00608413
0.000303488
0.00607193
0.000286745
0.00605963
0.000270543
0.00604723
0.000254852
0.00603474
0.000239646
0.00602217
0.000224903
0.00600951
0.000210604
0.00599677
0.000196733
0.00598395
0.000183277
0.00597107
0.000170223
0.00595811
0.000157563
0.00594508
0.00014529
0.00593199
0.0001334
0.00591884
0.000121892
0.00590563
0.00011077
0.00589237
0.000100042
0.00587907
8.97219e-05
0.00586572
7.9832e-05
0.00585234
7.04082e-05
0.00583895
6.14968e-05
0.00582554
5.31228e-05
4.53251e-05
0.00617966
0.000469845
0.00617173
0.000447349
0.00616349
0.000425833
0.00615497
0.000405203
0.00614621
0.000385385
0.00613721
0.000366316
0.00612801
0.000347939
0.00611861
0.000330204
0.00610903
0.000313069
0.00609927
0.000296497
0.00608936
0.000280456
0.0060793
0.000264918
0.00606908
0.000249857
0.00605873
0.000235254
0.00604825
0.000221089
0.00603764
0.000207346
0.0060269
0.000194013
0.00601605
0.000181078
0.00600508
0.000168532
0.005994
0.000156369
0.00598281
0.000144584
0.00597153
0.000133177
0.00596015
0.00012215
0.00594868
0.000111511
0.00593713
0.000101274
0.0059255
9.14586e-05
0.00591381
8.21008e-05
0.00590206
7.32438e-05
0.00589027
6.49137e-05
5.71614e-05
0.00618259
0.000474501
0.00617753
0.000452415
0.00617209
0.000431272
0.00616631
0.000410984
0.00616021
0.000391482
0.00615382
0.000372705
0.00614716
0.0003546
0.00614024
0.00033712
0.00613309
0.000320226
0.0061257
0.000303882
0.0061181
0.000288057
0.00611029
0.000272725
0.00610229
0.000257863
0.00609409
0.000243449
0.00608572
0.000229466
0.00607716
0.000215899
0.00606844
0.000202735
0.00605956
0.000189963
0.00605051
0.000177574
0.00604132
0.000165562
0.00603198
0.000153922
0.00602251
0.000142654
0.0060129
0.00013176
0.00600316
0.000121247
0.00599331
0.000111127
0.00598334
0.000101422
0.00597328
9.21636e-05
0.00596313
8.33941e-05
0.0059529
7.5141e-05
6.74653e-05
0.00618542
0.000476328
0.00618312
0.000454718
0.00618038
0.000434012
0.00617724
0.000414129
0.00617371
0.000395004
0.00616984
0.000376579
0.00616563
0.000358806
0.00616111
0.000341639
0.0061563
0.000325042
0.0061512
0.00030898
0.00614584
0.000293424
0.00614021
0.00027835
0.00613434
0.000263735
0.00612823
0.000249559
0.00612189
0.000235806
0.00611533
0.00022246
0.00610855
0.000209509
0.00610157
0.000196943
0.00609439
0.000184753
0.00608702
0.000172932
0.00607947
0.000161476
0.00607174
0.000150384
0.00606384
0.000139659
0.00605578
0.000129307
0.00604757
0.000119339
0.00603921
0.000109777
0.00603073
0.000100651
0.00602212
9.20017e-05
0.0060134
8.38571e-05
7.62874e-05
0.00618814
0.000475437
0.0061885
0.000454362
0.00618835
0.000434154
0.00618775
0.000414736
0.00618671
0.000396046
0.00618525
0.000378031
0.00618341
0.000360645
0.00618121
0.000343846
0.00617865
0.000327599
0.00617576
0.000311871
0.00617255
0.000296636
0.00616903
0.00028187
0.00616521
0.00026755
0.00616111
0.000253658
0.00615674
0.000240179
0.0061521
0.000227098
0.00614721
0.000214403
0.00614207
0.000202084
0.00613669
0.000190132
0.00613108
0.00017854
0.00612525
0.000167306
0.00611921
0.000156427
0.00611296
0.000145906
0.00610651
0.000135749
0.00609989
0.000125968
0.00609308
0.000116581
0.00608611
0.00010762
0.006079
9.91205e-05
0.00607174
9.11148e-05
8.3679e-05
0.00619075
0.000471936
0.00619366
0.000451455
0.00619601
0.000431802
0.00619784
0.000412904
0.00619918
0.000394705
0.00620006
0.000377155
0.00620049
0.000360209
0.00620051
0.00034383
0.00620013
0.000327984
0.00619936
0.00031264
0.00619822
0.000297774
0.00619673
0.000283361
0.00619489
0.000269383
0.00619273
0.000255821
0.00619025
0.000242659
0.00618747
0.000229885
0.00618438
0.000217486
0.00618101
0.000205453
0.00617737
0.000193777
0.00617346
0.000182453
0.00616929
0.000171476
0.00616487
0.000160845
0.00616021
0.000150563
0.00615533
0.000140634
0.00615022
0.000131071
0.00614491
0.000121891
0.00613941
0.000113124
0.00613372
0.000104805
0.00612787
9.69674e-05
8.96922e-05
0.00619325
0.000465937
0.0061986
0.000446104
0.00620334
0.000427059
0.00620751
0.000408735
0.00621114
0.000391079
0.00621425
0.000374045
0.00621687
0.000357591
0.00621901
0.000341681
0.00622071
0.000326284
0.00622198
0.000311371
0.00622284
0.000296919
0.00622329
0.000282906
0.00622336
0.000269312
0.00622306
0.000256122
0.0062224
0.000243319
0.0062214
0.000230891
0.00622005
0.000218828
0.00621839
0.000207119
0.00621641
0.000195757
0.00621413
0.000184735
0.00621155
0.000174051
0.0062087
0.000163701
0.00620557
0.00015369
0.00620218
0.000144021
0.00619855
0.000134707
0.00619467
0.000125764
0.00619057
0.000117221
0.00618627
0.000109112
0.00618177
0.000101469
9.43798e-05
0.00619564
0.000457552
0.00620332
0.000438418
0.00621035
0.000420032
0.00621675
0.000402332
0.00622256
0.000385269
0.00622781
0.000368798
0.00623252
0.000352883
0.00623671
0.000337489
0.00624041
0.000322587
0.00624363
0.000308151
0.00624639
0.000294157
0.00624871
0.000280585
0.0062506
0.000267418
0.00625209
0.000254639
0.00625317
0.000242234
0.00625387
0.000230192
0.0062542
0.000218501
0.00625417
0.000207152
0.00625378
0.000196138
0.00625307
0.000185454
0.00625202
0.000175095
0.00625066
0.00016506
0.006249
0.00015535
0.00624705
0.000145973
0.00624482
0.000136937
0.00624233
0.000128261
0.00623958
0.000119969
0.00623659
0.000112096
0.00623339
0.000104675
9.77951e-05
0.00619791
0.000446894
0.00620782
0.000428507
0.00621702
0.000410827
0.00622556
0.000393798
0.00623345
0.000377373
0.00624074
0.000361513
0.00624744
0.000346181
0.00625358
0.000331348
0.00625919
0.000316984
0.00626427
0.000303065
0.00626886
0.000289571
0.00627296
0.000276481
0.0062766
0.00026378
0.00627979
0.000251451
0.00628254
0.000239482
0.00628487
0.000227861
0.00628679
0.000216578
0.00628832
0.000205624
0.00628947
0.000194992
0.00629024
0.000184677
0.00629066
0.000174675
0.00629074
0.000164985
0.00629048
0.000155608
0.0062899
0.000146551
0.00628902
0.000137822
0.00628784
0.000129439
0.00628638
0.000121426
0.00628466
0.000113816
0.00628269
0.000106641
9.99935e-05
0.00620007
0.000434077
0.00621209
0.000416481
0.00622337
0.000399552
0.00623393
0.000383237
0.00624381
0.000367495
0.00625303
0.000352287
0.00626163
0.000337583
0.00626963
0.00032335
0.00627705
0.000309565
0.00628391
0.000296205
0.00629023
0.000283249
0.00629603
0.00027068
0.00630133
0.000258481
0.00630614
0.000246639
0.00631048
0.00023514
0.00631437
0.000223975
0.00631781
0.000213134
0.00632083
0.000202607
0.00632343
0.000192389
0.00632564
0.000182475
0.00632745
0.00017286
0.00632889
0.000163544
0.00632997
0.000154529
0.0063307
0.00014582
0.0063311
0.000137425
0.00633118
0.000129362
0.00633095
0.000121653
0.00633044
0.00011433
0.00632965
0.000107425
0.00010103
0.00620211
0.000419216
0.00621614
0.000402452
0.00622938
0.000386316
0.00624186
0.000370757
0.00625361
0.000355737
0.00626468
0.000341223
0.00627508
0.000327184
0.00628483
0.000313592
0.00629398
0.000300425
0.00630252
0.00028766
0.00631049
0.000275279
0.0063179
0.000263265
0.00632478
0.000251605
0.00633114
0.000240283
0.00633699
0.000229289
0.00634235
0.000218613
0.00634724
0.000208244
0.00635167
0.000198176
0.00635566
0.000188402
0.00635922
0.000178918
0.00636236
0.000169719
0.0063651
0.000160806
0.00636745
0.000152179
0.00636942
0.000143843
0.00637104
0.000135809
0.00637231
0.00012809
0.00637325
0.000120709
0.00637389
0.000113696
0.00637423
0.000107084
0.000100962
0.00620404
0.000402428
0.00621996
0.000386534
0.00623504
0.000371228
0.00624934
0.000356463
0.00626287
0.000342205
0.00627567
0.000328421
0.00628777
0.000315085
0.00629919
0.00030217
0.00630996
0.000289656
0.0063201
0.000277521
0.00632963
0.00026575
0.00633857
0.000254326
0.00634694
0.000243236
0.00635475
0.000232468
0.00636203
0.000222009
0.00636879
0.000211852
0.00637505
0.000201987
0.00638082
0.000192406
0.00638612
0.000183105
0.00639096
0.000174078
0.00639535
0.000165322
0.00639932
0.000156837
0.00640288
0.000148624
0.00640603
0.000140688
0.0064088
0.000133038
0.00641121
0.000125687
0.00641326
0.000118657
0.00641498
0.000111977
0.00641638
0.000105677
9.98476e-05
0.00620585
0.000383827
0.00622354
0.00036884
0.00624037
0.0003544
0.00625637
0.000340464
0.00627157
0.000327002
0.00628601
0.000313985
0.00629971
0.000301386
0.0063127
0.000289182
0.006325
0.000277354
0.00633664
0.000265883
0.00634763
0.000254754
0.00635801
0.000243951
0.00636778
0.000233463
0.00637697
0.000223277
0.0063856
0.000213384
0.00639368
0.000203774
0.00640122
0.00019444
0.00640826
0.000185374
0.00641479
0.000176572
0.00642084
0.000168029
0.00642642
0.000159742
0.00643155
0.00015171
0.00643623
0.000143935
0.0064405
0.000136422
0.00644436
0.000129178
0.00644783
0.000122217
0.00645093
0.00011556
0.00645367
0.000109232
0.00645608
0.000103265
9.77451e-05
0.00620754
0.000363533
0.0062269
0.000349485
0.00624536
0.000335943
0.00626295
0.00032287
0.00627972
0.000310237
0.00629568
0.000298017
0.00631088
0.000286188
0.00632534
0.000274727
0.00633907
0.000263616
0.00635212
0.000252839
0.00636449
0.000242381
0.00637621
0.000232229
0.00638731
0.000222371
0.00639779
0.000212796
0.00640767
0.000203495
0.00641699
0.00019446
0.00642574
0.000185683
0.00643396
0.000177159
0.00644165
0.000168881
0.00644884
0.000160846
0.00645553
0.000153051
0.00646174
0.000145495
0.0064675
0.000138181
0.0064728
0.000131112
0.00647769
0.000124297
0.00648216
0.000117747
0.00648624
0.000111482
0.00648994
0.000105526
0.0064933
9.99095e-05
9.47152e-05
0.00620912
0.000341662
0.00623002
0.000328583
0.00624999
0.000315971
0.00626907
0.00030379
0.0062873
0.000292016
0.00630469
0.000280624
0.00632128
0.000269593
0.00633711
0.000258904
0.00635218
0.000248539
0.00636654
0.000238484
0.00638019
0.000228726
0.00639317
0.000219251
0.00640549
0.00021005
0.00641717
0.000201112
0.00642824
0.000192429
0.00643871
0.000183994
0.00644859
0.000175799
0.00645791
0.000167838
0.00646668
0.000160108
0.00647493
0.000152603
0.00648265
0.000145323
0.00648988
0.000138265
0.00649663
0.000131433
0.00650292
0.000124829
0.00650875
0.000118461
0.00651416
0.000112341
0.00651915
0.000106487
0.00652376
0.000100921
0.00652799
9.5672e-05
9.08188e-05
0.00621058
0.000318334
0.00623291
0.000306251
0.00625428
0.000294596
0.00627474
0.000283336
0.00629431
0.000272448
0.00631302
0.000261911
0.00633091
0.000251706
0.006348
0.000241815
0.00636431
0.000232223
0.00637988
0.000222916
0.00639472
0.000213882
0.00640887
0.00020511
0.00642233
0.00019659
0.00643512
0.000188313
0.00644728
0.000180272
0.00645882
0.000172459
0.00646975
0.000164868
0.00648009
0.000157494
0.00648987
0.000150332
0.00649909
0.000143379
0.00650778
0.000136633
0.00651595
0.000130094
0.00652362
0.000123762
0.00653081
0.000117642
0.00653753
0.000111741
0.0065438
0.000106068
0.00654965
0.000100642
0.00655509
9.5482e-05
0.00656014
9.06164e-05
8.61183e-05
0.00621192
0.000293668
0.00623556
0.000282607
0.00625822
0.000271933
0.00627994
0.000261618
0.00630075
0.000251642
0.00632067
0.000241985
0.00633975
0.000232631
0.006358
0.000223562
0.00637546
0.000214767
0.00639214
0.000206231
0.00640808
0.000197945
0.00642329
0.000189898
0.0064378
0.000182082
0.00645162
0.000174489
0.00646479
0.00016711
0.0064773
0.000159941
0.0064892
0.000152974
0.00650049
0.000146206
0.00651118
0.000139633
0.00652131
0.000133251
0.00653089
0.000127059
0.00653993
0.000121056
0.00654844
0.000115243
0.00655646
0.000109624
0.006564
0.000104205
0.00657107
9.8997e-05
0.0065777
9.40137e-05
0.0065839
8.92752e-05
0.00658971
8.4807e-05
8.06769e-05
0.00621313
0.000267784
0.00623797
0.000257766
0.00626181
0.000248097
0.00628468
0.00023875
0.00630661
0.000229708
0.00632764
0.000220954
0.0063478
0.000212472
0.00636712
0.000204248
0.00638561
0.000196271
0.00640332
0.000188528
0.00642025
0.000181011
0.00643644
0.000173711
0.0064519
0.000166619
0.00646666
0.000159728
0.00648074
0.000153032
0.00649416
0.000146525
0.00650693
0.000140202
0.00651908
0.000134059
0.00653062
0.000128092
0.00654157
0.000122298
0.00655195
0.000116676
0.00656178
0.000111226
0.00657108
0.000105948
0.00657985
0.000100846
0.00658813
9.59258e-05
0.00659594
9.11962e-05
0.00660328
8.66707e-05
0.00661019
8.23672e-05
0.00661668
7.83091e-05
7.45587e-05
0.00621423
0.000240802
0.00624015
0.000231848
0.00626504
0.000223203
0.00628895
0.000214845
0.0063119
0.000206757
0.00633393
0.000198925
0.00635506
0.000191336
0.00637534
0.000183977
0.00639477
0.000176837
0.00641339
0.000169907
0.00643122
0.000163178
0.00644829
0.000156642
0.00646462
0.000150292
0.00648023
0.000144122
0.00649513
0.000138126
0.00650936
0.000132299
0.00652292
0.000126636
0.00653585
0.000121134
0.00654815
0.000115789
0.00655985
0.0001106
0.00657096
0.000105564
0.00658151
0.000100681
0.0065915
9.59533e-05
0.00660096
9.13824e-05
0.00660992
8.69741e-05
0.00661838
8.27364e-05
0.00662637
7.86814e-05
0.00663391
7.48252e-05
0.00664103
7.1189e-05
6.78287e-05
0.00621521
0.000212843
0.00624209
0.000204971
0.00626792
0.000197368
0.00629275
0.000190015
0.00631661
0.0001829
0.00633952
0.000176009
0.00636153
0.00016933
0.00638265
0.000162853
0.00640292
0.000156568
0.00642236
0.000150467
0.006441
0.000144543
0.00645885
0.000138788
0.00647595
0.000133196
0.00649231
0.000127763
0.00650795
0.000122482
0.0065229
0.00011735
0.00653717
0.000112363
0.00655079
0.000107516
0.00656377
0.000102808
0.00657613
9.8237e-05
0.0065879
9.38008e-05
0.00659908
8.94993e-05
0.0066097
8.53338e-05
0.00661978
8.13067e-05
0.00662933
7.74226e-05
0.00663837
7.36888e-05
0.00664694
7.01158e-05
0.00665505
6.67177e-05
0.00666272
6.35135e-05
6.05529e-05
0.00621606
0.000184029
0.00624378
0.000177253
0.00627044
0.000170707
0.00629608
0.000164377
0.00632073
0.000158249
0.00634443
0.000152314
0.0063672
0.000146561
0.00638907
0.000140981
0.00641007
0.000135566
0.00643023
0.000130309
0.00644957
0.000125204
0.00646811
0.000120245
0.00648588
0.000115426
0.0065029
0.000110743
0.00651919
0.000106191
0.00653477
0.000101768
0.00654967
9.74685e-05
0.00656389
9.32908e-05
0.00657747
8.92322e-05
0.00659041
8.52911e-05
0.00660275
8.14664e-05
0.00661449
7.77578e-05
0.00662566
7.41662e-05
0.00663627
7.06938e-05
0.00664635
6.73447e-05
0.00665591
6.41251e-05
0.00666498
6.1044e-05
0.00667359
5.81137e-05
0.00668175
5.53506e-05
5.27977e-05
0.0062168
0.00015448
0.00624524
0.000148814
0.00627261
0.000143339
0.00629894
0.000138044
0.00632427
0.000132917
0.00634863
0.000127951
0.00637206
0.000123137
0.00639457
0.000118467
0.0064162
0.000113935
0.00643698
0.000109535
0.00645692
0.000105262
0.00647605
0.00010111
0.0064944
9.70761e-05
0.00651199
9.31555e-05
0.00652884
8.93448e-05
0.00654496
8.5641e-05
0.00656039
8.20411e-05
0.00657514
7.85429e-05
0.00658923
7.51444e-05
0.00660267
7.18441e-05
0.0066155
6.86412e-05
0.00662772
6.55354e-05
0.00663936
6.25275e-05
0.00665043
5.96194e-05
0.00666097
5.68145e-05
0.00667097
5.41179e-05
0.00668048
5.15373e-05
0.00668951
4.90829e-05
0.00669809
4.67685e-05
4.46304e-05
0.00621741
0.000124319
0.00624645
0.000119773
0.00627441
0.000115381
0.00630132
0.000111131
0.00632722
0.000107017
0.00635214
0.000103031
0.00637611
9.91664e-05
0.00639916
9.54176e-05
0.00642132
9.17792e-05
0.00644261
8.82466e-05
0.00646305
8.48155e-05
0.00648268
8.1482e-05
0.00650152
7.82426e-05
0.00651958
7.50942e-05
0.00653689
7.20341e-05
0.00655347
6.90596e-05
0.00656934
6.61685e-05
0.00658453
6.3359e-05
0.00659904
6.06294e-05
0.00661291
5.79787e-05
0.00662614
5.54061e-05
0.00663877
5.29114e-05
0.0066508
5.04954e-05
0.00666226
4.81595e-05
0.00667317
4.59063e-05
0.00668354
4.37402e-05
0.00669341
4.16672e-05
0.0067028
3.96955e-05
0.00671173
3.78363e-05
3.61188e-05
0.0062179
9.36685e-05
0.00624742
9.02514e-05
0.00627585
8.69494e-05
0.00630323
8.37546e-05
0.00632959
8.06613e-05
0.00635495
7.76641e-05
0.00637936
7.47581e-05
0.00640284
7.1939e-05
0.00642542
6.92028e-05
0.00644712
6.6546e-05
0.00646797
6.39654e-05
0.00648799
6.14581e-05
0.00650721
5.90215e-05
0.00652565
5.66534e-05
0.00654334
5.43514e-05
0.00656028
5.21139e-05
0.00657651
4.99391e-05
0.00659204
4.78256e-05
0.0066069
4.57722e-05
0.0066211
4.3778e-05
0.00663467
4.18425e-05
0.00664761
3.99657e-05
0.00665996
3.8148e-05
0.00667173
3.63905e-05
0.00668294
3.46953e-05
0.00669361
3.30655e-05
0.00670377
3.15058e-05
0.00671345
3.00223e-05
0.00672266
2.86234e-05
2.73311e-05
0.00621827
6.265e-05
0.00624815
6.03684e-05
0.00627694
5.81634e-05
0.00630466
5.60299e-05
0.00633136
5.39641e-05
0.00635706
5.19623e-05
0.0063818
5.00214e-05
0.0064056
4.81384e-05
0.00642849
4.63107e-05
0.0064505
4.4536e-05
0.00647165
4.28122e-05
0.00649197
4.11372e-05
0.00651149
3.95095e-05
0.00653021
3.79275e-05
0.00654817
3.63896e-05
0.00656539
3.48948e-05
0.00658189
3.34418e-05
0.00659769
3.20297e-05
0.0066128
3.06578e-05
0.00662725
2.93254e-05
0.00664106
2.80323e-05
0.00665425
2.67783e-05
0.00666684
2.55638e-05
0.00667884
2.43895e-05
0.00669028
2.32568e-05
0.00670117
2.21678e-05
0.00671155
2.11256e-05
0.00672144
2.01343e-05
0.00673086
1.91997e-05
1.83362e-05
0.00621851
3.13863e-05
0.00624864
3.02444e-05
0.00627766
2.91409e-05
0.00630562
2.8073e-05
0.00633254
2.7039e-05
0.00635847
2.60371e-05
0.00638342
2.50656e-05
0.00640744
2.4123e-05
0.00643054
2.32081e-05
0.00645276
2.23197e-05
0.00647411
2.14567e-05
0.00649463
2.06183e-05
0.00651434
1.98034e-05
0.00653325
1.90114e-05
0.0065514
1.82415e-05
0.0065688
1.74931e-05
0.00658548
1.67657e-05
0.00660145
1.60588e-05
0.00661674
1.53719e-05
0.00663136
1.47049e-05
0.00664533
1.40574e-05
0.00665868
1.34296e-05
0.00667142
1.28215e-05
0.00668358
1.22336e-05
0.00669517
1.16665e-05
0.00670622
1.11213e-05
0.00671674
1.05995e-05
0.00672677
1.01032e-05
0.00673634
9.63518e-06
9.20286e-06
0.00621864
0.00624888
0.00627802
0.00630609
0.00633313
0.00635917
0.00638424
0.00640836
0.00643157
0.00645389
0.00647534
0.00649596
0.00651576
0.00653477
0.00655302
0.00657051
0.00658727
0.00660333
0.0066187
0.00663341
0.00664747
0.0066609
0.00667372
0.00668595
0.00669762
0.00670874
0.00671934
0.00672944
0.00673907
0.00224594
-0.000147685
0.00224849
-0.000155536
0.00225119
-0.000163094
0.00225403
-0.000170362
0.00225701
-0.000177338
0.00226014
-0.000184019
0.0022634
-0.000190397
0.00226681
-0.000196461
0.00227036
-0.000202194
0.00227404
-0.000207571
0.00227786
-0.000212549
0.0022818
-0.000217069
0.00228587
-0.000221017
0.00229004
-0.000224235
0.00229428
-0.000226402
0.00229856
-0.000227124
-0.00022543
0.00220113
-7.8787e-06
0.00220148
-2.2812e-05
0.00220204
-3.67343e-05
0.00220279
-4.97699e-05
0.00220373
-6.20421e-05
0.00220484
-7.36518e-05
0.00220612
-8.46817e-05
0.00220756
-9.52009e-05
0.00220916
-0.000105265
0.00221092
-0.000114918
0.00221282
-0.000124197
0.00221488
-0.000133129
0.00221708
-0.000141735
0.00221942
-0.00015003
0.00222191
-0.000158025
0.00222454
-0.000165725
0.00222731
-0.000173135
0.00223023
-0.000180252
0.00223328
-0.000187073
0.00223648
-0.000193591
0.00223981
-0.000199795
0.00224328
-0.000205667
0.00224689
-0.000211182
0.00225064
-0.000216296
0.00225452
-0.000220947
0.00225852
-0.000225017
0.00226262
-0.000228341
0.00226681
-0.000230585
0.00227103
-0.000231346
-0.000229627
0.00227523
0.00217542
-7.99738e-06
0.00217576
-2.31502e-05
0.0021763
-3.72763e-05
0.00217703
-5.0501e-05
0.00217794
-6.29523e-05
0.00217902
-7.47323e-05
0.00218027
-8.59259e-05
0.00218167
-9.66033e-05
0.00218323
-0.000106821
0.00218493
-0.000116625
0.00218679
-0.000126051
0.00218879
-0.000135128
0.00219093
-0.000143877
0.00219321
-0.000152315
0.00219564
-0.00016045
0.00219821
-0.000168291
0.00220091
-0.00017584
0.00220375
-0.000183096
0.00220674
-0.000190057
0.00220986
-0.000196714
0.00221312
-0.000203056
0.00221652
-0.000209067
0.00222006
-0.00021472
0.00222374
-0.000219972
0.00222755
-0.000224756
0.00223148
-0.000228952
0.00223553
-0.000232387
0.00223965
-0.000234713
0.00224382
-0.000235514
-0.000233769
0.00224796
0.00215001
-8.1131e-06
0.00215034
-2.3479e-05
0.00215087
-3.7803e-05
0.00215158
-5.12111e-05
0.00215246
-6.38362e-05
0.00215351
-7.57817e-05
0.00215472
-8.71345e-05
0.00215608
-9.79659e-05
0.0021576
-0.000108334
0.00215925
-0.000118284
0.00216106
-0.000127854
0.002163
-0.000137073
0.00216509
-0.000145963
0.00216731
-0.000154539
0.00216968
-0.000162813
0.00217218
-0.000170792
0.00217481
-0.000178478
0.00217759
-0.000185872
0.0021805
-0.00019297
0.00218355
-0.000199765
0.00218674
-0.000206246
0.00219007
-0.000212395
0.00219354
-0.000218187
0.00219714
-0.000223577
0.00220088
-0.000228497
0.00220476
-0.000232823
0.00220874
-0.000236373
0.00221282
-0.000238786
0.00221693
-0.000239631
-0.00023786
0.00222102
0.0021249
-8.2259e-06
0.00212522
-2.37985e-05
0.00212573
-3.83144e-05
0.00212642
-5.19003e-05
0.00212728
-6.4694e-05
0.0021283
-7.68002e-05
0.00212947
-8.83079e-05
0.00213079
-9.92892e-05
0.00213226
-0.000109803
0.00213387
-0.000119896
0.00213563
-0.000129607
0.00213752
-0.000138965
0.00213955
-0.000147992
0.00214171
-0.000156705
0.00214401
-0.000165114
0.00214645
-0.000173228
0.00214902
-0.00018105
0.00215173
-0.000188579
0.00215457
-0.000195813
0.00215755
-0.000202745
0.00216067
-0.000209363
0.00216393
-0.000215651
0.00216732
-0.000221582
0.00217086
-0.000227112
0.00217453
-0.000232171
0.00217834
-0.00023663
0.00218227
-0.000240302
0.00218629
-0.000242808
0.00219035
-0.000243698
-0.000241901
0.0021944
0.00210008
-8.33581e-06
0.00210039
-2.41088e-05
0.00210089
-3.88106e-05
0.00210156
-5.25688e-05
0.00210239
-6.55262e-05
0.00210338
-7.77884e-05
0.00210451
-8.94465e-05
0.0021058
-0.000100574
0.00210723
-0.000111229
0.00210879
-0.000121462
0.00211049
-0.00013131
0.00211233
-0.000140804
0.00211431
-0.000149965
0.00211641
-0.000158811
0.00211865
-0.000167354
0.00212103
-0.000175601
0.00212353
-0.000183556
0.00212617
-0.000191219
0.00212895
-0.000198587
0.00213186
-0.000205654
0.0021349
-0.000212409
0.00213809
-0.000218835
0.00214141
-0.000224905
0.00214487
-0.000230576
0.00214848
-0.000235777
0.00215222
-0.000240374
0.00215609
-0.000244173
0.00216007
-0.00024678
0.00216409
-0.000247721
-0.000245898
0.00216808
0.00207555
-8.44285e-06
0.00207585
-2.44098e-05
0.00207633
-3.92918e-05
0.00207698
-5.32168e-05
0.00207779
-6.63328e-05
0.00207875
-7.87464e-05
0.00207985
-9.05507e-05
0.0020811
-0.000101819
0.00208248
-0.000112614
0.002084
-0.000122982
0.00208565
-0.000132964
0.00208744
-0.00014259
0.00208936
-0.000151883
0.00209141
-0.00016086
0.00209359
-0.000169534
0.0020959
-0.000177912
0.00209834
-0.000185998
0.00210091
-0.000193792
0.00210362
-0.000201293
0.00210646
-0.000208493
0.00210943
-0.000215383
0.00211254
-0.000221947
0.00211579
-0.000228157
0.00211919
-0.00023397
0.00212273
-0.000239314
0.00212641
-0.000244055
0.00213022
-0.000247988
0.00213415
-0.000250704
0.00213813
-0.000251702
-0.000249854
0.00214208
0.00205131
-8.54705e-06
0.0020516
-2.47016e-05
0.00205207
-3.97579e-05
0.00205269
-5.38444e-05
0.00205348
-6.71141e-05
0.0020544
-7.96746e-05
0.00205547
-9.16209e-05
0.00205668
-0.000103027
0.00205802
-0.000113957
0.0020595
-0.000124457
0.0020611
-0.00013457
0.00206284
-0.000144325
0.0020647
-0.000153746
0.00206669
-0.000162852
0.00206881
-0.000171654
0.00207106
-0.00018016
0.00207344
-0.000188374
0.00207595
-0.000196299
0.00207858
-0.00020393
0.00208135
-0.000211263
0.00208426
-0.000218287
0.0020873
-0.000224987
0.00209048
-0.000231337
0.0020938
-0.000237293
0.00209727
-0.000242783
0.00210089
-0.000247672
0.00210465
-0.000251747
0.00210853
-0.000254584
0.00211247
-0.000255646
-0.000253774
0.00211639
0.00202735
-8.64839e-06
0.00202763
-2.49842e-05
0.00202808
-4.02091e-05
0.00202869
-5.44518e-05
0.00202945
-6.78705e-05
0.00203034
-8.05734e-05
0.00203138
-9.26575e-05
0.00203255
-0.000104198
0.00203385
-0.000115258
0.00203528
-0.000125888
0.00203684
-0.000136128
0.00203853
-0.000146009
0.00204034
-0.000155556
0.00204227
-0.000164787
0.00204433
-0.000173714
0.00204652
-0.000182346
0.00204883
-0.000190688
0.00205127
-0.00019874
0.00205384
-0.0002065
0.00205654
-0.000213964
0.00205938
-0.000221121
0.00206235
-0.000227957
0.00206545
-0.000234446
0.00206871
-0.000240545
0.00207211
-0.000246184
0.00207566
-0.000251225
0.00207936
-0.000255451
0.0020832
-0.000258421
0.00208711
-0.000259559
-0.000257666
0.00209101
0.00200367
-8.74685e-06
0.00200394
-2.52575e-05
0.00200438
-4.06454e-05
0.00200497
-5.50391e-05
0.0020057
-6.86021e-05
0.00200657
-8.14431e-05
0.00200757
-9.3661e-05
0.0020087
-0.000105332
0.00200996
-0.000116519
0.00201135
-0.000127274
0.00201286
-0.000137638
0.0020145
-0.000147643
0.00201625
-0.000157313
0.00201813
-0.000166666
0.00202013
-0.000175717
0.00202226
-0.000184472
0.00202451
-0.000192938
0.00202689
-0.000201116
0.00202939
-0.000209003
0.00203202
-0.000216596
0.00203479
-0.000223885
0.00203768
-0.000230855
0.00204072
-0.000237483
0.0020439
-0.000243726
0.00204723
-0.000249515
0.00205072
-0.000254714
0.00205437
-0.000259098
0.00205817
-0.000262218
0.00206205
-0.000263444
-0.000261537
0.00206592
0.00198026
-8.84241e-06
0.00198053
-2.55216e-05
0.00198095
-4.10669e-05
0.00198152
-5.56066e-05
0.00198222
-6.93092e-05
0.00198307
-8.22841e-05
0.00198404
-9.46317e-05
0.00198513
-0.000106429
0.00198635
-0.00011774
0.0019877
-0.000128618
0.00198916
-0.000139103
0.00199075
-0.000149227
0.00199245
-0.000159017
0.00199428
-0.000168491
0.00199622
-0.000177661
0.00199829
-0.000186538
0.00200047
-0.000195126
0.00200279
-0.000203427
0.00200522
-0.00021144
0.00200779
-0.00021916
0.00201048
-0.000226579
0.00201331
-0.000233683
0.00201627
-0.000240448
0.00201938
-0.000246836
0.00202264
-0.000252776
0.00202607
-0.000258137
0.00202966
-0.00026269
0.00203342
-0.000265975
0.00203728
-0.000267309
-0.000265396
0.00204114
0.00195713
-8.93499e-06
0.00195739
-2.57762e-05
0.0019578
-4.14736e-05
0.00195834
-5.61544e-05
0.00195903
-6.99922e-05
0.00195984
-8.30968e-05
0.00196078
-9.55703e-05
0.00196184
-0.00010749
0.00196302
-0.000118922
0.00196432
-0.000129918
0.00196574
-0.000140521
0.00196727
-0.000150763
0.00196893
-0.00016067
0.0019707
-0.000170261
0.00197259
-0.000179549
0.00197459
-0.000188545
0.00197672
-0.000197253
0.00197897
-0.000205676
0.00198134
-0.000213812
0.00198384
-0.000221657
0.00198646
-0.000229204
0.00198922
-0.00023644
0.00199211
-0.000243342
0.00199515
-0.000249873
0.00199834
-0.000255966
0.0020017
-0.000261493
0.00200523
-0.000266223
0.00200895
-0.000269693
0.0020128
-0.000271159
-0.000269255
0.00201666
0.00193427
-9.02449e-06
0.00193452
-2.60215e-05
0.00193491
-4.18655e-05
0.00193544
-5.66826e-05
0.0019361
-7.06513e-05
0.00193688
-8.38815e-05
0.00193779
-9.64771e-05
0.00193882
-0.000108516
0.00193996
-0.000120065
0.00194122
-0.000131177
0.00194259
-0.000141894
0.00194408
-0.000152251
0.00194568
-0.000162272
0.0019474
-0.000171977
0.00194923
-0.000181382
0.00195118
-0.000190494
0.00195324
-0.000199319
0.00195543
-0.000207861
0.00195774
-0.000216118
0.00196017
-0.000224088
0.00196272
-0.000231761
0.00196541
-0.000239127
0.00196823
-0.000246164
0.0019712
-0.000252838
0.00197431
-0.000259083
0.0019776
-0.00026478
0.00198107
-0.000269696
0.00198475
-0.000273372
0.00198859
-0.000275
-0.000273128
0.00199247
0.00191168
-9.11079e-06
0.00191192
-2.62572e-05
0.00191229
-4.22428e-05
0.0019128
-5.71916e-05
0.00191344
-7.12868e-05
0.00191419
-8.46387e-05
0.00191507
-9.73526e-05
0.00191606
-0.000109507
0.00191717
-0.00012117
0.00191838
-0.000132394
0.00191971
-0.000143223
0.00192115
-0.000153691
0.0019227
-0.000163824
0.00192437
-0.000173641
0.00192614
-0.000183158
0.00192804
-0.000192385
0.00193004
-0.000201326
0.00193217
-0.000209985
0.00193441
-0.000218361
0.00193677
-0.000226452
0.00193926
-0.00023425
0.00194188
-0.000241744
0.00194463
-0.000248915
0.00194752
-0.000255729
0.00195057
-0.000262126
0.00195378
-0.000267994
0.00195719
-0.000273104
0.00196083
-0.00027701
0.00196466
-0.000278836
-0.000277033
0.00196857
0.00188935
-9.1937e-06
0.00188958
-2.64833e-05
0.00188994
-4.26054e-05
0.00189043
-5.76815e-05
0.00189104
-7.18991e-05
0.00189177
-8.53687e-05
0.00189262
-9.81973e-05
0.00189357
-0.000110464
0.00189464
-0.000122237
0.00189582
-0.00013357
0.0018971
-0.000144508
0.00189849
-0.000155085
0.0019
-0.000165326
0.00190161
-0.000175254
0.00190333
-0.000184881
0.00190517
-0.000194219
0.00190711
-0.000203273
0.00190918
-0.000212047
0.00191136
-0.000220541
0.00191365
-0.000228751
0.00191608
-0.000236672
0.00191862
-0.000244292
0.0019213
-0.000251594
0.00192412
-0.000258548
0.00192709
-0.000265095
0.00193023
-0.000271134
0.00193357
-0.000276443
0.00193716
-0.000280601
0.001941
-0.00028267
-0.00028099
0.00194495
0.00186728
-9.273e-06
0.0018675
-2.66996e-05
0.00186785
-4.29535e-05
0.00186832
-5.81525e-05
0.00186891
-7.24885e-05
0.00186961
-8.6072e-05
0.00187042
-9.90116e-05
0.00187135
-0.000111387
0.00187238
-0.000123267
0.00187351
-0.000134706
0.00187475
-0.00014575
0.0018761
-0.000156432
0.00187756
-0.00016678
0.00187912
-0.000176815
0.00188079
-0.00018655
0.00188257
-0.000195997
0.00188445
-0.000205162
0.00188646
-0.000214049
0.00188857
-0.000222658
0.00189081
-0.000230985
0.00189316
-0.000239027
0.00189564
-0.000246772
0.00189825
-0.000254203
0.001901
-0.000261293
0.00190389
-0.000267987
0.00190695
-0.000274196
0.00191021
-0.000279708
0.00191375
-0.000284139
0.00191758
-0.000286503
-0.000285026
0.00192162
0.00184547
-9.3484e-06
0.00184568
-2.69059e-05
0.00184601
-4.32871e-05
0.00184646
-5.86048e-05
0.00184703
-7.30552e-05
0.00184771
-8.6749e-05
0.00184849
-9.97961e-05
0.00184938
-0.000112276
0.00185037
-0.000124261
0.00185147
-0.000135803
0.00185267
-0.00014695
0.00185397
-0.000157735
0.00185538
-0.000168187
0.00185689
-0.000178326
0.00185851
-0.000188167
0.00186023
-0.000197721
0.00186206
-0.000206995
0.001864
-0.000215992
0.00186606
-0.000224713
0.00186823
-0.000233156
0.00187052
-0.000241316
0.00187293
-0.000249182
0.00187547
-0.00025674
0.00187814
-0.000263963
0.00188095
-0.000270801
0.00188393
-0.000277177
0.00188712
-0.00028289
0.00189059
-0.000287612
0.00189441
-0.000290325
-0.000289172
0.00189856
0.00182391
-9.41955e-06
0.00182411
-2.71022e-05
0.00182443
-4.36063e-05
0.00182486
-5.90389e-05
0.00182541
-7.35998e-05
0.00182606
-8.74e-05
0.00182681
-0.000100551
0.00182767
-0.000113134
0.00182863
-0.000125219
0.00182969
-0.000136861
0.00183084
-0.000148108
0.0018321
-0.000158994
0.00183346
-0.000169547
0.00183492
-0.000179787
0.00183649
-0.000189731
0.00183816
-0.00019939
0.00183993
-0.00020877
0.00184182
-0.000217876
0.00184381
-0.000226708
0.00184592
-0.000235264
0.00184814
-0.000243539
0.00185049
-0.000251526
0.00185295
-0.000259207
0.00185555
-0.00026656
0.00185828
-0.000273537
0.00186118
-0.000280073
0.00186427
-0.000285983
0.00186766
-0.000291004
0.00187146
-0.000294121
-0.000293463
0.00187575
0.00180261
-9.48602e-06
0.00180279
-2.72881e-05
0.0018031
-4.39112e-05
0.00180351
-5.94549e-05
0.00180403
-7.41225e-05
0.00180466
-8.80257e-05
0.00180539
-0.000101278
0.00180621
-0.000113959
0.00180713
-0.000126141
0.00180816
-0.000137881
0.00180927
-0.000149226
0.00181049
-0.000160209
0.0018118
-0.00017086
0.00181321
-0.0001812
0.00181473
-0.000191245
0.00181634
-0.000201006
0.00181806
-0.00021049
0.00181989
-0.000219702
0.00182183
-0.000228642
0.00182387
-0.000237309
0.00182603
-0.000245699
0.00182831
-0.000253802
0.0018307
-0.000261603
0.00183323
-0.000269083
0.00183588
-0.000276193
0.00183869
-0.000282881
0.00184168
-0.000288976
0.00184497
-0.000294292
0.00184871
-0.000297859
-0.000297937
0.00185318
0.00178155
-9.54726e-06
0.00178172
-2.74636e-05
0.00178201
-4.42021e-05
0.00178241
-5.98532e-05
0.00178291
-7.46237e-05
0.00178351
-8.86263e-05
0.00178421
-0.000101976
0.00178501
-0.000114752
0.00178589
-0.00012703
0.00178688
-0.000138864
0.00178795
-0.000150303
0.00178913
-0.000161382
0.00179039
-0.000172128
0.00179176
-0.000182566
0.00179322
-0.000192709
0.00179479
-0.00020257
0.00179645
-0.000212156
0.00179822
-0.000221472
0.0018001
-0.000230518
0.00180208
-0.000239294
0.00180418
-0.000247794
0.00180639
-0.000256012
0.00180872
-0.000263931
0.00181116
-0.000271532
0.00181374
-0.000278769
0.00181646
-0.000285598
0.00181934
-0.000291861
0.0018225
-0.000297449
0.00182613
-0.000301484
-0.000302641
0.00183083
0.00176073
0.0017609
0.00176118
0.00176156
0.00176204
0.00176261
0.00176328
0.00176405
0.0017649
0.00176585
0.00176688
0.00176802
0.00176924
0.00177056
0.00177197
0.00177348
0.0017751
0.00177681
0.00177863
0.00178055
0.00178258
0.00178473
0.00178699
0.00178936
0.00179186
0.00179448
0.00179726
0.00180024
0.00180364
0.00180873
0.00355519
0.00362204
0.00215499
0.00368807
0.00361561
0.00212917
0.00375329
0.00367957
0.00210365
0.00381772
0.00204049
0.00374273
0.00366521
0.00207844
0.00388137
0.00201605
0.00380512
0.00372629
0.00205352
0.00394424
0.0019919
0.00386674
0.00193156
0.00378663
0.00370551
0.0020289
0.00400634
0.00196805
0.00392759
0.00190845
0.00384623
0.00376379
0.00200457
0.00406769
0.00194447
0.00398769
0.00188562
0.00390509
0.00182806
0.00382135
0.00373608
0.00198054
0.00412829
0.00192119
0.00404704
0.00186306
0.00396322
0.00180622
0.00387819
0.00379163
0.00195679
0.00418816
0.00189818
0.00410565
0.00184078
0.00402062
0.00178465
0.00393433
0.00172979
0.00384649
0.00375729
0.00193333
0.00424729
0.00187546
0.00416353
0.00181877
0.00407731
0.00176334
0.00398975
0.00170917
0.00390066
0.00381018
0.00191016
0.00430569
0.00185301
0.00422068
0.00179704
0.00413328
0.00174231
0.00404448
0.00168882
0.00395415
0.00163659
0.00386241
0.00376925
0.00188727
0.00436337
0.00183085
0.00427711
0.00177558
0.00418854
0.00172154
0.00409852
0.00166873
0.00400697
0.00161715
0.00391398
0.00381958
0.00186467
0.00442032
0.00180896
0.00433282
0.0017544
0.0042431
0.00170104
0.00415188
0.00164889
0.00405912
0.00159796
0.00396492
0.00386927
0.00184235
0.00447654
0.00178735
0.00438782
0.00173349
0.00429696
0.00168081
0.00420456
0.00162931
0.00411061
0.00157902
0.00401521
0.00152994
0.00391835
0.00382004
0.0018203
0.00453198
0.00176602
0.00444211
0.00171285
0.00435013
0.00166084
0.00425656
0.00161
0.00416146
0.00156033
0.00406488
0.00151186
0.00396682
0.0038673
0.00179854
0.00458662
0.00174497
0.00449568
0.00169249
0.0044026
0.00164115
0.00430791
0.00159094
0.00421167
0.00154189
0.00411393
0.00149402
0.00401469
0.00391397
0.00177705
0.0046404
0.00172419
0.00454854
0.0016724
0.00445439
0.00162171
0.00435861
0.00157213
0.00426125
0.00152369
0.00416237
0.00147641
0.00406197
0.00143031
0.00396007
0.00385666
0.00175585
0.0017037
0.00165257
0.00160251
0.00155355
0.00150571
0.00145902
0.00141348
)
;

boundaryField
{
    inlet
    {
        type            calculated;
        value           nonuniform List<scalar> 
60
(
-0.00618725
-0.00618725
-0.00618725
-0.00618725
-0.00618725
-0.00618725
-0.00618725
-0.00618725
-0.00618725
-0.00618725
-0.00618725
-0.00618725
-0.00618725
-0.00618725
-0.00618725
-0.00618725
-0.00618725
-0.00618725
-0.00618725
-0.00618725
-0.00618725
-0.00618725
-0.00618725
-0.00618725
-0.00618725
-0.00618725
-0.00618725
-0.00618725
-0.00618725
-0.00618725
-0.00618725
-0.00618725
-0.00618725
-0.00618725
-0.00618725
-0.00618725
-0.00618725
-0.00618725
-0.00618725
-0.00618725
-0.00220101
-0.0021753
-0.0021499
-0.00212479
-0.00209997
-0.00207544
-0.0020512
-0.00202725
-0.00200357
-0.00198017
-0.00195704
-0.00193418
-0.00191159
-0.00188927
-0.0018672
-0.00184539
-0.00182384
-0.00180254
-0.00178149
-0.00176068
)
;
    }
    outlet
    {
        type            calculated;
        value           nonuniform 0();
    }
    cylinder
    {
        type            calculated;
        value           nonuniform 0();
    }
    top
    {
        type            symmetryPlane;
        value           nonuniform 0();
    }
    bottom
    {
        type            symmetryPlane;
        value           nonuniform 0();
    }
    defaultFaces
    {
        type            empty;
        value           nonuniform 0();
    }
    procBoundary4to0
    {
        type            processor;
        value           nonuniform List<scalar> 
77
(
-0.00379491
-0.00368729
0.0258603
-0.00357815
-0.00311217
-0.00300686
-0.00290006
-0.00279178
-0.00268203
-0.00257079
-0.00245806
-0.00234385
-0.00222813
0.0270564
-0.00184672
-0.00173596
0.000145278
0.000152984
0.000160397
0.000167521
0.000174355
0.000180894
0.00018713
0.000193054
0.000198648
0.000203887
0.000208732
0.000213123
0.000216952
0.000220067
0.00022216
0.000222845
0.000221176
7.75701e-06
2.24644e-05
3.61768e-05
4.90176e-05
6.11055e-05
7.25399e-05
8.34015e-05
9.37582e-05
0.000103664
0.000113164
0.000122292
0.000131075
-0.00224353
0.000139534
0.00230281
-0.00348752
0.00220756
0.00218112
-0.00355087
0.00209025
0.00206522
-0.00360336
0.00197864
0.00195496
-0.0036465
0.00187255
0.00185017
-0.00367983
0.00177181
0.00175067
-0.00370373
0.00167623
0.00165628
-0.0037183
0.00158563
0.00156683
0.00154826
-0.0037722
0.0014821
0.00146461
0.00144735
-0.00381176
0.00138541
0.00136913
)
;
    }
    procBoundary4to5
    {
        type            processor;
        value           nonuniform List<scalar> 
76
(
0.000786434
0.000785896
0.000784819
0.000783205
0.000781054
0.000778368
0.00154013
0.00103004
0.00102546
0.00102023
0.00101435
0.00100782
0.00100066
0.000992858
0.000984421
0.000975353
0.000965658
0.000955341
0.000944405
0.000932857
0.0009207
0.000907942
0.000894587
0.000880643
0.00609061
0.00110977
0.00109197
0.00107349
0.00105433
0.00103451
0.00101403
0.000992907
0.000971141
0.000948745
0.00869638
0.00115859
0.00113139
0.00110349
0.00107489
0.00104561
0.00101565
0.010639
0.00121127
0.00117588
0.00113977
0.00110292
0.00106536
0.0124155
0.00124714
0.00120359
0.00115927
0.00111421
0.0140488
0.00128416
0.0012326
0.00118025
0.0155558
0.00134178
0.00128245
0.0012223
0.0171653
0.0013736
0.00130596
0.0186672
0.0014524
0.00137678
0.00130023
0.020501
0.00143355
0.0220209
0.0015685
0.00147529
0.0238889
0.00160402
0.00150109
0.0258993
)
;
    }
    procBoundary4to8
    {
        type            processor;
        value           nonuniform List<scalar> 
46
(
0.000257376
0.000274722
-0.00131854
-1.47881e-09
-1.29678e-09
-1.05347e-09
-7.51906e-10
-3.84127e-10
3.32885e-11
5.18234e-10
1.00382e-09
1.5629e-09
1.97589e-09
2.54582e-09
2.6058e-09
3.14485e-09
1.60978e-11
4.72669e-11
7.64411e-11
1.03612e-10
1.28801e-10
1.52048e-10
1.73406e-10
1.9294e-10
2.10727e-10
2.26851e-10
2.41403e-10
2.54477e-10
2.66168e-10
2.7657e-10
2.85778e-10
2.93884e-10
3.00978e-10
3.07148e-10
3.12479e-10
3.17055e-10
3.20957e-10
3.24272e-10
3.27087e-10
3.29497e-10
3.31603e-10
3.33522e-10
3.35387e-10
3.37354e-10
3.39617e-10
3.42407e-10
)
;
    }
    procBoundary4to9
    {
        type            processor;
        value           uniform 0.000786434;
    }
}


// ************************************************************************* //
