/*--------------------------------*- C++ -*----------------------------------*\
  =========                 |
  \\      /  F ield         | OpenFOAM: The Open Source CFD Toolbox
   \\    /   O peration     | Website:  https://openfoam.org
    \\  /    A nd           | Version:  7
     \\/     M anipulation  |
\*---------------------------------------------------------------------------*/
FoamFile
{
    version     2.0;
    format      ascii;
    class       volVectorField;
    location    "60";
    object      U;
}
// * * * * * * * * * * * * * * * * * * * * * * * * * * * * * * * * * * * * * //

dimensions      [0 1 -1 0 0 0 0];

internalField   nonuniform List<vector> 
2625
(
(1.13549 -0.00268684 -1.60141e-21)
(1.13729 -0.00267851 4.69749e-22)
(1.13908 -0.00267008 -3.02288e-22)
(1.14088 -0.00266155 1.09798e-21)
(1.14268 -0.00265292 2.09801e-22)
(1.14447 -0.00264418 -1.21658e-21)
(1.14627 -0.00263532 9.46715e-22)
(1.14806 -0.00262635 -2.09853e-22)
(1.14985 -0.00261726 -8.08926e-22)
(1.15164 -0.00260805 2.98006e-22)
(1.15343 -0.00259871 5.65797e-23)
(1.15521 -0.00258924 2.3298e-22)
(1.15699 -0.00257962 1.87272e-22)
(1.15876 -0.00256985 -4.2304e-22)
(1.16053 -0.00255992 2.69847e-22)
(1.16229 -0.00254985 6.06197e-23)
(1.16405 -0.00253961 -1.30214e-22)
(1.1658 -0.00252921 7.80501e-24)
(1.16754 -0.00251864 7.02785e-24)
(1.13561 -0.0080287 -4.61654e-22)
(1.13741 -0.00800189 9.05068e-22)
(1.13921 -0.0079747 -1.07111e-21)
(1.14101 -0.00794716 4.92683e-22)
(1.14281 -0.00791924 -2.52622e-22)
(1.14462 -0.00789096 -3.38538e-22)
(1.14642 -0.00786231 3.4638e-22)
(1.14822 -0.00783329 -3.3054e-22)
(1.15001 -0.00780389 3.98229e-22)
(1.15181 -0.00777412 -1.57962e-23)
(1.1536 -0.00774396 -2.84008e-22)
(1.15539 -0.00771341 7.30847e-23)
(1.15717 -0.00768247 2.16551e-23)
(1.15895 -0.00765112 -1.47919e-22)
(1.16073 -0.00761935 8.78464e-23)
(1.1625 -0.00758717 2.01432e-22)
(1.16426 -0.00755457 -5.75525e-23)
(1.16602 -0.00752154 -1.34557e-23)
(1.16777 -0.00748806 1.46636e-23)
(1.13584 -0.0132591 -1.9181e-22)
(1.13764 -0.0132137 8.67971e-22)
(1.13946 -0.0131676 5.54869e-22)
(1.14127 -0.013121 -7.91433e-22)
(1.14308 -0.0130738 -6.43203e-23)
(1.14489 -0.013026 -2.59195e-22)
(1.1467 -0.0129776 2.09538e-22)
(1.14851 -0.0129286 -1.67376e-22)
(1.15032 -0.012879 2.18634e-22)
(1.15213 -0.0128288 9.36323e-23)
(1.15393 -0.0127781 2.36804e-23)
(1.15573 -0.0127267 -1.07581e-22)
(1.15753 -0.0126747 1.47676e-22)
(1.15932 -0.0126221 -2.50745e-22)
(1.1611 -0.0125688 2.25438e-22)
(1.16288 -0.0125149 1.01442e-22)
(1.16466 -0.0124604 -1.17025e-22)
(1.16642 -0.0124052 -2.56527e-23)
(1.16818 -0.0123493 9.64057e-24)
(1.13617 -0.0184042 2.71822e-22)
(1.13799 -0.0183399 8.09729e-23)
(1.13981 -0.0182747 -7.51436e-22)
(1.14164 -0.0182088 2.24012e-22)
(1.14346 -0.0181419 4.40288e-22)
(1.14529 -0.0180743 -2.79858e-22)
(1.14712 -0.0180058 1.40535e-22)
(1.14894 -0.0179365 -3.59244e-22)
(1.15076 -0.0178664 9.5938e-23)
(1.15258 -0.0177955 -2.19998e-22)
(1.1544 -0.0177237 2.91714e-22)
(1.15622 -0.0176512 -6.40093e-23)
(1.15803 -0.0175777 9.90041e-23)
(1.15983 -0.0175035 -9.04849e-23)
(1.16163 -0.0174283 4.75568e-23)
(1.16343 -0.0173523 -7.53186e-23)
(1.16522 -0.0172755 4.47963e-23)
(1.167 -0.0171977 3.85432e-23)
(1.16878 -0.017119 -2.48725e-23)
(1.13659 -0.0234721 6.23402e-22)
(1.13843 -0.0233891 -6.16262e-22)
(1.14027 -0.0233049 -3.49435e-22)
(1.14211 -0.0232196 6.8922e-22)
(1.14396 -0.0231331 1.67767e-22)
(1.1458 -0.0230456 -1.92758e-22)
(1.14764 -0.022957 8.61626e-22)
(1.14949 -0.0228673 -7.39119e-22)
(1.15133 -0.0227766 -7.76311e-23)
(1.15317 -0.0226848 2.51755e-22)
(1.155 -0.0225919 -3.43436e-22)
(1.15683 -0.022498 2.06356e-22)
(1.15866 -0.022403 -4.30148e-22)
(1.16049 -0.0223069 1.16191e-22)
(1.16231 -0.0222097 8.07475e-23)
(1.16412 -0.0221114 -1.71159e-23)
(1.16593 -0.022012 -3.3378e-23)
(1.16774 -0.0219114 -8.85376e-24)
(1.16953 -0.0218097 -2.47471e-24)
(1.13711 -0.028474 -5.73328e-22)
(1.13897 -0.0283723 -1.35118e-22)
(1.14083 -0.0282692 1.87438e-22)
(1.14269 -0.0281646 7.27874e-23)
(1.14455 -0.0280586 -7.17522e-22)
(1.14642 -0.0279512 5.92822e-23)
(1.14828 -0.0278424 1.905e-22)
(1.15014 -0.0277323 -6.46961e-22)
(1.152 -0.0276208 2.04924e-22)
(1.15386 -0.027508 -1.5317e-22)
(1.15572 -0.0273939 3.6616e-22)
(1.15758 -0.0272785 -1.56379e-22)
(1.15943 -0.0271617 -1.32509e-22)
(1.16128 -0.0270435 8.95628e-23)
(1.16312 -0.0269241 -1.45622e-23)
(1.16496 -0.0268032 2.11077e-22)
(1.16679 -0.026681 -3.91881e-23)
(1.16861 -0.0265574 -2.72169e-23)
(1.17043 -0.0264325 -9.25941e-24)
(1.13772 -0.0334185 1.71628e-21)
(1.1396 -0.0332984 -4.3796e-22)
(1.14148 -0.0331764 7.2294e-22)
(1.14336 -0.0330526 -5.42681e-22)
(1.14524 -0.0329271 1.11135e-21)
(1.14713 -0.0327998 -7.61063e-22)
(1.14902 -0.0326709 -5.86834e-22)
(1.1509 -0.0325403 4.37675e-22)
(1.15279 -0.0324081 -4.63558e-22)
(1.15467 -0.0322742 4.15451e-22)
(1.15655 -0.0321387 5.50604e-23)
(1.15843 -0.0320016 -1.74981e-22)
(1.16031 -0.0318629 5.40616e-22)
(1.16218 -0.0317225 -2.50172e-22)
(1.16405 -0.0315806 -3.00227e-23)
(1.16591 -0.031437 -5.83235e-23)
(1.16777 -0.0312918 1.30921e-22)
(1.16962 -0.0311449 3.72625e-24)
(1.17146 -0.0309963 2.93293e-23)
(1.1384 -0.0383137 1.41003e-21)
(1.1403 -0.0381752 -1.06137e-21)
(1.1422 -0.0380345 1.25001e-21)
(1.14411 -0.0378916 -7.55186e-22)
(1.14602 -0.0377466 1.02116e-21)
(1.14793 -0.0375996 -5.33182e-22)
(1.14985 -0.0374505 1.37066e-22)
(1.15176 -0.0372994 -1.87036e-22)
(1.15367 -0.0371463 3.09159e-22)
(1.15558 -0.0369913 -1.06637e-22)
(1.15749 -0.0368343 2.83145e-22)
(1.1594 -0.0366754 -2.31552e-22)
(1.1613 -0.0365146 -1.70771e-22)
(1.1632 -0.0363519 -2.8175e-24)
(1.1651 -0.0361872 8.54982e-23)
(1.16699 -0.0360206 -1.0463e-22)
(1.16887 -0.0358521 -6.26657e-23)
(1.17075 -0.0356816 5.96759e-24)
(1.17262 -0.0355092 9.17314e-24)
(1.13915 -0.0431669 3.31009e-22)
(1.14107 -0.0430101 -6.43797e-22)
(1.14301 -0.0428507 -1.03114e-22)
(1.14494 -0.0426888 6.63474e-23)
(1.14688 -0.0425243 -4.15769e-22)
(1.14882 -0.0423575 -3.38937e-22)
(1.15076 -0.0421882 3.00495e-22)
(1.1527 -0.0420166 1.62226e-22)
(1.15464 -0.0418426 -6.01489e-22)
(1.15658 -0.0416663 -1.83866e-22)
(1.15852 -0.0414877 5.18226e-22)
(1.16045 -0.0413069 -2.09515e-23)
(1.16239 -0.0411238 6.10433e-23)
(1.16432 -0.0409384 4.69558e-24)
(1.16625 -0.0407508 1.67523e-22)
(1.16817 -0.0405609 -7.38627e-23)
(1.17008 -0.0403688 -3.12473e-23)
(1.172 -0.0401745 2.25771e-23)
(1.1739 -0.0399778 7.43447e-24)
(1.13995 -0.0479844 1.4906e-22)
(1.14191 -0.0478094 1.59763e-21)
(1.14387 -0.0476314 -1.3855e-22)
(1.14583 -0.0474505 -3.61044e-22)
(1.1478 -0.0472666 -4.35208e-22)
(1.14977 -0.0470799 4.95088e-22)
(1.15174 -0.0468904 -2.81254e-22)
(1.15371 -0.0466981 -8.30364e-22)
(1.15569 -0.0465031 4.86859e-22)
(1.15766 -0.0463055 2.92724e-22)
(1.15963 -0.0461051 -4.31027e-22)
(1.1616 -0.0459021 6.06749e-22)
(1.16357 -0.0456965 -2.85558e-22)
(1.16553 -0.0454883 -5.51885e-23)
(1.16749 -0.0452775 -1.86704e-22)
(1.16945 -0.0450641 1.48012e-22)
(1.1714 -0.0448481 -3.09073e-23)
(1.17334 -0.0446295 3.46917e-23)
(1.17528 -0.0444083 -1.03678e-23)
(1.14081 -0.0527722 5.64029e-22)
(1.1428 -0.0525792 -1.04774e-21)
(1.14479 -0.0523826 -1.27583e-22)
(1.14679 -0.0521826 8.79243e-22)
(1.14879 -0.0519793 -7.12238e-23)
(1.15079 -0.0517727 -1.61794e-23)
(1.15279 -0.0515628 3.38903e-22)
(1.1548 -0.0513498 -1.01641e-22)
(1.15681 -0.0511336 -3.05531e-23)
(1.15881 -0.0509144 -2.56974e-22)
(1.16082 -0.0506921 5.75689e-23)
(1.16282 -0.0504667 -6.72396e-23)
(1.16483 -0.0502384 -2.41526e-22)
(1.16682 -0.050007 -7.17017e-23)
(1.16882 -0.0497727 1.63247e-22)
(1.17081 -0.0495354 -9.42796e-23)
(1.1728 -0.0492952 4.71496e-23)
(1.17478 -0.049052 -2.90785e-23)
(1.17676 -0.0488058 3.83203e-24)
(1.14171 -0.0575357 1.74799e-21)
(1.14373 -0.0573245 3.16503e-22)
(1.14576 -0.0571093 -4.684e-22)
(1.14779 -0.0568903 -2.53262e-22)
(1.14983 -0.0566674 -1.2233e-22)
(1.15186 -0.0564408 -8.45613e-22)
(1.1539 -0.0562105 3.22713e-23)
(1.15595 -0.0559766 -3.20522e-22)
(1.15799 -0.0557391 4.30889e-22)
(1.16003 -0.0554981 -2.20733e-22)
(1.16208 -0.0552536 5.00942e-22)
(1.16412 -0.0550056 7.12113e-23)
(1.16616 -0.0547542 -1.64753e-22)
(1.1682 -0.0544995 9.59312e-23)
(1.17023 -0.0542413 1.39354e-22)
(1.17226 -0.0539798 -2.62739e-22)
(1.17429 -0.0537149 -3.01273e-23)
(1.17631 -0.0534467 9.92661e-23)
(1.17832 -0.053175 -3.35349e-23)
(1.14471 -0.0620503 -2.07105e-21)
(1.14677 -0.0618165 4.73189e-22)
(1.14884 -0.0615783 4.97879e-22)
(1.15091 -0.0613358 5.17752e-22)
(1.15299 -0.061089 -7.58811e-22)
(1.15507 -0.0608381 8.95795e-22)
(1.15715 -0.0605831 -6.9561e-22)
(1.15923 -0.0603241 -3.86882e-22)
(1.16131 -0.0600611 -5.687e-23)
(1.16339 -0.0597941 1.77176e-22)
(1.16548 -0.0595232 -1.29016e-22)
(1.16756 -0.0592485 2.51178e-22)
(1.16964 -0.05897 1.49468e-22)
(1.17171 -0.0586876 -2.13336e-22)
(1.17378 -0.0584014 1.56744e-22)
(1.17585 -0.0581115 -1.06141e-22)
(1.17791 -0.0578178 -3.87284e-23)
(1.17997 -0.0575203 1.13092e-23)
(1.14571 -0.0667607 1.02115e-21)
(1.14781 -0.0665082 1.86625e-22)
(1.14992 -0.0662508 -1.10309e-21)
(1.15203 -0.0659885 -1.98494e-22)
(1.15415 -0.0657215 1.21176e-21)
(1.15627 -0.0654498 5.55086e-23)
(1.15839 -0.0651735 -5.81097e-23)
(1.16052 -0.0648927 7.4131e-22)
(1.16264 -0.0646074 -1.00456e-22)
(1.16477 -0.0643177 -5.20897e-22)
(1.16689 -0.0640236 -3.99313e-22)
(1.16902 -0.0637251 -1.98127e-22)
(1.17114 -0.0634224 4.91099e-23)
(1.17326 -0.0631155 -1.5894e-22)
(1.17537 -0.0628042 -1.33452e-22)
(1.17748 -0.0624887 3.23734e-23)
(1.17959 -0.062169 7.02198e-23)
(1.18169 -0.0618451 -7.61155e-24)
(1.14674 -0.0714596 -8.88663e-22)
(1.14888 -0.0711884 -7.70063e-22)
(1.15103 -0.0709116 -7.98327e-23)
(1.15319 -0.0706294 1.56041e-21)
(1.15535 -0.070342 -3.95899e-22)
(1.15751 -0.0700493 3.19267e-22)
(1.15968 -0.0697515 7.13573e-22)
(1.16185 -0.0694486 -4.41202e-22)
(1.16402 -0.0691407 -1.6097e-22)
(1.16619 -0.0688279 -7.75875e-23)
(1.16836 -0.0685101 3.28112e-22)
(1.17053 -0.0681877 3.44445e-22)
(1.17269 -0.0678604 2.41449e-22)
(1.17486 -0.0675284 -6.59427e-23)
(1.17702 -0.0671916 7.59466e-23)
(1.17918 -0.06685 1.19024e-23)
(1.18133 -0.0665038 -5.58501e-23)
(1.18348 -0.0661529 -7.51186e-24)
(1.14778 -0.0761506 2.83799e-22)
(1.14997 -0.0758604 -1.88969e-23)
(1.15217 -0.0755642 1.31002e-21)
(1.15437 -0.0752619 -2.07935e-22)
(1.15657 -0.0749538 -9.71114e-22)
(1.15878 -0.0746399 4.19183e-22)
(1.161 -0.0743203 3.54227e-22)
(1.16321 -0.0739951 1.19442e-21)
(1.16543 -0.0736642 4.66241e-23)
(1.16765 -0.0733279 3.76269e-22)
(1.16986 -0.072986 1.91149e-24)
(1.17208 -0.0726391 -3.82413e-22)
(1.1743 -0.0722869 -2.76553e-22)
(1.17651 -0.0719293 9.59255e-23)
(1.17872 -0.0715665 3.83863e-23)
(1.18093 -0.0711984 3.80307e-23)
(1.18313 -0.0708251 -1.14493e-23)
(1.18533 -0.0704466 2.03793e-23)
(1.14884 -0.0808366 6.69231e-22)
(1.15107 -0.0805274 8.37276e-23)
(1.15332 -0.0802116 -9.83132e-22)
(1.15557 -0.0798891 4.12908e-22)
(1.15782 -0.0795602 -6.50325e-22)
(1.16008 -0.0792248 -6.11602e-22)
(1.16234 -0.0788832 -3.5512e-22)
(1.16461 -0.0785353 -1.86754e-22)
(1.16687 -0.0781814 2.58263e-22)
(1.16914 -0.0778215 -4.58285e-22)
(1.17141 -0.0774557 -6.06307e-22)
(1.17368 -0.0770834 3.12412e-22)
(1.17594 -0.0767053 -1.55891e-22)
(1.17821 -0.0763215 -7.96636e-25)
(1.18047 -0.075932 4.26795e-24)
(1.18272 -0.0755367 -7.37409e-25)
(1.18498 -0.0751356 -3.71309e-23)
(1.18723 -0.0747289 -1.36534e-24)
(1.1499 -0.0855204 5.29696e-22)
(1.15219 -0.0851922 4.36809e-22)
(1.15448 -0.0848566 -1.08733e-21)
(1.15678 -0.0845137 7.65651e-22)
(1.15909 -0.0841636 -1.12294e-22)
(1.1614 -0.0838065 7.50269e-22)
(1.16371 -0.0834425 -2.22381e-22)
(1.16603 -0.0830716 2.9515e-24)
(1.16835 -0.082694 4.95756e-23)
(1.17066 -0.0823099 9.65399e-22)
(1.17298 -0.0819192 1.8912e-22)
(1.17531 -0.0815215 1.78706e-22)
(1.17762 -0.0811174 2.96359e-22)
(1.17994 -0.0807069 1.97897e-22)
(1.18225 -0.0802901 4.56219e-23)
(1.18457 -0.079867 -1.0228e-22)
(1.18687 -0.0794376 -2.47658e-23)
(1.18917 -0.0790019 -1.53206e-25)
(1.15096 -0.0902046 -7.63824e-22)
(1.1533 -0.0898572 -1.43134e-21)
(1.15565 -0.0895016 5.32184e-22)
(1.158 -0.0891381 7.13183e-22)
(1.16036 -0.0887666 -2.00366e-22)
(1.16273 -0.0883875 4.76094e-23)
(1.16509 -0.0880007 -1.30036e-21)
(1.16747 -0.0876063 -3.4653e-22)
(1.16984 -0.0872045 2.80938e-24)
(1.17221 -0.0867954 -1.17364e-21)
(1.17459 -0.0863789 3.12834e-24)
(1.17696 -0.0859556 -3.0656e-22)
(1.17934 -0.0855252 -8.37982e-23)
(1.18171 -0.0850876 -1.59105e-22)
(1.18408 -0.0846431 -1.73359e-22)
(1.18645 -0.0841915 -4.56652e-23)
(1.18881 -0.0837331 6.99986e-23)
(1.19117 -0.0832677 -2.49963e-23)
(1.15201 -0.0948914 5.30258e-22)
(1.15441 -0.0945247 3.26084e-21)
(1.15681 -0.094149 -7.01748e-22)
(1.15923 -0.0937646 2.5602e-22)
(1.16164 -0.0933716 -1.13067e-21)
(1.16406 -0.09297 8.98534e-22)
(1.16649 -0.0925602 -6.91292e-22)
(1.16892 -0.0921421 6.34821e-22)
(1.17135 -0.0917158 -3.44622e-22)
(1.17378 -0.0912815 3.82453e-22)
(1.17621 -0.0908393 2.2031e-22)
(1.17864 -0.0903893 -6.16645e-23)
(1.18108 -0.0899316 2.56309e-22)
(1.18351 -0.0894662 -6.87045e-23)
(1.18593 -0.0889931 1.11705e-22)
(1.18836 -0.0885123 1.11609e-22)
(1.19078 -0.088024 -8.76487e-24)
(1.19319 -0.0875281 4.09156e-23)
(1.15306 -0.0995828 1.07971e-22)
(1.15551 -0.0991967 2.2639e-22)
(1.15798 -0.0988007 2.25615e-22)
(1.16045 -0.0983953 -5.57638e-22)
(1.16293 -0.0979804 4.17761e-22)
(1.16541 -0.0975562 -1.22303e-21)
(1.16789 -0.0971229 -1.29939e-23)
(1.17038 -0.0966806 1.12461e-22)
(1.17287 -0.0962294 -1.49076e-23)
(1.17536 -0.0957694 4.97573e-22)
(1.17785 -0.0953008 -5.97631e-22)
(1.18035 -0.0948237 3.65489e-22)
(1.18284 -0.0943381 -4.03556e-23)
(1.18533 -0.0938441 -2.32971e-23)
(1.18782 -0.0933417 -3.72207e-23)
(1.1903 -0.092831 -1.24862e-22)
(1.19278 -0.092312 -1.94559e-24)
(1.19526 -0.0917846 -2.4717e-23)
(1.15409 -0.104281 -1.20509e-22)
(1.15661 -0.103875 -2.7281e-21)
(1.15913 -0.103459 2.02073e-21)
(1.16167 -0.103032 5.11409e-22)
(1.1642 -0.102595 -1.25458e-22)
(1.16675 -0.102148 -3.49542e-22)
(1.1693 -0.101691 8.42337e-23)
(1.17185 -0.101224 8.17584e-22)
(1.1744 -0.100747 1.03389e-22)
(1.17695 -0.100261 -4.09307e-23)
(1.17951 -0.0997653 2.08732e-22)
(1.18206 -0.0992605 -4.32081e-22)
(1.18462 -0.0987463 9.33504e-23)
(1.18717 -0.098223 7.42539e-23)
(1.18972 -0.0976905 -4.62676e-24)
(1.19227 -0.097149 -2.86216e-23)
(1.19481 -0.0965984 1.46414e-23)
(1.19735 -0.0960387 -4.2638e-24)
(1.1551 -0.108987 -1.18188e-21)
(1.15768 -0.108561 1.61857e-21)
(1.16028 -0.108124 -1.18206e-21)
(1.16287 -0.107676 5.45093e-22)
(1.16548 -0.107217 5.34796e-22)
(1.16809 -0.106746 4.62282e-22)
(1.1707 -0.106265 9.33859e-22)
(1.17332 -0.105773 -9.81769e-22)
(1.17593 -0.10527 -4.28137e-22)
(1.17855 -0.104758 7.86017e-22)
(1.18117 -0.104234 -2.1201e-22)
(1.18379 -0.103701 1.12709e-22)
(1.18641 -0.103158 -1.00213e-23)
(1.18903 -0.102604 1.2988e-22)
(1.19165 -0.102041 1.35545e-22)
(1.19426 -0.101468 4.5988e-23)
(1.19687 -0.100884 -3.12573e-25)
(1.19947 -0.100291 2.23415e-23)
(1.15609 -0.113702 -7.30066e-22)
(1.15874 -0.113257 -1.30884e-21)
(1.1614 -0.1128 -8.7267e-22)
(1.16407 -0.11233 -1.56503e-21)
(1.16674 -0.111847 5.74046e-22)
(1.16942 -0.111353 1.67274e-22)
(1.1721 -0.110847 -4.92706e-22)
(1.17478 -0.11033 2.534e-22)
(1.17747 -0.109801 7.78618e-22)
(1.18016 -0.109261 -4.51498e-22)
(1.18284 -0.108709 -4.68701e-23)
(1.18553 -0.108147 -9.01106e-23)
(1.18822 -0.107574 -1.89007e-22)
(1.1909 -0.106989 -2.39774e-22)
(1.19359 -0.106394 -1.48179e-22)
(1.19627 -0.105788 1.75921e-23)
(1.19894 -0.105171 -4.97143e-23)
(1.20161 -0.104544 -2.21377e-24)
(1.15705 -0.118429 9.85519e-22)
(1.15978 -0.117964 1.58621e-21)
(1.16251 -0.117485 1.89198e-21)
(1.16525 -0.116994 -1.91735e-21)
(1.16799 -0.116489 -1.25629e-21)
(1.17074 -0.11597 -2.0402e-22)
(1.17349 -0.11544 5.791e-22)
(1.17625 -0.114896 -6.77024e-22)
(1.179 -0.11434 -9.09193e-22)
(1.18176 -0.113772 -1.51952e-22)
(1.18452 -0.113192 6.99734e-22)
(1.18728 -0.112599 1.41616e-23)
(1.19004 -0.111995 1.72366e-22)
(1.19279 -0.111379 2.79723e-22)
(1.19554 -0.110751 2.51546e-22)
(1.19829 -0.110111 -3.06461e-23)
(1.20103 -0.10946 5.13233e-23)
(1.20377 -0.108796 -7.50459e-24)
(1.15799 -0.123168 -5.67893e-22)
(1.16079 -0.122683 -1.62487e-21)
(1.16359 -0.122183 -1.09929e-21)
(1.16641 -0.12167 1.12339e-21)
(1.16923 -0.121141 2.62638e-21)
(1.17205 -0.120599 3.86064e-22)
(1.17487 -0.120043 -6.40652e-22)
(1.1777 -0.119473 4.4314e-23)
(1.18053 -0.118889 1.01715e-21)
(1.18337 -0.118292 -3.15054e-23)
(1.1862 -0.117683 2.61665e-22)
(1.18903 -0.11706 2.25655e-22)
(1.19186 -0.116424 -1.75256e-22)
(1.19469 -0.115775 -6.85382e-23)
(1.19751 -0.115113 -5.71687e-23)
(1.20033 -0.114438 -3.19795e-23)
(1.20314 -0.11375 1.65033e-23)
(1.20595 -0.113049 -5.43306e-24)
(1.15889 -0.12792 2.93142e-21)
(1.16177 -0.127415 1.85314e-21)
(1.16466 -0.126895 4.14621e-22)
(1.16755 -0.126359 -1.02844e-21)
(1.17044 -0.125807 -1.13077e-21)
(1.17334 -0.12524 -3.66356e-22)
(1.17625 -0.124658 2.82198e-22)
(1.17915 -0.124061 7.88216e-22)
(1.18206 -0.123449 -7.55602e-22)
(1.18497 -0.122823 5.4441e-22)
(1.18787 -0.122183 -8.65131e-22)
(1.19078 -0.121528 1.62914e-22)
(1.19369 -0.12086 -3.69971e-23)
(1.19659 -0.120177 -6.85615e-23)
(1.19949 -0.11948 -2.9848e-23)
(1.20238 -0.118769 1.18007e-23)
(1.20527 -0.118043 -2.23327e-24)
(1.20815 -0.117304 9.38369e-24)
(1.15976 -0.132686 -3.02856e-21)
(1.16272 -0.132162 -7.64136e-22)
(1.16569 -0.131621 -2.44472e-21)
(1.16866 -0.131062 2.42779e-21)
(1.17164 -0.130487 -1.10143e-21)
(1.17462 -0.129895 -8.90826e-22)
(1.1776 -0.129286 -1.38235e-22)
(1.18059 -0.128662 3.70894e-22)
(1.18358 -0.128022 1.2011e-21)
(1.18656 -0.127366 -7.72881e-22)
(1.18955 -0.126694 1.68096e-22)
(1.19254 -0.126007 -5.49129e-22)
(1.19552 -0.125305 4.2526e-24)
(1.1985 -0.124587 2.04139e-22)
(1.20147 -0.123853 -5.56312e-23)
(1.20444 -0.123104 -3.09772e-25)
(1.20741 -0.12234 -3.3395e-24)
(1.21036 -0.121559 2.72535e-24)
(1.1606 -0.137469 1.80595e-21)
(1.16364 -0.136925 -2.18125e-21)
(1.1667 -0.136362 3.05469e-21)
(1.16975 -0.135781 -2.94436e-21)
(1.17281 -0.135182 1.09887e-21)
(1.17588 -0.134565 -1.83103e-22)
(1.17895 -0.13393 -2.13025e-22)
(1.18202 -0.133278 -1.2258e-21)
(1.18509 -0.132608 -1.7931e-22)
(1.18815 -0.131921 5.08159e-22)
(1.19122 -0.131218 -8.34688e-23)
(1.19429 -0.130497 4.98308e-22)
(1.19735 -0.129759 -6.88449e-23)
(1.20041 -0.129005 -1.77226e-22)
(1.20347 -0.128233 -5.19874e-23)
(1.20651 -0.127445 6.30743e-23)
(1.20955 -0.126639 -2.0681e-23)
(1.21259 -0.125816 -2.25282e-24)
(1.1614 -0.142268 -1.67087e-24)
(1.16453 -0.141704 2.18171e-21)
(1.16767 -0.141121 -8.6921e-22)
(1.17082 -0.140517 2.55369e-21)
(1.17397 -0.139894 -2.58961e-21)
(1.17712 -0.139251 2.06009e-21)
(1.18027 -0.138589 9.60211e-22)
(1.18343 -0.137908 7.31074e-22)
(1.18658 -0.137209 -1.34671e-21)
(1.18974 -0.136491 1.2183e-22)
(1.19289 -0.135754 2.54013e-22)
(1.19604 -0.134998 -4.97313e-23)
(1.19919 -0.134224 1.71426e-22)
(1.20233 -0.133432 9.62164e-23)
(1.20547 -0.132621 1.10629e-22)
(1.2086 -0.131791 -6.27136e-23)
(1.21171 -0.130942 1.5201e-23)
(1.21482 -0.130074 2.8344e-25)
(1.16216 -0.147085 6.13302e-23)
(1.16538 -0.146502 -1.99688e-21)
(1.16862 -0.145897 7.86026e-22)
(1.17185 -0.145271 -1.34852e-21)
(1.1751 -0.144623 2.0235e-21)
(1.17834 -0.143955 -1.42064e-21)
(1.18158 -0.143265 7.72036e-23)
(1.18483 -0.142555 5.98162e-22)
(1.18807 -0.141825 3.62165e-22)
(1.19132 -0.141074 1.92903e-22)
(1.19456 -0.140303 3.25827e-22)
(1.1978 -0.139512 -6.65517e-22)
(1.20103 -0.1387 2.05906e-22)
(1.20426 -0.137868 -1.60478e-22)
(1.20747 -0.137015 -6.72905e-23)
(1.21068 -0.136142 1.48049e-23)
(1.21389 -0.135248 7.13746e-24)
(1.21707 -0.134332 1.02824e-24)
(1.16288 -0.15192 -3.51817e-21)
(1.1662 -0.151318 1.64812e-21)
(1.16953 -0.150693 -1.30193e-21)
(1.17286 -0.150044 6.07876e-22)
(1.1762 -0.149372 5.72533e-22)
(1.17954 -0.148677 1.25055e-21)
(1.18288 -0.147959 3.78825e-22)
(1.18622 -0.14722 -5.58824e-22)
(1.18955 -0.146457 7.77219e-23)
(1.19289 -0.145673 -1.05487e-21)
(1.19622 -0.144866 -2.5659e-22)
(1.19955 -0.144038 2.82693e-22)
(1.20287 -0.143187 -2.91903e-22)
(1.20618 -0.142313 8.8728e-23)
(1.20949 -0.141417 6.00805e-23)
(1.21278 -0.140498 5.44806e-24)
(1.21607 -0.139555 1.13545e-25)
(1.21933 -0.138589 2.51755e-24)
(1.16356 -0.156776 2.39566e-21)
(1.16698 -0.156155 6.35029e-22)
(1.17041 -0.155509 7.7431e-22)
(1.17384 -0.154837 1.1504e-21)
(1.17728 -0.154141 -1.47151e-21)
(1.18072 -0.153419 5.36853e-22)
(1.18415 -0.152673 -1.04055e-21)
(1.18759 -0.151903 -4.80681e-22)
(1.19102 -0.151108 -5.42207e-22)
(1.19445 -0.150289 5.5061e-22)
(1.19788 -0.149446 -2.91966e-22)
(1.2013 -0.148578 5.35495e-23)
(1.20471 -0.147686 -6.06344e-24)
(1.20811 -0.146768 -2.41882e-23)
(1.21151 -0.145826 -8.6121e-23)
(1.21489 -0.144858 6.03055e-24)
(1.21825 -0.143865 -1.60692e-24)
(1.22161 -0.142844 -4.1259e-24)
(1.16419 -0.161653 -1.15536e-21)
(1.16773 -0.161014 -9.15159e-22)
(1.17126 -0.160347 -5.07099e-23)
(1.1748 -0.159653 -2.18705e-21)
(1.17834 -0.158932 -7.65352e-22)
(1.18187 -0.158183 -1.13458e-22)
(1.18541 -0.157408 -1.12209e-22)
(1.18895 -0.156606 8.12197e-22)
(1.19248 -0.155778 9.68855e-22)
(1.19601 -0.154923 -2.71011e-22)
(1.19953 -0.154041 8.28607e-22)
(1.20305 -0.153132 -2.5571e-22)
(1.20656 -0.152196 -1.14161e-22)
(1.21005 -0.151233 -8.08513e-23)
(1.21353 -0.150242 1.65597e-23)
(1.217 -0.149222 1.83912e-24)
(1.22045 -0.148174 9.38785e-24)
(1.22389 -0.147096 -7.83372e-24)
(1.16479 -0.166552 3.62869e-21)
(1.16843 -0.165896 -2.47439e-22)
(1.17208 -0.165209 -1.60512e-21)
(1.17572 -0.164492 2.82584e-22)
(1.17937 -0.163746 -1.02626e-21)
(1.18301 -0.16297 -4.91189e-22)
(1.18666 -0.162165 5.84548e-22)
(1.1903 -0.161331 -1.91295e-22)
(1.19393 -0.160467 -2.72281e-22)
(1.19757 -0.159575 2.15794e-22)
(1.20119 -0.158652 -1.52589e-22)
(1.2048 -0.157701 2.94544e-22)
(1.2084 -0.156719 1.31822e-22)
(1.21199 -0.155707 8.96242e-23)
(1.21557 -0.154663 1.22852e-24)
(1.21912 -0.153589 2.89371e-23)
(1.22266 -0.152482 -5.12232e-23)
(1.22617 -0.151342 3.85552e-24)
(1.16535 -0.171476 -2.97016e-21)
(1.1691 -0.170802 1.96378e-21)
(1.17286 -0.170095 8.5605e-22)
(1.17662 -0.169356 -1.42128e-21)
(1.18038 -0.168584 2.34042e-21)
(1.18413 -0.167781 1.76431e-21)
(1.18789 -0.166945 -2.96224e-22)
(1.19164 -0.166077 -9.77656e-22)
(1.19538 -0.165177 5.86284e-22)
(1.19911 -0.164245 -1.92864e-22)
(1.20284 -0.163281 -2.5792e-22)
(1.20656 -0.162284 -6.72121e-23)
(1.21026 -0.161253 -6.07607e-23)
(1.21394 -0.160189 -2.34291e-23)
(1.21761 -0.15909 -4.71782e-24)
(1.22125 -0.157956 -7.31562e-23)
(1.22488 -0.156786 7.9035e-24)
(1.22847 -0.155579 1.43379e-23)
(1.16587 -0.176425 3.68137e-22)
(1.16974 -0.175734 -1.86287e-21)
(1.17362 -0.175008 5.17943e-22)
(1.17749 -0.174246 3.66005e-21)
(1.18137 -0.173449 -9.12624e-22)
(1.18524 -0.172617 -1.87122e-21)
(1.18911 -0.171749 -2.8117e-22)
(1.19297 -0.170847 -1.59461e-22)
(1.19682 -0.169909 -1.90106e-22)
(1.20066 -0.168935 2.93636e-22)
(1.20449 -0.167926 -1.3736e-22)
(1.20831 -0.16688 1.22241e-22)
(1.21211 -0.165798 1.67663e-22)
(1.21589 -0.164678 1.0103e-23)
(1.21965 -0.163519 4.02951e-23)
(1.22339 -0.162322 -2.61605e-23)
(1.2271 -0.161085 9.70852e-23)
(1.23078 -0.159806 -2.93897e-23)
(1.16635 -0.181402 -7.73262e-23)
(1.17035 -0.180694 2.0902e-21)
(1.17434 -0.179948 4.56866e-22)
(1.17834 -0.179164 -1.54572e-21)
(1.18234 -0.178341 -4.35905e-22)
(1.18633 -0.177479 -4.86262e-22)
(1.19031 -0.176579 4.1332e-22)
(1.19429 -0.17564 1.89596e-22)
(1.19825 -0.174662 8.77793e-23)
(1.20221 -0.173645 -5.92345e-23)
(1.20615 -0.172588 1.44276e-23)
(1.21007 -0.171491 -2.38914e-22)
(1.21397 -0.170353 -1.2142e-22)
(1.21785 -0.169173 -5.03537e-24)
(1.22171 -0.16795 -1.13192e-23)
(1.22554 -0.166685 2.56819e-23)
(1.22933 -0.165374 -4.34635e-23)
(1.23309 -0.164018 7.61075e-24)
(1.16679 -0.186407 3.24196e-21)
(1.17092 -0.185684 -4.64155e-21)
(1.17504 -0.184919 -1.58713e-21)
(1.17917 -0.184111 1.29538e-21)
(1.18329 -0.183261 1.36826e-21)
(1.1874 -0.182369 -2.39047e-22)
(1.19151 -0.181435 -1.09998e-21)
(1.1956 -0.180458 -3.8494e-22)
(1.19969 -0.179438 6.00967e-23)
(1.20375 -0.178374 -1.26053e-22)
(1.2078 -0.177266 1.42945e-22)
(1.21184 -0.176114 6.15374e-23)
(1.21584 -0.174916 2.80558e-23)
(1.21982 -0.173672 3.97459e-23)
(1.22377 -0.17238 -9.19756e-24)
(1.22769 -0.171041 2.03723e-22)
(1.23156 -0.169651 -1.11314e-22)
(1.2354 -0.168211 1.74741e-23)
(1.1672 -0.191444 -2.5739e-21)
(1.17146 -0.190705 3.51511e-22)
(1.17572 -0.18992 2.29358e-21)
(1.17998 -0.189089 -2.99736e-21)
(1.18422 -0.188212 -1.72885e-21)
(1.18847 -0.187288 7.99297e-22)
(1.1927 -0.186318 1.68205e-21)
(1.19692 -0.185301 1.19329e-21)
(1.20112 -0.184237 -5.89726e-22)
(1.2053 -0.183122 1.1036e-22)
(1.20947 -0.18196 -1.1382e-22)
(1.2136 -0.180748 6.73251e-23)
(1.21772 -0.179485 -1.63194e-24)
(1.22179 -0.178172 -7.52422e-24)
(1.22584 -0.176806 -1.19184e-22)
(1.22984 -0.175386 -8.4825e-23)
(1.2338 -0.173912 1.51445e-22)
(1.23771 -0.172381 1.00183e-23)
(1.16758 -0.196513 3.89548e-21)
(1.17198 -0.195759 1.31028e-21)
(1.17637 -0.194955 -1.22461e-21)
(1.18077 -0.1941 2.00888e-21)
(1.18515 -0.193194 3.12841e-21)
(1.18952 -0.192237 -9.15288e-22)
(1.19388 -0.191228 -5.0305e-22)
(1.19822 -0.190167 8.25629e-23)
(1.20255 -0.189054 1.58884e-22)
(1.20685 -0.187887 -5.12815e-23)
(1.21113 -0.186666 1.21319e-22)
(1.21538 -0.185391 4.06933e-24)
(1.21959 -0.184059 -2.11732e-23)
(1.22377 -0.182671 1.23957e-22)
(1.22791 -0.181224 1.54243e-22)
(1.232 -0.179718 -1.33652e-22)
(1.23604 -0.178152 -1.37129e-23)
(1.24002 -0.176523 -8.10259e-23)
(1.16793 -0.201617 -5.51604e-21)
(1.17247 -0.200848 1.72344e-21)
(1.17701 -0.200024 4.05305e-22)
(1.18154 -0.199143 -1.04309e-21)
(1.18606 -0.198207 -1.517e-21)
(1.19057 -0.197214 9.73776e-22)
(1.19506 -0.196165 -1.47114e-21)
(1.19954 -0.195058 1.60024e-22)
(1.20399 -0.193892 -9.60984e-23)
(1.20841 -0.192668 -9.09828e-24)
(1.2128 -0.191385 -6.26632e-23)
(1.21716 -0.19004 -1.62017e-23)
(1.22148 -0.188634 -9.74019e-23)
(1.22575 -0.187164 -2.103e-22)
(1.22998 -0.185631 -2.54873e-22)
(1.23415 -0.184032 -1.77805e-22)
(1.23827 -0.182366 1.2873e-23)
(1.24231 -0.180631 -1.16412e-24)
(1.16825 -0.206758 2.01697e-21)
(1.17294 -0.205973 -1.35159e-21)
(1.17763 -0.205128 -4.69385e-22)
(1.18231 -0.204221 -1.00921e-21)
(1.18697 -0.203253 -1.34004e-22)
(1.19162 -0.202222 -1.56043e-22)
(1.19624 -0.201128 1.54679e-21)
(1.20085 -0.199971 -4.77978e-22)
(1.20542 -0.19875 -4.65765e-23)
(1.20997 -0.197464 -7.95801e-23)
(1.21448 -0.196112 7.33754e-23)
(1.21894 -0.194693 -6.59989e-23)
(1.22337 -0.193206 -4.64977e-23)
(1.22774 -0.191649 1.82285e-22)
(1.23205 -0.190022 4.13824e-22)
(1.23631 -0.188322 3.52802e-22)
(1.24049 -0.186549 2.70429e-23)
(1.2446 -0.1847 4.82989e-23)
(1.16855 -0.211936 1.54586e-21)
(1.1734 -0.211136 1.34511e-21)
(1.17824 -0.210268 -1.06024e-21)
(1.18306 -0.209333 6.1594e-22)
(1.18787 -0.20833 -1.36613e-21)
(1.19266 -0.207259 1.22879e-21)
(1.19743 -0.206118 -6.77807e-23)
(1.20216 -0.204907 -6.69154e-22)
(1.20686 -0.203625 3.84033e-22)
(1.21153 -0.202272 -2.38159e-23)
(1.21616 -0.200846 -2.00579e-23)
(1.22073 -0.199346 9.04801e-23)
(1.22526 -0.197771 4.58812e-22)
(1.22972 -0.19612 -5.58246e-22)
(1.23412 -0.194391 -1.02154e-22)
(1.23845 -0.192583 -3.03713e-22)
(1.2427 -0.190694 2.77059e-23)
(1.24687 -0.188724 8.54827e-24)
(1.16883 -0.217155 3.15665e-22)
(1.17384 -0.216337 -1.9673e-21)
(1.17884 -0.215445 2.0174e-21)
(1.18381 -0.21448 1.29891e-21)
(1.18877 -0.213439 8.51901e-23)
(1.1937 -0.212323 6.84257e-22)
(1.19861 -0.211131 -8.30077e-23)
(1.20348 -0.209862 8.37043e-22)
(1.20831 -0.208514 -5.76418e-22)
(1.2131 -0.207088 -2.69779e-23)
(1.21784 -0.205582 1.02135e-22)
(1.22252 -0.203995 -4.90147e-23)
(1.22714 -0.202326 -6.06064e-22)
(1.2317 -0.200572 4.8962e-22)
(1.23618 -0.198734 -3.9592e-22)
(1.24058 -0.196809 6.37744e-23)
(1.24489 -0.194797 -1.13022e-22)
(1.24911 -0.192694 5.19434e-23)
(1.1691 -0.222413 -1.71474e-21)
(1.17428 -0.221576 1.93268e-21)
(1.17943 -0.220659 1.15518e-22)
(1.18456 -0.21966 -1.70098e-21)
(1.18967 -0.218579 1.72854e-21)
(1.19475 -0.217414 -1.5909e-21)
(1.19979 -0.216166 -1.67058e-21)
(1.2048 -0.214832 9.94287e-23)
(1.20976 -0.213414 3.59876e-22)
(1.21467 -0.211909 5.51571e-24)
(1.21952 -0.210316 -2.05753e-23)
(1.22431 -0.208635 -1.65765e-22)
(1.22902 -0.206863 3.57462e-22)
(1.23367 -0.205 3.61153e-22)
(1.23822 -0.203044 -7.0675e-23)
(1.24269 -0.200994 2.07504e-23)
(1.24706 -0.198849 -1.21166e-22)
(1.25131 -0.196606 -7.96004e-23)
(1.16937 -0.227712 3.70714e-21)
(1.1747 -0.226855 5.35356e-22)
(1.18002 -0.225908 -2.72658e-21)
(1.18531 -0.224872 2.36466e-21)
(1.19057 -0.223746 3.07e-22)
(1.1958 -0.222529 6.17679e-23)
(1.20098 -0.221219 6.73882e-22)
(1.20612 -0.219816 -5.73501e-22)
(1.21121 -0.218321 -2.00117e-22)
(1.21623 -0.21673 7.40433e-23)
(1.2212 -0.215043 -2.29087e-23)
(1.22609 -0.21326 6.96162e-23)
(1.2309 -0.211378 4.5975e-22)
(1.23562 -0.209397 -9.27266e-22)
(1.24025 -0.207316 1.35863e-22)
(1.24477 -0.205132 -7.13468e-23)
(1.24918 -0.202845 7.04441e-23)
(1.25348 -0.200453 9.23012e-24)
(1.16962 -0.233052 2.67054e-23)
(1.17513 -0.232171 -2.26303e-21)
(1.18061 -0.231192 2.9735e-21)
(1.18606 -0.230115 -2.23933e-21)
(1.19147 -0.228939 -1.60956e-21)
(1.19685 -0.227663 1.05213e-21)
(1.20217 -0.226288 4.06807e-24)
(1.20744 -0.224811 3.59753e-22)
(1.21265 -0.22323 1.592e-22)
(1.2178 -0.221545 -2.55303e-22)
(1.22287 -0.219758 -3.21559e-23)
(1.22785 -0.217864 2.19168e-22)
(1.23275 -0.215865 -3.43343e-23)
(1.23755 -0.213757 8.74338e-22)
(1.24224 -0.211541 3.51639e-22)
(1.24682 -0.209215 4.90854e-23)
(1.25127 -0.206777 6.07548e-23)
(1.25559 -0.204226 -1.53827e-22)
(1.17555 -0.237522 -2.55222e-21)
(1.1812 -0.236507 -5.73508e-22)
(1.18681 -0.235384 5.05463e-22)
(1.19238 -0.234153 6.9287e-22)
(1.1979 -0.232814 3.02861e-22)
(1.20336 -0.231365 5.267e-22)
(1.20876 -0.229807 1.22507e-23)
(1.2141 -0.228134 -6.11386e-23)
(1.21935 -0.226349 3.66739e-22)
(1.22452 -0.224453 -9.31587e-23)
(1.2296 -0.222442 -3.47232e-22)
(1.23458 -0.220316 -8.18473e-22)
(1.23945 -0.218074 -3.62099e-22)
(1.2442 -0.215714 -3.95696e-22)
(1.24882 -0.213237 -2.20064e-22)
(1.2533 -0.210639 -9.9577e-23)
(1.25764 -0.207921 3.85483e-23)
(1.19328 -0.239385 6.17228e-22)
(1.19895 -0.237974 -1.86101e-21)
(1.20455 -0.236445 -4.82251e-22)
(1.21008 -0.234796 3.0911e-23)
(1.21553 -0.233026 -6.98558e-23)
(1.22089 -0.231135 -4.49396e-22)
(1.22616 -0.229121 3.38306e-22)
(1.23133 -0.226985 2.45346e-22)
(1.23638 -0.224725 -2.28817e-22)
(1.24131 -0.222339 3.15478e-22)
(1.24611 -0.219828 5.17652e-22)
(1.25077 -0.21719 5.63499e-22)
(1.25527 -0.214424 4.23009e-22)
(1.25961 -0.211529 1.53389e-22)
(1.21695 -0.237902 1.09265e-22)
(1.22241 -0.235896 7.01198e-22)
(1.22777 -0.233757 3.2427e-23)
(1.23302 -0.231487 -7.22061e-22)
(1.23814 -0.229084 1.49991e-21)
(1.24313 -0.226547 5.06315e-22)
(1.24797 -0.223876 -2.72806e-22)
(1.25265 -0.221069 -7.29224e-22)
(1.25717 -0.218126 -1.48072e-22)
(1.2615 -0.215046 -1.47083e-22)
(1.25898 -0.221739 5.30232e-25)
(1.2633 -0.218465 7.22569e-23)
(1.16928 -0.00250789 9.40548e-24)
(1.17101 -0.00249696 3.62736e-24)
(1.17273 -0.00248583 -8.86603e-23)
(1.17444 -0.00247451 5.47714e-23)
(1.17614 -0.00246298 1.51425e-22)
(1.17783 -0.00245123 -2.41767e-22)
(1.17951 -0.00243928 9.59156e-23)
(1.18117 -0.00242709 8.56293e-23)
(1.18283 -0.00241468 1.72488e-24)
(1.18448 -0.00240203 7.19023e-23)
(1.18611 -0.00238914 -2.16442e-22)
(1.18773 -0.002376 -3.10286e-23)
(1.18933 -0.00236261 1.92495e-22)
(1.19092 -0.00234896 -1.73079e-22)
(1.1925 -0.00233504 4.24185e-23)
(1.19406 -0.00232085 9.61833e-23)
(1.19561 -0.00230639 -2.41065e-23)
(1.19714 -0.00229165 -1.54743e-24)
(1.19865 -0.00227662 -1.82203e-23)
(1.20015 -0.0022613 -3.57735e-24)
(1.20164 -0.00224569 3.52375e-23)
(1.2031 -0.00222977 -7.43352e-23)
(1.20455 -0.00221355 5.29203e-23)
(1.20598 -0.00219701 -6.2775e-23)
(1.2074 -0.00218014 1.19454e-22)
(1.20879 -0.00216293 1.75619e-23)
(1.21017 -0.00214537 -8.11182e-23)
(1.21153 -0.00212744 -1.04831e-22)
(1.21287 -0.00210911 2.25339e-22)
(1.21419 -0.00209035 -5.95674e-23)
(1.21549 -0.00207111 1.54212e-22)
(1.21677 -0.00205133 -1.59937e-22)
(1.21803 -0.00203093 -1.40836e-23)
(1.21927 -0.0020098 1.39137e-22)
(1.22049 -0.00198781 -7.21942e-23)
(1.22169 -0.00196475 1.01504e-22)
(1.22287 -0.0019404 1.07547e-22)
(1.16951 -0.00745413 1.0177e-23)
(1.17124 -0.00741973 -6.01245e-24)
(1.17297 -0.00738485 -4.38812e-23)
(1.17468 -0.00734948 1.18094e-22)
(1.17639 -0.0073136 4.17806e-23)
(1.17808 -0.0072772 -7.19426e-23)
(1.17977 -0.00724027 4.07676e-24)
(1.18144 -0.00720279 1.68221e-23)
(1.1831 -0.00716476 -7.39406e-23)
(1.18475 -0.00712615 1.67262e-23)
(1.18639 -0.00708696 1.11513e-22)
(1.18801 -0.00704717 -7.00001e-23)
(1.18962 -0.00700677 4.81988e-23)
(1.19122 -0.00696575 -4.40799e-23)
(1.1928 -0.00692409 -3.49962e-23)
(1.19437 -0.00688178 5.51878e-23)
(1.19592 -0.00683881 -6.57058e-23)
(1.19745 -0.00679516 4.13339e-23)
(1.19897 -0.00675082 -6.21554e-24)
(1.20048 -0.00670577 2.16144e-24)
(1.20196 -0.00666001 2.9451e-23)
(1.20343 -0.00661351 -1.27461e-23)
(1.20489 -0.00656626 -4.62792e-23)
(1.20632 -0.00651823 1.47312e-23)
(1.20774 -0.00646939 5.13134e-25)
(1.20914 -0.00641971 -1.0442e-22)
(1.21052 -0.00636914 5.42982e-23)
(1.21188 -0.00631763 1.58129e-22)
(1.21322 -0.0062651 -1.81919e-23)
(1.21455 -0.00621144 -1.51504e-22)
(1.21585 -0.00615652 -1.9292e-22)
(1.21714 -0.00610014 2.42468e-22)
(1.2184 -0.00604206 6.86206e-25)
(1.21965 -0.00598194 -3.72999e-22)
(1.22087 -0.00591934 2.49857e-23)
(1.22207 -0.00585363 1.42283e-22)
(1.16994 -0.0122927 9.21081e-24)
(1.17168 -0.0122353 -3.60976e-24)
(1.17342 -0.0121773 -9.4419e-23)
(1.17514 -0.0121184 4.19484e-23)
(1.17686 -0.0120588 1.52862e-22)
(1.17857 -0.0119984 -8.77532e-23)
(1.18026 -0.0119371 5.57019e-23)
(1.18194 -0.011875 -7.83407e-23)
(1.18362 -0.0118121 3.68204e-25)
(1.18528 -0.0117482 6.35438e-24)
(1.18692 -0.0116835 1.37115e-23)
(1.18856 -0.0116178 -1.03466e-22)
(1.19018 -0.0115511 3.1313e-23)
(1.19178 -0.0114835 -2.48153e-23)
(1.19337 -0.0114149 -1.87661e-24)
(1.19495 -0.0113453 -3.08318e-23)
(1.19651 -0.0112746 3.90628e-23)
(1.19805 -0.0112029 1.66586e-23)
(1.19958 -0.0111301 -4.04717e-24)
(1.20109 -0.0110562 -7.93515e-24)
(1.20259 -0.0109812 -3.7445e-23)
(1.20407 -0.010905 9.76355e-23)
(1.20553 -0.0108276 3.64843e-23)
(1.20697 -0.0107489 -8.80822e-23)
(1.2084 -0.010669 9.98518e-23)
(1.20981 -0.0105878 -1.22988e-22)
(1.2112 -0.0105051 1.45237e-22)
(1.21257 -0.010421 -1.38358e-22)
(1.21392 -0.0103351 -4.63003e-23)
(1.21525 -0.0102475 -9.67453e-23)
(1.21656 -0.0101578 1.74274e-22)
(1.21785 -0.0100658 6.7179e-23)
(1.21912 -0.00997094 -1.83577e-22)
(1.22038 -0.00987275 3.38691e-22)
(1.22161 -0.00977042 -8.76815e-23)
(1.22281 -0.00966292 -1.4957e-22)
(1.17055 -0.0170393 -2.05649e-23)
(1.17231 -0.0169588 5.49287e-24)
(1.17406 -0.0168772 6.25358e-23)
(1.1758 -0.0167946 1.7703e-23)
(1.17753 -0.0167109 4.38883e-23)
(1.17925 -0.0166262 -5.31108e-23)
(1.18096 -0.0165404 -8.80828e-24)
(1.18266 -0.0164535 -1.18685e-23)
(1.18435 -0.0163654 9.22632e-23)
(1.18602 -0.0162762 -8.71305e-23)
(1.18768 -0.0161857 -4.55798e-24)
(1.18933 -0.016094 -4.22054e-24)
(1.19096 -0.0160011 2.79803e-24)
(1.19258 -0.0159069 -1.09694e-22)
(1.19419 -0.0158113 5.48431e-23)
(1.19578 -0.0157144 -1.97834e-23)
(1.19735 -0.0156161 -1.63505e-23)
(1.19891 -0.0155165 1.55817e-23)
(1.20045 -0.0154153 -1.171e-24)
(1.20198 -0.0153128 3.36658e-23)
(1.20349 -0.0152087 -2.48743e-23)
(1.20498 -0.015103 -4.50384e-24)
(1.20646 -0.0149958 7.69638e-23)
(1.20791 -0.014887 -1.394e-22)
(1.20935 -0.0147764 1.84699e-22)
(1.21077 -0.014664 1.27812e-22)
(1.21217 -0.0145498 -7.9117e-23)
(1.21356 -0.0144335 -1.14768e-22)
(1.21492 -0.014315 1.56824e-23)
(1.21626 -0.014194 1.14117e-22)
(1.21759 -0.0140703 -1.98819e-22)
(1.21889 -0.0139433 2.17901e-22)
(1.22017 -0.0138125 -2.13998e-22)
(1.22144 -0.013677 3.8358e-22)
(1.22268 -0.0135358 -1.71088e-22)
(1.2239 -0.0133874 1.88605e-22)
(1.17132 -0.0217069 2.40618e-24)
(1.1731 -0.0216028 2.08661e-23)
(1.17487 -0.0214975 -5.96808e-23)
(1.17663 -0.0213909 -2.44826e-23)
(1.17838 -0.021283 3.01829e-23)
(1.18012 -0.0211738 -8.98427e-24)
(1.18185 -0.0210632 -8.28554e-23)
(1.18357 -0.0209513 1.24935e-22)
(1.18527 -0.0208379 -1.29717e-23)
(1.18696 -0.0207231 7.32645e-23)
(1.18865 -0.0206068 5.78144e-23)
(1.19031 -0.0204889 -2.07795e-22)
(1.19197 -0.0203695 1.44354e-22)
(1.1936 -0.0202485 -1.59987e-24)
(1.19523 -0.0201259 -4.07258e-23)
(1.19684 -0.0200016 5.71702e-23)
(1.19843 -0.0198756 -1.62185e-23)
(1.20001 -0.0197479 -6.75447e-24)
(1.20157 -0.0196184 1.72212e-23)
(1.20311 -0.019487 2.60617e-23)
(1.20464 -0.0193539 -1.11155e-22)
(1.20615 -0.0192188 -3.9989e-23)
(1.20764 -0.0190817 1.44734e-22)
(1.20912 -0.0189426 -9.85388e-23)
(1.21057 -0.0188014 -3.25489e-23)
(1.21201 -0.0186579 -1.41103e-22)
(1.21343 -0.0185121 1.03199e-24)
(1.21483 -0.0183637 7.71369e-23)
(1.21621 -0.0182126 1.17388e-23)
(1.21757 -0.0180584 2.51621e-22)
(1.21891 -0.0179007 -3.54325e-22)
(1.22023 -0.0177388 2.65873e-22)
(1.22153 -0.0175722 3.72229e-22)
(1.22281 -0.0173996 -2.38929e-22)
(1.22407 -0.0172197 2.47139e-23)
(1.2253 -0.0170306 1.89053e-22)
(1.17224 -0.0263061 -5.38901e-24)
(1.17404 -0.0261782 -4.08016e-23)
(1.17583 -0.0260488 2.59023e-23)
(1.17762 -0.025918 1.14984e-22)
(1.17939 -0.0257855 -5.76718e-24)
(1.18116 -0.0256515 -5.92159e-24)
(1.18291 -0.0255158 -2.3168e-23)
(1.18465 -0.0253785 -9.17267e-23)
(1.18638 -0.0252395 1.23388e-23)
(1.18809 -0.0250987 6.97014e-23)
(1.1898 -0.0249562 1.82208e-23)
(1.19149 -0.0248118 6.67321e-24)
(1.19316 -0.0246656 7.49927e-25)
(1.19483 -0.0245175 1.47621e-23)
(1.19647 -0.0243674 3.627e-23)
(1.1981 -0.0242154 5.43715e-25)
(1.19972 -0.0240613 6.95859e-24)
(1.20132 -0.0239052 6.41076e-24)
(1.2029 -0.023747 -1.67933e-23)
(1.20447 -0.0235866 -4.16346e-23)
(1.20602 -0.023424 7.11095e-23)
(1.20755 -0.0232591 -1.62329e-23)
(1.20907 -0.0230918 6.82298e-23)
(1.21056 -0.0229221 8.1433e-23)
(1.21204 -0.0227499 -2.01286e-22)
(1.2135 -0.022575 -2.47934e-23)
(1.21494 -0.0223973 -1.16088e-22)
(1.21636 -0.0222166 3.91256e-22)
(1.21776 -0.0220325 -5.14982e-22)
(1.21914 -0.0218447 3.03389e-22)
(1.2205 -0.0216527 2.81258e-22)
(1.22184 -0.0214558 -2.63981e-22)
(1.22316 -0.0212529 3.46958e-22)
(1.22446 -0.0210429 -2.74391e-22)
(1.22574 -0.020824 -2.14621e-22)
(1.227 -0.0205939 -2.70101e-22)
(1.1733 -0.0308461 4.75203e-24)
(1.17513 -0.0306941 -1.13686e-23)
(1.17695 -0.0305404 1.17587e-23)
(1.17876 -0.0303848 -8.45077e-23)
(1.18056 -0.0302275 -1.30077e-23)
(1.18235 -0.0300682 -4.90532e-23)
(1.18413 -0.0299071 9.31033e-23)
(1.1859 -0.029744 -7.49711e-23)
(1.18765 -0.0295789 1.05988e-22)
(1.18939 -0.0294118 -1.75062e-23)
(1.19112 -0.0292426 -3.28114e-23)
(1.19284 -0.0290713 -4.98286e-23)
(1.19454 -0.0288978 2.56098e-23)
(1.19623 -0.0287221 -4.14295e-23)
(1.19791 -0.0285442 5.56563e-23)
(1.19956 -0.0283639 -2.58848e-23)
(1.20121 -0.0281813 1.18877e-24)
(1.20283 -0.0279963 1.57659e-23)
(1.20444 -0.0278088 5.08059e-23)
(1.20603 -0.0276188 -1.34755e-22)
(1.20761 -0.0274262 2.22316e-23)
(1.20917 -0.027231 1.40964e-22)
(1.21071 -0.027033 -1.85742e-22)
(1.21223 -0.0268322 4.74777e-23)
(1.21373 -0.0266284 1.47083e-22)
(1.21522 -0.0264215 6.90897e-23)
(1.21668 -0.0262113 -9.52873e-23)
(1.21813 -0.0259976 -1.65241e-22)
(1.21956 -0.0257799 -2.67183e-22)
(1.22096 -0.0255579 4.9631e-22)
(1.22235 -0.0253308 -1.89328e-22)
(1.22371 -0.025098 -5.83959e-22)
(1.22506 -0.0248583 -4.28654e-22)
(1.22638 -0.0246102 1.51623e-22)
(1.22768 -0.0243515 4.1006e-22)
(1.22896 -0.0240797 -3.56377e-23)
(1.17449 -0.0353348 1.27698e-23)
(1.17635 -0.0351583 -6.1551e-24)
(1.1782 -0.0349798 2.49458e-23)
(1.18004 -0.0347993 -1.13611e-23)
(1.18187 -0.0346166 -9.32296e-23)
(1.18369 -0.0344317 5.1925e-23)
(1.18549 -0.0342446 -4.34112e-23)
(1.18729 -0.0340553 3.03243e-23)
(1.18908 -0.0338636 6.70661e-23)
(1.19085 -0.0336697 6.40171e-23)
(1.19261 -0.0334733 -1.08481e-22)
(1.19436 -0.0332745 -1.49561e-23)
(1.19609 -0.0330733 -1.67057e-23)
(1.19781 -0.0328694 -1.47348e-23)
(1.19951 -0.032663 4.41001e-23)
(1.2012 -0.032454 -6.65674e-24)
(1.20287 -0.0322422 -5.93336e-25)
(1.20453 -0.0320277 6.32702e-23)
(1.20617 -0.0318103 9.37887e-24)
(1.20779 -0.03159 8.02483e-23)
(1.2094 -0.0313668 -1.02446e-23)
(1.21098 -0.0311405 -1.09417e-22)
(1.21255 -0.030911 2.03425e-22)
(1.21411 -0.0306783 -1.28702e-23)
(1.21564 -0.0304421 1.07592e-22)
(1.21715 -0.0302024 -9.91472e-23)
(1.21865 -0.0299588 2.35009e-22)
(1.22012 -0.0297111 -3.12229e-22)
(1.22158 -0.0294589 -2.04188e-22)
(1.22301 -0.0292016 2.35387e-23)
(1.22443 -0.0289386 4.19404e-22)
(1.22582 -0.0286689 -2.06659e-22)
(1.22719 -0.0283912 3.08705e-24)
(1.22854 -0.0281038 6.12934e-22)
(1.22987 -0.0278043 -3.87347e-22)
(1.23118 -0.0274895 4.79091e-22)
(1.1758 -0.0397789 -8.95312e-24)
(1.17769 -0.0395776 8.14314e-24)
(1.17957 -0.039374 -5.70731e-23)
(1.18144 -0.0391679 -2.73708e-23)
(1.1833 -0.0389595 1.71246e-22)
(1.18515 -0.0387485 -1.4024e-22)
(1.187 -0.038535 4.29539e-23)
(1.18883 -0.0383189 -8.88567e-23)
(1.19064 -0.0381002 1.52428e-22)
(1.19245 -0.0378788 -1.07056e-22)
(1.19424 -0.0376548 9.25397e-23)
(1.19602 -0.0374279 3.87809e-23)
(1.19779 -0.0371982 -1.92986e-23)
(1.19954 -0.0369656 -2.45028e-23)
(1.20128 -0.0367301 -7.88774e-24)
(1.203 -0.0364915 7.95325e-24)
(1.20471 -0.0362499 1.11477e-23)
(1.2064 -0.0360051 -7.35944e-24)
(1.20807 -0.035757 -3.40286e-23)
(1.20972 -0.0355057 -4.07468e-24)
(1.21136 -0.0352509 -7.1439e-23)
(1.21298 -0.0349927 -4.46312e-23)
(1.21459 -0.0347308 -2.33838e-22)
(1.21617 -0.0344652 1.90592e-22)
(1.21774 -0.0341956 1.43202e-22)
(1.21928 -0.0339219 -2.55182e-22)
(1.22081 -0.0336439 2.10994e-22)
(1.22232 -0.0333611 -3.98386e-24)
(1.2238 -0.0330731 4.18837e-22)
(1.22527 -0.0327793 -3.54425e-22)
(1.22672 -0.0324789 -5.60072e-22)
(1.22814 -0.0321709 5.71769e-22)
(1.22954 -0.0318538 8.46537e-23)
(1.23092 -0.0315256 -9.26151e-23)
(1.23228 -0.0311837 -1.79622e-22)
(1.23362 -0.0308245 1.44605e-22)
(1.17721 -0.0441844 1.98519e-24)
(1.17914 -0.0439579 8.09004e-23)
(1.18105 -0.0437287 -1.3486e-23)
(1.18296 -0.0434967 -5.32911e-23)
(1.18486 -0.043262 -1.16872e-22)
(1.18675 -0.0430244 9.31277e-23)
(1.18862 -0.0427839 -1.56785e-22)
(1.19049 -0.0425406 5.05783e-23)
(1.19234 -0.0422942 -4.13351e-23)
(1.19419 -0.0420449 8.93499e-23)
(1.19601 -0.0417924 -5.02227e-23)
(1.19783 -0.0415368 -3.17802e-23)
(1.19963 -0.041278 2.93992e-23)
(1.20142 -0.041016 -7.90125e-24)
(1.20319 -0.0407505 7.87993e-25)
(1.20495 -0.0404817 3.26451e-23)
(1.20669 -0.0402093 -6.05256e-23)
(1.20842 -0.0399334 -8.77383e-23)
(1.21013 -0.0396538 1.69486e-22)
(1.21182 -0.0393704 -1.96623e-22)
(1.2135 -0.0390832 -7.30771e-23)
(1.21515 -0.0387919 2.37144e-23)
(1.21679 -0.0384966 2.98074e-22)
(1.21841 -0.0381969 -1.31841e-22)
(1.22001 -0.0378927 -1.30165e-22)
(1.2216 -0.0375838 2.20627e-22)
(1.22316 -0.0372699 -2.13784e-22)
(1.2247 -0.0369505 -1.42483e-22)
(1.22622 -0.0366252 -6.70761e-22)
(1.22772 -0.0362933 3.50504e-22)
(1.2292 -0.0359539 1.10606e-22)
(1.23066 -0.0356058 -1.65978e-22)
(1.2321 -0.0352474 4.4095e-22)
(1.23351 -0.0348766 -8.64894e-22)
(1.2349 -0.0344903 1.90461e-22)
(1.23626 -0.0340847 6.28083e-23)
(1.17873 -0.0485566 -1.59744e-24)
(1.18069 -0.0483044 -6.84283e-23)
(1.18264 -0.0480491 -7.16485e-24)
(1.18459 -0.0477907 -4.47691e-23)
(1.18652 -0.0475292 5.32363e-23)
(1.18845 -0.0472644 -5.83153e-23)
(1.19037 -0.0469964 6.60719e-23)
(1.19227 -0.0467252 1.87407e-22)
(1.19416 -0.0464506 -2.6358e-23)
(1.19604 -0.0461725 -7.24813e-23)
(1.19791 -0.045891 6.76273e-23)
(1.19977 -0.045606 -3.62374e-23)
(1.20161 -0.0453173 1.04568e-23)
(1.20343 -0.045025 2.82691e-24)
(1.20525 -0.0447289 -2.48001e-23)
(1.20704 -0.0444289 3.25417e-23)
(1.20883 -0.0441249 5.18719e-23)
(1.21059 -0.0438169 1.33089e-22)
(1.21234 -0.0435047 -1.08031e-22)
(1.21407 -0.0431882 1.43891e-22)
(1.21578 -0.0428673 -7.93793e-23)
(1.21748 -0.0425419 4.04625e-23)
(1.21916 -0.0422117 3.97746e-23)
(1.22082 -0.0418766 3.91501e-22)
(1.22246 -0.0415364 -1.234e-22)
(1.22408 -0.0411907 -2.48997e-22)
(1.22568 -0.0408393 5.53049e-22)
(1.22726 -0.0404816 2.24487e-22)
(1.22881 -0.0401172 -3.98304e-22)
(1.23035 -0.0397452 8.26512e-22)
(1.23187 -0.0393648 -5.87961e-22)
(1.23336 -0.0389745 2.90631e-22)
(1.23483 -0.0385726 -5.78314e-22)
(1.23628 -0.0381568 7.04051e-22)
(1.2377 -0.0377238 9.49268e-22)
(1.2391 -0.0372694 2.64465e-22)
(1.18033 -0.0529001 -1.27707e-23)
(1.18234 -0.0526217 3.63665e-23)
(1.18433 -0.0523398 -4.54921e-23)
(1.18631 -0.0520544 6.46843e-23)
(1.18829 -0.0517655 8.37913e-23)
(1.19026 -0.051473 5.96643e-23)
(1.19221 -0.0511769 -4.00953e-23)
(1.19416 -0.0508771 -3.84639e-23)
(1.19609 -0.0505735 -7.57606e-23)
(1.19802 -0.0502661 3.38855e-23)
(1.19993 -0.0499548 -6.39829e-23)
(1.20182 -0.0496395 7.53968e-24)
(1.2037 -0.0493202 8.76335e-24)
(1.20557 -0.0489967 2.07853e-24)
(1.20743 -0.0486689 1.22144e-23)
(1.20927 -0.0483368 -4.74047e-23)
(1.21109 -0.0480002 2.78611e-23)
(1.2129 -0.047659 1.63357e-22)
(1.21469 -0.0473131 5.68931e-23)
(1.21646 -0.0469623 -2.40401e-22)
(1.21821 -0.0466064 7.54256e-23)
(1.21995 -0.0462454 -5.42597e-23)
(1.22167 -0.045879 -1.58148e-22)
(1.22337 -0.0455069 -2.13004e-22)
(1.22505 -0.0451289 -4.46158e-22)
(1.22671 -0.0447447 4.88107e-22)
(1.22835 -0.0443539 -3.15948e-22)
(1.22997 -0.0439559 -1.73212e-23)
(1.23157 -0.0435502 4.45453e-22)
(1.23314 -0.0431359 -1.31971e-21)
(1.23469 -0.042712 -5.25717e-22)
(1.23622 -0.042277 -5.53462e-22)
(1.23773 -0.041829 5.06177e-22)
(1.23921 -0.0413654 -9.92788e-22)
(1.24067 -0.0408829 -1.37534e-21)
(1.2421 -0.0403767 -1.11894e-21)
(1.18202 -0.057219 -7.51492e-24)
(1.18407 -0.0569139 7.17727e-23)
(1.1861 -0.0566049 -1.59871e-23)
(1.18813 -0.0562919 -1.73474e-23)
(1.19015 -0.055975 -9.17384e-23)
(1.19216 -0.0556541 5.92503e-23)
(1.19416 -0.0553292 -9.77673e-23)
(1.19615 -0.0550001 2.03537e-23)
(1.19813 -0.0546668 4.00281e-23)
(1.20009 -0.0543292 -5.78679e-23)
(1.20205 -0.0539873 3.05879e-23)
(1.20399 -0.0536409 -7.3051e-24)
(1.20591 -0.05329 -2.12749e-24)
(1.20783 -0.0529343 -3.0085e-23)
(1.20973 -0.0525739 5.78921e-23)
(1.21161 -0.0522086 -5.92639e-23)
(1.21347 -0.0518382 1.19756e-22)
(1.21533 -0.0514626 -1.09892e-23)
(1.21716 -0.0510817 -2.59099e-22)
(1.21898 -0.0506952 2.07045e-22)
(1.22078 -0.050303 2.81019e-23)
(1.22256 -0.0499048 -6.94118e-23)
(1.22432 -0.0495004 2.80565e-22)
(1.22606 -0.0490896 8.52741e-22)
(1.22778 -0.0486719 -7.23827e-22)
(1.22949 -0.0482471 2.18269e-23)
(1.23117 -0.0478147 1.03032e-22)
(1.23283 -0.0473741 1.65007e-22)
(1.23446 -0.0469246 6.31301e-22)
(1.23608 -0.0464653 4.92085e-22)
(1.23767 -0.045995 1.44125e-21)
(1.23924 -0.0455123 -6.80702e-22)
(1.24078 -0.045015 -1.6863e-24)
(1.2423 -0.0445005 9.79741e-24)
(1.24379 -0.0439651 1.7838e-21)
(1.24526 -0.0434038 1.52741e-21)
(1.18379 -0.061517 3.16173e-23)
(1.18588 -0.0611846 -1.8578e-23)
(1.18796 -0.0608478 -2.66863e-23)
(1.19003 -0.0605067 2.19136e-23)
(1.1921 -0.0601612 2.71733e-23)
(1.19415 -0.0598112 4.99306e-23)
(1.1962 -0.0594566 8.70438e-23)
(1.19823 -0.0590975 2.34292e-23)
(1.20026 -0.0587337 3.6211e-23)
(1.20227 -0.0583651 5.89181e-24)
(1.20427 -0.0579916 -4.79798e-25)
(1.20625 -0.0576132 -2.52799e-23)
(1.20823 -0.0572296 3.49906e-23)
(1.21019 -0.0568409 8.12782e-23)
(1.21213 -0.0564467 -1.51094e-22)
(1.21406 -0.056047 -1.02809e-23)
(1.21597 -0.0556415 -6.20108e-23)
(1.21787 -0.0552302 -1.43444e-22)
(1.21975 -0.0548128 -1.29529e-22)
(1.22161 -0.054389 2.50105e-22)
(1.22346 -0.0539588 -1.89983e-22)
(1.22528 -0.0535216 -3.20954e-22)
(1.22709 -0.0530774 -2.14387e-22)
(1.22888 -0.0526257 -8.46537e-22)
(1.23064 -0.0521662 4.50999e-22)
(1.23239 -0.0516985 -1.85582e-22)
(1.23411 -0.0512219 2.26167e-22)
(1.23581 -0.0507359 4.64725e-22)
(1.23749 -0.0502397 -8.33615e-22)
(1.23915 -0.0497323 -1.38135e-21)
(1.24078 -0.0492125 -5.65995e-22)
(1.24238 -0.0486786 2.20179e-21)
(1.24396 -0.0481284 -7.48617e-22)
(1.24552 -0.0475592 8.34982e-22)
(1.24704 -0.0469669 -1.96453e-21)
(1.24854 -0.0463465 -9.96793e-22)
(1.18562 -0.0657974 -4.29321e-24)
(1.18776 -0.065437 -1.05698e-25)
(1.18989 -0.0650718 3.63268e-23)
(1.19201 -0.0647018 -5.56725e-23)
(1.19412 -0.0643269 -5.69812e-23)
(1.19622 -0.0639471 1.76035e-23)
(1.19832 -0.0635622 -8.02834e-23)
(1.2004 -0.0631722 -8.93821e-23)
(1.20247 -0.062777 -4.48575e-23)
(1.20453 -0.0623764 1.43859e-23)
(1.20658 -0.0619705 1.76328e-23)
(1.20862 -0.0615589 -6.51416e-24)
(1.21064 -0.0611417 6.92247e-23)
(1.21264 -0.0607186 1.85997e-24)
(1.21464 -0.0602894 4.69163e-24)
(1.21661 -0.0598539 4.29739e-23)
(1.21858 -0.059412 2.3629e-22)
(1.22052 -0.0589635 -2.91071e-22)
(1.22245 -0.0585079 9.15101e-23)
(1.22436 -0.0580452 -7.37157e-23)
(1.22625 -0.057575 -1.11431e-22)
(1.22812 -0.0570969 -9.58054e-23)
(1.22998 -0.0566107 -3.13695e-22)
(1.23181 -0.0561158 -1.5163e-22)
(1.23362 -0.0556119 8.59208e-22)
(1.23541 -0.0550985 -1.4454e-22)
(1.23718 -0.0545749 1.86824e-22)
(1.23892 -0.0540404 -5.21833e-23)
(1.24064 -0.0534942 7.70043e-22)
(1.24233 -0.0529352 -3.52946e-22)
(1.244 -0.052362 8.71961e-22)
(1.24564 -0.0517729 -5.92953e-22)
(1.24726 -0.0511657 -8.06952e-22)
(1.24884 -0.0505373 6.65606e-22)
(1.2504 -0.0498838 2.00784e-22)
(1.25193 -0.0491997 1.03604e-21)
(1.18752 -0.070063 -2.22776e-23)
(1.1897 -0.069674 -5.46987e-23)
(1.19188 -0.0692798 -2.18352e-23)
(1.19405 -0.0688801 2.4975e-23)
(1.19622 -0.0684751 1.69313e-23)
(1.19837 -0.0680645 1.44569e-24)
(1.20051 -0.0676484 1.31146e-22)
(1.20265 -0.0672266 -1.82236e-23)
(1.20477 -0.066799 -1.40454e-23)
(1.20688 -0.0663656 -2.06169e-23)
(1.20898 -0.065926 3.38913e-23)
(1.21106 -0.0654802 2.98756e-23)
(1.21313 -0.0650281 -4.4651e-24)
(1.21519 -0.0645693 6.84583e-23)
(1.21723 -0.0641037 -7.47124e-23)
(1.21926 -0.0636311 4.07573e-23)
(1.22127 -0.0631512 -1.24495e-22)
(1.22327 -0.0626636 1.25236e-22)
(1.22524 -0.0621682 1.27082e-22)
(1.2272 -0.0616645 -3.41625e-22)
(1.22914 -0.0611522 7.53637e-22)
(1.23106 -0.0606309 -2.81346e-22)
(1.23296 -0.0601002 3.83693e-24)
(1.23484 -0.0595595 1.82912e-21)
(1.2367 -0.0590084 -5.54561e-22)
(1.23853 -0.0584462 9.6167e-22)
(1.24034 -0.0578722 -5.52171e-22)
(1.24213 -0.0572857 -3.59072e-22)
(1.24389 -0.0566856 2.05481e-22)
(1.24562 -0.0560709 -1.24343e-22)
(1.24732 -0.0554401 -1.78009e-21)
(1.249 -0.0547913 -1.0305e-21)
(1.25065 -0.0541222 1.21786e-21)
(1.25226 -0.0534297 1.62678e-22)
(1.25385 -0.0527098 -3.36133e-23)
(1.2554 -0.0519569 -1.86587e-21)
(1.18947 -0.0743164 5.32458e-24)
(1.19171 -0.0738981 4.37774e-23)
(1.19394 -0.073474 1.44447e-23)
(1.19616 -0.0730439 3.60496e-23)
(1.19837 -0.0726079 1.58746e-23)
(1.20058 -0.0721658 -1.40159e-23)
(1.20278 -0.0717175 -8.17713e-24)
(1.20496 -0.0712629 1.82674e-23)
(1.20714 -0.0708019 1.35813e-23)
(1.2093 -0.0703344 4.9371e-24)
(1.21145 -0.0698601 -4.12421e-23)
(1.21359 -0.0693788 8.264e-23)
(1.21571 -0.0688904 -1.60728e-22)
(1.21782 -0.0683945 3.69083e-23)
(1.21991 -0.067891 -5.03447e-23)
(1.22199 -0.0673796 2.02763e-22)
(1.22406 -0.0668598 -1.43495e-22)
(1.2261 -0.0663314 -1.1888e-23)
(1.22813 -0.065794 8.11929e-24)
(1.23014 -0.0652471 -1.55397e-22)
(1.23212 -0.0646903 -4.15201e-22)
(1.23409 -0.0641232 7.91019e-23)
(1.23604 -0.0635452 -1.59344e-22)
(1.23797 -0.0629557 -2.40038e-23)
(1.23987 -0.062354 -5.42781e-22)
(1.24174 -0.0617396 4.27923e-22)
(1.2436 -0.0611115 -5.34298e-22)
(1.24542 -0.0604689 3.38388e-22)
(1.24722 -0.0598107 3.85831e-22)
(1.24899 -0.0591357 -9.64084e-23)
(1.25073 -0.0584423 5.86495e-22)
(1.25244 -0.0577286 2.17036e-22)
(1.25411 -0.0569923 -7.32728e-22)
(1.25576 -0.0562301 -2.94194e-21)
(1.25736 -0.055438 1.39924e-22)
(1.25893 -0.0546104 -5.63671e-22)
(1.19147 -0.0785599 3.44469e-25)
(1.19376 -0.0781115 2.19296e-23)
(1.19605 -0.0776567 -2.24178e-24)
(1.19832 -0.0771953 -9.67956e-24)
(1.20059 -0.0767273 -5.60591e-23)
(1.20285 -0.0762527 -3.64941e-23)
(1.2051 -0.0757712 -4.55422e-24)
(1.20734 -0.0752828 -3.15583e-23)
(1.20957 -0.0747872 1.39613e-23)
(1.21179 -0.0742843 2.853e-23)
(1.21399 -0.073774 -5.91758e-23)
(1.21618 -0.0732558 1.21595e-22)
(1.21836 -0.0727296 4.9571e-23)
(1.22052 -0.0721951 8.71826e-23)
(1.22267 -0.071652 1.22762e-22)
(1.2248 -0.0710998 -2.13413e-22)
(1.22692 -0.0705382 5.88787e-23)
(1.22901 -0.0699668 1.60978e-22)
(1.23109 -0.069385 -3.26691e-22)
(1.23315 -0.0687925 -2.99144e-22)
(1.23519 -0.0681885 -2.96444e-22)
(1.2372 -0.0675727 -2.49487e-22)
(1.2392 -0.0669442 5.7274e-22)
(1.24117 -0.0663024 -4.03796e-22)
(1.24311 -0.0656466 1.22769e-21)
(1.24503 -0.0649759 -1.03855e-21)
(1.24693 -0.0642895 7.18167e-22)
(1.24879 -0.0635862 -7.491e-22)
(1.25063 -0.062865 6.35794e-22)
(1.25243 -0.0621244 1.50892e-21)
(1.2542 -0.061363 5.07175e-22)
(1.25593 -0.0605786 -2.72597e-22)
(1.25763 -0.059769 9.81829e-22)
(1.2593 -0.0589309 3.56054e-21)
(1.26092 -0.0580602 -7.34307e-22)
(1.2625 -0.0571514 -4.30798e-22)
(1.19352 -0.0827954 2.14926e-23)
(1.19587 -0.082316 -2.51006e-23)
(1.19821 -0.0818296 1.27835e-23)
(1.20054 -0.081336 9.11343e-24)
(1.20286 -0.0808351 7.16247e-23)
(1.20518 -0.0803269 4.47969e-23)
(1.20748 -0.0798111 -2.07086e-23)
(1.20978 -0.0792876 4.03928e-24)
(1.21206 -0.0787562 -5.73538e-23)
(1.21434 -0.0782166 -1.57191e-23)
(1.2166 -0.0776687 -2.11218e-22)
(1.21884 -0.0771121 -9.73371e-24)
(1.22108 -0.0765465 -2.47755e-23)
(1.22329 -0.0759715 3.73909e-22)
(1.22549 -0.0753867 -1.70355e-22)
(1.22768 -0.0747917 3.51995e-22)
(1.22985 -0.0741861 -1.82587e-22)
(1.232 -0.0735692 -5.55716e-22)
(1.23412 -0.0729405 -2.07222e-22)
(1.23623 -0.0722994 -1.95291e-22)
(1.23832 -0.0716452 1.67885e-21)
(1.24038 -0.0709773 -8.16376e-22)
(1.24243 -0.0702948 -1.44132e-23)
(1.24444 -0.0695969 -1.26545e-21)
(1.24643 -0.0688828 5.94086e-22)
(1.24839 -0.0681514 8.04489e-22)
(1.25032 -0.0674018 -7.64208e-22)
(1.25222 -0.0666328 -4.40704e-22)
(1.25408 -0.065843 -7.63845e-22)
(1.25591 -0.0650312 -2.10232e-21)
(1.25771 -0.0641955 4.00707e-22)
(1.25947 -0.0633341 -8.31126e-22)
(1.26119 -0.0624444 1.16198e-21)
(1.26286 -0.0615233 -2.22272e-21)
(1.26449 -0.0605669 1.07836e-21)
(1.26608 -0.0595699 7.91068e-22)
(1.19561 -0.0870246 -3.09028e-23)
(1.19801 -0.0865134 1.26256e-23)
(1.20041 -0.0859944 -2.12484e-23)
(1.2028 -0.0854675 -7.34607e-23)
(1.20518 -0.0849326 7.85022e-24)
(1.20756 -0.0843896 -2.91302e-24)
(1.20992 -0.0838382 -1.36596e-23)
(1.21227 -0.0832783 3.20999e-23)
(1.21461 -0.0827096 -2.86242e-23)
(1.21694 -0.0821319 -7.51993e-23)
(1.21926 -0.0815448 1.35955e-22)
(1.22156 -0.080948 -1.08382e-23)
(1.22385 -0.080341 -1.27096e-22)
(1.22612 -0.0797235 -7.68688e-23)
(1.22838 -0.079095 -5.18379e-23)
(1.23062 -0.0784548 -1.3042e-22)
(1.23284 -0.0778025 8.2335e-22)
(1.23504 -0.0771374 3.78698e-22)
(1.23722 -0.0764588 -1.26718e-22)
(1.23938 -0.075766 1.62749e-21)
(1.24151 -0.0750581 -1.40104e-21)
(1.24362 -0.0743343 1.32585e-21)
(1.24571 -0.0735938 2.50765e-22)
(1.24776 -0.0728355 1.30359e-21)
(1.24979 -0.0720583 -4.57158e-22)
(1.25179 -0.0712613 -1.47487e-21)
(1.25375 -0.0704432 2.67512e-21)
(1.25568 -0.0696027 -6.07702e-22)
(1.25758 -0.0687384 -4.78589e-22)
(1.25943 -0.0678488 1.9381e-21)
(1.26125 -0.0669321 1.18101e-21)
(1.26302 -0.0659864 -1.18653e-21)
(1.26474 -0.0650092 -3.15869e-23)
(1.26642 -0.0639976 1.18338e-21)
(1.26806 -0.0629478 -2.51379e-22)
(1.26964 -0.0618547 2.48669e-21)
(1.19773 -0.091249 1.86534e-23)
(1.20019 -0.090705 1.30217e-23)
(1.20265 -0.0901523 1.97859e-23)
(1.2051 -0.089591 4.18945e-23)
(1.20754 -0.0890209 -1.06732e-23)
(1.20998 -0.0884418 -6.46159e-24)
(1.2124 -0.0878534 9.9676e-24)
(1.21481 -0.0872557 -5.74673e-23)
(1.21721 -0.0866481 4.00258e-23)
(1.2196 -0.0860305 5.30668e-23)
(1.22198 -0.0854023 -6.0795e-23)
(1.22434 -0.0847633 4.04764e-23)
(1.22668 -0.0841129 -1.65781e-22)
(1.22901 -0.0834506 -3.22717e-23)
(1.23132 -0.0827757 -1.695e-22)
(1.23361 -0.0820877 -4.18689e-22)
(1.23589 -0.0813859 6.54958e-23)
(1.23814 -0.0806694 5.96929e-22)
(1.24037 -0.0799376 -2.90159e-22)
(1.24257 -0.0791893 -1.20978e-21)
(1.24476 -0.0784239 -6.32015e-24)
(1.24691 -0.0776401 -2.52378e-22)
(1.24904 -0.076837 -8.36134e-22)
(1.25113 -0.0760134 -3.50655e-22)
(1.25319 -0.0751681 -1.26438e-21)
(1.25522 -0.0742998 -6.30619e-22)
(1.25722 -0.0734072 -1.48262e-21)
(1.25917 -0.0724889 -1.76948e-21)
(1.26108 -0.0715434 2.12743e-21)
(1.26296 -0.070569 -1.93233e-21)
(1.26478 -0.0695639 5.36105e-22)
(1.26656 -0.0685262 2.72036e-21)
(1.26828 -0.0674535 2.36992e-22)
(1.26996 -0.066343 6.70555e-22)
(1.27158 -0.0651913 9.41015e-22)
(1.27314 -0.0639939 6.51541e-22)
(1.19988 -0.0954699 7.29568e-24)
(1.20241 -0.0948919 -1.64182e-23)
(1.20493 -0.0943044 -1.61583e-23)
(1.20744 -0.0937074 2.36908e-23)
(1.20995 -0.0931007 -5.59036e-24)
(1.21244 -0.0924841 6.19949e-24)
(1.21492 -0.0918572 -1.78218e-23)
(1.2174 -0.0912199 -1.15206e-23)
(1.21986 -0.0905716 -7.21006e-23)
(1.2223 -0.0899121 4.01889e-23)
(1.22474 -0.0892409 2.43395e-22)
(1.22716 -0.0885574 4.51563e-23)
(1.22956 -0.0878611 -2.76386e-22)
(1.23194 -0.0871514 -3.77282e-23)
(1.23431 -0.0864274 6.00501e-23)
(1.23665 -0.0856886 9.97746e-22)
(1.23898 -0.0849339 -1.81606e-21)
(1.24128 -0.0841626 3.29391e-22)
(1.24356 -0.0833736 -2.25518e-22)
(1.24581 -0.082566 4.25831e-22)
(1.24804 -0.0817385 1.45539e-21)
(1.25023 -0.08089 6.00805e-22)
(1.25239 -0.0800193 1.07823e-21)
(1.25452 -0.079125 -1.80322e-22)
(1.25662 -0.0782057 5.78677e-22)
(1.25867 -0.0772601 -4.15429e-22)
(1.26069 -0.0762865 1.48875e-21)
(1.26266 -0.0752835 8.07135e-22)
(1.26459 -0.0742494 -3.17322e-21)
(1.26646 -0.0731825 8.19821e-22)
(1.26829 -0.0720809 -1.76064e-22)
(1.27006 -0.0709428 -1.42131e-21)
(1.27178 -0.0697659 -1.34144e-21)
(1.27343 -0.0685477 -2.2709e-21)
(1.27502 -0.0672853 3.75962e-22)
(1.27655 -0.0659746 2.5824e-22)
(1.20207 -0.0996883 -1.61339e-23)
(1.20466 -0.099075 -1.75037e-23)
(1.20724 -0.0984515 -8.88002e-25)
(1.20982 -0.0978174 -2.12995e-23)
(1.21238 -0.0971726 6.60891e-24)
(1.21494 -0.0965168 8.50035e-24)
(1.21749 -0.0958497 7.44746e-23)
(1.22002 -0.0951708 -7.95571e-23)
(1.22254 -0.0944799 2.34627e-22)
(1.22505 -0.0937764 -2.52881e-22)
(1.22754 -0.0930597 -2.62595e-22)
(1.23002 -0.0923292 3.10237e-22)
(1.23248 -0.0915843 2.45423e-22)
(1.23492 -0.0908241 -1.40474e-22)
(1.23734 -0.0900479 8.96731e-22)
(1.23973 -0.0892547 -1.36887e-22)
(1.24211 -0.0884436 6.77561e-22)
(1.24446 -0.0876134 -5.64719e-22)
(1.24678 -0.0867631 2.14634e-21)
(1.24908 -0.0858914 4.43836e-22)
(1.25134 -0.084997 -5.92736e-22)
(1.25357 -0.0840786 8.33413e-22)
(1.25577 -0.0831346 -1.29944e-21)
(1.25793 -0.0821637 5.39423e-22)
(1.26005 -0.0811641 -8.5579e-22)
(1.26212 -0.0801344 1.59546e-21)
(1.26415 -0.0790727 1.1009e-21)
(1.26613 -0.0779774 1.54291e-21)
(1.26806 -0.0768468 1.79395e-21)
(1.26994 -0.0756791 2.82046e-21)
(1.27175 -0.0744724 -3.56719e-21)
(1.2735 -0.0732249 1.55158e-21)
(1.27519 -0.0719346 4.68849e-23)
(1.27681 -0.0705993 -4.64072e-21)
(1.27836 -0.0692167 -5.94009e-22)
(1.27984 -0.0677836 1.52077e-21)
(1.20427 -0.103905 5.97289e-24)
(1.20693 -0.103255 1.59412e-23)
(1.20958 -0.102594 -1.16184e-24)
(1.21222 -0.101921 3.23457e-24)
(1.21485 -0.101237 -2.5571e-23)
(1.21747 -0.10054 -3.09891e-23)
(1.22008 -0.0998305 4.55924e-23)
(1.22268 -0.0991081 2.60215e-23)
(1.22526 -0.0983721 -1.81502e-22)
(1.22783 -0.0976221 2.85736e-22)
(1.23038 -0.0968572 2.04374e-22)
(1.23291 -0.0960769 -2.33166e-22)
(1.23543 -0.0952802 -3.68433e-23)
(1.23792 -0.0944662 1.17388e-22)
(1.2404 -0.0936341 -5.58074e-22)
(1.24284 -0.0927827 -9.11204e-22)
(1.24527 -0.091911 2.9267e-22)
(1.24766 -0.0910175 -1.10122e-21)
(1.25003 -0.0901011 -1.64713e-21)
(1.25236 -0.0891602 -1.25e-21)
(1.25466 -0.0881935 1.32459e-21)
(1.25693 -0.0871993 -9.07842e-22)
(1.25915 -0.0861759 3.27636e-22)
(1.26133 -0.0851218 -1.28279e-21)
(1.26346 -0.084035 1.53855e-21)
(1.26555 -0.0829138 1.54732e-21)
(1.26758 -0.0817563 -2.78926e-21)
(1.26956 -0.0805606 -1.69542e-21)
(1.27148 -0.079325 8.34623e-22)
(1.27334 -0.0780476 -1.73958e-21)
(1.27513 -0.0767266 2.82896e-21)
(1.27685 -0.0753603 -4.84725e-21)
(1.2785 -0.0739469 -8.57438e-22)
(1.28007 -0.0724848 8.73083e-21)
(1.28156 -0.0709722 3.0904e-21)
(1.28296 -0.0694071 -9.789e-21)
(1.2065 -0.10812 7.38999e-24)
(1.20923 -0.107433 -1.45221e-23)
(1.21195 -0.106732 1.74141e-25)
(1.21465 -0.106019 -7.98548e-24)
(1.21735 -0.105293 6.83238e-23)
(1.22004 -0.104553 3.34077e-23)
(1.22271 -0.103799 3.43082e-23)
(1.22537 -0.103031 1.10851e-22)
(1.22801 -0.102247 9.91421e-24)
(1.23064 -0.101448 -4.09806e-22)
(1.23325 -0.100632 -3.81093e-22)
(1.23584 -0.099798 9.80688e-23)
(1.23841 -0.0989461 -1.51084e-22)
(1.24096 -0.0980746 -5.25433e-22)
(1.24348 -0.0971825 -1.21302e-21)
(1.24598 -0.0962686 1.79106e-21)
(1.24845 -0.0953315 -1.77952e-21)
(1.25088 -0.0943697 1.15781e-21)
(1.25329 -0.0933818 -7.83121e-22)
(1.25565 -0.0923662 -4.33324e-22)
(1.25798 -0.0913211 3.84058e-22)
(1.26027 -0.0902447 1.89582e-22)
(1.26251 -0.0891352 5.5959e-22)
(1.26471 -0.0879907 3.82698e-21)
(1.26685 -0.0868092 -1.68055e-21)
(1.26894 -0.0855886 2.92124e-23)
(1.27096 -0.084327 1.01707e-21)
(1.27293 -0.0830223 8.20397e-22)
(1.27483 -0.0816727 -1.76013e-21)
(1.27665 -0.0802763 -1.2874e-21)
(1.2784 -0.0788314 3.1869e-21)
(1.28007 -0.0773363 7.83215e-21)
(1.28166 -0.0757899 6.76696e-22)
(1.28316 -0.0741908 2.1035e-21)
(1.28456 -0.0725383 -2.65413e-21)
(1.28588 -0.0708315 1.09109e-20)
(1.20875 -0.112335 -1.24308e-24)
(1.21155 -0.111608 2.78621e-24)
(1.21433 -0.110866 -4.34913e-24)
(1.21711 -0.11011 3.50143e-23)
(1.21987 -0.10934 -3.43542e-23)
(1.22262 -0.108555 -3.65361e-23)
(1.22536 -0.107754 1.21154e-22)
(1.22808 -0.106937 3.57793e-23)
(1.23079 -0.106103 1.27469e-22)
(1.23348 -0.105251 3.85888e-22)
(1.23615 -0.10438 1.51535e-23)
(1.23879 -0.10349 -1.39741e-22)
(1.24142 -0.102579 3.42334e-22)
(1.24401 -0.101645 1.23441e-21)
(1.24659 -0.100689 8.35674e-22)
(1.24913 -0.0997073 -6.31758e-22)
(1.25163 -0.0986996 8.9838e-22)
(1.25411 -0.0976641 -6.3836e-22)
(1.25654 -0.0965989 2.46992e-21)
(1.25894 -0.0955022 -9.09593e-22)
(1.26129 -0.0943721 -2.44612e-21)
(1.26359 -0.0932066 -2.34077e-21)
(1.26585 -0.0920036 1.02227e-22)
(1.26804 -0.090761 -1.57163e-22)
(1.27018 -0.0894767 1.88433e-22)
(1.27226 -0.0881483 6.52436e-22)
(1.27427 -0.0867738 -7.04529e-22)
(1.27621 -0.085351 1.75826e-21)
(1.27807 -0.0838779 2.75066e-21)
(1.27984 -0.0823528 2.58958e-21)
(1.28154 -0.0807739 -4.14699e-21)
(1.28314 -0.0791401 -4.1493e-21)
(1.28464 -0.0774503 -5.38369e-21)
(1.28605 -0.0757041 -6.61117e-21)
(1.28735 -0.0739016 1.5223e-21)
(1.28854 -0.0720434 -5.39761e-21)
(1.21102 -0.116549 -2.34696e-24)
(1.21389 -0.11578 -3.85864e-24)
(1.21674 -0.114995 -4.84849e-24)
(1.21959 -0.114195 -2.66374e-23)
(1.22242 -0.113379 -3.18182e-23)
(1.22524 -0.112545 6.87872e-23)
(1.22804 -0.111694 -3.17126e-22)
(1.23082 -0.110825 -3.30592e-22)
(1.23359 -0.109937 2.49743e-22)
(1.23634 -0.109029 -3.88885e-22)
(1.23906 -0.1081 2.93995e-22)
(1.24176 -0.107148 2.22159e-22)
(1.24444 -0.106173 1.394e-23)
(1.24708 -0.105174 -8.22189e-22)
(1.2497 -0.104147 -7.98036e-22)
(1.25228 -0.103093 3.63426e-22)
(1.25482 -0.102009 1.0977e-21)
(1.25733 -0.100894 2.42206e-21)
(1.25979 -0.0997447 -3.17225e-22)
(1.2622 -0.0985601 1.18528e-21)
(1.26457 -0.0973379 2.67625e-22)
(1.26688 -0.0960757 1.5925e-21)
(1.26913 -0.0947714 -1.18139e-21)
(1.27132 -0.0934225 -1.6582e-21)
(1.27345 -0.0920267 -3.15744e-22)
(1.2755 -0.0905816 -2.99855e-21)
(1.27747 -0.0890849 1.01453e-21)
(1.27936 -0.0875344 -4.83267e-21)
(1.28117 -0.0859282 -5.04829e-21)
(1.28288 -0.0842643 -2.9186e-21)
(1.2845 -0.0825413 -1.80171e-21)
(1.28601 -0.0807583 8.98504e-22)
(1.28741 -0.0789149 3.67724e-21)
(1.2887 -0.0770113 4.18027e-21)
(1.28987 -0.0750489 -2.8156e-21)
(1.29092 -0.0730299 5.00514e-21)
(1.21331 -0.120763 2.83143e-26)
(1.21625 -0.11995 2.50174e-24)
(1.21917 -0.11912 -1.47139e-24)
(1.22209 -0.118272 -1.08052e-23)
(1.22499 -0.117406 8.90909e-23)
(1.22787 -0.116522 9.45005e-23)
(1.23074 -0.115618 -1.73642e-22)
(1.23358 -0.114693 2.2224e-22)
(1.23641 -0.113747 -6.37498e-22)
(1.23922 -0.112779 8.07436e-22)
(1.242 -0.111787 4.24762e-22)
(1.24475 -0.11077 -5.04693e-23)
(1.24747 -0.109726 -9.22237e-22)
(1.25016 -0.108654 -9.41943e-22)
(1.25281 -0.107553 2.36875e-21)
(1.25543 -0.10642 -1.92164e-21)
(1.258 -0.105253 -4.13461e-22)
(1.26053 -0.104051 -2.85217e-21)
(1.26301 -0.102811 -1.16842e-21)
(1.26543 -0.101531 2.40114e-21)
(1.2678 -0.100209 -2.48037e-21)
(1.27011 -0.0988422 -1.76527e-21)
(1.27235 -0.0974281 4.10578e-23)
(1.27452 -0.0959641 6.96604e-22)
(1.27661 -0.0944478 -3.09769e-21)
(1.27862 -0.0928766 7.67682e-22)
(1.28055 -0.0912482 -1.04021e-21)
(1.28238 -0.0895603 -5.11211e-21)
(1.28411 -0.0878107 3.70852e-21)
(1.28573 -0.085998 7.65496e-21)
(1.28725 -0.0841207 5.1511e-21)
(1.28865 -0.0821783 4.3176e-21)
(1.28992 -0.080171 5.77023e-22)
(1.29107 -0.0781 1.72515e-21)
(1.29208 -0.075968 -6.68467e-21)
(1.29296 -0.0737792 -5.55345e-21)
(1.21561 -0.124975 -1.96478e-25)
(1.21862 -0.124116 -2.47863e-23)
(1.22162 -0.123237 5.06553e-23)
(1.2246 -0.12234 -2.91229e-23)
(1.22757 -0.121422 -1.03315e-22)
(1.23052 -0.120483 -1.85243e-22)
(1.23345 -0.119522 5.45778e-22)
(1.23636 -0.118538 -9.48183e-23)
(1.23925 -0.11753 5.55415e-22)
(1.24211 -0.116497 -1.19599e-22)
(1.24494 -0.115437 -1.15753e-21)
(1.24774 -0.114349 1.90672e-23)
(1.2505 -0.113231 -9.14165e-22)
(1.25323 -0.112081 1.18909e-21)
(1.25592 -0.110898 -2.17627e-21)
(1.25856 -0.10968 2.04673e-21)
(1.26116 -0.108423 -1.66525e-21)
(1.2637 -0.107127 -8.03085e-22)
(1.26619 -0.105789 -1.08671e-22)
(1.26861 -0.104406 -4.69927e-21)
(1.27097 -0.102976 7.16181e-22)
(1.27326 -0.101495 2.0564e-21)
(1.27548 -0.0999626 -2.34899e-21)
(1.27761 -0.0983744 -1.44541e-21)
(1.27966 -0.0967282 4.99869e-21)
(1.28161 -0.0950213 6.4806e-22)
(1.28347 -0.0932513 1.9359e-21)
(1.28521 -0.0914158 9.48957e-21)
(1.28685 -0.0895129 -3.41855e-21)
(1.28837 -0.087541 -9.43508e-21)
(1.28976 -0.0854992 -7.61874e-21)
(1.29102 -0.0833873 -2.8908e-21)
(1.29214 -0.0812063 1.09561e-20)
(1.29312 -0.0789583 -4.40755e-22)
(1.29395 -0.0766476 1.01707e-20)
(1.29462 -0.0742804 -1.04253e-21)
(1.21792 -0.129186 5.39615e-24)
(1.22101 -0.128277 5.57872e-23)
(1.22408 -0.127348 -1.06782e-22)
(1.22713 -0.126397 1.83864e-22)
(1.23017 -0.125423 1.00395e-23)
(1.23319 -0.124425 1.83553e-22)
(1.23618 -0.123403 1.21548e-22)
(1.23915 -0.122356 2.28974e-22)
(1.24209 -0.121281 -1.38679e-22)
(1.245 -0.120178 -7.33775e-22)
(1.24788 -0.119045 6.19378e-22)
(1.25072 -0.11788 4.13262e-22)
(1.25353 -0.116681 2.28889e-21)
(1.25629 -0.115448 -2.17102e-21)
(1.259 -0.114176 2.28672e-21)
(1.26167 -0.112865 -9.70981e-22)
(1.26428 -0.111512 2.65325e-21)
(1.26682 -0.110114 1.95795e-21)
(1.26931 -0.108669 2.83398e-21)
(1.27172 -0.107174 6.41638e-23)
(1.27407 -0.105627 2.14599e-21)
(1.27633 -0.104024 -1.74679e-22)
(1.2785 -0.102363 2.18877e-21)
(1.28058 -0.100641 1.24935e-22)
(1.28256 -0.0988556 -5.12349e-21)
(1.28444 -0.0970032 -2.17993e-21)
(1.2862 -0.0950816 -7.05982e-21)
(1.28785 -0.0930886 -9.02114e-21)
(1.28936 -0.0910222 4.53188e-21)
(1.29075 -0.0888812 9.25242e-21)
(1.29199 -0.0866649 9.22837e-21)
(1.29308 -0.0843737 -4.18031e-21)
(1.29402 -0.0820095 -5.97275e-21)
(1.2948 -0.0795755 -6.38442e-21)
(1.29541 -0.0770776 -4.67864e-21)
(1.29586 -0.0745243 -5.54417e-21)
(1.22025 -0.133394 -3.81475e-24)
(1.22341 -0.132433 -3.73533e-23)
(1.22655 -0.131449 4.22999e-23)
(1.22968 -0.130441 -1.37087e-22)
(1.23278 -0.129407 7.98131e-23)
(1.23586 -0.128347 2.32475e-22)
(1.23892 -0.127259 -2.02995e-22)
(1.24194 -0.126143 2.81927e-22)
(1.24494 -0.124996 -4.39129e-22)
(1.2479 -0.123817 6.48466e-22)
(1.25082 -0.122604 7.97158e-22)
(1.2537 -0.121356 9.64803e-23)
(1.25654 -0.120071 -2.24288e-21)
(1.25933 -0.118746 2.6425e-21)
(1.26206 -0.117379 -1.15542e-21)
(1.26473 -0.115967 9.32345e-22)
(1.26735 -0.114509 -3.01182e-21)
(1.26989 -0.113001 7.40274e-22)
(1.27236 -0.111441 3.16634e-22)
(1.27475 -0.109825 -4.35929e-22)
(1.27706 -0.108152 1.4758e-21)
(1.27927 -0.106417 -2.24448e-21)
(1.28139 -0.104619 -2.24404e-22)
(1.2834 -0.102753 2.7972e-21)
(1.28529 -0.100818 3.27807e-21)
(1.28707 -0.0988099 1.01846e-20)
(1.28872 -0.0967267 3.53508e-21)
(1.29024 -0.0945661 3.54908e-21)
(1.29162 -0.0923264 -1.28662e-21)
(1.29284 -0.0900066 -1.44314e-20)
(1.29391 -0.0876063 -1.3191e-20)
(1.29481 -0.0851267 1.57421e-21)
(1.29554 -0.0825704 -6.34572e-21)
(1.29609 -0.0799421 7.12733e-22)
(1.29645 -0.0772493 -9.13286e-21)
(1.29662 -0.0745032 1.42235e-20)
(1.22259 -0.137598 -2.70689e-24)
(1.22582 -0.136582 -4.73589e-24)
(1.22904 -0.135539 9.13629e-24)
(1.23224 -0.134469 1.24798e-22)
(1.23541 -0.133371 2.2352e-23)
(1.23855 -0.132243 -3.99458e-22)
(1.24166 -0.131085 -4.18635e-22)
(1.24474 -0.129894 -3.52614e-22)
(1.24779 -0.128669 -6.29534e-22)
(1.25079 -0.127408 3.71149e-23)
(1.25375 -0.12611 -6.10975e-22)
(1.25667 -0.124772 1.05035e-21)
(1.25953 -0.123392 1.29419e-21)
(1.26233 -0.121968 8.34324e-22)
(1.26507 -0.120497 6.74731e-22)
(1.26775 -0.118977 -2.18732e-21)
(1.27035 -0.117405 1.99458e-21)
(1.27288 -0.115778 -3.63797e-21)
(1.27532 -0.114093 -2.09655e-21)
(1.27767 -0.112348 2.17239e-21)
(1.27993 -0.110539 -2.32983e-22)
(1.28208 -0.108663 4.5756e-21)
(1.28412 -0.106717 -3.19283e-21)
(1.28604 -0.104698 3.69067e-22)
(1.28783 -0.102603 1.66249e-21)
(1.28949 -0.100429 -3.07679e-21)
(1.291 -0.0981747 -4.91855e-21)
(1.29237 -0.0958369 1.23823e-20)
(1.29357 -0.0934143 -8.14867e-21)
(1.29461 -0.0909062 1.80484e-20)
(1.29547 -0.0883131 4.87228e-21)
(1.29615 -0.0856365 5.68641e-22)
(1.29664 -0.0828802 9.7133e-21)
(1.29693 -0.0800503 -1.93445e-21)
(1.29701 -0.0771561 1.80225e-20)
(1.29688 -0.0742116 -1.80873e-20)
(1.22494 -0.141796 7.75299e-24)
(1.22825 -0.14072 -2.35944e-24)
(1.23154 -0.139615 3.51518e-23)
(1.2348 -0.138479 -2.65536e-22)
(1.23804 -0.137311 -5.31897e-23)
(1.24124 -0.136111 2.55387e-23)
(1.24441 -0.134876 2.85085e-23)
(1.24754 -0.133604 -6.31496e-22)
(1.25063 -0.132295 9.65187e-22)
(1.25367 -0.130945 -1.13693e-21)
(1.25666 -0.129554 -5.66562e-22)
(1.2596 -0.128119 -1.45404e-21)
(1.26248 -0.126636 4.79763e-22)
(1.26529 -0.125105 -9.66502e-22)
(1.26803 -0.123522 1.26411e-21)
(1.2707 -0.121885 -2.06189e-21)
(1.27328 -0.12019 1.29711e-21)
(1.27578 -0.118435 1.94563e-21)
(1.27818 -0.116616 2.23141e-21)
(1.28047 -0.114731 3.05155e-21)
(1.28266 -0.112776 1.97188e-21)
(1.28473 -0.110749 -7.77036e-22)
(1.28667 -0.108646 5.82179e-21)
(1.28848 -0.106463 -2.0816e-22)
(1.29014 -0.104199 -1.48086e-21)
(1.29166 -0.10185 -6.25459e-21)
(1.29301 -0.0994142 8.03314e-21)
(1.2942 -0.0968897 -5.63923e-21)
(1.29521 -0.0942752 5.18531e-21)
(1.29603 -0.0915704 -8.57529e-21)
(1.29666 -0.0887762 4.10989e-21)
(1.29708 -0.0858951 -2.84528e-21)
(1.29729 -0.0829318 -7.535e-21)
(1.29729 -0.079894 -5.27853e-21)
(1.29705 -0.0767931 -3.64679e-21)
(1.29659 -0.0736458 2.16023e-21)
(1.2273 -0.145987 1.05051e-23)
(1.23068 -0.144847 -2.34594e-23)
(1.23404 -0.143674 -5.76688e-23)
(1.23738 -0.142467 1.29384e-22)
(1.24067 -0.141224 -3.15246e-22)
(1.24393 -0.139945 -2.37456e-22)
(1.24715 -0.138626 -6.41834e-22)
(1.25033 -0.137268 1.29807e-21)
(1.25346 -0.135867 -2.36727e-22)
(1.25653 -0.134422 1.31429e-21)
(1.25955 -0.13293 1.21709e-21)
(1.2625 -0.131388 -1.51664e-22)
(1.26539 -0.129796 -1.74493e-22)
(1.2682 -0.128148 -5.26362e-22)
(1.27093 -0.126444 -3.28606e-21)
(1.27357 -0.12468 2.79944e-21)
(1.27612 -0.122853 -3.08033e-22)
(1.27857 -0.12096 -1.83927e-21)
(1.28091 -0.118998 -6.23091e-21)
(1.28313 -0.116963 1.9982e-21)
(1.28523 -0.114853 -5.94173e-21)
(1.28719 -0.112664 -2.13185e-21)
(1.28902 -0.110393 -7.09457e-21)
(1.29069 -0.108038 2.48972e-21)
(1.29221 -0.105594 1.11489e-21)
(1.29355 -0.103061 -3.39317e-21)
(1.29472 -0.100435 -1.8379e-21)
(1.2957 -0.0977146 -2.07806e-21)
(1.29648 -0.0948998 2.02468e-21)
(1.29706 -0.0919904 -7.48123e-21)
(1.29742 -0.0889878 -4.47391e-21)
(1.29756 -0.0858956 3.30228e-21)
(1.29747 -0.0827196 -1.71156e-21)
(1.29713 -0.079469 1.74306e-20)
(1.29655 -0.0761574 5.2531e-21)
(1.29572 -0.0728044 -1.8711e-21)
(1.22966 -0.150168 -8.54204e-24)
(1.23313 -0.148958 3.46321e-23)
(1.23656 -0.147712 -1.58964e-22)
(1.23995 -0.146428 1.49923e-22)
(1.24331 -0.145104 4.42309e-22)
(1.24662 -0.143739 3.02184e-22)
(1.24989 -0.142331 8.58123e-22)
(1.25311 -0.140879 -2.11111e-22)
(1.25627 -0.139379 5.00892e-22)
(1.25937 -0.137829 -6.27126e-22)
(1.2624 -0.136228 -1.27092e-22)
(1.26536 -0.134573 9.19825e-22)
(1.26824 -0.13286 -9.04818e-22)
(1.27104 -0.131088 -1.28191e-21)
(1.27374 -0.129254 -2.87584e-22)
(1.27635 -0.127354 -1.02353e-21)
(1.27885 -0.125385 -1.29639e-21)
(1.28123 -0.123344 4.91622e-21)
(1.28349 -0.121228 2.82614e-21)
(1.28562 -0.119033 -5.63837e-21)
(1.28761 -0.116758 3.46947e-21)
(1.28946 -0.114397 -3.2147e-21)
(1.29114 -0.111949 -3.35506e-21)
(1.29265 -0.109411 -6.29067e-21)
(1.29399 -0.106779 3.93977e-21)
(1.29514 -0.104051 8.01844e-22)
(1.29609 -0.101226 6.01946e-21)
(1.29684 -0.0983026 -5.21636e-21)
(1.29737 -0.0952799 -6.52073e-21)
(1.29767 -0.092159 9.22728e-21)
(1.29773 -0.088942 6.78402e-21)
(1.29755 -0.0856333 6.73876e-21)
(1.29712 -0.0822401 -5.67852e-21)
(1.29643 -0.0787732 -7.89031e-21)
(1.29546 -0.0752484 -8.67374e-21)
(1.29422 -0.0716884 1.74014e-20)
(1.23204 -0.154335 -2.31701e-23)
(1.23557 -0.153051 -3.88563e-23)
(1.23907 -0.151726 3.21136e-22)
(1.24253 -0.150358 2.13061e-23)
(1.24594 -0.148947 -3.51586e-22)
(1.2493 -0.14749 -5.16035e-22)
(1.25261 -0.145984 -1.13737e-22)
(1.25586 -0.144429 -7.519e-22)
(1.25905 -0.142822 -3.17888e-22)
(1.26216 -0.14116 1.22904e-21)
(1.2652 -0.139442 -1.6176e-21)
(1.26816 -0.137663 -7.49881e-22)
(1.27103 -0.135822 3.06984e-21)
(1.2738 -0.133915 4.00625e-21)
(1.27646 -0.13194 -2.08454e-21)
(1.27901 -0.129894 5.03158e-22)
(1.28145 -0.127773 3.63188e-21)
(1.28375 -0.125574 -4.60694e-21)
(1.28592 -0.123295 7.83086e-23)
(1.28793 -0.120931 -1.78331e-21)
(1.2898 -0.118479 -4.97921e-21)
(1.29149 -0.115938 4.31595e-21)
(1.29301 -0.113303 1.17313e-20)
(1.29434 -0.110572 3.36835e-21)
(1.29547 -0.107742 -2.7429e-21)
(1.2964 -0.104812 7.82703e-21)
(1.29711 -0.101781 -7.3371e-21)
(1.29759 -0.098646 -4.92388e-22)
(1.29783 -0.0954089 4.11885e-21)
(1.29783 -0.0920706 -1.08375e-21)
(1.29757 -0.0886342 7.81624e-21)
(1.29704 -0.0851051 -1.62942e-20)
(1.29623 -0.0814916 1.33436e-20)
(1.29514 -0.0778065 -4.07983e-21)
(1.29376 -0.0740676 -1.47715e-20)
(1.29208 -0.0703009 -1.60286e-20)
(1.23442 -0.158485 2.94429e-23)
(1.23802 -0.15712 -2.85633e-23)
(1.24159 -0.15571 -3.23281e-22)
(1.2451 -0.154252 -3.57575e-22)
(1.24856 -0.152746 6.30721e-23)
(1.25197 -0.151189 1.42477e-21)
(1.25531 -0.149578 7.58584e-22)
(1.25859 -0.147913 6.04655e-22)
(1.26179 -0.14619 -7.50163e-22)
(1.26491 -0.144407 -2.01673e-23)
(1.26795 -0.142561 -4.2411e-22)
(1.27089 -0.14065 -4.31988e-22)
(1.27373 -0.13867 -3.79806e-21)
(1.27646 -0.136619 -1.49872e-21)
(1.27907 -0.134494 6.63855e-21)
(1.28155 -0.132292 8.90559e-23)
(1.2839 -0.130009 -2.29616e-21)
(1.2861 -0.127642 2.76238e-22)
(1.28815 -0.125188 2.89428e-21)
(1.29004 -0.122644 7.65504e-21)
(1.29175 -0.120007 6.19325e-21)
(1.29327 -0.117275 -7.57738e-21)
(1.2946 -0.114444 -5.8532e-21)
(1.29572 -0.111512 2.65388e-21)
(1.29663 -0.108476 -7.0291e-23)
(1.2973 -0.105336 -5.82055e-21)
(1.29774 -0.10209 7.71646e-21)
(1.29793 -0.0987386 1.7496e-21)
(1.29786 -0.0952815 -5.88257e-21)
(1.29751 -0.0917212 3.87204e-22)
(1.29689 -0.0880618 -2.08872e-20)
(1.29598 -0.0843096 3.19281e-21)
(1.29476 -0.0804745 -1.17755e-20)
(1.29325 -0.0765707 5.1625e-21)
(1.29141 -0.0726187 5.85064e-21)
(1.28926 -0.0686472 -5.66139e-21)
(1.2368 -0.162615 -2.00027e-23)
(1.24047 -0.161162 7.32699e-23)
(1.2441 -0.15966 3.1649e-22)
(1.24766 -0.158105 2.0057e-22)
(1.25117 -0.156496 -1.8596e-23)
(1.25462 -0.15483 -1.56198e-21)
(1.25799 -0.153107 -1.60577e-21)
(1.26128 -0.151322 -1.22496e-21)
(1.26449 -0.149474 1.2601e-21)
(1.26761 -0.14756 3.19962e-22)
(1.27063 -0.145578 1.70301e-22)
(1.27354 -0.143524 1.09011e-21)
(1.27634 -0.141396 -9.35968e-22)
(1.27901 -0.139191 -1.34415e-21)
(1.28155 -0.136905 -1.94803e-21)
(1.28395 -0.134536 -2.16098e-22)
(1.28619 -0.132081 4.02767e-21)
(1.28828 -0.129536 -1.45918e-22)
(1.29019 -0.126898 -5.08159e-22)
(1.29192 -0.124165 -4.49858e-21)
(1.29345 -0.121333 -4.69294e-21)
(1.29478 -0.1184 5.06165e-21)
(1.2959 -0.115364 5.17565e-21)
(1.29678 -0.112222 6.49177e-21)
(1.29743 -0.108973 1.91912e-21)
(1.29783 -0.105616 -6.8201e-21)
(1.29796 -0.10215 -4.24177e-21)
(1.29783 -0.0985757 5.57798e-21)
(1.29741 -0.0948942 7.18529e-21)
(1.29669 -0.0911086 -5.91978e-21)
(1.29568 -0.0872239 1.78466e-20)
(1.29435 -0.0832477 1.34566e-20)
(1.2927 -0.079191 -4.10021e-21)
(1.29072 -0.0750701 -1.09202e-20)
(1.2884 -0.0709074 9.59814e-21)
(1.28575 -0.0667349 3.01426e-21)
(1.23918 -0.166719 -2.36113e-23)
(1.24292 -0.165172 2.17428e-22)
(1.2466 -0.16357 -5.72382e-22)
(1.25021 -0.16191 6.72722e-23)
(1.25376 -0.16019 -3.28545e-22)
(1.25723 -0.158407 -2.06285e-22)
(1.26063 -0.156561 3.51117e-22)
(1.26393 -0.154648 6.97478e-22)
(1.26713 -0.152666 -6.00449e-22)
(1.27024 -0.150612 4.75835e-22)
(1.27323 -0.148483 -1.31229e-21)
(1.2761 -0.146277 -2.89701e-21)
(1.27884 -0.14399 -9.49109e-22)
(1.28144 -0.14162 3.56993e-21)
(1.28389 -0.139164 2.5068e-21)
(1.28618 -0.136618 -4.23253e-21)
(1.28831 -0.13398 -6.09518e-21)
(1.29025 -0.131247 4.51624e-21)
(1.292 -0.128415 -3.23198e-22)
(1.29355 -0.125483 -1.3678e-21)
(1.29489 -0.122447 5.1837e-21)
(1.296 -0.119305 7.09301e-21)
(1.29687 -0.116056 -5.08062e-21)
(1.29749 -0.112697 -1.29842e-20)
(1.29785 -0.109227 -8.57594e-21)
(1.29794 -0.105647 -3.519e-21)
(1.29775 -0.101955 -6.50818e-21)
(1.29726 -0.0981539 -4.77255e-21)
(1.29646 -0.0942449 -1.16477e-20)
(1.29535 -0.0902321 -5.07311e-22)
(1.29391 -0.0861215 -1.21398e-20)
(1.29213 -0.0819217 -2.38772e-21)
(1.29001 -0.0776454 2.38733e-20)
(1.28754 -0.0733104 2.07554e-21)
(1.28471 -0.0689414 -1.03039e-20)
(1.28152 -0.0645734 1.76765e-21)
(1.24156 -0.170793 -3.03803e-23)
(1.24536 -0.169144 -2.62618e-22)
(1.24909 -0.167434 2.62279e-22)
(1.25275 -0.16566 -2.31937e-22)
(1.25632 -0.16382 2.40309e-22)
(1.25982 -0.161913 7.99206e-22)
(1.26322 -0.159934 1.00192e-21)
(1.26652 -0.157884 -1.12446e-21)
(1.26971 -0.155757 4.92701e-22)
(1.27278 -0.153553 -2.09151e-21)
(1.27573 -0.151268 3.58392e-21)
(1.27854 -0.148899 5.0423e-21)
(1.28121 -0.146443 1.90884e-21)
(1.28372 -0.143898 -4.6937e-21)
(1.28607 -0.141261 -5.64416e-21)
(1.28824 -0.138528 4.70803e-21)
(1.29022 -0.135698 1.69047e-22)
(1.292 -0.132766 -4.46159e-21)
(1.29357 -0.129731 1.07899e-21)
(1.29492 -0.12659 1.33879e-21)
(1.29603 -0.123341 3.80946e-22)
(1.2969 -0.119982 2.87554e-21)
(1.2975 -0.116512 -4.69061e-21)
(1.29783 -0.112929 1.41926e-20)
(1.29788 -0.109233 1.49454e-21)
(1.29764 -0.105424 1.1387e-20)
(1.29708 -0.101503 3.58126e-21)
(1.29621 -0.0974716 2.21423e-21)
(1.295 -0.0933333 1.70274e-20)
(1.29346 -0.0890927 -8.41315e-21)
(1.29156 -0.084757 5.41189e-21)
(1.28931 -0.080336 -6.02164e-21)
(1.28669 -0.0758437 -6.62064e-21)
(1.2837 -0.0712996 5.87331e-21)
(1.28032 -0.0667305 1.46869e-20)
(1.27656 -0.0621742 1.19104e-20)
(1.24393 -0.174831 7.59353e-23)
(1.24778 -0.173072 5.13321e-23)
(1.25156 -0.171246 3.57267e-22)
(1.25525 -0.169349 7.51488e-23)
(1.25885 -0.167381 -7.10844e-22)
(1.26236 -0.165338 7.45258e-23)
(1.26576 -0.163219 1.18971e-21)
(1.26904 -0.16102 2.51855e-21)
(1.27221 -0.15874 1.88263e-22)
(1.27524 -0.156375 4.99501e-22)
(1.27813 -0.153923 -2.93147e-23)
(1.28087 -0.151381 -5.52434e-22)
(1.28345 -0.148746 -2.60012e-21)
(1.28586 -0.146016 2.07939e-21)
(1.28808 -0.143187 4.86785e-21)
(1.2901 -0.140258 -2.25754e-21)
(1.29192 -0.137225 2.36005e-21)
(1.29352 -0.134086 6.9893e-21)
(1.29489 -0.130838 -1.46299e-21)
(1.29601 -0.12748 1.0544e-20)
(1.29687 -0.12401 -6.16102e-21)
(1.29746 -0.120426 -1.04167e-20)
(1.29777 -0.116728 8.78802e-21)
(1.29779 -0.112915 -5.524e-21)
(1.2975 -0.108987 2.61919e-21)
(1.29688 -0.104945 5.91418e-21)
(1.29594 -0.100792 4.74518e-21)
(1.29465 -0.0965285 -1.6574e-21)
(1.29301 -0.0921604 1.85937e-21)
(1.291 -0.0876931 1.74783e-20)
(1.28862 -0.0831347 -5.8057e-21)
(1.28586 -0.0784964 -3.37214e-21)
(1.28271 -0.0737935 -1.06325e-21)
(1.27917 -0.0690471 -1.29128e-21)
(1.27522 -0.0642859 1.07334e-20)
(1.27086 -0.0595503 -1.03238e-20)
(1.24629 -0.178827 1.80784e-23)
(1.25019 -0.17695 -2.4024e-23)
(1.254 -0.174998 3.42015e-22)
(1.25772 -0.17297 8.1244e-22)
(1.26133 -0.170864 9.89711e-22)
(1.26484 -0.168676 9.17188e-22)
(1.26823 -0.166406 -1.13713e-21)
(1.27149 -0.16405 -3.33181e-21)
(1.27462 -0.161605 7.31328e-22)
(1.27759 -0.159069 -1.047e-21)
(1.28041 -0.15644 1.37291e-21)
(1.28307 -0.153715 -5.07667e-21)
(1.28554 -0.150891 2.5947e-21)
(1.28782 -0.147965 8.51119e-22)
(1.2899 -0.144936 -1.80992e-21)
(1.29176 -0.1418 -2.80573e-22)
(1.29339 -0.138555 4.68325e-21)
(1.29478 -0.135199 -5.00381e-21)
(1.29592 -0.13173 -2.12377e-21)
(1.29679 -0.128146 -1.32513e-20)
(1.29738 -0.124447 2.75235e-21)
(1.29768 -0.120632 3.23155e-21)
(1.29767 -0.1167 -2.50052e-21)
(1.29734 -0.112651 -1.53159e-20)
(1.29668 -0.108487 -9.53437e-21)
(1.29567 -0.10421 -1.16163e-20)
(1.29431 -0.0998213 6.49979e-21)
(1.29258 -0.0953259 1.78225e-20)
(1.29047 -0.0907289 7.43997e-23)
(1.28797 -0.0860372 -1.40209e-20)
(1.28508 -0.0812603 1.31743e-20)
(1.28178 -0.0764104 1.36744e-20)
(1.27808 -0.0715041 -1.02972e-20)
(1.27395 -0.0665639 6.05797e-21)
(1.24863 -0.182775 -7.1079e-23)
(1.25257 -0.18077 -2.74384e-23)
(1.25641 -0.178685 -7.50806e-22)
(1.26014 -0.176516 -1.05348e-21)
(1.26377 -0.174262 -8.69114e-22)
(1.26726 -0.17192 1.50964e-22)
(1.27063 -0.169488 8.00246e-22)
(1.27385 -0.166964 1.57295e-21)
(1.27692 -0.164345 -9.4062e-22)
(1.27983 -0.161629 -1.80743e-23)
(1.28256 -0.158812 -2.51628e-21)
(1.28511 -0.155894 6.01965e-21)
(1.28746 -0.15287 -2.99807e-22)
(1.2896 -0.149739 -6.43262e-22)
(1.29151 -0.146499 -2.027e-21)
(1.29319 -0.143146 -1.78827e-21)
(1.29461 -0.13968 -2.8741e-21)
(1.29578 -0.136099 -1.96392e-21)
(1.29666 -0.132401 5.11759e-21)
(1.29726 -0.128584 1.34425e-20)
(1.29755 -0.124649 7.40956e-21)
(1.29753 -0.120596 -8.46327e-22)
(1.29717 -0.116425 -5.69158e-21)
(1.29647 -0.112136 2.09198e-20)
(1.29541 -0.107733 1.93975e-20)
(1.29398 -0.103217 3.98966e-21)
(1.29217 -0.0985933 -1.67696e-20)
(1.28997 -0.0938663 -1.18449e-20)
(1.28737 -0.0890427 -8.07868e-21)
(1.28436 -0.0841306 1.80854e-20)
(1.28092 -0.0791406 1.66932e-21)
(1.25094 -0.186669 -2.10758e-24)
(1.25491 -0.184528 -3.25419e-23)
(1.25877 -0.182298 -2.02289e-22)
(1.26252 -0.179979 3.18642e-22)
(1.26613 -0.177567 1.98015e-21)
(1.26961 -0.175061 -2.69291e-21)
(1.27294 -0.172458 -1.21539e-21)
(1.27612 -0.169756 1.68835e-21)
(1.27912 -0.166953 1.92222e-22)
(1.28194 -0.164045 3.0623e-21)
(1.28457 -0.161032 -3.91556e-21)
(1.28699 -0.157909 1.13843e-22)
(1.2892 -0.154676 3.83288e-21)
(1.29117 -0.151331 -4.62247e-21)
(1.2929 -0.14787 2.72647e-21)
(1.29437 -0.144292 -2.91364e-21)
(1.29557 -0.140597 2.43797e-21)
(1.29649 -0.136782 3.53099e-21)
(1.2971 -0.132846 -9.1357e-21)
(1.2974 -0.12879 -2.47367e-21)
(1.29737 -0.124613 -7.52003e-21)
(1.297 -0.120316 -1.22043e-21)
(1.29627 -0.115901 -9.98956e-21)
(1.29517 -0.111369 3.59564e-21)
(1.29369 -0.106724 -1.02033e-20)
(1.29181 -0.101969 1.32057e-20)
(1.28953 -0.0971101 2.07599e-20)
(1.28683 -0.0921534 -1.43032e-20)
(1.28371 -0.0871067 2.07783e-21)
(1.25322 -0.190501 -5.69736e-23)
(1.25721 -0.188214 1.68186e-22)
(1.26109 -0.185832 6.12079e-22)
(1.26483 -0.183352 9.35637e-22)
(1.26843 -0.180773 -1.87102e-21)
(1.27188 -0.178093 3.4684e-21)
(1.27516 -0.175308 3.2624e-22)
(1.27827 -0.172418 -3.67072e-21)
(1.28119 -0.16942 -3.96667e-22)
(1.28391 -0.166312 -5.12431e-21)
(1.28642 -0.163091 4.01178e-21)
(1.2887 -0.159756 7.81419e-22)
(1.29074 -0.156304 3.19141e-21)
(1.29254 -0.152734 1.40819e-22)
(1.29406 -0.149044 3.40612e-21)
(1.29531 -0.145233 5.43472e-21)
(1.29626 -0.141299 -5.02773e-21)
(1.2969 -0.137243 7.60648e-22)
(1.29722 -0.133063 -8.48754e-21)
(1.29719 -0.128761 -1.67853e-20)
(1.29682 -0.124336 -1.85477e-21)
(1.29607 -0.119791 1.03384e-20)
(1.29495 -0.115128 1.02171e-20)
(1.29342 -0.11035 -1.02031e-20)
(1.29149 -0.105462 -2.03985e-21)
(1.28915 -0.100468 -1.17419e-20)
(1.28636 -0.0953754 -8.54682e-21)
(1.25545 -0.194265 7.01124e-23)
(1.25946 -0.191823 -1.95414e-22)
(1.26334 -0.189278 -4.96219e-24)
(1.26707 -0.186628 -8.92778e-22)
(1.27064 -0.183872 -9.9278e-22)
(1.27404 -0.181007 -1.73761e-21)
(1.27726 -0.178032 9.29427e-22)
(1.28029 -0.174944 1.21855e-21)
(1.28311 -0.171742 -6.77001e-22)
(1.28572 -0.168423 4.31166e-21)
(1.28809 -0.164985 5.95837e-22)
(1.29022 -0.161427 -8.56303e-21)
(1.29208 -0.157747 -1.11398e-21)
(1.29368 -0.153944 6.12899e-21)
(1.29498 -0.150017 -5.28818e-21)
(1.29598 -0.145964 1.4197e-21)
(1.29666 -0.141785 4.67841e-21)
(1.29701 -0.13748 -4.24351e-21)
(1.297 -0.13305 1.9676e-20)
(1.29664 -0.128495 9.70857e-21)
(1.29589 -0.123818 5.55141e-21)
(1.29475 -0.119021 -7.8324e-21)
(1.2932 -0.114107 1.46261e-20)
(1.29123 -0.109081 -7.00245e-21)
(1.28883 -0.103949 1.14093e-20)
(1.25764 -0.197954 -1.44348e-23)
(1.26165 -0.195347 2.70074e-22)
(1.26552 -0.19263 1.56342e-22)
(1.26923 -0.189801 5.56014e-22)
(1.27276 -0.186858 2.92887e-21)
(1.2761 -0.183799 -2.0267e-21)
(1.27925 -0.180623 -5.34108e-22)
(1.28218 -0.177328 5.45787e-22)
(1.28489 -0.173911 -2.56612e-21)
(1.28736 -0.170372 -3.94474e-21)
(1.28958 -0.166708 -4.44639e-21)
(1.29153 -0.162919 3.36922e-21)
(1.2932 -0.159003 -6.43235e-21)
(1.29458 -0.154958 2.03508e-21)
(1.29564 -0.150785 7.33497e-21)
(1.29637 -0.146483 -7.33439e-21)
(1.29676 -0.142051 1.00374e-21)
(1.29679 -0.137492 9.01556e-21)
(1.29645 -0.132805 -9.0493e-21)
(1.29572 -0.127994 -5.49165e-22)
(1.29458 -0.12306 -3.85793e-21)
(1.29302 -0.118007 1.01865e-20)
(1.25976 -0.201561 1.69826e-22)
(1.26377 -0.19878 -7.08686e-23)
(1.26762 -0.195881 -8.58579e-23)
(1.27129 -0.192863 -7.89415e-22)
(1.27477 -0.189724 -2.49752e-21)
(1.27804 -0.186462 2.31937e-22)
(1.2811 -0.183075 -1.50261e-21)
(1.28393 -0.179563 9.03101e-22)
(1.28651 -0.175924 8.00713e-21)
(1.28883 -0.172156 5.05596e-21)
(1.29088 -0.168257 4.13362e-21)
(1.29264 -0.164228 -5.53443e-22)
(1.2941 -0.160067 5.19587e-21)
(1.29523 -0.155773 -6.52651e-21)
(1.29603 -0.151346 -7.0344e-21)
(1.29648 -0.146788 8.39443e-21)
(1.29656 -0.142098 -6.01541e-21)
(1.29625 -0.137278 3.21237e-22)
(1.29555 -0.13233 1.7601e-21)
(1.29443 -0.127257 5.24043e-22)
(1.26181 -0.20508 -6.16446e-23)
(1.26581 -0.202116 1.32568e-22)
(1.26963 -0.199026 3.56751e-22)
(1.27325 -0.195809 7.72982e-22)
(1.27666 -0.192464 1.06806e-21)
(1.27985 -0.18899 3.04758e-21)
(1.28281 -0.185384 1.51909e-21)
(1.28551 -0.181647 7.38539e-22)
(1.28795 -0.177775 -7.09235e-21)
(1.29011 -0.173769 -1.20861e-21)
(1.29197 -0.169628 2.89642e-22)
(1.29352 -0.165351 4.65215e-21)
(1.29475 -0.160937 2.3169e-21)
(1.29563 -0.156386 2.73051e-21)
(1.29615 -0.1517 2.48787e-21)
(1.29629 -0.146879 -2.19945e-21)
(1.29604 -0.141924 -7.69343e-21)
(1.26378 -0.208504 -1.8275e-22)
(1.26775 -0.205348 -7.25516e-24)
(1.27153 -0.202058 -9.93933e-22)
(1.27509 -0.198634 1.5052e-22)
(1.27843 -0.195075 -6.68196e-22)
(1.28152 -0.191379 7.55927e-22)
(1.28436 -0.187546 -1.25953e-21)
(1.28693 -0.183574 -2.55467e-21)
(1.28921 -0.179463 6.20205e-21)
(1.29119 -0.175211 2.51442e-21)
(1.29285 -0.170819 9.16495e-22)
(1.29418 -0.166286 -4.78091e-21)
(1.29516 -0.161612 -1.19271e-20)
(1.29576 -0.156799 3.29095e-21)
(1.26565 -0.211828 1.43293e-22)
(1.26959 -0.20847 -3.32604e-22)
(1.27331 -0.204972 1.18069e-21)
(1.27681 -0.201333 -5.83531e-22)
(1.28005 -0.197551 -1.25866e-21)
(1.28304 -0.193626 -4.68329e-21)
(1.28575 -0.189556 2.88756e-21)
(1.28816 -0.185342 1.25558e-22)
(1.29027 -0.180983 -8.00391e-21)
(1.26742 -0.215046 -7.74372e-23)
)
;

boundaryField
{
    inlet
    {
        type            uniformFixedValue;
        uniformValue    constant (1 0 0);
        value           nonuniform 0();
    }
    outlet
    {
        type            pressureInletOutletVelocity;
        value           nonuniform 0();
    }
    cylinder
    {
        type            fixedValue;
        value           nonuniform 0();
    }
    top
    {
        type            symmetryPlane;
    }
    bottom
    {
        type            symmetryPlane;
    }
    defaultFaces
    {
        type            empty;
    }
    procBoundary1to0
    {
        type            processor;
        value           nonuniform List<vector> 
49
(
(1.1337 -0.00269508 -6.6142e-22)
(1.13381 -0.00805516 -2.32761e-22)
(1.13403 -0.013304 3.16054e-22)
(1.13434 -0.0184676 -6.42054e-22)
(1.13476 -0.023554 -1.26335e-22)
(1.13526 -0.0285742 -2.38327e-22)
(1.13584 -0.0335369 1.58303e-21)
(1.1365 -0.03845 4.8152e-22)
(1.13722 -0.043321 -8.44368e-22)
(1.138 -0.0481563 1.12241e-21)
(1.13883 -0.0529618 -6.56533e-22)
(1.1397 -0.0577429 1.7071e-21)
(1.14265 -0.0622796 1.52952e-21)
(1.14265 -0.0622796 1.52952e-21)
(1.14361 -0.0670082 7.19146e-23)
(1.1446 -0.0717253 4.0065e-22)
(1.1456 -0.0764345 -9.23657e-23)
(1.14661 -0.0811388 -9.0672e-23)
(1.14762 -0.0858411 -1.36398e-21)
(1.14862 -0.0905438 1.06642e-21)
(1.14962 -0.0952491 -8.43265e-24)
(1.15061 -0.0999591 -2.25729e-21)
(1.15157 -0.104676 1.32973e-22)
(1.15252 -0.1094 2.58057e-21)
(1.15344 -0.114135 -9.41325e-22)
(1.15433 -0.11888 -1.26344e-21)
(1.15519 -0.123637 2.99512e-21)
(1.15602 -0.128408 -1.42821e-21)
(1.15681 -0.133193 -1.9401e-21)
(1.15756 -0.137994 1.84282e-22)
(1.15827 -0.142811 2.52523e-21)
(1.15893 -0.147645 2.37639e-22)
(1.15956 -0.152498 -1.87367e-21)
(1.16013 -0.15737 2.09659e-21)
(1.16067 -0.162264 -4.48303e-21)
(1.16116 -0.167179 2.8463e-21)
(1.1616 -0.172117 3.4449e-22)
(1.162 -0.17708 2.42163e-21)
(1.16235 -0.18207 -5.4813e-22)
(1.16267 -0.187088 -1.07179e-22)
(1.16294 -0.192137 1.57884e-21)
(1.16318 -0.197217 -6.53841e-22)
(1.16338 -0.202331 -1.4172e-21)
(1.16355 -0.207482 2.64382e-21)
(1.16369 -0.212671 -4.34961e-21)
(1.16382 -0.217899 -3.51796e-21)
(1.16392 -0.223169 9.05589e-21)
(1.16401 -0.228482 -4.22131e-21)
(1.16409 -0.233836 1.02652e-21)
)
;
    }
    procBoundary1to2
    {
        type            processor;
        value           nonuniform List<vector> 
42
(
(1.22402 -0.00191445 1.22789e-22)
(1.22325 -0.00578401 1.44255e-22)
(1.22325 -0.00578401 1.44255e-22)
(1.224 -0.00954884 -1.46597e-23)
(1.2251 -0.0132298 2.48633e-22)
(1.22652 -0.0168296 3.94216e-22)
(1.22823 -0.0203493 -6.0557e-22)
(1.23022 -0.0237908 2.96776e-22)
(1.23246 -0.0271553 -2.89047e-22)
(1.23493 -0.0304432 -3.81762e-22)
(1.23761 -0.0336545 -1.2168e-22)
(1.24047 -0.0367877 1.33487e-21)
(1.24351 -0.0398407 2.14782e-22)
(1.24669 -0.04281 5.72928e-22)
(1.25 -0.045691 -9.69843e-22)
(1.25342 -0.0484778 -1.42936e-22)
(1.25691 -0.0511636 9.28659e-22)
(1.26047 -0.0537399 -1.56518e-21)
(1.26404 -0.0561973 6.08986e-22)
(1.26762 -0.0585251 -3.61417e-22)
(1.27116 -0.0607118 -1.99763e-22)
(1.27464 -0.0627447 1.91763e-21)
(1.27801 -0.0646106 -6.46486e-22)
(1.28124 -0.066296 -1.67186e-22)
(1.28428 -0.0677868 -5.8424e-21)
(1.28709 -0.0690695 1.18715e-20)
(1.28963 -0.0701307 -7.58723e-21)
(1.29184 -0.0709578 -5.65065e-21)
(1.2937 -0.0715395 1.57076e-21)
(1.29514 -0.0718656 9.07275e-21)
(1.29612 -0.0719277 -5.22773e-21)
(1.29661 -0.0717193 4.58523e-21)
(1.29655 -0.0712358 -9.79228e-21)
(1.2959 -0.0704751 1.43332e-21)
(1.29463 -0.0694373 -4.57314e-21)
(1.29272 -0.0681247 9.10772e-21)
(1.29011 -0.0665421 1.05398e-20)
(1.2868 -0.0646965 1.9843e-21)
(1.28276 -0.0625971 -2.88824e-20)
(1.27797 -0.060255 2.2849e-20)
(1.27242 -0.0576834 1.17074e-21)
(1.26611 -0.0548967 -2.84229e-20)
)
;
    }
    procBoundary1to5
    {
        type            processor;
        value           nonuniform List<vector> 
69
(
(1.16987 -0.238431 4.40574e-22)
(1.16987 -0.238431 4.40574e-22)
(1.17598 -0.242907 -5.03633e-21)
(1.18179 -0.24185 -1.44702e-21)
(1.18756 -0.240676 -7.0304e-22)
(1.18756 -0.240676 -7.0304e-22)
(1.19419 -0.244627 -2.84439e-22)
(1.19999 -0.24314 -5.0639e-22)
(1.20573 -0.241523 -5.05681e-22)
(1.21138 -0.239777 -8.85376e-23)
(1.21138 -0.239777 -8.85376e-23)
(1.21834 -0.242754 -3.88159e-23)
(1.2239 -0.240624 1.65719e-22)
(1.22935 -0.238353 6.89104e-23)
(1.23467 -0.235941 -5.05001e-22)
(1.23985 -0.233387 1.4236e-21)
(1.24488 -0.23069 -1.304e-22)
(1.24976 -0.227851 9.3216e-23)
(1.25446 -0.224867 -4.78394e-22)
(1.25446 -0.224867 -4.78394e-22)
(1.2607 -0.225256 1.87156e-23)
(1.265 -0.221781 -6.33749e-23)
(1.2694 -0.0616206 4.11219e-21)
(1.26442 -0.0567164 -2.55249e-20)
(1.27706 -0.0740864 1.06957e-20)
(1.27277 -0.0689858 2.90109e-21)
(1.2694 -0.0616206 4.11219e-21)
(1.26804 -0.0638625 -1.68382e-20)
(1.28015 -0.0819796 -1.24994e-21)
(1.27706 -0.0740864 1.06957e-20)
(1.27615 -0.0767839 -1.16114e-21)
(1.28314 -0.0901921 2.67443e-21)
(1.28015 -0.0819796 -1.24994e-21)
(1.27947 -0.0849272 1.97209e-22)
(1.28598 -0.0987174 4.5885e-21)
(1.28314 -0.0901921 2.67443e-21)
(1.28268 -0.0933939 1.33442e-20)
(1.29103 -0.112841 2.08705e-20)
(1.28859 -0.107566 3.99845e-21)
(1.28598 -0.0987174 4.5885e-21)
(1.28569 -0.10219 -8.25408e-21)
(1.29287 -0.122062 -1.56525e-21)
(1.29103 -0.112841 2.08705e-20)
(1.29088 -0.116752 -4.58886e-21)
(1.29538 -0.136838 8.1558e-22)
(1.2943 -0.131624 -1.11808e-21)
(1.29287 -0.122062 -1.56525e-21)
(1.29277 -0.126286 -5.82109e-21)
(1.29599 -0.151846 -3.06355e-21)
(1.29581 -0.146756 -5.20701e-21)
(1.29538 -0.136838 8.1558e-22)
(1.29521 -0.141532 -1.47895e-20)
(1.29206 -0.176479 2.6331e-21)
(1.29351 -0.171828 -5.08125e-21)
(1.2946 -0.167033 -6.46168e-21)
(1.29531 -0.162093 -2.47525e-21)
(1.29599 -0.151846 -3.06355e-21)
(1.29563 -0.15701 -2.236e-21)
(1.27132 -0.211479 -3.58157e-22)
(1.27497 -0.207764 8.1589e-22)
(1.27838 -0.203901 -1.68783e-22)
(1.28153 -0.199889 1.52507e-22)
(1.28439 -0.195726 -4.38755e-21)
(1.28696 -0.191414 2.32397e-21)
(1.28921 -0.18695 -5.58138e-22)
(1.29206 -0.176479 2.6331e-21)
(1.29114 -0.182336 -1.88436e-21)
(1.27132 -0.211479 -3.58157e-22)
(1.26907 -0.218153 7.22527e-23)
)
;
    }
}


// ************************************************************************* //
