/*--------------------------------*- C++ -*----------------------------------*\
  =========                 |
  \\      /  F ield         | OpenFOAM: The Open Source CFD Toolbox
   \\    /   O peration     | Website:  https://openfoam.org
    \\  /    A nd           | Version:  7
     \\/     M anipulation  |
\*---------------------------------------------------------------------------*/
FoamFile
{
    version     2.0;
    format      ascii;
    class       volVectorField;
    location    "10";
    object      U;
}
// * * * * * * * * * * * * * * * * * * * * * * * * * * * * * * * * * * * * * //

dimensions      [0 1 -1 0 0 0 0];

internalField   nonuniform List<vector> 
2625
(
(1.06755 -0.0603833 -2.64943e-20)
(1.07144 -0.0600708 1.4905e-20)
(1.07539 -0.0596946 9.07123e-20)
(1.07941 -0.0592579 -3.21487e-21)
(1.0835 -0.058764 -7.3228e-21)
(1.08765 -0.0582163 3.56379e-20)
(1.09186 -0.0576187 -7.84742e-21)
(1.09613 -0.056975 -5.53039e-20)
(1.10044 -0.0562896 1.23951e-20)
(1.10992 -0.072669 -2.13899e-20)
(1.10481 -0.0555665 5.96961e-20)
(1.11434 -0.0720795 3.76483e-20)
(1.10922 -0.0548105 -8.66324e-21)
(1.1188 -0.0714578 -7.19544e-21)
(1.11366 -0.0540259 -4.36283e-20)
(1.11813 -0.0532176 7.64146e-22)
(1.00001 -1.12782e-05 0)
(1.00014 -3.38578e-05 0)
(1.00044 -5.56337e-05 0)
(1.00085 -7.73026e-05 0)
(1.00139 -9.86706e-05 0)
(1.00204 -0.000119926 0)
(1.00279 -0.00014111 0)
(1.00365 -0.000162294 0)
(1.00461 -0.000183522 0)
(1.00566 -0.000204831 0)
(1.00679 -0.000226249 0)
(1.00801 -0.00024779 0)
(1.00931 -0.000269464 0)
(1.01069 -0.000291268 0)
(1.01214 -0.000313195 0)
(1.01366 -0.000335228 0)
(1.01524 -0.000357348 0)
(1.01688 -0.000379528 0)
(1.01858 -0.000401736 0)
(1.02034 -0.000423936 0)
(1.02215 -0.000446085 0)
(1.024 -0.000468133 0)
(1.0259 -0.000490012 0)
(1.02783 -0.000511627 0)
(1.0298 -0.000532825 0)
(1.03181 -0.000553354 0)
(1.03383 -0.000572769 0)
(1.03588 -0.000590272 0)
(1.03793 -0.000604388 0)
(1.03998 -0.000612298 0)
(1.00001 -3.37797e-05 0)
(1.00014 -0.000101074 0)
(1.00044 -0.000166269 0)
(1.00085 -0.000230969 0)
(1.00138 -0.000294825 0)
(1.00203 -0.000358329 0)
(1.00279 -0.000421627 0)
(1.00365 -0.000484921 0)
(1.00461 -0.000548348 0)
(1.00565 -0.00061202 0)
(1.00679 -0.000676016 0)
(1.00801 -0.000740384 0)
(1.00931 -0.000805146 0)
(1.01069 -0.0008703 0)
(1.01213 -0.00093582 0)
(1.01365 -0.00100166 0)
(1.01523 -0.00106776 0)
(1.01687 -0.00113404 0)
(1.01858 -0.00120041 0)
(1.02033 -0.00126675 0)
(1.02214 -0.00133295 0)
(1.02399 -0.00139884 0)
(1.02589 -0.00146423 0)
(1.02782 -0.00152882 0)
(1.02979 -0.00159218 0)
(1.0318 -0.00165354 0)
(1.03382 -0.00171158 0)
(1.03587 -0.00176392 0)
(1.03792 -0.00180625 0)
(1.03997 -0.00183056 0)
(1.00001 -5.60916e-05 0)
(1.00014 -0.000167348 0)
(1.00044 -0.000275578 0)
(1.00085 -0.000382725 0)
(1.00138 -0.000488555 0)
(1.00203 -0.000593782 0)
(1.00279 -0.000698674 0)
(1.00365 -0.000803559 0)
(1.0046 -0.000908668 0)
(1.00565 -0.00101419 0)
(1.00678 -0.00112024 0)
(1.008 -0.00122692 0)
(1.0093 -0.00133425 0)
(1.01068 -0.00144224 0)
(1.01212 -0.00155083 0)
(1.01364 -0.00165996 0)
(1.01522 -0.00176953 0)
(1.01686 -0.0018794 0)
(1.01856 -0.00198941 0)
(1.02031 -0.00209939 0)
(1.02212 -0.00220912 0)
(1.02397 -0.00231836 0)
(1.02587 -0.00242676 0)
(1.0278 -0.00253386 0)
(1.02977 -0.00263891 0)
(1.03177 -0.00274065 0)
(1.0338 -0.00283691 0)
(1.03584 -0.00292378 0)
(1.0379 -0.00299425 0)
(1.03994 -0.00303549 0)
(1.00001 -7.81195e-05 0)
(1.00014 -0.000232745 0)
(1.00043 -0.000383477 0)
(1.00085 -0.000532515 0)
(1.00138 -0.000679783 0)
(1.00203 -0.000826196 0)
(1.00278 -0.000972151 0)
(1.00364 -0.0011181 0)
(1.0046 -0.00126436 0)
(1.00564 -0.0014112 0)
(1.00677 -0.00155879 0)
(1.00799 -0.00170725 0)
(1.00929 -0.00185663 0)
(1.01066 -0.00200693 0)
(1.01211 -0.00215808 0)
(1.01362 -0.00230999 0)
(1.0152 -0.00246251 0)
(1.01684 -0.00261545 0)
(1.01854 -0.0027686 0)
(1.02029 -0.00292172 0)
(1.02209 -0.0030745 0)
(1.02395 -0.0032266 0)
(1.02584 -0.00337754 0)
(1.02777 -0.00352668 0)
(1.02974 -0.00367297 0)
(1.03174 -0.00381467 0)
(1.03377 -0.00394877 0)
(1.03581 -0.00406988 0)
(1.03786 -0.00416838 0)
(1.03991 -0.0042268 0)
(1.00001 -9.98464e-05 0)
(1.00014 -0.00029727 0)
(1.00043 -0.000489932 0)
(1.00085 -0.000680302 0)
(1.00138 -0.000868457 0)
(1.00203 -0.00105551 0)
(1.00278 -0.00124199 0)
(1.00363 -0.00142846 0)
(1.00459 -0.00161534 0)
(1.00563 -0.00180296 0)
(1.00676 -0.00199156 0)
(1.00798 -0.00218128 0)
(1.00927 -0.00237218 0)
(1.01064 -0.00256426 0)
(1.01209 -0.00275746 0)
(1.0136 -0.00295163 0)
(1.01517 -0.00314659 0)
(1.01681 -0.00334211 0)
(1.01851 -0.00353791 0)
(1.02026 -0.00373367 0)
(1.02206 -0.00392902 0)
(1.02391 -0.00412351 0)
(1.0258 -0.00431653 0)
(1.02774 -0.00450725 0)
(1.0297 -0.00469435 0)
(1.0317 -0.00487562 0)
(1.03373 -0.0050472 0)
(1.03577 -0.00520225 0)
(1.03782 -0.00532865 0)
(1.03987 -0.00540439 0)
(1.00001 -0.000121272 0)
(1.00014 -0.000360902 0)
(1.00043 -0.000594917 0)
(1.00084 -0.000826048 0)
(1.00138 -0.00105453 0)
(1.00202 -0.00128167 0)
(1.00277 -0.00150811 0)
(1.00363 -0.00173456 0)
(1.00458 -0.00196152 0)
(1.00562 -0.00218939 0)
(1.00675 -0.00241846 0)
(1.00796 -0.0026489 0)
(1.00925 -0.00288079 0)
(1.01062 -0.00311414 0)
(1.01206 -0.00334886 0)
(1.01357 -0.00358478 0)
(1.01514 -0.00382168 0)
(1.01678 -0.00405928 0)
(1.01847 -0.00429724 0)
(1.02022 -0.00453517 0)
(1.02202 -0.00477262 0)
(1.02387 -0.00500903 0)
(1.02576 -0.00524369 0)
(1.02769 -0.00547557 0)
(1.02965 -0.00570306 0)
(1.03165 -0.0059235 0)
(1.03367 -0.00613221 0)
(1.03572 -0.00632094 0)
(1.03777 -0.00647509 0)
(1.03981 -0.00656819 0)
(1.00001 -0.000142392 0)
(1.00014 -0.000423624 0)
(1.00043 -0.000698406 0)
(1.00084 -0.000969719 0)
(1.00137 -0.00123795 0)
(1.00201 -0.00150461 0)
(1.00276 -0.00177047 0)
(1.00362 -0.00203634 0)
(1.00456 -0.00230283 0)
(1.0056 -0.0025704 0)
(1.00673 -0.00283939 0)
(1.00794 -0.00311002 0)
(1.00923 -0.00338238 0)
(1.01059 -0.00365647 0)
(1.01203 -0.00393219 0)
(1.01353 -0.00420935 0)
(1.01511 -0.0044877 0)
(1.01674 -0.00476688 0)
(1.01843 -0.00504652 0)
(1.02017 -0.00532615 0)
(1.02197 -0.00560524 0)
(1.02382 -0.00588314 0)
(1.0257 -0.006159 0)
(1.02763 -0.00643161 0)
(1.0296 -0.0066991 0)
(1.03159 -0.00695833 0)
(1.03361 -0.00720383 0)
(1.03565 -0.00742596 0)
(1.0377 -0.00760769 0)
(1.03975 -0.00771816 0)
(1.00001 -0.000163203 0)
(1.00014 -0.000485422 0)
(1.00043 -0.000800377 0)
(1.00084 -0.00111128 0)
(1.00137 -0.00141869 0)
(1.00201 -0.0017243 0)
(1.00276 -0.002029 0)
(1.0036 -0.00233374 0)
(1.00455 -0.00263919 0)
(1.00558 -0.00294591 0)
(1.00671 -0.00325429 0)
(1.00791 -0.00356457 0)
(1.0092 -0.00387686 0)
(1.01056 -0.00419117 0)
(1.01199 -0.00450738 0)
(1.0135 -0.00482528 0)
(1.01506 -0.00514456 0)
(1.01669 -0.00546485 0)
(1.01838 -0.0057857 0)
(1.02012 -0.00610657 0)
(1.02192 -0.00642685 0)
(1.02376 -0.00674579 0)
(1.02564 -0.00706242 0)
(1.02757 -0.00737537 0)
(1.02953 -0.00768246 0)
(1.03152 -0.00798012 0)
(1.03354 -0.0082621 0)
(1.03558 -0.00851736 0)
(1.03763 -0.0087265 0)
(1.03967 -0.00885428 0)
(1.00001 -0.000183699 0)
(1.00014 -0.000546285 0)
(1.00043 -0.000900809 0)
(1.00083 -0.00125071 0)
(1.00136 -0.00159671 0)
(1.002 -0.00194068 0)
(1.00275 -0.00228366 0)
(1.00359 -0.00262669 0)
(1.00453 -0.00297055 0)
(1.00556 -0.00331587 0)
(1.00668 -0.00366308 0)
(1.00789 -0.00401246 0)
(1.00917 -0.00436416 0)
(1.01052 -0.00471816 0)
(1.01195 -0.00507435 0)
(1.01345 -0.00543248 0)
(1.01502 -0.00579221 0)
(1.01664 -0.00615313 0)
(1.01832 -0.00651471 0)
(1.02006 -0.00687637 0)
(1.02185 -0.0072374 0)
(1.02369 -0.00759696 0)
(1.02557 -0.00795396 0)
(1.0275 -0.00830684 0)
(1.02945 -0.00865317 0)
(1.03145 -0.0089889 0)
(1.03346 -0.00930704 0)
(1.0355 -0.00959517 0)
(1.03755 -0.00983153 0)
(1.03959 -0.00997655 0)
(1.00001 -0.000203878 0)
(1.00014 -0.000606203 0)
(1.00043 -0.000999685 0)
(1.00083 -0.00138798 0)
(1.00136 -0.00177198 0)
(1.00199 -0.00215373 0)
(1.00273 -0.0025344 0)
(1.00358 -0.00291515 0)
(1.00451 -0.00329686 0)
(1.00554 -0.00368021 0)
(1.00666 -0.0040657 0)
(1.00786 -0.00445365 0)
(1.00913 -0.00484421 0)
(1.01049 -0.00523738 0)
(1.01191 -0.00563303 0)
(1.0134 -0.00603089 0)
(1.01496 -0.00643059 0)
(1.01658 -0.00683166 0)
(1.01826 -0.00723352 0)
(1.02 -0.00763551 0)
(1.02178 -0.00803687 0)
(1.02362 -0.00843664 0)
(1.0255 -0.0088336 0)
(1.02742 -0.00922603 0)
(1.02937 -0.00961123 0)
(1.03136 -0.0099847 0)
(1.03337 -0.0103387 0)
(1.03541 -0.0106594 0)
(1.03746 -0.0109228 0)
(1.03949 -0.011085 0)
(1.00001 -0.000223736 0)
(1.00014 -0.000665166 0)
(1.00042 -0.00109699 0)
(1.00083 -0.00152307 0)
(1.00135 -0.00194446 0)
(1.00198 -0.00236341 0)
(1.00272 -0.00278118 0)
(1.00356 -0.00319908 0)
(1.00449 -0.00361806 0)
(1.00552 -0.00403889 0)
(1.00663 -0.00446211 0)
(1.00782 -0.00488808 0)
(1.0091 -0.00531697 0)
(1.01044 -0.00574878 0)
(1.01186 -0.00618338 0)
(1.01335 -0.00662047 0)
(1.0149 -0.00705965 0)
(1.01652 -0.00750039 0)
(1.01819 -0.00794208 0)
(1.01992 -0.00838398 0)
(1.02171 -0.00882523 0)
(1.02354 -0.0092648 0)
(1.02541 -0.00970135 0)
(1.02733 -0.010133 0)
(1.02928 -0.0105567 0)
(1.03127 -0.0109676 0)
(1.03328 -0.0113571 0)
(1.03531 -0.0117102 0)
(1.03735 -0.0120004 0)
(1.03939 -0.0121796 0)
(1.00001 -0.000243271 0)
(1.00014 -0.000723168 0)
(1.00042 -0.00119271 0)
(1.00082 -0.00165596 0)
(1.00134 -0.00211415 0)
(1.00197 -0.00256969 0)
(1.00271 -0.00302398 0)
(1.00354 -0.00347844 0)
(1.00447 -0.00393412 0)
(1.00549 -0.00439186 0)
(1.0066 -0.00485225 0)
(1.00779 -0.00531569 0)
(1.00905 -0.00578237 0)
(1.0104 -0.00625231 0)
(1.01181 -0.00672534 0)
(1.01329 -0.00720117 0)
(1.01484 -0.00767935 0)
(1.01645 -0.00815931 0)
(1.01812 -0.00864037 0)
(1.01985 -0.00912174 0)
(1.02162 -0.00960248 0)
(1.02345 -0.0100815 0)
(1.02532 -0.0105572 0)
(1.02723 -0.0110276 0)
(1.02918 -0.0114895 0)
(1.03116 -0.0119375 0)
(1.03317 -0.0123623 0)
(1.0352 -0.0127474 0)
(1.03724 -0.0130644 0)
(1.03928 -0.0132605 0)
(1.00001 -0.00026248 0)
(1.00014 -0.000780202 0)
(1.00042 -0.00128684 0)
(1.00082 -0.00178664 0)
(1.00134 -0.00228101 0)
(1.00196 -0.00277255 0)
(1.0027 -0.00326277 0)
(1.00353 -0.00375321 0)
(1.00445 -0.00424501 0)
(1.00547 -0.00473909 0)
(1.00657 -0.00523609 0)
(1.00775 -0.00573645 0)
(1.00901 -0.00624039 0)
(1.01035 -0.00674792 0)
(1.01175 -0.00725888 0)
(1.01323 -0.00777295 0)
(1.01477 -0.00828965 0)
(1.01638 -0.00880837 0)
(1.01804 -0.00932837 0)
(1.01976 -0.00984879 0)
(1.02153 -0.0103686 0)
(1.02335 -0.0108866 0)
(1.02522 -0.0114012 0)
(1.02713 -0.0119101 0)
(1.02907 -0.0124098 0)
(1.03105 -0.0128945 0)
(1.03306 -0.0133543 0)
(1.03509 -0.0137713 0)
(1.03713 -0.0141147 0)
(1.03915 -0.0143277 0)
(1.00001 -0.000281363 0)
(1.00014 -0.000836263 0)
(1.00042 -0.00137936 0)
(1.00081 -0.00191509 0)
(1.00133 -0.00244504 0)
(1.00195 -0.00297197 0)
(1.00268 -0.00349752 0)
(1.00351 -0.00402336 0)
(1.00443 -0.0045507 0)
(1.00544 -0.00508054 0)
(1.00653 -0.0056136 0)
(1.00771 -0.00615034 0)
(1.00896 -0.00669099 0)
(1.01029 -0.00723559 0)
(1.01169 -0.00778397 0)
(1.01317 -0.00833579 0)
(1.0147 -0.00889053 0)
(1.0163 -0.00944755 0)
(1.01796 -0.0100061 0)
(1.01967 -0.0105651 0)
(1.02144 -0.0111236 0)
(1.02325 -0.0116802 0)
(1.02511 -0.0122333 0)
(1.02702 -0.0127803 0)
(1.02896 -0.0133175 0)
(1.03093 -0.0138388 0)
(1.03294 -0.0143332 0)
(1.03496 -0.0147818 0)
(1.037 -0.0151515 0)
(1.03902 -0.0153812 0)
(1.00001 -0.000299918 0)
(1.00014 -0.000891347 0)
(1.00042 -0.00147027 0)
(1.00081 -0.00204131 0)
(1.00132 -0.00260622 0)
(1.00194 -0.00316794 0)
(1.00266 -0.00372822 0)
(1.00349 -0.00428886 0)
(1.0044 -0.00485116 0)
(1.0054 -0.0054162 0)
(1.00649 -0.00598475 0)
(1.00766 -0.00655731 0)
(1.00891 -0.00713414 0)
(1.01024 -0.00771529 0)
(1.01163 -0.00830059 0)
(1.01309 -0.00888966 0)
(1.01462 -0.00948198 0)
(1.01622 -0.0100768 0)
(1.01787 -0.0106734 0)
(1.01958 -0.0112707 0)
(1.02134 -0.0118675 0)
(1.02315 -0.0124624 0)
(1.025 -0.0130536 0)
(1.0269 -0.0136384 0)
(1.02884 -0.0142128 0)
(1.03081 -0.0147702 0)
(1.03281 -0.0152991 0)
(1.03483 -0.015779 0)
(1.03686 -0.0161749 0)
(1.03888 -0.0164212 0)
(1.00001 -0.000318144 0)
(1.00014 -0.000945453 0)
(1.00041 -0.00155957 0)
(1.0008 -0.00216529 0)
(1.00131 -0.00276455 0)
(1.00193 -0.00336044 0)
(1.00265 -0.00395486 0)
(1.00346 -0.0045497 0)
(1.00437 -0.00514639 0)
(1.00537 -0.00574605 0)
(1.00645 -0.00634952 0)
(1.00762 -0.00695735 0)
(1.00886 -0.00756983 0)
(1.01018 -0.008187 0)
(1.01156 -0.0088087 0)
(1.01302 -0.00943454 0)
(1.01454 -0.010064 0)
(1.01613 -0.0106962 0)
(1.01777 -0.0113304 0)
(1.01947 -0.0119655 0)
(1.02123 -0.0126003 0)
(1.02303 -0.0132331 0)
(1.02488 -0.013862 0)
(1.02678 -0.0144843 0)
(1.02871 -0.0150956 0)
(1.03067 -0.0156889 0)
(1.03267 -0.0162519 0)
(1.03469 -0.016763 0)
(1.03672 -0.0171849 0)
(1.03873 -0.0174476 0)
(1.00001 -0.000336041 0)
(1.00014 -0.000998577 0)
(1.00041 -0.00164725 0)
(1.0008 -0.00228702 0)
(1.0013 -0.00292001 0)
(1.00192 -0.00354946 0)
(1.00263 -0.00417741 0)
(1.00344 -0.00480588 0)
(1.00434 -0.00543635 0)
(1.00534 -0.00607007 0)
(1.00641 -0.0067079 0)
(1.00757 -0.00735044 0)
(1.0088 -0.00799803 0)
(1.01011 -0.0086507 0)
(1.01149 -0.0093083 0)
(1.01294 -0.00997043 0)
(1.01446 -0.0106365 0)
(1.01603 -0.0113057 0)
(1.01767 -0.0119772 0)
(1.01937 -0.0126497 0)
(1.02111 -0.0133219 0)
(1.02291 -0.0139923 0)
(1.02476 -0.0146587 0)
(1.02664 -0.0153181 0)
(1.02857 -0.015966 0)
(1.03053 -0.0165949 0)
(1.03252 -0.0171919 0)
(1.03454 -0.0177339 0)
(1.03657 -0.0181815 0)
(1.03858 -0.0184606 0)
(1.00001 -0.000353608 0)
(1.00014 -0.00105072 0)
(1.00041 -0.00173331 0)
(1.00079 -0.00240651 0)
(1.0013 -0.0030726 0)
(1.0019 -0.00373501 0)
(1.00261 -0.00439589 0)
(1.00342 -0.00505738 0)
(1.00431 -0.00572106 0)
(1.0053 -0.00638824 0)
(1.00637 -0.00705987 0)
(1.00752 -0.00773658 0)
(1.00874 -0.00841873 0)
(1.01005 -0.00910639 0)
(1.01142 -0.00979939 0)
(1.01286 -0.0104973 0)
(1.01437 -0.0111996 0)
(1.01594 -0.0119053 0)
(1.01757 -0.0126135 0)
(1.01925 -0.0133231 0)
(1.02099 -0.0140325 0)
(1.02279 -0.0147401 0)
(1.02462 -0.0154436 0)
(1.02651 -0.0161399 0)
(1.02843 -0.0168241 0)
(1.03038 -0.0174884 0)
(1.03237 -0.018119 0)
(1.03438 -0.0186916 0)
(1.03641 -0.0191649 0)
(1.03841 -0.0194603 0)
(1.00001 -0.000370846 0)
(1.00013 -0.00110188 0)
(1.0004 -0.00181776 0)
(1.00079 -0.00252375 0)
(1.00129 -0.00322233 0)
(1.00189 -0.00391708 0)
(1.00259 -0.00461028 0)
(1.00339 -0.00530419 0)
(1.00428 -0.0060005 0)
(1.00526 -0.00670058 0)
(1.00632 -0.00740544 0)
(1.00746 -0.00811577 0)
(1.00868 -0.00883194 0)
(1.00998 -0.00955406 0)
(1.01134 -0.010282 0)
(1.01277 -0.0110152 0)
(1.01427 -0.0117532 0)
(1.01583 -0.012495 0)
(1.01746 -0.0132396 0)
(1.01914 -0.0139858 0)
(1.02087 -0.014732 0)
(1.02265 -0.0154765 0)
(1.02448 -0.0162168 0)
(1.02636 -0.0169496 0)
(1.02828 -0.0176699 0)
(1.03023 -0.0183692 0)
(1.03221 -0.0190332 0)
(1.03422 -0.0196364 0)
(1.03624 -0.0201351 0)
(1.03824 -0.0204466 0)
(1.00001 -0.000387755 0)
(1.00013 -0.00115206 0)
(1.0004 -0.00190058 0)
(1.00078 -0.00263874 0)
(1.00128 -0.00336919 0)
(1.00187 -0.00409567 0)
(1.00257 -0.00482059 0)
(1.00337 -0.00554633 0)
(1.00425 -0.00627467 0)
(1.00522 -0.00700707 0)
(1.00627 -0.00774459 0)
(1.00741 -0.00848798 0)
(1.00862 -0.00923765 0)
(1.0099 -0.00999371 0)
(1.01126 -0.010756 0)
(1.01268 -0.0115241 0)
(1.01417 -0.0122973 0)
(1.01573 -0.0130748 0)
(1.01734 -0.0138554 0)
(1.01901 -0.0146378 0)
(1.02074 -0.0154205 0)
(1.02251 -0.0162015 0)
(1.02434 -0.0169783 0)
(1.02621 -0.0177474 0)
(1.02812 -0.0185034 0)
(1.03007 -0.0192376 0)
(1.03204 -0.0199348 0)
(1.03404 -0.0205682 0)
(1.03606 -0.0210922 0)
(1.03806 -0.0214198 0)
(1.00001 -0.000404336 0)
(1.00013 -0.00120127 0)
(1.0004 -0.00198179 0)
(1.00078 -0.00275149 0)
(1.00127 -0.00351318 0)
(1.00186 -0.00427078 0)
(1.00255 -0.00502682 0)
(1.00334 -0.00578379 0)
(1.00422 -0.00654358 0)
(1.00518 -0.00730772 0)
(1.00622 -0.00807734 0)
(1.00735 -0.00885325 0)
(1.00855 -0.00963587 0)
(1.00983 -0.0104253 0)
(1.01117 -0.0112215 0)
(1.01259 -0.012024 0)
(1.01407 -0.012832 0)
(1.01562 -0.0136447 0)
(1.01722 -0.0144609 0)
(1.01888 -0.0152792 0)
(1.0206 -0.016098 0)
(1.02237 -0.0169152 0)
(1.02419 -0.0177282 0)
(1.02605 -0.0185333 0)
(1.02796 -0.0193248 0)
(1.0299 -0.0200935 0)
(1.03187 -0.0208237 0)
(1.03386 -0.0214871 0)
(1.03588 -0.0220364 0)
(1.03787 -0.0223799 0)
(1.00001 -0.000420589 0)
(1.00013 -0.0012495 0)
(1.0004 -0.0020614 0)
(1.00077 -0.002862 0)
(1.00125 -0.00365432 0)
(1.00184 -0.00444243 0)
(1.00253 -0.00522897 0)
(1.00331 -0.00601658 0)
(1.00418 -0.00680723 0)
(1.00514 -0.00760253 0)
(1.00617 -0.0084037 0)
(1.00729 -0.00921156 0)
(1.00848 -0.0100266 0)
(1.00975 -0.010849 0)
(1.01109 -0.0116785 0)
(1.01249 -0.0125149 0)
(1.01396 -0.0133572 0)
(1.0155 -0.0142047 0)
(1.0171 -0.0150561 0)
(1.01875 -0.0159099 0)
(1.02046 -0.0167645 0)
(1.02222 -0.0176176 0)
(1.02403 -0.0184665 0)
(1.02589 -0.0193073 0)
(1.02778 -0.0201341 0)
(1.02972 -0.0209371 0)
(1.03169 -0.0217001 0)
(1.03368 -0.0223933 0)
(1.03569 -0.0229676 0)
(1.03767 -0.023327 0)
(1.00001 -0.000436517 0)
(1.00013 -0.00129676 0)
(1.00039 -0.00213939 0)
(1.00076 -0.00297028 0)
(1.00124 -0.00379261 0)
(1.00183 -0.00461061 0)
(1.00251 -0.00542706 0)
(1.00328 -0.00624471 0)
(1.00414 -0.00706563 0)
(1.00509 -0.00789153 0)
(1.00612 -0.00872367 0)
(1.00723 -0.00956294 0)
(1.00841 -0.0104099 0)
(1.00967 -0.0112646 0)
(1.011 -0.0121271 0)
(1.01239 -0.0129968 0)
(1.01385 -0.0138731 0)
(1.01538 -0.0147549 0)
(1.01697 -0.0156411 0)
(1.01861 -0.01653 0)
(1.02031 -0.01742 0)
(1.02206 -0.0183087 0)
(1.02387 -0.0191932 0)
(1.02572 -0.0200695 0)
(1.02761 -0.0209313 0)
(1.02954 -0.0217685 0)
(1.0315 -0.0225639 0)
(1.03348 -0.0232868 0)
(1.03549 -0.023886 0)
(1.03747 -0.0242611 0)
(1.00001 -0.000452122 0)
(1.00013 -0.00134305 0)
(1.00039 -0.00221579 0)
(1.00076 -0.00307633 0)
(1.00123 -0.00392806 0)
(1.00181 -0.00477534 0)
(1.00249 -0.0056211 0)
(1.00325 -0.00646819 0)
(1.00411 -0.0073188 0)
(1.00505 -0.00817471 0)
(1.00607 -0.00903726 0)
(1.00716 -0.00990739 0)
(1.00834 -0.0107857 0)
(1.00958 -0.0116723 0)
(1.0109 -0.0125671 0)
(1.01229 -0.0134698 0)
(1.01374 -0.0143795 0)
(1.01526 -0.0152953 0)
(1.01683 -0.0162158 0)
(1.01847 -0.0171396 0)
(1.02016 -0.0180646 0)
(1.0219 -0.0189886 0)
(1.0237 -0.0199085 0)
(1.02554 -0.02082 0)
(1.02742 -0.0217166 0)
(1.02935 -0.0225877 0)
(1.0313 -0.0234154 0)
(1.03328 -0.0241678 0)
(1.03529 -0.0247917 0)
(1.03726 -0.0251824 0)
(1.00001 -0.000467404 0)
(1.00013 -0.00138838 0)
(1.00038 -0.0022906 0)
(1.00075 -0.00318017 0)
(1.00122 -0.00406068 0)
(1.00179 -0.00493663 0)
(1.00246 -0.00581109 0)
(1.00322 -0.00668704 0)
(1.00407 -0.00756675 0)
(1.005 -0.00845211 0)
(1.00601 -0.00934451 0)
(1.0071 -0.0102449 0)
(1.00826 -0.011154 0)
(1.0095 -0.012072 0)
(1.01081 -0.0129988 0)
(1.01218 -0.0139339 0)
(1.01362 -0.0148766 0)
(1.01513 -0.0158259 0)
(1.01669 -0.0167804 0)
(1.01832 -0.0177386 0)
(1.02 -0.0186984 0)
(1.02174 -0.0196574 0)
(1.02352 -0.0206124 0)
(1.02536 -0.0215588 0)
(1.02723 -0.02249 0)
(1.02915 -0.0233947 0)
(1.0311 -0.0242547 0)
(1.03307 -0.0250362 0)
(1.03508 -0.0256848 0)
(1.03704 -0.026091 0)
(1.00001 -0.000482366 0)
(1.00013 -0.00143275 0)
(1.00038 -0.00236383 0)
(1.00074 -0.00328181 0)
(1.00121 -0.00419047 0)
(1.00178 -0.00509449 0)
(1.00244 -0.00599706 0)
(1.00319 -0.00690127 0)
(1.00403 -0.00780951 0)
(1.00495 -0.00872373 0)
(1.00595 -0.00964542 0)
(1.00703 -0.0105756 0)
(1.00818 -0.011515 0)
(1.00941 -0.0124638 0)
(1.01071 -0.0134219 0)
(1.01207 -0.014389 0)
(1.0135 -0.0153643 0)
(1.015 -0.0163467 0)
(1.01655 -0.0173348 0)
(1.01817 -0.0183271 0)
(1.01984 -0.0193213 0)
(1.02156 -0.0203151 0)
(1.02334 -0.0213049 0)
(1.02517 -0.0222861 0)
(1.02704 -0.0232516 0)
(1.02895 -0.0241898 0)
(1.03089 -0.0250817 0)
(1.03286 -0.0258923 0)
(1.03486 -0.0265654 0)
(1.03681 -0.026987 0)
(1.00001 -0.000497011 0)
(1.00012 -0.00147618 0)
(1.00038 -0.00243549 0)
(1.00073 -0.00338126 0)
(1.0012 -0.00431747 0)
(1.00176 -0.00524895 0)
(1.00241 -0.00617901 0)
(1.00316 -0.0071109 0)
(1.00399 -0.00804708 0)
(1.0049 -0.00898961 0)
(1.00589 -0.00994002 0)
(1.00696 -0.0108994 0)
(1.0081 -0.0118686 0)
(1.00932 -0.0128477 0)
(1.0106 -0.0138367 0)
(1.01196 -0.0148353 0)
(1.01338 -0.0158427 0)
(1.01486 -0.0168578 0)
(1.0164 -0.0178791 0)
(1.01801 -0.0189051 0)
(1.01967 -0.0199335 0)
(1.02139 -0.0209616 0)
(1.02316 -0.021986 0)
(1.02497 -0.0230017 0)
(1.02684 -0.0240014 0)
(1.02874 -0.024973 0)
(1.03068 -0.0258966 0)
(1.03264 -0.0267361 0)
(1.03463 -0.0274336 0)
(1.03658 -0.0278704 0)
(1.00001 -0.000511341 0)
(1.00012 -0.00151866 0)
(1.00037 -0.00250558 0)
(1.00073 -0.00347852 0)
(1.00118 -0.00444168 0)
(1.00174 -0.00540001 0)
(1.00239 -0.00635699 0)
(1.00312 -0.00731596 0)
(1.00395 -0.0082795 0)
(1.00485 -0.00924976 0)
(1.00583 -0.0102283 0)
(1.00689 -0.0112164 0)
(1.00802 -0.0122148 0)
(1.00922 -0.0132237 0)
(1.0105 -0.0142432 0)
(1.01184 -0.0152728 0)
(1.01325 -0.0163118 0)
(1.01472 -0.0173591 0)
(1.01625 -0.0184134 0)
(1.01785 -0.0194727 0)
(1.0195 -0.0205349 0)
(1.0212 -0.0215972 0)
(1.02296 -0.022656 0)
(1.02477 -0.023706 0)
(1.02663 -0.0247396 0)
(1.02852 -0.0257443 0)
(1.03045 -0.0266996 0)
(1.03241 -0.0275678 0)
(1.0344 -0.0282895 0)
(1.03634 -0.0287415 0)
(1.00001 -0.000525359 0)
(1.00012 -0.0015602 0)
(1.00037 -0.00257412 0)
(1.00072 -0.00357362 0)
(1.00117 -0.00456311 0)
(1.00172 -0.0055477 0)
(1.00236 -0.00653099 0)
(1.00309 -0.00751647 0)
(1.0039 -0.0085068 0)
(1.0048 -0.00950422 0)
(1.00577 -0.0105104 0)
(1.00682 -0.0115266 0)
(1.00794 -0.0125537 0)
(1.00913 -0.0135919 0)
(1.01039 -0.0146413 0)
(1.01172 -0.0157015 0)
(1.01312 -0.0167717 0)
(1.01458 -0.0178509 0)
(1.0161 -0.0189375 0)
(1.01768 -0.0200299 0)
(1.01932 -0.0211256 0)
(1.02102 -0.0222218 0)
(1.02277 -0.0233147 0)
(1.02457 -0.0243988 0)
(1.02641 -0.0254663 0)
(1.0283 -0.0265039 0)
(1.03023 -0.0274907 0)
(1.03218 -0.0283875 0)
(1.03416 -0.0291332 0)
(1.03609 -0.0296003 0)
(1.00001 -0.000539068 0)
(1.00012 -0.00160082 0)
(1.00037 -0.00264112 0)
(1.00071 -0.00366656 0)
(1.00116 -0.00468178 0)
(1.0017 -0.00569203 0)
(1.00234 -0.00670105 0)
(1.00306 -0.00771245 0)
(1.00386 -0.00872899 0)
(1.00474 -0.00975302 0)
(1.0057 -0.0107863 0)
(1.00674 -0.0118301 0)
(1.00785 -0.0128853 0)
(1.00903 -0.0139523 0)
(1.01028 -0.0150311 0)
(1.0116 -0.0161214 0)
(1.01298 -0.0172224 0)
(1.01443 -0.018333 0)
(1.01594 -0.0194517 0)
(1.01751 -0.0205767 0)
(1.01914 -0.0217057 0)
(1.02082 -0.0228355 0)
(1.02256 -0.0239623 0)
(1.02435 -0.0250804 0)
(1.02619 -0.0261815 0)
(1.02807 -0.027252 0)
(1.02999 -0.0282701 0)
(1.03193 -0.0291952 0)
(1.03392 -0.029965 0)
(1.03584 -0.0304469 0)
(1.00001 -0.000552471 0)
(1.00012 -0.00164051 0)
(1.00036 -0.00270658 0)
(1.0007 -0.00375737 0)
(1.00115 -0.00479772 0)
(1.00168 -0.00583303 0)
(1.00231 -0.00686719 0)
(1.00302 -0.00790393 0)
(1.00381 -0.00894612 0)
(1.00469 -0.00999619 0)
(1.00564 -0.011056 0)
(1.00666 -0.0121268 0)
(1.00776 -0.0132097 0)
(1.00893 -0.0143049 0)
(1.01017 -0.0154127 0)
(1.01147 -0.0165326 0)
(1.01284 -0.0176639 0)
(1.01428 -0.0188055 0)
(1.01577 -0.0199559 0)
(1.01733 -0.0211133 0)
(1.01895 -0.0222751 0)
(1.02062 -0.0234383 0)
(1.02235 -0.0245988 0)
(1.02414 -0.0257507 0)
(1.02597 -0.0268854 0)
(1.02784 -0.0279885 0)
(1.02975 -0.0290378 0)
(1.03169 -0.0299912 0)
(1.03367 -0.0307849 0)
(1.03558 -0.0312815 0)
(1.00001 -0.000565573 0)
(1.00012 -0.00167929 0)
(1.00036 -0.00277054 0)
(1.00069 -0.00384606 0)
(1.00113 -0.00491094 0)
(1.00166 -0.00597071 0)
(1.00228 -0.00702943 0)
(1.00298 -0.00809094 0)
(1.00377 -0.00915821 0)
(1.00463 -0.0102338 0)
(1.00557 -0.0113195 0)
(1.00658 -0.0124169 0)
(1.00767 -0.0135268 0)
(1.00883 -0.0146499 0)
(1.01005 -0.0157861 0)
(1.01134 -0.0169351 0)
(1.0127 -0.0180963 0)
(1.01412 -0.0192685 0)
(1.01561 -0.0204502 0)
(1.01715 -0.0216396 0)
(1.01876 -0.022834 0)
(1.02042 -0.0240304 0)
(1.02214 -0.0252244 0)
(1.02391 -0.0264099 0)
(1.02573 -0.0275779 0)
(1.0276 -0.0287137 0)
(1.0295 -0.0297941 0)
(1.03143 -0.0307756 0)
(1.03341 -0.031593 0)
(1.03531 -0.0321043 0)
(1.00001 -0.000578376 0)
(1.00012 -0.00171717 0)
(1.00035 -0.00283298 0)
(1.00069 -0.00393263 0)
(1.00112 -0.00502146 0)
(1.00164 -0.00610511 0)
(1.00225 -0.00718781 0)
(1.00295 -0.00827351 0)
(1.00372 -0.0093653 0)
(1.00457 -0.0104658 0)
(1.0055 -0.011577 0)
(1.0065 -0.0127003 0)
(1.00758 -0.0138369 0)
(1.00872 -0.0149871 0)
(1.00993 -0.0161513 0)
(1.01121 -0.017329 0)
(1.01255 -0.0185196 0)
(1.01396 -0.019722 0)
(1.01544 -0.0209347 0)
(1.01697 -0.0221557 0)
(1.01856 -0.0233824 0)
(1.02021 -0.0246117 0)
(1.02192 -0.025839 0)
(1.02368 -0.0270579 0)
(1.0255 -0.0282593 0)
(1.02735 -0.0294276 0)
(1.02925 -0.0305391 0)
(1.03118 -0.0315486 0)
(1.03315 -0.0323896 0)
(1.03504 -0.0329153 0)
(1.00001 -0.000590885 0)
(1.00012 -0.00175415 0)
(1.00035 -0.00289394 0)
(1.00068 -0.00401712 0)
(1.0011 -0.00512929 0)
(1.00162 -0.00623624 0)
(1.00222 -0.00734234 0)
(1.00291 -0.00845167 0)
(1.00367 -0.00956742 0)
(1.00452 -0.0106923 0)
(1.00543 -0.0118283 0)
(1.00642 -0.0129771 0)
(1.00748 -0.0141398 0)
(1.00861 -0.0153168 0)
(1.00981 -0.0165084 0)
(1.01108 -0.0177143 0)
(1.01241 -0.0189339 0)
(1.0138 -0.0201661 0)
(1.01526 -0.0214093 0)
(1.01678 -0.0226616 0)
(1.01836 -0.0239204 0)
(1.02 -0.0251823 0)
(1.0217 -0.0264427 0)
(1.02345 -0.027695 0)
(1.02525 -0.0289296 0)
(1.0271 -0.0301304 0)
(1.02899 -0.0312729 0)
(1.03091 -0.0323102 0)
(1.03288 -0.0331747 0)
(1.03476 -0.0337147 0)
(1.00001 -0.000603103 0)
(1.00011 -0.00179025 0)
(1.00034 -0.00295342 0)
(1.00067 -0.00409954 0)
(1.00109 -0.00523447 0)
(1.0016 -0.00636413 0)
(1.00219 -0.00749307 0)
(1.00287 -0.00862546 0)
(1.00363 -0.00976461 0)
(1.00446 -0.0109133 0)
(1.00536 -0.0120737 0)
(1.00634 -0.0132474 0)
(1.00739 -0.0144356 0)
(1.0085 -0.0156389 0)
(1.00969 -0.0168575 0)
(1.01094 -0.0180912 0)
(1.01226 -0.0193393 0)
(1.01364 -0.0206008 0)
(1.01508 -0.0218742 0)
(1.01659 -0.0231574 0)
(1.01816 -0.0244479 0)
(1.01978 -0.0257422 0)
(1.02147 -0.0270356 0)
(1.02321 -0.0283211 0)
(1.025 -0.0295889 0)
(1.02684 -0.0308222 0)
(1.02873 -0.0319957 0)
(1.03064 -0.0330608 0)
(1.0326 -0.0339487 0)
(1.03447 -0.0345028 0)
(1.00001 -0.000615036 0)
(1.00011 -0.00182547 0)
(1.00034 -0.00301143 0)
(1.00066 -0.00417989 0)
(1.00107 -0.005337 0)
(1.00158 -0.00648881 0)
(1.00216 -0.00764001 0)
(1.00283 -0.00879491 0)
(1.00358 -0.00995692 0)
(1.0044 -0.0111289 0)
(1.00529 -0.0123131 0)
(1.00625 -0.0135112 0)
(1.00729 -0.0147245 0)
(1.00839 -0.0159535 0)
(1.00956 -0.0171986 0)
(1.0108 -0.0184595 0)
(1.0121 -0.0197357 0)
(1.01347 -0.0210261 0)
(1.0149 -0.0223293 0)
(1.01639 -0.0236432 0)
(1.01795 -0.0249651 0)
(1.01956 -0.0262916 0)
(1.02123 -0.0276177 0)
(1.02296 -0.0289364 0)
(1.02475 -0.0302374 0)
(1.02658 -0.0315031 0)
(1.02846 -0.0327076 0)
(1.03036 -0.0338005 0)
(1.03232 -0.0347116 0)
(1.03418 -0.0352797 0)
(1.00001 -0.000626687 0)
(1.00011 -0.00185982 0)
(1.00034 -0.00306798 0)
(1.00065 -0.0042582 0)
(1.00106 -0.00543692 0)
(1.00156 -0.0066103 0)
(1.00213 -0.0077832 0)
(1.00279 -0.00896005 0)
(1.00353 -0.0101444 0)
(1.00433 -0.0113391 0)
(1.00522 -0.0125466 0)
(1.00617 -0.0137686 0)
(1.00719 -0.0150064 0)
(1.00828 -0.0162606 0)
(1.00943 -0.0175317 0)
(1.01066 -0.0188194 0)
(1.01194 -0.0201233 0)
(1.0133 -0.0214422 0)
(1.01471 -0.0227748 0)
(1.01619 -0.0241189 0)
(1.01773 -0.025472 0)
(1.01933 -0.0268304 0)
(1.02099 -0.0281892 0)
(1.02271 -0.0295409 0)
(1.02449 -0.030875 0)
(1.02631 -0.0321733 0)
(1.02818 -0.0334088 0)
(1.03008 -0.0345295 0)
(1.03204 -0.0354638 0)
(1.03389 -0.0360456 0)
(1.00001 -0.00063806 0)
(1.00011 -0.00189331 0)
(1.00033 -0.00312309 0)
(1.00064 -0.00433449 0)
(1.00104 -0.00553424 0)
(1.00153 -0.00672862 0)
(1.0021 -0.00792268 0)
(1.00275 -0.00912094 0)
(1.00347 -0.010327 0)
(1.00427 -0.011544 0)
(1.00514 -0.0127742 0)
(1.00608 -0.0140196 0)
(1.00709 -0.0152814 0)
(1.00816 -0.0165604 0)
(1.0093 -0.017857 0)
(1.01051 -0.0191711 0)
(1.01178 -0.0205021 0)
(1.01312 -0.0218491 0)
(1.01452 -0.0232107 0)
(1.01599 -0.0245847 0)
(1.01751 -0.0259686 0)
(1.0191 -0.0273587 0)
(1.02075 -0.0287499 0)
(1.02246 -0.0301347 0)
(1.02422 -0.031502 0)
(1.02603 -0.0328328 0)
(1.0279 -0.0340995 0)
(1.02979 -0.035248 0)
(1.03175 -0.0362054 0)
(1.03359 -0.0368007 0)
(1.00001 -0.000649161 0)
(1.00011 -0.00192594 0)
(1.00033 -0.00317678 0)
(1.00063 -0.00440877 0)
(1.00103 -0.00562898 0)
(1.00151 -0.00684381 0)
(1.00207 -0.00805847 0)
(1.00271 -0.00927759 0)
(1.00342 -0.0105049 0)
(1.00421 -0.0117436 0)
(1.00506 -0.0129961 0)
(1.00599 -0.0142643 0)
(1.00698 -0.0155496 0)
(1.00804 -0.0168528 0)
(1.00917 -0.0181744 0)
(1.01036 -0.0195144 0)
(1.01162 -0.0208722 0)
(1.01294 -0.0222468 0)
(1.01433 -0.023637 0)
(1.01578 -0.0250406 0)
(1.01729 -0.0264551 0)
(1.01886 -0.0278766 0)
(1.0205 -0.0293001 0)
(1.02219 -0.0307178 0)
(1.02395 -0.0321183 0)
(1.02575 -0.0334819 0)
(1.02761 -0.0347799 0)
(1.0295 -0.0359563 0)
(1.03145 -0.0369367 0)
(1.03328 -0.0375453 0)
(1.00001 -0.000659993 0)
(1.00011 -0.00195773 0)
(1.00032 -0.00322905 0)
(1.00062 -0.00448106 0)
(1.00101 -0.00572117 0)
(1.00149 -0.00695589 0)
(1.00204 -0.00819061 0)
(1.00267 -0.00943006 0)
(1.00337 -0.0106781 0)
(1.00414 -0.0119379 0)
(1.00499 -0.0132121 0)
(1.0059 -0.0145027 0)
(1.00688 -0.015811 0)
(1.04206 -0.000607596 1.04068e-21)
(1.04427 -0.000603477 9.70068e-22)
(1.04654 -0.000599511 6.28302e-22)
(1.04888 -0.000595357 2.08146e-21)
(1.05129 -0.000590857 -2.44256e-22)
(1.05376 -0.00058597 -1.0623e-21)
(1.0563 -0.00058068 -2.29882e-21)
(1.05891 -0.00057499 5.98183e-22)
(1.06158 -0.000568918 -1.60698e-21)
(1.06433 -0.000562489 3.47272e-22)
(1.06715 -0.000555734 -4.18411e-22)
(1.07003 -0.000548691 4.75607e-22)
(1.07298 -0.000541404 9.13955e-22)
(1.076 -0.000533918 -3.13993e-22)
(1.07909 -0.000526284 -1.39919e-21)
(1.08224 -0.000518556 2.10956e-21)
(1.08546 -0.000510787 -7.37063e-22)
(1.08875 -0.000503034 -1.32916e-21)
(1.09211 -0.000495352 5.57701e-23)
(1.09553 -0.000487792 1.00193e-21)
(1.09902 -0.000480405 1.65191e-21)
(1.10257 -0.000473234 4.77757e-22)
(1.10619 -0.000466318 -7.98313e-23)
(1.10987 -0.000459688 -4.32363e-22)
(1.11361 -0.000453364 5.75592e-22)
(1.04205 -0.00182226 6.81911e-22)
(1.04425 -0.001813 -2.41432e-21)
(1.04653 -0.00180358 -2.85239e-21)
(1.04886 -0.00179335 -2.08388e-22)
(1.05127 -0.00178192 -1.55984e-21)
(1.05374 -0.0017692 1.20411e-21)
(1.05628 -0.00175513 1.06553e-22)
(1.05889 -0.00173973 2.14115e-21)
(1.06157 -0.00172302 -5.37181e-22)
(1.06431 -0.00170509 2.13443e-21)
(1.06713 -0.00168602 -3.63896e-21)
(1.07001 -0.00166592 -3.51191e-22)
(1.07297 -0.00164491 -3.5539e-22)
(1.07599 -0.00162313 -6.58318e-23)
(1.07907 -0.00160073 2.71276e-21)
(1.08223 -0.00157785 -2.91768e-21)
(1.08545 -0.00155467 3.24766e-21)
(1.08874 -0.00153135 -2.29187e-22)
(1.0921 -0.00150806 -8.31287e-22)
(1.09552 -0.00148496 -1.88928e-21)
(1.09901 -0.00146221 -3.35081e-22)
(1.10256 -0.00143993 -1.5198e-21)
(1.10618 -0.00141825 1.60075e-23)
(1.10986 -0.00139728 -3.0541e-23)
(1.11361 -0.00137708 -5.95175e-22)
(1.04202 -0.00302551 -3.26777e-21)
(1.04423 -0.00301246 5.34123e-21)
(1.04649 -0.00299842 2.45699e-21)
(1.04883 -0.00298266 -2.69688e-21)
(1.05123 -0.00296471 -7.33965e-22)
(1.05371 -0.00294448 1.72376e-21)
(1.05625 -0.00292189 -2.774e-21)
(1.05885 -0.00289698 2.16251e-21)
(1.06153 -0.00286982 6.43906e-21)
(1.06428 -0.00284052 -1.57172e-21)
(1.0671 -0.00280923 -1.25752e-22)
(1.06998 -0.00277612 -1.43462e-22)
(1.07293 -0.00274141 -1.93076e-21)
(1.07596 -0.00270532 -1.68498e-21)
(1.07905 -0.00266809 -4.06119e-21)
(1.0822 -0.00263 2.6348e-21)
(1.08543 -0.00259131 1.86789e-21)
(1.08872 -0.00255231 3.53095e-21)
(1.09208 -0.00251328 1.13103e-21)
(1.0955 -0.00247449 1.42586e-21)
(1.09899 -0.00243619 1.35219e-21)
(1.10255 -0.00239864 2.50711e-21)
(1.10617 -0.00236203 -8.13072e-24)
(1.10986 -0.00232654 1.74273e-21)
(1.1136 -0.0022923 8.36169e-22)
(1.04199 -0.00421594 -2.89097e-21)
(1.04419 -0.00419957 -9.97663e-21)
(1.04645 -0.00418107 -1.23693e-21)
(1.04878 -0.00415975 4.53202e-21)
(1.05119 -0.00413518 -1.60822e-21)
(1.05366 -0.00410729 -2.70418e-21)
(1.0562 -0.00407604 -9.74969e-22)
(1.05881 -0.00404149 -4.88923e-21)
(1.06148 -0.00400374 -7.79336e-21)
(1.06423 -0.00396296 -1.39247e-21)
(1.06705 -0.00391937 3.87008e-21)
(1.06994 -0.0038732 1.13598e-21)
(1.07289 -0.00382476 3.64592e-21)
(1.07592 -0.00377434 1.93644e-21)
(1.07901 -0.00372231 3.06124e-21)
(1.08217 -0.00366903 1.12005e-21)
(1.08539 -0.00361488 -6.2751e-21)
(1.08869 -0.00356026 1.3604e-22)
(1.09205 -0.00350557 -2.82358e-21)
(1.09548 -0.00345117 -3.7065e-21)
(1.09897 -0.00339745 -1.85149e-21)
(1.10253 -0.00334473 1.64321e-21)
(1.10616 -0.0032933 -1.45076e-21)
(1.10984 -0.00324341 2.04574e-21)
(1.1136 -0.00319524 -1.04053e-21)
(1.04194 -0.00539323 2.60185e-21)
(1.04413 -0.00537394 1.35149e-20)
(1.04639 -0.00535129 5.77886e-21)
(1.04872 -0.00532457 1.14389e-23)
(1.05112 -0.00529344 8.82527e-21)
(1.05359 -0.00525793 5.68485e-21)
(1.05613 -0.00521802 7.14173e-21)
(1.05874 -0.00517382 -3.6072e-21)
(1.06142 -0.00512549 -1.44536e-21)
(1.06417 -0.00507324 1.821e-21)
(1.06699 -0.00501737 3.91165e-21)
(1.06988 -0.00495817 5.69374e-22)
(1.07284 -0.00489604 -6.49412e-21)
(1.07586 -0.00483137 4.31243e-21)
(1.07896 -0.0047646 2.29986e-21)
(1.08212 -0.00469622 -5.33743e-21)
(1.08535 -0.00462671 3.43567e-21)
(1.08865 -0.00455657 -2.98261e-21)
(1.09201 -0.00448632 6.81671e-21)
(1.09545 -0.00441643 3.38835e-21)
(1.09894 -0.00434738 2.18762e-21)
(1.10251 -0.0042796 -3.53164e-21)
(1.10614 -0.00421345 1.9442e-21)
(1.10983 -0.00414925 7.04734e-22)
(1.11359 -0.00408725 6.34252e-22)
(1.04188 -0.00655715 -2.80365e-21)
(1.04407 -0.00653533 -6.4488e-21)
(1.04633 -0.00650886 -2.9082e-21)
(1.04865 -0.00647701 1.37689e-21)
(1.05105 -0.00643953 2.44152e-21)
(1.05352 -0.00639653 -1.07723e-21)
(1.05606 -0.00634809 5.03975e-21)
(1.05867 -0.00629435 6.74972e-21)
(1.06135 -0.00623553 -2.21044e-21)
(1.0641 -0.00617191 -1.67256e-21)
(1.06692 -0.00610385 -1.02743e-21)
(1.06981 -0.00603173 4.17877e-22)
(1.07277 -0.00595601 -1.7499e-21)
(1.0758 -0.00587719 -3.20373e-21)
(1.0789 -0.00579581 -2.16577e-21)
(1.08207 -0.00571244 -4.98757e-21)
(1.0853 -0.00562769 -5.89236e-21)
(1.0886 -0.00554216 4.23697e-22)
(1.09197 -0.00545647 -1.9699e-21)
(1.09541 -0.00537121 2.88958e-22)
(1.09891 -0.00528694 -2.50212e-21)
(1.10248 -0.0052042 4.39529e-21)
(1.10611 -0.00512342 -3.78095e-21)
(1.10981 -0.005045 -6.31257e-21)
(1.11357 -0.00496923 -1.84811e-21)
(1.04181 -0.00770751 1.27512e-20)
(1.044 -0.00768346 -3.71819e-21)
(1.04625 -0.00765349 3.58848e-21)
(1.04857 -0.00761676 -4.17673e-21)
(1.05097 -0.00757314 -8.70639e-21)
(1.05344 -0.00752286 -1.16998e-20)
(1.05598 -0.00746604 -1.62954e-20)
(1.05859 -0.0074029 -3.03588e-21)
(1.06127 -0.00733373 6.07753e-21)
(1.06402 -0.00725888 4.06606e-21)
(1.06684 -0.00717877 -6.94761e-21)
(1.06973 -0.00709386 1.03143e-22)
(1.0727 -0.0070047 1.26138e-21)
(1.07573 -0.00691188 -5.48509e-22)
(1.07883 -0.00681603 4.19675e-22)
(1.082 -0.00671783 6.33711e-21)
(1.08524 -0.00661798 -8.14771e-22)
(1.08855 -0.00651721 -5.06628e-21)
(1.09192 -0.00641622 2.67916e-21)
(1.09536 -0.00631573 6.08627e-21)
(1.09887 -0.00621638 -1.35756e-21)
(1.10245 -0.00611879 -3.43874e-21)
(1.10609 -0.0060235 1.03623e-21)
(1.10979 -0.00593095 1.75697e-21)
(1.11356 -0.00584148 1.9687e-21)
(1.04173 -0.00884421 -8.77977e-21)
(1.04392 -0.00881814 1.98935e-21)
(1.04616 -0.00878492 -2.15138e-20)
(1.04848 -0.00874357 1.66329e-21)
(1.05088 -0.00869404 -4.36003e-21)
(1.05334 -0.00863667 6.61111e-21)
(1.05588 -0.00857165 1.15878e-20)
(1.05849 -0.00849929 1.64427e-22)
(1.06117 -0.00841994 6.19005e-21)
(1.06393 -0.00833402 -4.5695e-21)
(1.06675 -0.00824202 -2.29824e-21)
(1.06965 -0.0081445 -2.29691e-21)
(1.07261 -0.00804206 7.13368e-21)
(1.07565 -0.00793541 3.75836e-21)
(1.07875 -0.00782526 -5.57487e-21)
(1.08193 -0.00771241 7.72743e-21)
(1.08517 -0.00759764 1.13376e-20)
(1.08849 -0.0074818 4.63192e-21)
(1.09187 -0.0073657 -8.39112e-21)
(1.09531 -0.00725013 -6.15962e-21)
(1.09883 -0.00713586 8.72798e-21)
(1.10241 -0.00702357 -3.66105e-21)
(1.10606 -0.00691389 2.58291e-21)
(1.10977 -0.00680731 4.23493e-21)
(1.11354 -0.00670425 1.44455e-21)
(1.04164 -0.00996719 -5.46367e-21)
(1.04382 -0.00993925 -3.44915e-21)
(1.04607 -0.00990303 2.56816e-20)
(1.04838 -0.00985727 1.8291e-21)
(1.05078 -0.00980206 -8.30949e-21)
(1.05324 -0.00973781 1.43353e-20)
(1.05578 -0.00966481 7.15067e-21)
(1.05839 -0.00958343 9.71888e-21)
(1.06107 -0.00949409 -3.70862e-21)
(1.06383 -0.00939729 3.34636e-21)
(1.06665 -0.00929359 7.33069e-21)
(1.06955 -0.00918363 1.78282e-21)
(1.07252 -0.00906813 -7.48377e-22)
(1.07556 -0.00894784 1.84274e-21)
(1.07867 -0.0088236 7.99744e-21)
(1.08185 -0.00869629 -6.41704e-21)
(1.0851 -0.00856681 -8.02103e-21)
(1.08842 -0.0084361 5.65396e-21)
(1.0918 -0.00830507 2.54851e-21)
(1.09526 -0.00817461 -3.08079e-21)
(1.09878 -0.00804559 -4.3248e-21)
(1.10237 -0.00791876 6.61867e-21)
(1.10602 -0.00779483 3.3884e-21)
(1.10974 -0.00767436 -8.17286e-21)
(1.11353 -0.0075578 -4.94608e-21)
(1.04155 -0.0110764 2.21379e-21)
(1.04372 -0.0110468 6.69372e-21)
(1.04596 -0.0110077 4.27653e-21)
(1.04828 -0.0109578 -4.17094e-21)
(1.05067 -0.0108971 4.23314e-21)
(1.05313 -0.0108262 -7.80017e-21)
(1.05567 -0.0107454 -1.81592e-20)
(1.05828 -0.0106552 -9.20312e-21)
(1.06096 -0.0105561 4.57893e-21)
(1.06372 -0.0104487 -1.03056e-21)
(1.06655 -0.0103335 -7.40735e-21)
(1.06945 -0.0102113 1.89719e-21)
(1.07242 -0.0100829 -1.67207e-21)
(1.07546 -0.00994925 -5.49876e-21)
(1.07858 -0.00981114 5.57735e-21)
(1.08177 -0.00966959 7.17027e-22)
(1.08502 -0.00952563 -1.04747e-21)
(1.08835 -0.00938026 -7.2237e-22)
(1.09174 -0.00923451 -3.9306e-21)
(1.0952 -0.00908937 -1.83479e-21)
(1.09873 -0.00894578 -2.81938e-22)
(1.10233 -0.0088046 -2.34268e-21)
(1.10599 -0.00866657 -4.54398e-21)
(1.10972 -0.00853233 5.35256e-21)
(1.11351 -0.00840239 -2.40974e-22)
(1.04144 -0.012172 1.1987e-21)
(1.04361 -0.0121407 -9.59645e-21)
(1.04585 -0.012099 -2.27251e-20)
(1.04816 -0.0120451 6.40953e-21)
(1.05055 -0.0119791 1.44527e-21)
(1.05301 -0.0119018 2.15175e-21)
(1.05555 -0.0118135 -1.08041e-20)
(1.05816 -0.0117147 -1.51234e-20)
(1.06084 -0.0116061 1.24825e-20)
(1.0636 -0.0114881 -1.95612e-20)
(1.06643 -0.0113617 1.54051e-20)
(1.06934 -0.0112276 -8.82585e-21)
(1.07231 -0.0110866 -4.40226e-22)
(1.07536 -0.0109397 -5.8255e-21)
(1.07848 -0.010788 -6.67774e-21)
(1.08167 -0.0106325 -4.68917e-21)
(1.08494 -0.0104742 1.86292e-21)
(1.08827 -0.0103144 -1.22261e-21)
(1.09167 -0.0101542 -2.37156e-21)
(1.09514 -0.00999461 -2.65879e-21)
(1.09868 -0.00983666 3.22348e-21)
(1.10228 -0.00968129 7.29214e-21)
(1.10595 -0.00952933 -1.22207e-21)
(1.10969 -0.00938148 6.43859e-21)
(1.11349 -0.00923827 4.11714e-21)
(1.04132 -0.0132538 2.17845e-20)
(1.04349 -0.013221 -7.71447e-21)
(1.04573 -0.0131769 5.59702e-21)
(1.04804 -0.0131191 1.20781e-20)
(1.05042 -0.0130481 9.2301e-21)
(1.05288 -0.0129646 -1.33458e-21)
(1.05542 -0.012869 2.4594e-20)
(1.05803 -0.0127618 1.58789e-20)
(1.06072 -0.0126439 -1.26931e-20)
(1.06348 -0.0125158 -1.26987e-21)
(1.06631 -0.0123783 -1.56112e-20)
(1.06922 -0.0122325 3.70547e-21)
(1.0722 -0.0120791 8.94079e-21)
(1.07526 -0.0119193 -1.17208e-20)
(1.07838 -0.0117542 1.3191e-21)
(1.08158 -0.011585 1.71516e-20)
(1.08485 -0.0114128 -1.36165e-21)
(1.08819 -0.0112388 -5.60283e-22)
(1.09159 -0.0110644 8.71286e-21)
(1.09507 -0.0108905 9.05288e-21)
(1.09862 -0.0107184 2.01155e-21)
(1.10223 -0.0105491 -7.71194e-21)
(1.10591 -0.0103834 -4.35219e-21)
(1.10966 -0.010222 -7.34438e-21)
(1.11347 -0.0100657 -5.49503e-21)
(1.04119 -0.0143221 -1.29693e-20)
(1.04337 -0.0142877 1.0631e-20)
(1.0456 -0.0142413 1.29593e-20)
(1.04791 -0.0141799 -6.42186e-21)
(1.05029 -0.0141041 1.00395e-20)
(1.05275 -0.0140146 -9.11403e-21)
(1.05529 -0.0139119 -1.07539e-20)
(1.0579 -0.0137966 1.02996e-20)
(1.06059 -0.0136696 -7.34137e-21)
(1.06335 -0.0135316 4.52509e-21)
(1.06619 -0.0133834 -9.86886e-21)
(1.0691 -0.0132261 6.85968e-21)
(1.07209 -0.0130606 -3.315e-21)
(1.07514 -0.0128882 9.36643e-21)
(1.07827 -0.01271 5.89309e-21)
(1.08148 -0.0125273 -7.78466e-21)
(1.08475 -0.0123414 -3.60359e-21)
(1.0881 -0.0121536 -9.3814e-21)
(1.09152 -0.0119651 -2.86729e-21)
(1.095 -0.0117773 -1.89122e-21)
(1.09856 -0.0115912 -1.12365e-21)
(1.10218 -0.0114081 8.76819e-21)
(1.10587 -0.0112288 5.12894e-21)
(1.10963 -0.0110542 -4.55996e-21)
(1.11345 -0.0108848 4.53035e-21)
(1.04106 -0.0153767 -2.05888e-20)
(1.04323 -0.0153409 1.80937e-20)
(1.04546 -0.0152924 -7.26879e-21)
(1.04777 -0.0152275 -2.28618e-20)
(1.05015 -0.0151471 -1.79106e-20)
(1.05261 -0.0150518 -8.16352e-21)
(1.05515 -0.0149422 -7.21012e-22)
(1.05776 -0.0148191 5.44902e-21)
(1.06045 -0.0146833 1.31758e-21)
(1.06322 -0.0145356 1.40323e-20)
(1.06606 -0.014377 2.51261e-21)
(1.06897 -0.0142085 8.60341e-22)
(1.07196 -0.0140312 -3.65893e-21)
(1.07503 -0.0138465 2.08032e-20)
(1.07816 -0.0136555 -1.79525e-20)
(1.08137 -0.0134596 -1.59166e-21)
(1.08466 -0.0132603 1.04219e-20)
(1.08801 -0.0130588 6.23626e-21)
(1.09144 -0.0128566 1.5721e-21)
(1.09493 -0.0126551 -2.40678e-22)
(1.0985 -0.0124554 8.02828e-22)
(1.10213 -0.0122587 -1.36058e-20)
(1.10583 -0.012066 -4.70987e-21)
(1.1096 -0.0118782 7.63237e-21)
(1.11343 -0.0116959 5.76213e-21)
(1.04092 -0.0164179 1.48547e-20)
(1.04309 -0.0163807 6.09224e-21)
(1.04531 -0.0163303 -3.51251e-22)
(1.04762 -0.016262 -7.87696e-21)
(1.05 -0.0161771 3.9578e-21)
(1.05247 -0.0160762 7.05207e-21)
(1.055 -0.0159601 1.43416e-20)
(1.05762 -0.0158294 -3.89763e-21)
(1.06031 -0.015685 1.62934e-20)
(1.06308 -0.0155279 -1.76856e-21)
(1.06592 -0.0153591 5.45001e-21)
(1.06884 -0.0151797 7.74576e-22)
(1.07184 -0.014991 -1.18051e-20)
(1.0749 -0.0147942 -1.46744e-20)
(1.07805 -0.0145907 7.59483e-21)
(1.08127 -0.014382 5.27714e-21)
(1.08456 -0.0141695 -5.9971e-21)
(1.08792 -0.0139547 -8.66834e-21)
(1.09135 -0.0137391 -8.09118e-21)
(1.09486 -0.0135241 -1.24793e-20)
(1.09843 -0.0133109 -4.90846e-21)
(1.10208 -0.0131009 8.05324e-21)
(1.10579 -0.012895 5.75832e-21)
(1.10957 -0.0126942 -4.70132e-21)
(1.11341 -0.0124992 1.30595e-22)
(1.04076 -0.0174456 9.97791e-21)
(1.04294 -0.0174072 -1.3892e-20)
(1.04516 -0.0173549 1.61378e-20)
(1.04747 -0.0172834 2.92091e-20)
(1.04985 -0.0171943 -1.62749e-20)
(1.05231 -0.0170881 1.53435e-20)
(1.05485 -0.0169655 -1.69576e-20)
(1.05747 -0.0168275 -9.42863e-21)
(1.06016 -0.0166749 -2.2211e-20)
(1.06293 -0.0165087 2.16334e-20)
(1.06578 -0.01633 3.32882e-22)
(1.0687 -0.01614 -1.1006e-20)
(1.0717 -0.0159401 8.43221e-21)
(1.07478 -0.0157316 -1.31246e-21)
(1.07793 -0.0155159 2.20062e-21)
(1.08115 -0.0152947 5.64873e-21)
(1.08445 -0.0150694 1.01042e-20)
(1.08782 -0.0148415 1.14566e-20)
(1.09127 -0.0146128 8.68075e-21)
(1.09478 -0.0143845 2.41697e-20)
(1.09837 -0.0141581 3.14888e-21)
(1.10202 -0.013935 -8.11533e-21)
(1.10575 -0.0137161 -1.23823e-21)
(1.10954 -0.0135024 3.8509e-21)
(1.11339 -0.0132948 -7.14029e-21)
(1.0406 -0.01846 -3.39938e-21)
(1.04278 -0.0184203 -3.54329e-21)
(1.045 -0.0183664 -3.53496e-20)
(1.04731 -0.0182918 -4.69269e-21)
(1.04969 -0.0181986 2.25654e-20)
(1.05216 -0.0180873 -1.53135e-20)
(1.0547 -0.0179586 1.58683e-21)
(1.05731 -0.0178135 4.9227e-21)
(1.06001 -0.0176529 1.50845e-20)
(1.06278 -0.0174779 -7.0961e-21)
(1.06564 -0.0172896 1.00004e-20)
(1.06856 -0.0170894 1.29667e-20)
(1.07157 -0.0168786 -2.00769e-20)
(1.07465 -0.0166587 4.4519e-21)
(1.07781 -0.0164312 4.40211e-21)
(1.08104 -0.0161977 3.06888e-21)
(1.08435 -0.0159599 7.04818e-22)
(1.08773 -0.0157194 6.00629e-21)
(1.09118 -0.0154777 -6.49504e-21)
(1.0947 -0.0152365 -3.75106e-21)
(1.0983 -0.0149972 -7.17549e-21)
(1.10197 -0.0147611 -6.33545e-21)
(1.1057 -0.0145294 7.93058e-21)
(1.10951 -0.0143031 -9.01348e-21)
(1.11338 -0.0140829 -1.54375e-21)
(1.04043 -0.0194611 -2.59551e-20)
(1.04262 -0.0194202 -1.74328e-20)
(1.04484 -0.0193648 -1.56232e-21)
(1.04714 -0.0192874 1.62525e-21)
(1.04953 -0.0191903 -1.50441e-22)
(1.05199 -0.0190741 2.03422e-20)
(1.05453 -0.0189395 2.12471e-21)
(1.05715 -0.0187875 -1.78927e-20)
(1.05985 -0.0186192 -4.11195e-21)
(1.06263 -0.0184357 -2.99426e-20)
(1.06549 -0.0182382 -2.57426e-21)
(1.06842 -0.018028 -1.05284e-20)
(1.07143 -0.0178067 2.72116e-20)
(1.07452 -0.0175757 -3.57197e-21)
(1.07768 -0.0173367 -9.32489e-21)
(1.08092 -0.0170913 -1.67954e-20)
(1.08424 -0.0168413 -9.67167e-21)
(1.08763 -0.0165884 -2.38202e-21)
(1.09109 -0.0163342 -3.2197e-21)
(1.09463 -0.0160803 -8.22773e-23)
(1.09824 -0.0158283 8.44397e-21)
(1.10191 -0.0155795 8.35356e-21)
(1.10566 -0.0153352 -8.51184e-21)
(1.10948 -0.0150964 3.4762e-21)
(1.11336 -0.0148638 5.57885e-21)
(1.04026 -0.0204491 5.81715e-20)
(1.04245 -0.0204071 4.54711e-22)
(1.04467 -0.0203503 -2.79806e-21)
(1.04697 -0.0202701 1.07067e-20)
(1.04936 -0.0201694 -2.42896e-21)
(1.05182 -0.0200484 1.72101e-20)
(1.05437 -0.0199082 -8.135e-21)
(1.05699 -0.0197497 7.76295e-21)
(1.05969 -0.019574 5.25105e-21)
(1.06247 -0.0193822 3.39179e-20)
(1.06533 -0.0191757 1.38125e-20)
(1.06827 -0.018956 1.40426e-20)
(1.07129 -0.0187244 -1.07901e-20)
(1.07438 -0.0184827 -2.20294e-21)
(1.07755 -0.0182326 4.36517e-21)
(1.0808 -0.0179757 1.78641e-20)
(1.08413 -0.0177138 9.192e-21)
(1.08753 -0.0174488 -2.36645e-21)
(1.091 -0.0171823 6.46816e-21)
(1.09455 -0.0169161 -1.0717e-20)
(1.09817 -0.0166516 3.17297e-21)
(1.10186 -0.0163904 5.96594e-21)
(1.10562 -0.0161336 -5.48789e-21)
(1.10945 -0.0158824 9.85728e-21)
(1.11334 -0.0156376 -3.22845e-21)
(1.04007 -0.0214239 -7.30085e-20)
(1.04227 -0.0213809 -2.23459e-20)
(1.04449 -0.021323 2.84021e-20)
(1.0468 -0.0212401 6.07924e-21)
(1.04918 -0.021136 -1.54537e-21)
(1.05165 -0.0210105 -3.68087e-20)
(1.05419 -0.0208649 3.06682e-20)
(1.05682 -0.0207001 -1.7201e-21)
(1.05953 -0.0205172 -3.13844e-20)
(1.06231 -0.0203176 -6.84771e-21)
(1.06518 -0.0201025 -1.36195e-20)
(1.06812 -0.0198735 -1.71979e-20)
(1.07114 -0.0196321 1.81986e-20)
(1.07425 -0.01938 1.87581e-20)
(1.07743 -0.019119 -1.76511e-20)
(1.08068 -0.0188509 -2.93696e-20)
(1.08402 -0.0185776 -1.79703e-21)
(1.08743 -0.0183008 4.36161e-21)
(1.09091 -0.0180223 -1.11695e-20)
(1.09447 -0.017744 -7.24177e-21)
(1.0981 -0.0174673 -4.25851e-21)
(1.1018 -0.0171938 -1.11833e-20)
(1.10558 -0.0169248 -4.92597e-21)
(1.10942 -0.0166614 -3.31783e-21)
(1.11333 -0.0164044 5.03186e-21)
(1.03988 -0.0223858 1.36727e-20)
(1.04208 -0.0223418 2.6441e-20)
(1.0443 -0.0222829 2.17174e-20)
(1.04661 -0.0221976 -2.10386e-20)
(1.049 -0.0220901 -2.76833e-20)
(1.05147 -0.0219604 -1.61509e-20)
(1.05402 -0.0218097 8.87399e-21)
(1.05665 -0.0216388 -6.97476e-21)
(1.05936 -0.0214492 1.96187e-20)
(1.06215 -0.0212419 3.07405e-21)
(1.06502 -0.0210186 -4.55267e-21)
(1.06797 -0.0207806 8.77896e-21)
(1.071 -0.0205297 -2.01991e-20)
(1.07411 -0.0202677 -6.40275e-21)
(1.07729 -0.0199962 1.46372e-20)
(1.08056 -0.0197173 1.95416e-20)
(1.0839 -0.0194328 -1.77458e-21)
(1.08732 -0.0191445 -1.27523e-21)
(1.09082 -0.0188544 6.77061e-21)
(1.09439 -0.0185642 1.09614e-20)
(1.09803 -0.0182756 7.24351e-21)
(1.10175 -0.0179901 6.47709e-21)
(1.10554 -0.017709 1.7576e-21)
(1.10939 -0.0174335 -9.42498e-21)
(1.11331 -0.0171644 -4.25857e-21)
(1.03968 -0.0233348 3.09713e-20)
(1.04189 -0.0232899 -3.20504e-21)
(1.04411 -0.0232301 -1.00942e-20)
(1.04642 -0.0231425 -3.88263e-20)
(1.04881 -0.023032 2.24179e-20)
(1.05128 -0.0228982 3.16627e-21)
(1.05384 -0.0227426 -2.92453e-20)
(1.05647 -0.0225661 1.50018e-20)
(1.05918 -0.0223699 3.53742e-20)
(1.06198 -0.0221554 -3.07571e-20)
(1.06485 -0.0219241 2.8639e-20)
(1.06781 -0.0216776 2.75706e-21)
(1.07085 -0.0214176 -5.41366e-21)
(1.07396 -0.0211459 3.38821e-21)
(1.07716 -0.0208644 1.18338e-20)
(1.08044 -0.0205749 2.69105e-21)
(1.08379 -0.0202796 2.51707e-21)
(1.08722 -0.0199802 -2.92542e-21)
(1.09073 -0.0196787 1.55822e-20)
(1.09431 -0.019377 6.12814e-21)
(1.09797 -0.0190767 -6.51075e-21)
(1.1017 -0.0187793 -4.75691e-22)
(1.1055 -0.0184863 2.103e-20)
(1.10937 -0.0181989 1.21786e-20)
(1.1133 -0.0179179 4.54238e-21)
(1.03948 -0.024271 1.0004e-20)
(1.04169 -0.0242252 2.79938e-20)
(1.04391 -0.0241649 -5.62455e-20)
(1.04623 -0.024075 6.08868e-20)
(1.04862 -0.0239618 -1.59112e-20)
(1.0511 -0.0238242 8.6582e-21)
(1.05365 -0.023664 -2.08108e-21)
(1.05629 -0.0234819 6.5992e-21)
(1.05901 -0.0232796 -3.66287e-20)
(1.06181 -0.0230582 4.01842e-20)
(1.06469 -0.0228193 -1.18221e-20)
(1.06765 -0.0225646 -3.22108e-20)
(1.0707 -0.0222959 2.13254e-21)
(1.07382 -0.0220149 -2.7413e-20)
(1.07703 -0.0217236 -8.91952e-21)
(1.08031 -0.0214241 -1.81418e-20)
(1.08368 -0.0211182 -6.19411e-21)
(1.08712 -0.020808 -1.55904e-20)
(1.09064 -0.0204955 -6.85607e-21)
(1.09423 -0.0201825 -5.16053e-21)
(1.0979 -0.0198706 4.90899e-21)
(1.10165 -0.0195617 -7.67848e-21)
(1.10546 -0.019257 -3.08051e-21)
(1.10934 -0.0189577 2.85745e-21)
(1.11329 -0.0186648 -6.47e-21)
(1.03926 -0.0251945 -4.08881e-20)
(1.04148 -0.025148 -3.3072e-20)
(1.0437 -0.0250872 1.59678e-21)
(1.04603 -0.0249953 -2.37801e-20)
(1.04842 -0.0248795 2.91306e-20)
(1.0509 -0.0247383 4.86499e-21)
(1.05346 -0.0245737 -6.55349e-21)
(1.0561 -0.0243866 -8.40941e-22)
(1.05883 -0.0241784 -2.4038e-21)
(1.06163 -0.0239504 -2.51074e-20)
(1.06452 -0.0237043 -8.70067e-21)
(1.06749 -0.0234418 2.17396e-20)
(1.07054 -0.0231647 4.88735e-20)
(1.07368 -0.0228748 5.07282e-20)
(1.07689 -0.0225742 3.51263e-20)
(1.08019 -0.0222649 1.96721e-20)
(1.08356 -0.0219489 -1.97334e-21)
(1.08702 -0.0216282 -8.19131e-23)
(1.09055 -0.0213049 5.6311e-21)
(1.09416 -0.0209808 -7.09131e-21)
(1.09784 -0.0206578 -1.07627e-20)
(1.1016 -0.0203374 1.80289e-20)
(1.10542 -0.0200211 1.33547e-21)
(1.10932 -0.0197101 -1.92902e-20)
(1.11328 -0.0194055 5.55249e-21)
(1.03904 -0.0261054 7.6338e-21)
(1.04127 -0.0260582 2.1346e-20)
(1.04349 -0.0259972 4.12763e-20)
(1.04582 -0.0259035 3.19051e-20)
(1.04822 -0.0257853 -3.27023e-20)
(1.0507 -0.0256407 -8.27033e-21)
(1.05327 -0.0254722 1.21595e-20)
(1.05591 -0.0252802 2.61243e-21)
(1.05864 -0.0250664 4.178e-20)
(1.06146 -0.0248323 4.41478e-20)
(1.06435 -0.0245794 -1.18182e-20)
(1.06733 -0.0243094 5.29056e-21)
(1.07039 -0.0240243 -7.07565e-20)
(1.07353 -0.023726 -2.76776e-20)
(1.07675 -0.0234164 -2.19156e-20)
(1.08006 -0.0230976 -2.0662e-20)
(1.08345 -0.0227718 -1.56791e-20)
(1.08691 -0.022441 3.67542e-21)
(1.09046 -0.0221072 -3.47867e-21)
(1.09408 -0.0217723 1.59093e-21)
(1.09778 -0.0214382 -1.20511e-20)
(1.10155 -0.0211066 -1.07944e-20)
(1.10539 -0.0207788 -2.42728e-22)
(1.1093 -0.0204562 1.99187e-20)
(1.11328 -0.0201399 -8.71812e-22)
(1.03881 -0.0270038 1.09459e-20)
(1.04105 -0.026956 3.66564e-20)
(1.04328 -0.026895 1.31412e-20)
(1.04561 -0.0267996 5.10545e-21)
(1.04801 -0.0266793 -1.36114e-20)
(1.0505 -0.0265316 3.65789e-21)
(1.05307 -0.0263593 2.58819e-21)
(1.05572 -0.0261629 -1.56002e-20)
(1.05846 -0.025944 -4.54539e-20)
(1.06128 -0.025704 5.31729e-21)
(1.06418 -0.0254446 3.11423e-20)
(1.06716 -0.0251677 2.43595e-20)
(1.07023 -0.0248749 3.09487e-20)
(1.07338 -0.0245685 6.19869e-21)
(1.07662 -0.0242503 -2.696e-20)
(1.07994 -0.0239225 3.0671e-20)
(1.08333 -0.0235872 4.23179e-20)
(1.08681 -0.0232465 1.46715e-20)
(1.09037 -0.0229025 -2.21902e-20)
(1.094 -0.0225571 1.13678e-20)
(1.09772 -0.0222122 1.93964e-20)
(1.1015 -0.0218694 -6.20876e-21)
(1.10536 -0.0215304 -4.90515e-21)
(1.10928 -0.0211963 -6.22055e-21)
(1.11328 -0.0208683 7.58999e-21)
(1.03858 -0.0278898 3.47631e-21)
(1.04083 -0.0278415 -4.27511e-20)
(1.04305 -0.0277807 1.80313e-20)
(1.04539 -0.0276837 1.86184e-21)
(1.0478 -0.0275616 3.75113e-20)
(1.05029 -0.0274112 6.1088e-21)
(1.05287 -0.0272355 4.29139e-20)
(1.05553 -0.0270348 3.16663e-20)
(1.05827 -0.0268111 -2.44471e-20)
(1.06109 -0.0265657 -4.76981e-20)
(1.064 -0.0263003 5.20822e-21)
(1.067 -0.0260167 -1.50836e-20)
(1.07007 -0.0257168 -3.3617e-20)
(1.07324 -0.0254026 -1.8532e-20)
(1.07648 -0.0250762 2.24879e-21)
(1.07981 -0.0247397 -2.50512e-20)
(1.08322 -0.0243952 -2.80917e-20)
(1.08671 -0.024045 -1.96367e-20)
(1.09028 -0.023691 2.4061e-20)
(1.09393 -0.0233353 -4.12324e-21)
(1.09766 -0.0229798 -1.17901e-20)
(1.10146 -0.0226261 -1.45363e-21)
(1.10533 -0.0222759 -8.93486e-21)
(1.10927 -0.0219304 1.95999e-21)
(1.11328 -0.0215908 -1.20821e-20)
(1.03834 -0.0287635 4.32921e-21)
(1.0406 -0.0287148 2.49546e-20)
(1.04283 -0.0286545 -6.27957e-20)
(1.04517 -0.0285562 -5.96054e-20)
(1.04758 -0.0284324 2.52337e-20)
(1.05008 -0.0282795 -3.42983e-20)
(1.05266 -0.0281007 -3.03573e-20)
(1.05533 -0.0278963 -3.16806e-20)
(1.05808 -0.0276682 5.02773e-21)
(1.06091 -0.0274177 2.73494e-20)
(1.06383 -0.0271467 -2.47942e-20)
(1.06683 -0.0268568 -2.07915e-21)
(1.06992 -0.0265501 5.00458e-20)
(1.07309 -0.0262286 -2.15255e-20)
(1.07635 -0.0258943 3.0727e-21)
(1.07969 -0.0255495 7.36432e-21)
(1.08311 -0.0251962 -1.46075e-20)
(1.08661 -0.0248367 -5.11565e-21)
(1.0902 -0.024473 2.84692e-21)
(1.09386 -0.0241072 1.0448e-20)
(1.0976 -0.0237413 -6.94222e-21)
(1.10142 -0.0233768 9.12718e-21)
(1.1053 -0.0230155 1.11577e-20)
(1.10926 -0.0226586 -7.17756e-21)
(1.11328 -0.0223075 -4.87876e-21)
(1.03809 -0.0296251 1.65729e-20)
(1.04036 -0.029576 -2.85082e-20)
(1.04259 -0.0295164 -3.96657e-21)
(1.04494 -0.0294169 1.44518e-21)
(1.04736 -0.0292919 -5.20476e-20)
(1.04987 -0.0291368 -2.34166e-21)
(1.05245 -0.0289552 -7.18115e-21)
(1.05513 -0.0287474 -1.6303e-20)
(1.05788 -0.0285153 3.08457e-20)
(1.06072 -0.0282601 -4.42758e-20)
(1.06365 -0.0279839 -4.13541e-20)
(1.06666 -0.0276882 -2.77843e-20)
(1.06976 -0.0273751 4.52383e-21)
(1.07294 -0.0270467 4.65113e-20)
(1.07621 -0.0267049 3.19056e-21)
(1.07956 -0.0263521 9.18865e-21)
(1.083 -0.0259903 2.15464e-20)
(1.08652 -0.0256218 1.99041e-20)
(1.09011 -0.0252487 -4.13974e-20)
(1.09379 -0.024873 -1.93847e-20)
(1.09755 -0.0244968 2.0031e-20)
(1.10138 -0.0241216 -5.8287e-21)
(1.10528 -0.0237493 1.2846e-21)
(1.10925 -0.0233812 9.13773e-21)
(1.11329 -0.0230185 5.06134e-21)
(1.03783 -0.0304746 -1.08527e-22)
(1.04012 -0.0304253 -5.97163e-21)
(1.04235 -0.0303666 -2.0078e-21)
(1.04471 -0.0302662 4.10854e-20)
(1.04714 -0.0301402 5.92783e-21)
(1.04965 -0.0299832 8.05211e-20)
(1.05224 -0.0297992 -2.53513e-20)
(1.05492 -0.0295884 -4.0025e-21)
(1.05769 -0.0293526 -2.23791e-20)
(1.06053 -0.0290933 1.2488e-20)
(1.06347 -0.0288123 2.74268e-20)
(1.06649 -0.0285112 1.73131e-20)
(1.0696 -0.0281921 -3.20491e-20)
(1.0728 -0.0278571 -1.227e-20)
(1.07608 -0.0275082 3.55368e-21)
(1.07944 -0.0271477 3.51483e-21)
(1.08289 -0.0267778 -5.37834e-21)
(1.08642 -0.0264005 -1.03495e-20)
(1.09003 -0.0260182 2.04537e-20)
(1.09373 -0.0256329 -2.12776e-20)
(1.0975 -0.0252465 -6.69827e-21)
(1.10134 -0.0248608 1.36524e-20)
(1.10526 -0.0244776 -9.03066e-21)
(1.10924 -0.0240982 -1.1281e-20)
(1.1133 -0.0237239 9.76433e-21)
(1.11741 -0.0233558 -1.45273e-21)
(1.03757 -0.0313122 -1.864e-20)
(1.03988 -0.0312628 2.19306e-20)
(1.04211 -0.0312052 3.15233e-20)
(1.04448 -0.0311041 -1.44179e-20)
(1.04691 -0.0309774 -1.08869e-20)
(1.04943 -0.0308189 -4.87649e-20)
(1.05203 -0.0306329 6.72851e-21)
(1.05471 -0.0304195 -1.31291e-20)
(1.05749 -0.0301806 4.16764e-20)
(1.06035 -0.0299175 1.39524e-20)
(1.06329 -0.029632 1.28462e-20)
(1.06632 -0.029326 1.98645e-20)
(1.06944 -0.0290014 -1.33778e-20)
(1.07265 -0.0286602 1.56587e-20)
(1.07594 -0.0283046 1.82907e-20)
(1.07932 -0.0279367 -1.50042e-20)
(1.08278 -0.0275588 2.53477e-20)
(1.08633 -0.0271732 -9.53587e-21)
(1.08996 -0.0267818 8.9503e-21)
(1.09366 -0.026387 4.45545e-20)
(1.09745 -0.0259906 -6.16223e-21)
(1.10131 -0.0255945 -2.47242e-21)
(1.10524 -0.0252004 1.24696e-20)
(1.10924 -0.0248098 7.78774e-21)
(1.11331 -0.0244239 -7.05605e-21)
(1.11743 -0.024044 -8.63815e-22)
(1.03731 -0.032138 1.71052e-20)
(1.03962 -0.0320886 -2.26959e-20)
(1.04186 -0.0320323 -1.14386e-20)
(1.04424 -0.0319308 -5.66321e-20)
(1.04667 -0.0318038 4.81814e-20)
(1.0492 -0.0316441 1.66413e-20)
(1.05181 -0.0314566 -9.03471e-21)
(1.05451 -0.0312409 6.11606e-20)
(1.05729 -0.0309993 -2.24858e-20)
(1.06015 -0.0307329 3.6557e-20)
(1.06311 -0.0304435 -4.58998e-20)
(1.06615 -0.030133 -1.26834e-20)
(1.06929 -0.0298032 3.6516e-20)
(1.0725 -0.0294562 -2.5413e-20)
(1.07581 -0.0290942 1.22122e-21)
(1.0792 -0.0287193 4.27625e-21)
(1.08268 -0.0283338 -3.37737e-20)
(1.08624 -0.0279399 2.22682e-22)
(1.08988 -0.0275397 2.52493e-20)
(1.0936 -0.0271355 -1.53487e-20)
(1.0974 -0.0267292 -8.85416e-21)
(1.10128 -0.0263228 8.95152e-21)
(1.10523 -0.0259178 -3.95852e-21)
(1.10924 -0.025516 2.31525e-21)
(1.11332 -0.0251186 -9.56749e-21)
(1.11746 -0.0247268 -8.4823e-21)
(1.03704 -0.0329522 -4.65784e-20)
(1.03937 -0.0329029 2.75311e-21)
(1.04161 -0.0328481 2.41966e-20)
(1.04399 -0.0327465 4.79303e-20)
(1.04644 -0.0326195 -5.16769e-20)
(1.04897 -0.032459 2.58068e-20)
(1.05159 -0.0322703 1.41236e-20)
(1.05429 -0.032053 -1.60324e-20)
(1.05708 -0.0318091 -2.11052e-20)
(1.05996 -0.0315398 -3.00774e-20)
(1.06293 -0.031247 1.61552e-20)
(1.06599 -0.0309323 -2.54729e-20)
(1.06913 -0.0305978 2.13136e-20)
(1.07236 -0.0302454 -3.99069e-21)
(1.07568 -0.0298773 -8.17934e-21)
(1.07908 -0.0294957 -2.91055e-20)
(1.08258 -0.0291028 -2.39899e-21)
(1.08615 -0.0287009 2.96431e-20)
(1.08981 -0.0282921 -5.21092e-20)
(1.09355 -0.0278787 1.71355e-21)
(1.09736 -0.0274626 2.7132e-20)
(1.10125 -0.0270459 -6.91855e-21)
(1.10522 -0.0266301 5.0971e-21)
(1.10925 -0.026217 -7.89996e-21)
(1.11334 -0.025808 6.25399e-21)
(1.1175 -0.0254043 2.6219e-22)
(1.03676 -0.0337548 2.9581e-20)
(1.0391 -0.0337058 2.50693e-20)
(1.04135 -0.0336528 6.72451e-21)
(1.04374 -0.0335514 1.53211e-20)
(1.0462 -0.0334247 5.72998e-20)
(1.04874 -0.0332639 -1.64001e-20)
(1.05137 -0.0330745 -1.69185e-21)
(1.05408 -0.0328559 -4.36039e-20)
(1.05688 -0.0326103 3.49497e-20)
(1.05977 -0.0323386 -1.13933e-20)
(1.06275 -0.0320428 1.1362e-20)
(1.06582 -0.0317245 2.62155e-20)
(1.06897 -0.0313856 -1.96718e-20)
(1.07222 -0.0310281 4.46381e-20)
(1.07555 -0.0306543 -1.09881e-20)
(1.07897 -0.0302662 4.80009e-20)
(1.08248 -0.0298662 -8.88263e-22)
(1.08607 -0.0294565 -4.65384e-20)
(1.08974 -0.0290393 4.98859e-20)
(1.09349 -0.0286167 9.02906e-21)
(1.09733 -0.0281909 7.33252e-21)
(1.10123 -0.0277639 9.72733e-21)
(1.10521 -0.0273373 -6.94909e-21)
(1.10926 -0.026913 5.2518e-21)
(1.11337 -0.0264923 -2.19863e-22)
(1.11754 -0.0260765 3.03782e-21)
(1.03647 -0.034546 -2.15201e-22)
(1.03884 -0.0344975 3.33935e-20)
(1.04109 -0.0344464 7.54164e-21)
(1.04349 -0.0343456 -6.37505e-20)
(1.04595 -0.0342196 -1.30998e-20)
(1.04851 -0.034059 -3.31348e-20)
(1.05114 -0.0338694 5.35705e-20)
(1.05387 -0.0336501 3.04647e-20)
(1.05668 -0.0334032 -3.54219e-21)
(1.05958 -0.0331296 4.0403e-20)
(1.06257 -0.0328312 5.36218e-21)
(1.06565 -0.0325097 -2.49815e-21)
(1.06882 -0.0321668 7.21206e-22)
(1.07208 -0.0318047 -5.2044e-20)
(1.07543 -0.0314254 -1.75911e-20)
(1.07886 -0.0310312 1.17272e-20)
(1.08238 -0.0306242 2.55761e-20)
(1.08599 -0.0302069 1.41529e-20)
(1.08968 -0.0297813 -2.28701e-21)
(1.09345 -0.0293498 -3.31266e-20)
(1.09729 -0.0289143 -2.14063e-20)
(1.10122 -0.028477 1.24112e-21)
(1.10521 -0.0280396 1.75197e-20)
(1.10927 -0.027604 -1.5581e-21)
(1.1134 -0.0271715 2.84093e-21)
(1.11758 -0.0267437 -4.98305e-22)
(1.03618 -0.035326 -5.32569e-20)
(1.03857 -0.0352781 -4.5867e-20)
(1.04082 -0.0352292 -5.65229e-20)
(1.04324 -0.0351293 2.48517e-20)
(1.0457 -0.0350046 2.11718e-20)
(1.04827 -0.0348446 6.51574e-20)
(1.05091 -0.0346554 -4.5507e-20)
(1.05365 -0.0344358 3.80805e-20)
(1.05647 -0.0341881 -7.26936e-21)
(1.05939 -0.0339132 -5.44756e-20)
(1.06239 -0.0336127 2.59107e-20)
(1.06548 -0.0332883 -9.25402e-21)
(1.06867 -0.0329419 -1.57431e-20)
(1.07194 -0.0325754 5.30878e-21)
(1.0753 -0.0321909 1.35986e-20)
(1.07875 -0.0317908 -2.52676e-20)
(1.08229 -0.0313771 1.75776e-20)
(1.08591 -0.0309523 2.39513e-20)
(1.08962 -0.0305185 -5.89618e-21)
(1.0934 -0.030078 2.57808e-20)
(1.09726 -0.0296329 -6.96895e-21)
(1.1012 -0.0291853 -4.27202e-20)
(1.10521 -0.0287371 -4.64206e-20)
(1.10929 -0.0282901 -1.37408e-20)
(1.11343 -0.0278458 8.85555e-22)
(1.11762 -0.0274057 -1.49284e-21)
(1.03589 -0.0360949 1.79641e-20)
(1.03829 -0.036048 1.21157e-20)
(1.04055 -0.0360014 5.02378e-20)
(1.04298 -0.0359029 -5.35015e-21)
(1.04545 -0.0357797 -7.13229e-20)
(1.04803 -0.035621 -1.422e-20)
(1.05069 -0.0354326 4.29949e-20)
(1.05343 -0.0352135 -8.27258e-20)
(1.05627 -0.0349655 -1.58631e-20)
(1.0592 -0.0346897 1.82082e-20)
(1.06221 -0.0343876 -2.90778e-20)
(1.06532 -0.0340608 2.50829e-20)
(1.06852 -0.0337111 -1.83039e-20)
(1.07181 -0.0333406 8.64899e-21)
(1.07518 -0.0329513 -1.0408e-20)
(1.07865 -0.0325454 -5.8985e-21)
(1.0822 -0.0321252 -2.91339e-20)
(1.08584 -0.031693 1.87497e-20)
(1.08956 -0.031251 -2.49432e-20)
(1.09336 -0.0308016 -8.13427e-21)
(1.09724 -0.0303469 -1.4124e-21)
(1.10119 -0.029889 1.36888e-20)
(1.10522 -0.0294299 6.128e-21)
(1.10931 -0.0289714 1.6222e-20)
(1.11346 -0.0285152 3.35147e-21)
(1.11767 -0.0280628 -8.36581e-22)
(1.03559 -0.0368529 6.2658e-20)
(1.03801 -0.0368072 -3.01997e-20)
(1.04027 -0.0367631 -2.80703e-20)
(1.04271 -0.0366666 6.63097e-21)
(1.0452 -0.0365455 7.26316e-20)
(1.04779 -0.0363885 1.23224e-20)
(1.05046 -0.0362016 -3.67624e-20)
(1.05322 -0.0359834 3.31563e-20)
(1.05606 -0.0357358 -2.46108e-22)
(1.059 -0.0354595 3.89795e-20)
(1.06204 -0.0351562 -5.24124e-21)
(1.06516 -0.0348274 -6.78713e-21)
(1.06837 -0.0344749 -5.22619e-21)
(1.07167 -0.0341006 2.12453e-20)
(1.07507 -0.0337066 2.87866e-20)
(1.07855 -0.0332952 2.30157e-21)
(1.08212 -0.0328686 -2.41155e-21)
(1.08577 -0.0324292 -1.45725e-20)
(1.08951 -0.0319791 1.52636e-20)
(1.09333 -0.0315208 1.49254e-20)
(1.09722 -0.0310565 -1.13977e-21)
(1.10119 -0.0305882 2.28056e-20)
(1.10523 -0.0301181 3.2826e-20)
(1.10934 -0.029648 7.67716e-21)
(1.1135 -0.0291798 -1.46951e-20)
(1.11773 -0.028715 -3.33281e-21)
(1.03529 -0.0376001 -6.47594e-21)
(1.03773 -0.0375561 -7.87617e-21)
(1.04 -0.0375145 -5.06615e-21)
(1.04245 -0.0374207 5.04043e-20)
(1.04494 -0.0373021 -1.76153e-20)
(1.04754 -0.0371476 -4.04871e-20)
(1.05022 -0.0369627 -5.17145e-20)
(1.053 -0.0367461 1.21542e-20)
(1.05586 -0.0364993 -3.03709e-20)
(1.05881 -0.0362231 -5.61043e-20)
(1.06186 -0.0359191 4.9248e-20)
(1.065 -0.0355886 1.3092e-20)
(1.06823 -0.0352335 4.13504e-20)
(1.07155 -0.0348558 -3.40247e-20)
(1.07496 -0.0344574 -1.79793e-20)
(1.07845 -0.0340406 4.25809e-21)
(1.08204 -0.0336078 1.65236e-20)
(1.08571 -0.0331611 -2.67184e-20)
(1.08946 -0.032703 -3.13144e-20)
(1.0933 -0.0322358 -4.36241e-20)
(1.09721 -0.0317617 2.61741e-20)
(1.10119 -0.031283 -4.82851e-21)
(1.10525 -0.0308018 -2.89695e-20)
(1.10937 -0.0303201 -2.61471e-20)
(1.11355 -0.0298397 9.89965e-21)
(1.11778 -0.0293622 -2.93192e-22)
(1.03498 -0.0383368 2.90726e-20)
(1.03744 -0.0382948 2.89113e-20)
(1.03971 -0.038256 -5.70755e-21)
(1.04218 -0.0381654 -3.16732e-20)
(1.04469 -0.03805 -1.46742e-20)
(1.0473 -0.0378987 2.96082e-20)
(1.04999 -0.0377165 6.27143e-20)
(1.05278 -0.0375019 1.46252e-20)
(1.05566 -0.0372565 5.21561e-20)
(1.05863 -0.036981 7.23503e-21)
(1.06169 -0.0366766 -8.72369e-21)
(1.06484 -0.0363449 -5.47821e-20)
(1.06809 -0.0359875 -2.45097e-20)
(1.07142 -0.0356065 -8.0938e-21)
(1.07485 -0.0352039 9.7184e-21)
(1.07836 -0.0347819 3.3685e-22)
(1.08197 -0.0343428 -2.62747e-20)
(1.08565 -0.033889 -8.83876e-21)
(1.08942 -0.0334228 4.03957e-20)
(1.09327 -0.0329466 4.76947e-20)
(1.0972 -0.0324628 -1.57103e-20)
(1.1012 -0.0319736 -1.73335e-20)
(1.10527 -0.0314812 4.00376e-20)
(1.1094 -0.0309876 8.73544e-21)
(1.1136 -0.0304949 7.84873e-21)
(1.11784 -0.0300047 9.24684e-21)
(1.03715 -0.0390238 2.25943e-20)
(1.03943 -0.0389878 -2.86301e-20)
(1.04191 -0.0389012 6.27988e-21)
(1.04443 -0.0387895 -1.64589e-20)
(1.04705 -0.0386421 -4.1078e-20)
(1.04976 -0.0384632 -4.9317e-20)
(1.05256 -0.0382515 -4.60896e-20)
(1.05546 -0.038008 1.52974e-20)
(1.05844 -0.0377335 1.11691e-20)
(1.06152 -0.0374292 -6.95949e-21)
(1.06469 -0.0370966 2.0626e-20)
(1.06795 -0.0367372 3.07095e-21)
(1.0713 -0.0363532 1.02021e-20)
(1.07475 -0.0359465 1.61303e-20)
(1.07828 -0.0355194 1.79762e-20)
(1.0819 -0.0350741 3.12894e-20)
(1.0856 -0.0346131 -5.94201e-21)
(1.08939 -0.0341388 8.88671e-23)
(1.09325 -0.0336536 -1.96505e-20)
(1.0972 -0.0331599 9.71736e-21)
(1.10121 -0.03266 2.93554e-20)
(1.10529 -0.0321563 -2.31269e-20)
(1.10944 -0.0316507 3.47347e-21)
(1.11365 -0.0311455 2.13744e-21)
(1.11791 -0.0306424 5.00985e-21)
(1.03685 -0.0397433 1.24215e-21)
(1.03914 -0.0397102 -3.77664e-21)
(1.04164 -0.0396284 -3.44026e-20)
(1.04417 -0.0395212 1.18817e-20)
(1.04681 -0.0393784 3.83576e-21)
(1.04953 -0.0392036 -1.66308e-20)
(1.05235 -0.0389953 4.86926e-20)
(1.05526 -0.0387543 -1.64378e-20)
(1.05826 -0.0384813 -5.85643e-21)
(1.06135 -0.0381775 2.28214e-20)
(1.06454 -0.0378442 4.01553e-20)
(1.06782 -0.0374831 1.47065e-20)
(1.07119 -0.0370962 -7.31191e-22)
(1.07465 -0.0366855 -2.34954e-20)
(1.0782 -0.0362533 -2.96186e-20)
(1.08183 -0.0358019 1.19731e-20)
(1.08556 -0.0353337 5.94835e-20)
(1.08936 -0.0348512 1.39577e-20)
(1.09324 -0.0343568 1.27506e-20)
(1.0972 -0.0338531 -4.16101e-21)
(1.10123 -0.0333425 -3.84225e-20)
(1.10533 -0.0328272 6.28893e-21)
(1.10949 -0.0323095 -1.4502e-20)
(1.11371 -0.0317916 -1.35015e-20)
(1.11798 -0.0312754 -9.29116e-21)
(1.03885 -0.0404235 6.18138e-20)
(1.04136 -0.0403476 4.92884e-20)
(1.04391 -0.0402455 -3.13281e-20)
(1.04656 -0.0401083 2.47778e-20)
(1.0493 -0.0399382 4.58006e-20)
(1.05214 -0.0397339 -1.5423e-20)
(1.05506 -0.039496 2.1672e-20)
(1.05808 -0.0392249 -4.32324e-20)
(1.06119 -0.0389218 -4.33503e-20)
(1.0644 -0.0385881 -1.87005e-20)
(1.06769 -0.0382255 -9.46129e-21)
(1.07108 -0.0378358 3.05789e-20)
(1.07456 -0.0374212 -1.23161e-20)
(1.07813 -0.0369839 -2.59112e-20)
(1.08178 -0.0365263 -5.07758e-20)
(1.08552 -0.0360509 2.84641e-21)
(1.08934 -0.0355601 -3.08955e-20)
(1.09323 -0.0350565 -4.51198e-21)
(1.09721 -0.0345426 -1.73941e-20)
(1.10125 -0.034021 4.66619e-20)
(1.10536 -0.033494 -8.36682e-22)
(1.10954 -0.032964 3.8085e-20)
(1.11377 -0.0324332 1.63831e-20)
(1.11805 -0.0319037 -1.47638e-21)
(1.03856 -0.0411283 -9.97938e-20)
(1.04109 -0.0410591 -4.23317e-20)
(1.04365 -0.0409632 5.54041e-20)
(1.04632 -0.0408323 -5.72302e-20)
(1.04907 -0.0406677 -2.80607e-20)
(1.05192 -0.040468 -1.78813e-20)
(1.05487 -0.0402336 -5.26557e-20)
(1.05791 -0.0399648 8.12292e-20)
(1.06104 -0.0396628 1.3397e-20)
(1.06426 -0.039329 -7.57637e-21)
(1.06757 -0.0389649 -1.05851e-22)
(1.07098 -0.0385726 -4.61187e-20)
(1.07447 -0.0381541 -4.76561e-21)
(1.07806 -0.0377117 5.63952e-20)
(1.08173 -0.0372478 4.92025e-20)
(1.08548 -0.036765 -2.68632e-20)
(1.08932 -0.0362658 1.3861e-21)
(1.09323 -0.0357527 -9.11663e-21)
(1.09722 -0.0352285 3.11051e-20)
(1.10128 -0.0346957 -1.89214e-20)
(1.1054 -0.0341568 -3.16725e-20)
(1.10959 -0.0336142 -2.14988e-20)
(1.11384 -0.0330703 -1.64317e-20)
(1.11813 -0.0325273 1.40248e-22)
(1.04081 -0.0417638 1.14665e-19)
(1.04339 -0.0416747 -3.24557e-20)
(1.04607 -0.0415511 6.78984e-20)
(1.04885 -0.0413927 1.36802e-20)
(1.05172 -0.0411983 4.07938e-20)
(1.05468 -0.0409678 4.06086e-20)
(1.05774 -0.0407017 -3.31261e-20)
(1.06088 -0.0404011 2.81194e-20)
(1.06413 -0.0400672 -2.13956e-20)
(1.06746 -0.0397018 -1.8075e-20)
(1.07088 -0.0393069 2.46543e-20)
(1.0744 -0.0388844 1.50433e-20)
(1.078 -0.0384369 -3.33496e-20)
(1.08169 -0.0379666 -5.75374e-20)
(1.08546 -0.0374762 1.49937e-20)
(1.08931 -0.0369684 -2.1952e-21)
(1.09324 -0.0364457 1.94609e-21)
(1.09724 -0.0359109 3.70687e-21)
(1.10131 -0.0353667 1.33306e-21)
(1.10545 -0.0348156 4.65443e-20)
(1.10965 -0.0342603 -1.979e-20)
(1.11391 -0.0337031 -4.77828e-21)
(1.11822 -0.0331464 -5.99551e-21)
(1.04053 -0.0424621 -9.75809e-20)
(1.04313 -0.0423811 -2.16421e-20)
(1.04583 -0.0422656 -8.27322e-20)
(1.04863 -0.0421141 1.31373e-20)
(1.05151 -0.0419254 -2.52793e-20)
(1.0545 -0.0416993 -7.11065e-22)
(1.05757 -0.0414362 -4.8474e-20)
(1.06074 -0.0411371 -7.29651e-20)
(1.064 -0.0408033 -1.732e-20)
(1.06735 -0.0404367 1.13339e-20)
(1.07079 -0.040039 -1.30124e-20)
(1.07433 -0.0396126 4.63695e-20)
(1.07795 -0.0391597 -9.00429e-24)
(1.08165 -0.0386829 2.54125e-20)
(1.08544 -0.0381848 4.98928e-21)
(1.08931 -0.0376681 -8.86128e-21)
(1.09325 -0.0371356 5.65886e-21)
(1.09727 -0.0365899 -5.23472e-20)
(1.10135 -0.0360341 -2.53747e-20)
(1.10551 -0.0354706 -3.034e-20)
(1.10972 -0.0349022 1.25396e-20)
(1.11399 -0.0343315 8.12764e-21)
(1.1183 -0.0337609 2.3908e-20)
(1.04287 -0.043083 1.01874e-19)
(1.0456 -0.0429765 1.42516e-19)
(1.04841 -0.0428327 -5.73307e-20)
(1.05132 -0.0426503 -4.85207e-20)
(1.05432 -0.0424288 -7.47483e-21)
(1.05741 -0.0421689 6.48566e-21)
(1.0606 -0.0418715 2.57364e-21)
(1.06388 -0.0415379 1.93981e-20)
(1.06725 -0.0411699 -5.49955e-21)
(1.07071 -0.0407695 2.35206e-20)
(1.07426 -0.0403389 -4.44109e-20)
(1.0779 -0.0398806 -1.07163e-20)
(1.08162 -0.039397 -2.50317e-20)
(1.08543 -0.0388909 -9.43455e-21)
(1.08931 -0.0383651 2.52144e-22)
(1.09327 -0.0378224 2.48193e-20)
(1.0973 -0.0372657 2.60218e-20)
(1.1014 -0.0366979 7.14533e-21)
(1.10557 -0.0361218 -6.94538e-21)
(1.10979 -0.0355401 7.38298e-21)
(1.11407 -0.0349556 2.1442e-20)
(1.11839 -0.0343709 -1.88626e-20)
(1.04262 -0.0437814 -8.77078e-20)
(1.04536 -0.0436849 -3.71076e-20)
(1.04819 -0.0435493 3.48869e-20)
(1.05112 -0.0433736 5.3931e-20)
(1.05414 -0.0431572 -1.81822e-21)
(1.05726 -0.0429006 4.532e-20)
(1.06047 -0.0426049 3.38772e-20)
(1.06377 -0.0422714 1.66181e-20)
(1.06716 -0.041902 7.78366e-21)
(1.07064 -0.0414987 -1.09656e-20)
(1.07421 -0.0410638 3.233e-20)
(1.07786 -0.0405997 1.65409e-20)
(1.0816 -0.0401091 3.01184e-20)
(1.08542 -0.0395948 5.036e-21)
(1.08932 -0.0390596 9.62529e-21)
(1.0933 -0.0385065 -5.60806e-20)
(1.09734 -0.0379384 1.74188e-20)
(1.10145 -0.0373583 1.70357e-20)
(1.10563 -0.0367692 3.86052e-20)
(1.10987 -0.036174 1.42545e-20)
(1.11415 -0.0355755 -3.78823e-20)
(1.11849 -0.0349763 6.69651e-21)
(1.04513 -0.0443919 -6.10235e-20)
(1.04799 -0.044265 -4.33334e-20)
(1.05094 -0.0440964 2.89487e-20)
(1.05398 -0.0438851 -1.91433e-20)
(1.05712 -0.043632 -4.32966e-20)
(1.06035 -0.0433379 -2.80407e-20)
(1.06367 -0.0430044 -9.69151e-21)
(1.06708 -0.0426335 4.34456e-20)
(1.07058 -0.042227 2.34973e-20)
(1.07416 -0.0417875 -3.90294e-20)
(1.07783 -0.0413174 -2.43402e-20)
(1.08159 -0.0408195 -6.44694e-21)
(1.08543 -0.0402966 -1.14865e-20)
(1.08934 -0.0397517 1.29723e-21)
(1.09333 -0.0391878 8.37661e-22)
(1.09739 -0.038608 -4.72616e-21)
(1.10151 -0.0380153 -2.14849e-21)
(1.1057 -0.037413 -2.73534e-20)
(1.10995 -0.0368039 -2.54641e-20)
(1.11424 -0.0361911 6.65428e-21)
(1.11859 -0.0355773 -1.67734e-20)
(1.04491 -0.0450984 -4.90044e-20)
(1.04779 -0.0449809 1.60089e-19)
(1.05076 -0.0448195 2.94155e-20)
(1.05382 -0.0446135 -3.33716e-20)
(1.05698 -0.0443637 2.73567e-20)
(1.06023 -0.0440712 3.30244e-20)
(1.06357 -0.0437376 1.50956e-20)
(1.067 -0.0433648 -4.32087e-20)
(1.07052 -0.0429549 -4.01523e-20)
(1.07412 -0.0425105 1.60092e-20)
(1.07781 -0.0420341 4.9415e-21)
(1.08159 -0.0415284 -3.57335e-20)
(1.08544 -0.0409966 -1.86503e-20)
(1.08937 -0.0404416 1.164e-20)
(1.09337 -0.0398665 -6.46591e-22)
(1.09744 -0.0392746 1.25968e-20)
(1.10158 -0.0386691 -1.52753e-20)
(1.10578 -0.0380531 5.7465e-21)
(1.11003 -0.0374299 -3.81223e-22)
(1.11434 -0.0368024 -9.94316e-21)
(1.11869 -0.0361738 1.12961e-20)
(1.04759 -0.0456979 -1.60422e-19)
(1.05059 -0.045544 -1.15228e-19)
(1.05368 -0.0453432 1.53789e-20)
(1.05686 -0.0450966 4.4401e-20)
(1.06013 -0.0448055 -7.39033e-21)
(1.06349 -0.0444714 -3.18062e-20)
(1.06694 -0.0440964 2.75799e-21)
(1.07047 -0.0436828 4.57677e-20)
(1.0741 -0.0432331 -3.28116e-20)
(1.0778 -0.0427499 5.30492e-20)
(1.08159 -0.0422361 6.29711e-20)
(1.08546 -0.0416949 -4.766e-21)
(1.0894 -0.0411293 -1.00291e-20)
(1.09342 -0.0405427 2.92537e-20)
(1.0975 -0.0399383 -4.50144e-20)
(1.10165 -0.0393195 -1.9674e-21)
(1.10586 -0.0386896 -7.69312e-21)
(1.11013 -0.0380519 -6.63484e-21)
(1.11444 -0.0374096 1.87431e-20)
(1.1188 -0.0367658 1.76524e-20)
(1.04741 -0.0464175 3.09949e-20)
(1.05043 -0.0462708 7.64633e-20)
(1.05354 -0.0460751 -1.20601e-20)
(1.05674 -0.0458315 -3.11988e-20)
(1.06003 -0.0455414 -2.07564e-20)
(1.06341 -0.0452065 3.07472e-20)
(1.06688 -0.0448289 -9.18881e-21)
(1.07044 -0.0444111 -3.99742e-20)
(1.07408 -0.0439555 5.89855e-20)
(1.0778 -0.0434651 -4.40942e-20)
(1.08161 -0.0429428 -3.83429e-20)
(1.08549 -0.0423917 2.58748e-20)
(1.08945 -0.0418152 1.19316e-20)
(1.09348 -0.0412166 -2.41583e-20)
(1.09757 -0.0405993 1.15231e-20)
(1.10173 -0.0399668 3.75325e-20)
(1.10595 -0.0393226 9.41688e-21)
(1.11022 -0.0386701 3.56919e-20)
(1.11455 -0.0380126 1.07632e-20)
(1.11891 -0.0373533 -2.65547e-20)
(1.05028 -0.0470012 -8.60205e-20)
(1.05341 -0.0468102 6.83605e-20)
(1.05664 -0.0465692 7.5094e-20)
(1.05995 -0.0462796 4.51883e-20)
(1.06335 -0.0459434 -4.39037e-20)
(1.06684 -0.0455627 2.89608e-20)
(1.07042 -0.0451401 -9.20381e-21)
(1.07407 -0.0446783 -3.63114e-20)
(1.07781 -0.0441801 2.21406e-20)
(1.08163 -0.0436486 -8.84564e-21)
(1.08553 -0.0430872 1.07179e-21)
(1.0895 -0.0424992 -6.01333e-21)
(1.09354 -0.0418881 3.61433e-21)
(1.09765 -0.0412575 -7.572e-21)
(1.10182 -0.0406109 -1.41296e-20)
(1.10604 -0.0399521 -6.14711e-21)
(1.11033 -0.0392844 -3.95674e-20)
(1.11466 -0.0386114 -1.50323e-20)
(1.11903 -0.0379364 6.9456e-22)
(1.05014 -0.0477361 1.54171e-19)
(1.0533 -0.0475494 -6.82392e-20)
(1.05655 -0.0473104 -7.33446e-20)
(1.05988 -0.0470208 -5.41635e-20)
(1.0633 -0.0466826 4.90549e-20)
(1.06681 -0.0462983 -5.26939e-20)
(1.0704 -0.0458704 3.19062e-20)
(1.07408 -0.0454016 -2.38503e-20)
(1.07783 -0.044895 -2.77578e-20)
(1.08167 -0.0443539 1.32835e-20)
(1.08558 -0.0437815 -1.44912e-20)
(1.08956 -0.0431815 -2.86577e-20)
(1.09361 -0.0425574 7.20486e-21)
(1.09773 -0.041913 3.52227e-21)
(1.10191 -0.041252 -7.65229e-21)
(1.10615 -0.040578 -1.32743e-20)
(1.11043 -0.0398948 3.4448e-21)
(1.11477 -0.039206 2.39745e-20)
(1.11915 -0.0385151 9.96484e-21)
(1.05002 -0.0484768 -1.62142e-19)
(1.0532 -0.0482937 4.82491e-20)
(1.05647 -0.048056 -7.10193e-20)
(1.05983 -0.0477657 1.81716e-20)
(1.06327 -0.047425 -9.39902e-20)
(1.06679 -0.0470363 -3.30983e-20)
(1.0704 -0.0466022 2.15222e-20)
(1.07409 -0.0461259 3.92532e-20)
(1.07786 -0.0456102 1.69984e-20)
(1.08171 -0.0450588 1.99974e-20)
(1.08564 -0.0444749 2.46653e-22)
(1.08963 -0.0438623 2.38721e-21)
(1.09369 -0.0432247 3.21681e-20)
(1.09782 -0.042566 1.54986e-20)
(1.10201 -0.04189 -2.5765e-20)
(1.10625 -0.0412005 3.24123e-21)
(1.11055 -0.0405014 1.10036e-20)
(1.11489 -0.0397965 -3.14038e-21)
(1.11927 -0.0390893 1.2122e-20)
(1.05312 -0.0490444 1.56122e-20)
(1.05641 -0.0488073 2.76131e-20)
(1.05978 -0.0485154 -2.75278e-20)
(1.06324 -0.0481712 4.66659e-20)
(1.06679 -0.0477773 2.54491e-20)
(1.07041 -0.0473364 -2.3927e-20)
(1.07412 -0.0468516 2.80311e-20)
(1.07791 -0.0463262 -1.37146e-20)
(1.08177 -0.0457637 -9.09938e-22)
(1.0857 -0.0451676 -1.102e-20)
(1.08971 -0.0445418 5.86447e-21)
(1.09378 -0.0438901 -2.90712e-21)
(1.09792 -0.0432165 -8.46461e-21)
(1.10212 -0.0425251 3.23521e-20)
(1.10637 -0.0418197 -4.31338e-21)
(1.11067 -0.0411043 -1.17312e-20)
(1.11501 -0.0403829 -1.12536e-20)
(1.1194 -0.0396592 -6.31016e-22)
(1.05305 -0.0498024 2.83338e-20)
(1.05636 -0.0495648 3.99882e-20)
(1.05976 -0.0492703 4.3957e-20)
(1.06324 -0.0489216 2.75377e-20)
(1.0668 -0.0485215 4.51216e-20)
(1.07044 -0.0480728 -6.11288e-20)
(1.07416 -0.0475788 -5.49921e-20)
(1.07796 -0.0470428 2.60727e-20)
(1.08184 -0.0464684 8.18401e-21)
(1.08578 -0.0458595 2.53071e-20)
(1.0898 -0.0452198 2.32701e-20)
(1.09388 -0.0445534 -2.18843e-20)
(1.09803 -0.0438645 1.94886e-20)
(1.10223 -0.0431571 -1.13029e-20)
(1.10649 -0.0424353 9.66529e-21)
(1.11079 -0.0417033 3.33112e-20)
(1.11514 -0.0409651 -9.94108e-21)
(1.11953 -0.0402245 -1.47169e-20)
(1.053 -0.0505657 -5.97563e-20)
(1.05633 -0.0503264 -7.16562e-21)
(1.05975 -0.0500284 -8.23412e-21)
(1.06324 -0.0496743 1.50947e-20)
(1.06682 -0.0492671 6.12283e-20)
(1.07048 -0.0488098 1.50098e-20)
(1.07422 -0.0483057 3.18408e-20)
(1.07803 -0.0477583 -3.19922e-20)
(1.08191 -0.0471715 -3.43535e-20)
(1.08587 -0.046549 -1.02756e-20)
(1.0899 -0.0458949 -1.83774e-20)
(1.09399 -0.0452133 2.82125e-20)
(1.09814 -0.0445085 1.14096e-20)
(1.10235 -0.0437848 2.75631e-20)
(1.10661 -0.0430463 1.64998e-20)
(1.11092 -0.0422974 -3.08423e-20)
(1.11528 -0.0415422 -1.12356e-20)
(1.11967 -0.0407846 -4.65767e-21)
(1.05632 -0.0510932 1.78309e-20)
(1.05976 -0.0507905 7.70474e-20)
(1.06327 -0.05043 4.96006e-20)
(1.06686 -0.0500148 -8.41459e-20)
(1.07054 -0.0495479 9.24125e-21)
(1.07428 -0.0490329 6.23139e-20)
(1.07811 -0.0484734 1.33701e-20)
(1.082 -0.0478733 1.12591e-21)
(1.08597 -0.0472366 -6.18906e-21)
(1.09001 -0.0465674 1.9752e-20)
(1.0941 -0.0458701 -6.51572e-21)
(1.09826 -0.0451489 -2.13556e-20)
(1.10248 -0.0444084 -2.45211e-20)
(1.10674 -0.0436529 -3.14783e-20)
(1.11106 -0.0428867 2.86032e-20)
(1.11542 -0.0421141 1.05989e-20)
(1.11981 -0.0413392 3.38092e-21)
(1.05632 -0.0518883 1.01875e-19)
(1.05977 -0.0515788 -1.21841e-19)
(1.0633 -0.0512098 -1.98332e-19)
(1.06691 -0.0507844 -3.43212e-20)
(1.0706 -0.0503061 -4.96251e-20)
(1.07436 -0.0497783 -1.58163e-19)
(1.07819 -0.0492048 1.33439e-20)
(1.0821 -0.0485897 9.93408e-21)
(1.08608 -0.0479371 3.39741e-20)
(1.09012 -0.0472513 -2.78868e-20)
(1.09422 -0.0465366 -4.94094e-20)
(1.09839 -0.0457977 -2.03627e-20)
(1.10261 -0.045039 -3.39702e-20)
(1.10688 -0.044265 3.68011e-20)
(1.1112 -0.0434803 -1.84723e-20)
(1.11556 -0.0426892 9.2598e-21)
(1.11995 -0.0418959 2.56955e-21)
)
;

boundaryField
{
    inlet
    {
        type            uniformFixedValue;
        uniformValue    constant (1 0 0);
        value           uniform (1 0 0);
    }
    outlet
    {
        type            pressureInletOutletVelocity;
        value           nonuniform 0();
    }
    cylinder
    {
        type            fixedValue;
        value           nonuniform 0();
    }
    top
    {
        type            symmetryPlane;
    }
    bottom
    {
        type            symmetryPlane;
    }
    defaultFaces
    {
        type            empty;
    }
    procBoundary0to1
    {
        type            processor;
        value           nonuniform List<vector> 
61
(
(1.11742 -0.00044736 5.76744e-22)
(1.11742 -0.00135772 -1.0242e-21)
(1.11741 -0.00225941 1.15684e-21)
(1.11741 -0.00314895 -9.80787e-22)
(1.1174 -0.00402762 -1.08218e-21)
(1.1174 -0.00489632 2.36137e-21)
(1.11739 -0.00575536 -3.44325e-21)
(1.11738 -0.00660499 2.38338e-21)
(1.11737 -0.00744548 1.73784e-21)
(1.11736 -0.00827709 2.64429e-21)
(1.11735 -0.00910009 3.14183e-22)
(1.11735 -0.0099147 -4.55838e-21)
(1.11734 -0.0107212 -3.19527e-22)
(1.11733 -0.0115197 2.66857e-21)
(1.11732 -0.0123104 -3.49257e-21)
(1.11731 -0.0130936 -5.63086e-22)
(1.11731 -0.0138695 4.8825e-21)
(1.1173 -0.0146381 -3.85539e-21)
(1.1173 -0.0153998 1.28306e-21)
(1.1173 -0.0161545 2.80873e-21)
(1.1173 -0.0169026 -1.55396e-21)
(1.1173 -0.0176441 -3.47679e-21)
(1.1173 -0.0183792 4.42159e-21)
(1.11731 -0.019108 -5.3341e-21)
(1.11732 -0.0198306 2.44909e-21)
(1.11733 -0.0205473 4.88076e-22)
(1.11735 -0.021258 2.71089e-21)
(1.11736 -0.0219629 1.58769e-21)
(1.11738 -0.0226621 1.29368e-21)
(1.11738 -0.0226621 1.29368e-21)
(1.12158 -0.0229947 9.13456e-21)
(1.12162 -0.0236709 -1.73528e-21)
(1.12166 -0.0243415 5.29605e-23)
(1.12171 -0.0250068 3.75702e-21)
(1.12176 -0.0256668 6.47199e-21)
(1.12181 -0.0263216 -1.59718e-20)
(1.12187 -0.0269711 -4.27413e-21)
(1.12193 -0.0276156 1.5456e-20)
(1.122 -0.028255 -4.06525e-21)
(1.12207 -0.0288893 -4.27637e-21)
(1.12214 -0.0295187 9.5986e-21)
(1.12222 -0.0301432 -2.4091e-21)
(1.1223 -0.0307627 -5.21351e-21)
(1.12239 -0.0313774 5.36169e-21)
(1.12247 -0.0319873 7.73711e-22)
(1.12257 -0.0325924 -9.21591e-21)
(1.12266 -0.0331927 7.58038e-21)
(1.12276 -0.0337883 2.07894e-21)
(1.12287 -0.0343791 -1.74118e-21)
(1.12297 -0.0349652 -1.23035e-20)
(1.12308 -0.0355466 1.44646e-20)
(1.1232 -0.0361233 -8.90991e-21)
(1.12332 -0.0366954 -2.72024e-22)
(1.12344 -0.0372627 -7.54175e-21)
(1.12356 -0.0378253 2.32152e-21)
(1.12369 -0.0383833 1.32618e-20)
(1.12382 -0.0389367 -2.9817e-22)
(1.12396 -0.0394853 -3.52032e-21)
(1.1241 -0.0400285 1.46368e-20)
(1.12424 -0.0405661 -7.80036e-21)
(1.12438 -0.0411047 -2.33279e-20)
)
;
    }
    procBoundary0to4
    {
        type            processor;
        value           nonuniform List<vector> 
77
(
(1.05635 -0.0609115 1.4001e-19)
(1.06001 -0.0608062 3.35767e-20)
(1.06374 -0.0606294 -5.38542e-20)
(1.06374 -0.0606294 -5.38542e-20)
(1.072 -0.0761114 -5.22335e-20)
(1.07601 -0.0759234 3.75692e-20)
(1.08008 -0.0756816 -9.78751e-21)
(1.0842 -0.075388 -7.01411e-20)
(1.08838 -0.0750448 3.68698e-20)
(1.0926 -0.0746544 -1.42657e-20)
(1.09687 -0.0742191 2.26279e-20)
(1.10118 -0.0737414 7.63461e-22)
(1.10553 -0.0732238 5.69076e-21)
(1.10553 -0.0732238 5.69076e-21)
(1.11412 -0.0933605 4.8549e-20)
(1.11876 -0.0928215 -6.50503e-20)
(1.00793 -0.017138 0)
(1.00904 -0.0184842 0)
(1.01022 -0.0198495 0)
(1.01146 -0.0212336 0)
(1.01276 -0.0226355 0)
(1.01413 -0.0240538 0)
(1.01557 -0.0254867 0)
(1.01706 -0.0269313 0)
(1.01862 -0.0283841 0)
(1.02025 -0.0298398 0)
(1.02193 -0.0312904 0)
(1.02367 -0.0327241 0)
(1.02547 -0.0341206 0)
(1.02732 -0.0354502 0)
(1.0292 -0.0366546 0)
(1.03115 -0.037658 0)
(1.03297 -0.0382797 0)
(1.00001 -0.000670562 0)
(1.00011 -0.00198869 0)
(1.00032 -0.00327991 0)
(1.00061 -0.00455137 0)
(1.001 -0.00581082 0)
(1.00146 -0.0070649 0)
(1.00201 -0.00831914 0)
(1.00262 -0.00957839 0)
(1.00332 -0.0108466 0)
(1.00408 -0.0121271 0)
(1.00491 -0.0134225 0)
(1.00581 -0.0147349 0)
(1.00793 -0.017138 0)
(1.00677 -0.0160657 0)
(1.03297 -0.0382797 0)
(1.03467 -0.0390631 5.23787e-20)
(1.03467 -0.0390631 5.23787e-20)
(1.03436 -0.0397792 1.87523e-20)
(1.03655 -0.0404536 8.00342e-20)
(1.03655 -0.0404536 8.00342e-20)
(1.03625 -0.0411551 -9.96633e-20)
(1.03827 -0.0418251 -1.51005e-19)
(1.03827 -0.0418251 -1.51005e-19)
(1.03798 -0.0425143 9.66983e-20)
(1.04026 -0.043155 -3.442e-20)
(1.04026 -0.043155 -3.442e-20)
(1.03998 -0.0438432 -3.63862e-20)
(1.04236 -0.0444776 5.64122e-20)
(1.04236 -0.0444776 5.64122e-20)
(1.04212 -0.0451726 -3.14436e-20)
(1.04469 -0.0458059 5.49186e-22)
(1.04469 -0.0458059 5.49186e-22)
(1.04448 -0.0465156 -6.51991e-20)
(1.04724 -0.0471407 -5.38136e-20)
(1.04724 -0.0471407 -5.38136e-20)
(1.04708 -0.0478688 -7.24479e-20)
(1.04693 -0.0486034 1.14222e-19)
(1.04991 -0.0492248 -3.64475e-20)
(1.04991 -0.0492248 -3.64475e-20)
(1.04982 -0.0499811 -8.23962e-21)
(1.04975 -0.0507438 5.39219e-20)
(1.05297 -0.0513351 -6.47204e-21)
(1.05297 -0.0513351 -6.47204e-21)
(1.05295 -0.0521352 -9.65439e-20)
)
;
    }
    procBoundary0to5
    {
        type            processor;
        value           nonuniform List<vector> 5((1.12342 -0.0922308 -3.96227e-20) (1.12328 -0.0708065 2.28719e-20) (1.12328 -0.0708065 2.28719e-20) (1.12264 -0.0523901 -8.00616e-21) (1.12264 -0.0523901 -8.00616e-21));
    }
}


// ************************************************************************* //
