/*--------------------------------*- C++ -*----------------------------------*\
  =========                 |
  \\      /  F ield         | OpenFOAM: The Open Source CFD Toolbox
   \\    /   O peration     | Website:  https://openfoam.org
    \\  /    A nd           | Version:  7
     \\/     M anipulation  |
\*---------------------------------------------------------------------------*/
FoamFile
{
    version     2.0;
    format      ascii;
    class       labelList;
    note        "nPoints: 5478 nCells: 2625 nFaces: 10613 nInternalFaces: 5137";
    location    "constant/polyMesh";
    object      neighbour;
}
// * * * * * * * * * * * * * * * * * * * * * * * * * * * * * * * * * * * * * //


5137
(
1
9
2
10
3
11
4
12
5
13
6
14
7
15
8
16
17
291
10
18
11
19
12
20
13
21
14
22
15
23
16
24
17
25
26
336
19
27
20
28
21
29
22
30
23
31
24
32
25
33
26
34
35
381
28
36
29
37
30
38
31
39
32
40
33
41
34
42
35
43
44
426
37
45
38
46
39
47
40
48
41
49
42
50
43
51
44
52
53
471
46
54
47
55
48
56
49
57
50
58
51
59
52
60
53
61
62
516
55
56
63
57
64
58
65
59
66
60
67
61
68
62
69
70
561
64
71
65
72
66
73
67
74
68
75
69
76
70
77
78
606
72
79
73
80
74
81
75
82
76
83
77
84
78
85
86
651
80
87
81
88
82
89
83
90
84
91
85
92
86
93
94
696
88
95
89
96
90
97
91
98
92
99
93
100
94
101
102
741
96
103
97
104
98
105
99
106
100
107
101
108
102
109
110
786
104
111
105
112
106
113
107
114
108
115
109
116
110
117
118
831
112
119
113
120
114
121
115
122
116
123
117
124
118
125
126
876
120
127
121
128
122
129
123
130
124
131
125
132
126
133
134
921
128
135
129
136
130
137
131
138
132
139
133
140
134
141
142
966
136
137
143
138
144
139
145
140
146
141
147
142
148
149
1011
144
150
145
151
146
152
147
153
148
154
149
155
156
1056
151
157
152
158
153
159
154
160
155
161
156
162
163
1101
158
164
159
165
160
166
161
167
162
168
163
169
170
1147
165
171
166
172
167
173
168
174
169
175
170
176
177
1193
172
178
173
179
174
180
175
181
176
182
177
183
184
1239
179
180
185
181
186
182
187
183
188
184
189
190
1285
186
191
187
192
188
193
189
194
190
195
196
1331
192
197
193
198
194
199
195
200
196
201
202
1377
198
203
199
204
200
205
201
206
202
207
208
1423
204
209
205
210
206
211
207
212
208
213
214
1469
210
211
215
212
216
213
217
214
218
219
1516
216
220
217
221
218
222
219
223
224
1563
221
225
222
226
223
227
224
228
229
1610
226
227
230
228
231
229
232
233
1657
231
234
232
235
233
236
237
1704
235
238
236
239
237
240
241
1751
239
240
242
241
243
244
1798
243
245
244
246
247
1846
246
248
247
249
250
1894
249
250
251
252
1942
252
253
254
1990
254
255
256
2038
256
257
2591
258
2590
2589
260
304
261
305
262
306
263
307
264
308
265
309
266
310
267
311
268
312
269
313
270
314
271
315
272
316
273
317
274
318
275
319
276
320
277
321
278
322
279
323
280
324
281
325
282
326
283
327
284
328
285
329
286
330
287
331
288
332
289
333
290
334
335
292
336
293
337
294
338
295
339
296
340
297
341
298
342
299
343
300
344
301
345
302
346
303
347
304
348
305
349
306
350
307
351
308
352
309
353
310
354
311
355
312
356
313
357
314
358
315
359
316
360
317
361
318
362
319
363
320
364
321
365
322
366
323
367
324
368
325
369
326
370
327
371
328
372
329
373
330
374
331
375
332
376
333
377
334
378
335
379
380
337
381
338
382
339
383
340
384
341
385
342
386
343
387
344
388
345
389
346
390
347
391
348
392
349
393
350
394
351
395
352
396
353
397
354
398
355
399
356
400
357
401
358
402
359
403
360
404
361
405
362
406
363
407
364
408
365
409
366
410
367
411
368
412
369
413
370
414
371
415
372
416
373
417
374
418
375
419
376
420
377
421
378
422
379
423
380
424
425
382
426
383
427
384
428
385
429
386
430
387
431
388
432
389
433
390
434
391
435
392
436
393
437
394
438
395
439
396
440
397
441
398
442
399
443
400
444
401
445
402
446
403
447
404
448
405
449
406
450
407
451
408
452
409
453
410
454
411
455
412
456
413
457
414
458
415
459
416
460
417
461
418
462
419
463
420
464
421
465
422
466
423
467
424
468
425
469
470
427
471
428
472
429
473
430
474
431
475
432
476
433
477
434
478
435
479
436
480
437
481
438
482
439
483
440
484
441
485
442
486
443
487
444
488
445
489
446
490
447
491
448
492
449
493
450
494
451
495
452
496
453
497
454
498
455
499
456
500
457
501
458
502
459
503
460
504
461
505
462
506
463
507
464
508
465
509
466
510
467
511
468
512
469
513
470
514
515
472
516
473
517
474
518
475
519
476
520
477
521
478
522
479
523
480
524
481
525
482
526
483
527
484
528
485
529
486
530
487
531
488
532
489
533
490
534
491
535
492
536
493
537
494
538
495
539
496
540
497
541
498
542
499
543
500
544
501
545
502
546
503
547
504
548
505
549
506
550
507
551
508
552
509
553
510
554
511
555
512
556
513
557
514
558
515
559
560
517
561
518
562
519
563
520
564
521
565
522
566
523
567
524
568
525
569
526
570
527
571
528
572
529
573
530
574
531
575
532
576
533
577
534
578
535
579
536
580
537
581
538
582
539
583
540
584
541
585
542
586
543
587
544
588
545
589
546
590
547
591
548
592
549
593
550
594
551
595
552
596
553
597
554
598
555
599
556
600
557
601
558
602
559
603
560
604
605
562
606
563
607
564
608
565
609
566
610
567
611
568
612
569
613
570
614
571
615
572
616
573
617
574
618
575
619
576
620
577
621
578
622
579
623
580
624
581
625
582
626
583
627
584
628
585
629
586
630
587
631
588
632
589
633
590
634
591
635
592
636
593
637
594
638
595
639
596
640
597
641
598
642
599
643
600
644
601
645
602
646
603
647
604
648
605
649
650
607
651
608
652
609
653
610
654
611
655
612
656
613
657
614
658
615
659
616
660
617
661
618
662
619
663
620
664
621
665
622
666
623
667
624
668
625
669
626
670
627
671
628
672
629
673
630
674
631
675
632
676
633
677
634
678
635
679
636
680
637
681
638
682
639
683
640
684
641
685
642
686
643
687
644
688
645
689
646
690
647
691
648
692
649
693
650
694
695
652
696
653
697
654
698
655
699
656
700
657
701
658
702
659
703
660
704
661
705
662
706
663
707
664
708
665
709
666
710
667
711
668
712
669
713
670
714
671
715
672
716
673
717
674
718
675
719
676
720
677
721
678
722
679
723
680
724
681
725
682
726
683
727
684
728
685
729
686
730
687
731
688
732
689
733
690
734
691
735
692
736
693
737
694
738
695
739
740
697
741
698
742
699
743
700
744
701
745
702
746
703
747
704
748
705
749
706
750
707
751
708
752
709
753
710
754
711
755
712
756
713
757
714
758
715
759
716
760
717
761
718
762
719
763
720
764
721
765
722
766
723
767
724
768
725
769
726
770
727
771
728
772
729
773
730
774
731
775
732
776
733
777
734
778
735
779
736
780
737
781
738
782
739
783
740
784
785
742
786
743
787
744
788
745
789
746
790
747
791
748
792
749
793
750
794
751
795
752
796
753
797
754
798
755
799
756
800
757
801
758
802
759
803
760
804
761
805
762
806
763
807
764
808
765
809
766
810
767
811
768
812
769
813
770
814
771
815
772
816
773
817
774
818
775
819
776
820
777
821
778
822
779
823
780
824
781
825
782
826
783
827
784
828
785
829
830
787
831
788
832
789
833
790
834
791
835
792
836
793
837
794
838
795
839
796
840
797
841
798
842
799
843
800
844
801
845
802
846
803
847
804
848
805
849
806
850
807
851
808
852
809
853
810
854
811
855
812
856
813
857
814
858
815
859
816
860
817
861
818
862
819
863
820
864
821
865
822
866
823
867
824
868
825
869
826
870
827
871
828
872
829
873
830
874
875
832
876
833
877
834
878
835
879
836
880
837
881
838
882
839
883
840
884
841
885
842
886
843
887
844
888
845
889
846
890
847
891
848
892
849
893
850
894
851
895
852
896
853
897
854
898
855
899
856
900
857
901
858
902
859
903
860
904
861
905
862
906
863
907
864
908
865
909
866
910
867
911
868
912
869
913
870
914
871
915
872
916
873
917
874
918
875
919
920
877
921
878
922
879
923
880
924
881
925
882
926
883
927
884
928
885
929
886
930
887
931
888
932
889
933
890
934
891
935
892
936
893
937
894
938
895
939
896
940
897
941
898
942
899
943
900
944
901
945
902
946
903
947
904
948
905
949
906
950
907
951
908
952
909
953
910
954
911
955
912
956
913
957
914
958
915
959
916
960
917
961
918
962
919
963
920
964
965
922
966
923
967
924
968
925
969
926
970
927
971
928
972
929
973
930
974
931
975
932
976
933
977
934
978
935
979
936
980
937
981
938
982
939
983
940
984
941
985
942
986
943
987
944
988
945
989
946
990
947
991
948
992
949
993
950
994
951
995
952
996
953
997
954
998
955
999
956
1000
957
1001
958
1002
959
1003
960
1004
961
1005
962
1006
963
1007
964
1008
965
1009
1010
967
1011
968
1012
969
1013
970
1014
971
1015
972
1016
973
1017
974
1018
975
1019
976
1020
977
1021
978
1022
979
1023
980
1024
981
1025
982
1026
983
1027
984
1028
985
1029
986
1030
987
1031
988
1032
989
1033
990
1034
991
1035
992
1036
993
1037
994
1038
995
1039
996
1040
997
1041
998
1042
999
1043
1000
1044
1001
1045
1002
1046
1003
1047
1004
1048
1005
1049
1006
1050
1007
1051
1008
1052
1009
1053
1010
1054
1055
1012
1056
1013
1057
1014
1058
1015
1059
1016
1060
1017
1061
1018
1062
1019
1063
1020
1064
1021
1065
1022
1066
1023
1067
1024
1068
1025
1069
1026
1070
1027
1071
1028
1072
1029
1073
1030
1074
1031
1075
1032
1076
1033
1077
1034
1078
1035
1079
1036
1080
1037
1081
1038
1082
1039
1083
1040
1084
1041
1085
1042
1086
1043
1087
1044
1088
1045
1089
1046
1090
1047
1091
1048
1092
1049
1093
1050
1094
1051
1095
1052
1096
1053
1097
1054
1098
1055
1099
1100
1057
1101
1058
1102
1059
1103
1060
1104
1061
1105
1062
1106
1063
1107
1064
1108
1065
1109
1066
1110
1067
1111
1068
1112
1069
1113
1070
1114
1071
1115
1072
1116
1073
1117
1074
1118
1075
1119
1076
1120
1077
1121
1078
1122
1079
1123
1080
1124
1081
1125
1082
1126
1083
1127
1084
1128
1085
1129
1086
1130
1087
1131
1088
1132
1089
1133
1090
1134
1091
1135
1092
1136
1093
1137
1094
1138
1095
1139
1096
1140
1097
1141
1098
1142
1099
1143
1100
1144
1145
1102
1147
1103
1148
1104
1149
1105
1150
1106
1151
1107
1152
1108
1153
1109
1154
1110
1155
1111
1156
1112
1157
1113
1158
1114
1159
1115
1160
1116
1161
1117
1162
1118
1163
1119
1164
1120
1165
1121
1166
1122
1167
1123
1168
1124
1169
1125
1170
1126
1171
1127
1172
1128
1173
1129
1174
1130
1175
1131
1176
1132
1177
1133
1178
1134
1179
1135
1180
1136
1181
1137
1182
1138
1183
1139
1184
1140
1185
1141
1186
1142
1187
1143
1188
1144
1189
1145
1190
1146
1191
1192
1148
1193
1149
1194
1150
1195
1151
1196
1152
1197
1153
1198
1154
1199
1155
1200
1156
1201
1157
1202
1158
1203
1159
1204
1160
1205
1161
1206
1162
1207
1163
1208
1164
1209
1165
1210
1166
1211
1167
1212
1168
1213
1169
1214
1170
1215
1171
1216
1172
1217
1173
1218
1174
1219
1175
1220
1176
1221
1177
1222
1178
1223
1179
1224
1180
1225
1181
1226
1182
1227
1183
1228
1184
1229
1185
1230
1186
1231
1187
1232
1188
1233
1189
1234
1190
1235
1191
1236
1192
1237
1238
1194
1239
1195
1240
1196
1241
1197
1242
1198
1243
1199
1244
1200
1245
1201
1246
1202
1247
1203
1248
1204
1249
1205
1250
1206
1251
1207
1252
1208
1253
1209
1254
1210
1255
1211
1256
1212
1257
1213
1258
1214
1259
1215
1260
1216
1261
1217
1262
1218
1263
1219
1264
1220
1265
1221
1266
1222
1267
1223
1268
1224
1269
1225
1270
1226
1271
1227
1272
1228
1273
1229
1274
1230
1275
1231
1276
1232
1277
1233
1278
1234
1279
1235
1280
1236
1281
1237
1282
1238
1283
1284
1240
1285
1241
1286
1242
1287
1243
1288
1244
1289
1245
1290
1246
1291
1247
1292
1248
1293
1249
1294
1250
1295
1251
1296
1252
1297
1253
1298
1254
1299
1255
1300
1256
1301
1257
1302
1258
1303
1259
1304
1260
1305
1261
1306
1262
1307
1263
1308
1264
1309
1265
1310
1266
1311
1267
1312
1268
1313
1269
1314
1270
1315
1271
1316
1272
1317
1273
1318
1274
1319
1275
1320
1276
1321
1277
1322
1278
1323
1279
1324
1280
1325
1281
1326
1282
1327
1283
1328
1284
1329
1330
1286
1331
1287
1332
1288
1333
1289
1334
1290
1335
1291
1336
1292
1337
1293
1338
1294
1339
1295
1340
1296
1341
1297
1342
1298
1343
1299
1344
1300
1345
1301
1346
1302
1347
1303
1348
1304
1349
1305
1350
1306
1351
1307
1352
1308
1353
1309
1354
1310
1355
1311
1356
1312
1357
1313
1358
1314
1359
1315
1360
1316
1361
1317
1362
1318
1363
1319
1364
1320
1365
1321
1366
1322
1367
1323
1368
1324
1369
1325
1370
1326
1371
1327
1372
1328
1373
1329
1374
1330
1375
1376
1332
1377
1333
1378
1334
1379
1335
1380
1336
1381
1337
1382
1338
1383
1339
1384
1340
1385
1341
1386
1342
1387
1343
1388
1344
1389
1345
1390
1346
1391
1347
1392
1348
1393
1349
1394
1350
1395
1351
1396
1352
1397
1353
1398
1354
1399
1355
1400
1356
1401
1357
1402
1358
1403
1359
1404
1360
1405
1361
1406
1362
1407
1363
1408
1364
1409
1365
1410
1366
1411
1367
1412
1368
1413
1369
1414
1370
1415
1371
1416
1372
1417
1373
1418
1374
1419
1375
1420
1376
1421
1422
1378
1423
1379
1424
1380
1425
1381
1426
1382
1427
1383
1428
1384
1429
1385
1430
1386
1431
1387
1432
1388
1433
1389
1434
1390
1435
1391
1436
1392
1437
1393
1438
1394
1439
1395
1440
1396
1441
1397
1442
1398
1443
1399
1444
1400
1445
1401
1446
1402
1447
1403
1448
1404
1449
1405
1450
1406
1451
1407
1452
1408
1453
1409
1454
1410
1455
1411
1456
1412
1457
1413
1458
1414
1459
1415
1460
1416
1461
1417
1462
1418
1463
1419
1464
1420
1465
1421
1466
1422
1467
1468
1424
1469
1425
1470
1426
1471
1427
1472
1428
1473
1429
1474
1430
1475
1431
1476
1432
1477
1433
1478
1434
1479
1435
1480
1436
1481
1437
1482
1438
1483
1439
1484
1440
1485
1441
1486
1442
1487
1443
1488
1444
1489
1445
1490
1446
1491
1447
1492
1448
1493
1449
1494
1450
1495
1451
1496
1452
1497
1453
1498
1454
1499
1455
1500
1456
1501
1457
1502
1458
1503
1459
1504
1460
1505
1461
1506
1462
1507
1463
1508
1464
1509
1465
1510
1466
1511
1467
1512
1468
1513
1514
1470
1516
1471
1517
1472
1518
1473
1519
1474
1520
1475
1521
1476
1522
1477
1523
1478
1524
1479
1525
1480
1526
1481
1527
1482
1528
1483
1529
1484
1530
1485
1531
1486
1532
1487
1533
1488
1534
1489
1535
1490
1536
1491
1537
1492
1538
1493
1539
1494
1540
1495
1541
1496
1542
1497
1543
1498
1544
1499
1545
1500
1546
1501
1547
1502
1548
1503
1549
1504
1550
1505
1551
1506
1552
1507
1553
1508
1554
1509
1555
1510
1556
1511
1557
1512
1558
1513
1559
1514
1560
1515
1561
1562
1517
1563
1518
1564
1519
1565
1520
1566
1521
1567
1522
1568
1523
1569
1524
1570
1525
1571
1526
1572
1527
1573
1528
1574
1529
1575
1530
1576
1531
1577
1532
1578
1533
1579
1534
1580
1535
1581
1536
1582
1537
1583
1538
1584
1539
1585
1540
1586
1541
1587
1542
1588
1543
1589
1544
1590
1545
1591
1546
1592
1547
1593
1548
1594
1549
1595
1550
1596
1551
1597
1552
1598
1553
1599
1554
1600
1555
1601
1556
1602
1557
1603
1558
1604
1559
1605
1560
1606
1561
1607
1562
1608
1609
1564
1610
1565
1611
1566
1612
1567
1613
1568
1614
1569
1615
1570
1616
1571
1617
1572
1618
1573
1619
1574
1620
1575
1621
1576
1622
1577
1623
1578
1624
1579
1625
1580
1626
1581
1627
1582
1628
1583
1629
1584
1630
1585
1631
1586
1632
1587
1633
1588
1634
1589
1635
1590
1636
1591
1637
1592
1638
1593
1639
1594
1640
1595
1641
1596
1642
1597
1643
1598
1644
1599
1645
1600
1646
1601
1647
1602
1648
1603
1649
1604
1650
1605
1651
1606
1652
1607
1653
1608
1654
1609
1655
1656
1611
1657
1612
1658
1613
1659
1614
1660
1615
1661
1616
1662
1617
1663
1618
1664
1619
1665
1620
1666
1621
1667
1622
1668
1623
1669
1624
1670
1625
1671
1626
1672
1627
1673
1628
1674
1629
1675
1630
1676
1631
1677
1632
1678
1633
1679
1634
1680
1635
1681
1636
1682
1637
1683
1638
1684
1639
1685
1640
1686
1641
1687
1642
1688
1643
1689
1644
1690
1645
1691
1646
1692
1647
1693
1648
1694
1649
1695
1650
1696
1651
1697
1652
1698
1653
1699
1654
1700
1655
1701
1656
1702
1703
1658
1704
1659
1705
1660
1706
1661
1707
1662
1708
1663
1709
1664
1710
1665
1711
1666
1712
1667
1713
1668
1714
1669
1715
1670
1716
1671
1717
1672
1718
1673
1719
1674
1720
1675
1721
1676
1722
1677
1723
1678
1724
1679
1725
1680
1726
1681
1727
1682
1728
1683
1729
1684
1730
1685
1731
1686
1732
1687
1733
1688
1734
1689
1735
1690
1736
1691
1737
1692
1738
1693
1739
1694
1740
1695
1741
1696
1742
1697
1743
1698
1744
1699
1745
1700
1746
1701
1747
1702
1748
1703
1749
1750
1705
1751
1706
1752
1707
1753
1708
1754
1709
1755
1710
1756
1711
1757
1712
1758
1713
1759
1714
1760
1715
1761
1716
1762
1717
1763
1718
1764
1719
1765
1720
1766
1721
1767
1722
1768
1723
1769
1724
1770
1725
1771
1726
1772
1727
1773
1728
1774
1729
1775
1730
1776
1731
1777
1732
1778
1733
1779
1734
1780
1735
1781
1736
1782
1737
1783
1738
1784
1739
1785
1740
1786
1741
1787
1742
1788
1743
1789
1744
1790
1745
1791
1746
1792
1747
1793
1748
1794
1749
1795
1750
1796
1797
1752
1798
1753
1799
1754
1800
1755
1801
1756
1802
1757
1803
1758
1804
1759
1805
1760
1806
1761
1807
1762
1808
1763
1809
1764
1810
1765
1811
1766
1812
1767
1813
1768
1814
1769
1815
1770
1816
1771
1817
1772
1818
1773
1819
1774
1820
1775
1821
1776
1822
1777
1823
1778
1824
1779
1825
1780
1826
1781
1827
1782
1828
1783
1829
1784
1830
1785
1831
1786
1832
1787
1833
1788
1834
1789
1835
1790
1836
1791
1837
1792
1838
1793
1839
1794
1840
1795
1841
1796
1842
1797
1843
1844
1799
1846
1800
1847
1801
1848
1802
1849
1803
1850
1804
1851
1805
1852
1806
1853
1807
1854
1808
1855
1809
1856
1810
1857
1811
1858
1812
1859
1813
1860
1814
1861
1815
1862
1816
1863
1817
1864
1818
1865
1819
1866
1820
1867
1821
1868
1822
1869
1823
1870
1824
1871
1825
1872
1826
1873
1827
1874
1828
1875
1829
1876
1830
1877
1831
1878
1832
1879
1833
1880
1834
1881
1835
1882
1836
1883
1837
1884
1838
1885
1839
1886
1840
1887
1841
1888
1842
1889
1843
1890
1844
1891
1845
1892
1893
1847
1894
1848
1895
1849
1896
1850
1897
1851
1898
1852
1899
1853
1900
1854
1901
1855
1902
1856
1903
1857
1904
1858
1905
1859
1906
1860
1907
1861
1908
1862
1909
1863
1910
1864
1911
1865
1912
1866
1913
1867
1914
1868
1915
1869
1916
1870
1917
1871
1918
1872
1919
1873
1920
1874
1921
1875
1922
1876
1923
1877
1924
1878
1925
1879
1926
1880
1927
1881
1928
1882
1929
1883
1930
1884
1931
1885
1932
1886
1933
1887
1934
1888
1935
1889
1936
1890
1937
1891
1938
1892
1939
1893
1940
1941
1895
1942
1896
1943
1897
1944
1898
1945
1899
1946
1900
1947
1901
1948
1902
1949
1903
1950
1904
1951
1905
1952
1906
1953
1907
1954
1908
1955
1909
1956
1910
1957
1911
1958
1912
1959
1913
1960
1914
1961
1915
1962
1916
1963
1917
1964
1918
1965
1919
1966
1920
1967
1921
1968
1922
1969
1923
1970
1924
1971
1925
1972
1926
1973
1927
1974
1928
1975
1929
1976
1930
1977
1931
1978
1932
1979
1933
1980
1934
1981
1935
1982
1936
1983
1937
1984
1938
1985
1939
1986
1940
1987
1941
1988
1989
1943
1990
1944
1991
1945
1992
1946
1993
1947
1994
1948
1995
1949
1996
1950
1997
1951
1998
1952
1999
1953
2000
1954
2001
1955
2002
1956
2003
1957
2004
1958
2005
1959
2006
1960
2007
1961
2008
1962
2009
1963
2010
1964
2011
1965
2012
1966
2013
1967
2014
1968
2015
1969
2016
1970
2017
1971
2018
1972
2019
1973
2020
1974
2021
1975
2022
1976
2023
1977
2024
1978
2025
1979
2026
1980
2027
1981
2028
1982
2029
1983
2030
1984
2031
1985
2032
1986
2033
1987
2034
1988
2035
1989
2036
2037
1991
2038
1992
2039
1993
2040
1994
2041
1995
2042
1996
2043
1997
2044
1998
2045
1999
2046
2000
2047
2001
2048
2002
2049
2003
2050
2004
2051
2005
2052
2006
2053
2007
2054
2008
2055
2009
2056
2010
2057
2011
2058
2012
2059
2013
2060
2014
2061
2015
2062
2016
2063
2017
2064
2018
2065
2019
2066
2020
2067
2021
2068
2022
2069
2023
2070
2024
2071
2025
2072
2026
2073
2027
2074
2028
2075
2029
2076
2030
2077
2031
2078
2032
2079
2033
2080
2034
2081
2035
2082
2036
2083
2037
2084
2085
2039
2086
2040
2087
2041
2088
2042
2089
2043
2090
2044
2091
2045
2092
2046
2093
2047
2094
2048
2095
2049
2096
2050
2097
2051
2098
2052
2099
2053
2100
2054
2101
2055
2102
2056
2103
2057
2104
2058
2105
2059
2106
2060
2107
2061
2108
2062
2109
2063
2110
2064
2111
2065
2112
2066
2113
2067
2114
2068
2115
2069
2116
2070
2117
2071
2118
2072
2119
2073
2120
2074
2121
2075
2122
2076
2123
2077
2124
2078
2125
2079
2126
2080
2127
2081
2128
2082
2129
2083
2130
2084
2131
2085
2132
2133
2087
2135
2591
2088
2136
2089
2137
2090
2138
2091
2139
2092
2140
2093
2141
2094
2142
2095
2143
2096
2144
2097
2145
2098
2146
2099
2147
2100
2148
2101
2149
2102
2150
2103
2151
2104
2152
2105
2153
2106
2154
2107
2155
2108
2156
2109
2157
2110
2158
2111
2159
2112
2160
2113
2161
2114
2162
2115
2163
2116
2164
2117
2165
2118
2166
2119
2167
2120
2168
2121
2169
2122
2170
2123
2171
2124
2172
2125
2173
2126
2174
2127
2175
2128
2176
2129
2177
2130
2178
2131
2179
2132
2180
2133
2181
2134
2182
2183
2136
2184
2595
2137
2185
2138
2186
2139
2187
2140
2188
2141
2189
2142
2190
2143
2191
2144
2192
2145
2193
2146
2194
2147
2195
2148
2196
2149
2197
2150
2198
2151
2199
2152
2200
2153
2201
2154
2202
2155
2203
2156
2204
2157
2205
2158
2206
2159
2207
2160
2208
2161
2209
2162
2210
2163
2211
2164
2212
2165
2213
2166
2214
2167
2215
2168
2216
2169
2217
2170
2218
2171
2219
2172
2220
2173
2221
2174
2222
2175
2223
2176
2224
2177
2225
2178
2226
2179
2227
2180
2228
2181
2229
2182
2230
2183
2231
2232
2185
2233
2599
2186
2234
2187
2235
2188
2236
2189
2237
2190
2238
2191
2239
2192
2240
2193
2241
2194
2242
2195
2243
2196
2244
2197
2245
2198
2246
2199
2247
2200
2248
2201
2249
2202
2250
2203
2251
2204
2252
2205
2253
2206
2254
2207
2255
2208
2256
2209
2257
2210
2258
2211
2259
2212
2260
2213
2261
2214
2262
2215
2263
2216
2264
2217
2265
2218
2266
2219
2267
2220
2268
2221
2269
2222
2270
2223
2271
2224
2272
2225
2273
2226
2274
2227
2275
2228
2276
2229
2277
2230
2278
2231
2279
2232
2280
2281
2234
2282
2603
2235
2283
2236
2284
2237
2285
2238
2286
2239
2287
2240
2288
2241
2289
2242
2290
2243
2291
2244
2292
2245
2293
2246
2294
2247
2295
2248
2296
2249
2297
2250
2298
2251
2299
2252
2300
2253
2301
2254
2302
2255
2303
2256
2304
2257
2305
2258
2306
2259
2307
2260
2308
2261
2309
2262
2310
2263
2311
2264
2312
2265
2313
2266
2314
2267
2315
2268
2316
2269
2317
2270
2318
2271
2319
2272
2320
2273
2321
2274
2322
2275
2323
2276
2324
2277
2325
2278
2326
2279
2327
2280
2328
2281
2329
2330
2283
2331
2607
2284
2332
2285
2333
2286
2334
2287
2335
2288
2336
2289
2337
2290
2338
2291
2339
2292
2340
2293
2341
2294
2342
2295
2343
2296
2344
2297
2345
2298
2346
2299
2347
2300
2348
2301
2349
2302
2350
2303
2351
2304
2352
2305
2353
2306
2354
2307
2355
2308
2356
2309
2357
2310
2358
2311
2359
2312
2360
2313
2361
2314
2362
2315
2363
2316
2364
2317
2365
2318
2366
2319
2367
2320
2368
2321
2369
2322
2370
2323
2371
2324
2372
2325
2373
2326
2374
2327
2375
2328
2376
2329
2377
2330
2378
2379
2332
2380
2611
2333
2381
2334
2382
2335
2383
2336
2384
2337
2385
2338
2386
2339
2387
2340
2388
2341
2389
2342
2390
2343
2391
2344
2392
2345
2393
2346
2394
2347
2395
2348
2396
2349
2397
2350
2398
2351
2399
2352
2400
2353
2401
2354
2402
2355
2403
2356
2404
2357
2405
2358
2406
2359
2407
2360
2408
2361
2409
2362
2410
2363
2411
2364
2412
2365
2413
2366
2414
2367
2415
2368
2416
2369
2417
2370
2418
2371
2419
2372
2420
2373
2421
2374
2422
2375
2423
2376
2424
2377
2425
2378
2426
2379
2427
2428
2381
2429
2615
2382
2430
2383
2431
2384
2432
2385
2433
2386
2434
2387
2435
2388
2436
2389
2437
2390
2438
2391
2439
2392
2440
2393
2441
2394
2442
2395
2443
2396
2444
2397
2445
2398
2446
2399
2447
2400
2448
2401
2449
2402
2450
2403
2451
2404
2452
2405
2453
2406
2454
2407
2455
2408
2456
2409
2457
2410
2458
2411
2459
2412
2460
2413
2461
2414
2462
2415
2463
2416
2464
2417
2465
2418
2466
2419
2467
2420
2468
2421
2469
2422
2470
2423
2471
2424
2472
2425
2473
2426
2474
2427
2475
2428
2476
2477
2430
2478
2619
2431
2479
2432
2480
2433
2481
2434
2482
2435
2483
2436
2484
2437
2485
2438
2486
2439
2487
2440
2488
2441
2489
2442
2490
2443
2491
2444
2492
2445
2493
2446
2494
2447
2495
2448
2496
2449
2497
2450
2498
2451
2499
2452
2500
2453
2501
2454
2502
2455
2503
2456
2504
2457
2505
2458
2506
2459
2507
2460
2508
2461
2509
2462
2510
2463
2511
2464
2512
2465
2513
2466
2514
2467
2515
2468
2516
2469
2517
2470
2518
2471
2519
2472
2520
2473
2521
2474
2522
2475
2523
2476
2524
2477
2525
2526
2479
2527
2622
2480
2528
2481
2529
2482
2530
2483
2531
2484
2532
2485
2533
2486
2534
2487
2535
2488
2536
2489
2537
2490
2538
2491
2539
2492
2540
2493
2541
2494
2542
2495
2543
2496
2544
2497
2545
2498
2546
2499
2547
2500
2548
2501
2549
2502
2550
2503
2551
2504
2552
2505
2553
2506
2554
2507
2555
2508
2556
2509
2557
2510
2558
2511
2559
2512
2560
2513
2561
2514
2562
2515
2563
2516
2564
2517
2565
2518
2566
2519
2567
2520
2568
2521
2569
2522
2570
2523
2571
2524
2572
2525
2573
2526
2574
2575
2528
2576
2624
2529
2577
2530
2578
2531
2579
2532
2580
2533
2581
2534
2582
2535
2583
2536
2584
2537
2585
2538
2586
2539
2587
2540
2541
2542
2543
2544
2545
2546
2547
2548
2549
2550
2551
2552
2553
2554
2555
2556
2557
2558
2559
2560
2561
2562
2563
2564
2565
2566
2567
2568
2569
2570
2571
2572
2573
2574
2575
2577
2578
2579
2580
2581
2582
2583
2584
2585
2586
2587
2589
2592
2590
2593
2591
2594
2595
2593
2596
2594
2597
2595
2598
2599
2597
2600
2598
2601
2599
2602
2603
2601
2604
2602
2605
2603
2606
2607
2605
2608
2606
2609
2607
2610
2611
2609
2612
2610
2613
2611
2614
2615
2613
2616
2614
2617
2615
2618
2619
2617
2618
2620
2619
2621
2622
2621
2622
2623
2624
2624
)


// ************************************************************************* //
