/*--------------------------------*- C++ -*----------------------------------*\
  =========                 |
  \\      /  F ield         | OpenFOAM: The Open Source CFD Toolbox
   \\    /   O peration     | Website:  https://openfoam.org
    \\  /    A nd           | Version:  7
     \\/     M anipulation  |
\*---------------------------------------------------------------------------*/
FoamFile
{
    version     2.0;
    format      ascii;
    class       volVectorField;
    location    "25";
    object      U;
}
// * * * * * * * * * * * * * * * * * * * * * * * * * * * * * * * * * * * * * //

dimensions      [0 1 -1 0 0 0 0];

internalField   nonuniform List<vector> 
2625
(
(0.0031553 0.00188581 4.93161e-21)
(0.0238615 0.00464161 -4.50114e-21)
(0.0629109 0.00659685 2.79344e-22)
(0.109568 0.00795007 1.99824e-21)
(0.16235 0.00880631 -4.98618e-21)
(0.217523 0.00927767 -3.82132e-21)
(0.27334 0.0094488 7.7616e-21)
(0.0031553 -0.00188581 -4.93161e-21)
(0.0238615 -0.00464161 4.50114e-21)
(0.0629109 -0.00659685 -2.79344e-22)
(0.109568 -0.00795007 -1.99824e-21)
(0.16235 -0.00880631 4.98618e-21)
(0.217523 -0.00927767 3.82132e-21)
(0.27334 -0.0094488 -7.7616e-21)
(0.3282 -0.00939402 -4.14735e-22)
(0.38113 -0.00917392 -4.54773e-21)
(0.431459 -0.00883855 -1.55136e-22)
(0.478809 -0.00842811 -7.85801e-22)
(0.523004 -0.00797421 3.20127e-22)
(0.564015 -0.00750096 -2.35556e-22)
(0.601915 -0.00702612 -3.68535e-21)
(0.636846 -0.00656215 -2.31092e-21)
(0.668988 -0.00611735 4.75929e-22)
(0.698542 -0.00569673 -8.50517e-22)
(0.725716 -0.00530287 3.37052e-21)
(0.750711 -0.00493678 3.17313e-22)
(0.773727 -0.0045991 -3.82935e-21)
(0.00330111 -0.00565214 -6.70405e-22)
(0.0242108 -0.0139139 7.82351e-21)
(0.0633922 -0.0197769 9.0726e-22)
(0.110133 -0.0238349 7.56652e-21)
(0.162962 -0.0264031 -1.57414e-20)
(0.218155 -0.0278174 1.68772e-20)
(0.273971 -0.0283315 1.73756e-20)
(0.328818 -0.0281681 -2.83763e-21)
(0.381724 -0.0275089 7.49737e-21)
(0.432024 -0.026504 3.43329e-21)
(0.479344 -0.0252738 -1.07252e-20)
(0.523506 -0.0239131 8.36435e-21)
(0.564483 -0.0224943 -3.65708e-21)
(0.602352 -0.0210705 5.08709e-21)
(0.637252 -0.0196794 1.93377e-20)
(0.669365 -0.0183456 6.62871e-21)
(0.698892 -0.0170843 4.92626e-21)
(0.726042 -0.0159031 4.91205e-21)
(0.751013 -0.0148053 -9.36812e-21)
(0.77401 -0.0137925 8.56081e-21)
(0.00359222 -0.00940496 -1.35951e-20)
(0.0249083 -0.0231564 -2.35043e-20)
(0.0643534 -0.0329177 1.58957e-20)
(0.111263 -0.0396754 1.07877e-20)
(0.164185 -0.043954 3.8149e-21)
(0.219417 -0.0463117 -2.45095e-21)
(0.275232 -0.0471708 -2.79014e-20)
(0.330052 -0.0469017 2.77757e-21)
(0.382912 -0.0458066 -1.26254e-20)
(0.433155 -0.0441354 2.70578e-21)
(0.480411 -0.0420887 -1.3172e-20)
(0.524507 -0.0398243 -5.32564e-22)
(0.56542 -0.0374626 -1.11804e-20)
(0.603224 -0.0350925 -7.90925e-21)
(0.638063 -0.0327762 -3.45756e-20)
(0.670119 -0.0305552 2.67243e-22)
(0.699593 -0.0284548 8.93041e-21)
(0.726692 -0.0264877 4.9835e-21)
(0.751617 -0.0246592 1.22622e-20)
(0.774576 -0.0229721 -2.94949e-20)
(0.00402766 -0.0131365 2.06145e-21)
(0.025952 -0.0323506 -3.62433e-21)
(0.0657921 -0.0459943 -1.07359e-20)
(0.112955 -0.0554431 -2.64444e-20)
(0.166015 -0.0614291 1.65095e-20)
(0.221306 -0.0647309 -1.41053e-20)
(0.277121 -0.0659381 3.50633e-20)
(0.3319 -0.0655679 -2.78714e-21)
(0.384692 -0.0640423 3.14198e-20)
(0.434849 -0.0617105 2.01783e-20)
(0.48201 -0.0588526 3.45461e-20)
(0.526008 -0.0556895 1.0854e-21)
(0.566822 -0.0523896 3.30741e-20)
(0.604531 -0.049077 2.31181e-21)
(0.639279 -0.0458392 -4.87836e-21)
(0.671249 -0.0427341 -1.79147e-23)
(0.700643 -0.039797 -2.1734e-20)
(0.727668 -0.0370462 -1.3125e-20)
(0.752522 -0.034489 2.2586e-20)
(0.775425 -0.0321288 9.4943e-21)
(0.00460612 -0.016839 1.79241e-20)
(0.027339 -0.0414778 1.36625e-20)
(0.0677046 -0.0589815 9.45969e-21)
(0.115204 -0.0711093 2.00137e-20)
(0.16845 -0.0787983 -1.30611e-20)
(0.223819 -0.0830452 -7.014e-21)
(0.279634 -0.084605 -1.06454e-20)
(0.334358 -0.0841401 2.01628e-20)
(0.38706 -0.0821916 -4.74049e-20)
(0.437104 -0.0792068 -5.02619e-20)
(0.484139 -0.0755454 -5.53042e-21)
(0.528006 -0.0714906 -1.71118e-20)
(0.568689 -0.0672588 1.98473e-20)
(0.606271 -0.0630094 -2.75298e-20)
(0.640899 -0.0588549 6.27483e-21)
(0.672755 -0.0548698 1.50926e-20)
(0.702042 -0.0510998 9.69218e-21)
(0.728968 -0.0475683 -2.16323e-20)
(0.753728 -0.0442851 -1.14545e-20)
(0.776557 -0.0412535 2.31504e-20)
(0.00532586 -0.0205044 -1.75015e-20)
(0.0290655 -0.0505195 -2.62371e-20)
(0.0700857 -0.0718543 1.9396e-21)
(0.118005 -0.0866455 3.65921e-20)
(0.171482 -0.0960319 -1.17822e-21)
(0.22695 -0.101225 5.79742e-21)
(0.282766 -0.103143 7.64607e-21)
(0.337423 -0.102592 -2.97822e-21)
(0.390012 -0.10023 -1.16287e-20)
(0.439915 -0.096602 2.06628e-20)
(0.486794 -0.0921467 5.26035e-20)
(0.530498 -0.0872093 -3.68258e-20)
(0.571019 -0.0820538 -2.96316e-20)
(0.608443 -0.0768748 3.63323e-20)
(0.642919 -0.0718099 3.45524e-20)
(0.674633 -0.0669503 1.48832e-21)
(0.703788 -0.0623519 -1.38836e-20)
(0.73059 -0.0580437 1.1197e-20)
(0.755233 -0.0540379 -2.67563e-21)
(0.777969 -0.0503371 -3.81917e-20)
(0.00618478 -0.0241251 4.49689e-20)
(0.0311266 -0.0594575 1.53768e-20)
(0.0729295 -0.0845881 -4.78032e-20)
(0.12135 -0.102024 -6.70284e-20)
(0.175106 -0.113101 2.91805e-20)
(0.230693 -0.119241 3.23358e-20)
(0.28651 -0.121524 7.60753e-21)
(0.341088 -0.120897 -3.636e-20)
(0.393543 -0.118133 -8.22503e-22)
(0.443279 -0.113874 -1.30033e-21)
(0.489971 -0.108637 -2.42999e-20)
(0.533481 -0.102828 1.57484e-20)
(0.573808 -0.0967582 -3.54746e-20)
(0.611043 -0.0906585 -8.93958e-21)
(0.645339 -0.0846909 3.5797e-20)
(0.676883 -0.0789633 -3.88112e-20)
(0.705879 -0.0735423 -9.77297e-21)
(0.732533 -0.0684621 -4.26653e-20)
(0.757037 -0.063738 -2.31319e-20)
(0.779662 -0.0593705 6.9355e-20)
(0.00718038 -0.0276934 -9.91204e-22)
(0.0335167 -0.0682736 -2.95057e-20)
(0.0762286 -0.0971585 8.92361e-21)
(0.125233 -0.117216 6.57226e-20)
(0.179313 -0.129975 -6.17416e-20)
(0.235038 -0.137065 3.82678e-22)
(0.29086 -0.139721 -4.85052e-20)
(0.345347 -0.139028 3.35655e-20)
(0.397647 -0.135876 5.57589e-21)
(0.447189 -0.131001 -1.10454e-20)
(0.493665 -0.124995 -1.85266e-20)
(0.53695 -0.118327 3.2071e-20)
(0.577052 -0.111356 1.30707e-20)
(0.614068 -0.104346 -2.81044e-20)
(0.648155 -0.0974846 -5.49112e-20)
(0.679502 -0.0908969 1.53952e-20)
(0.708313 -0.0846598 2.65061e-20)
(0.734796 -0.0788133 1.02446e-19)
(0.759137 -0.0733758 1.36373e-20)
(0.781633 -0.0683448 -9.22011e-21)
(0.0083098 -0.0312017 -1.71141e-21)
(0.0362295 -0.0769501 8.8064e-21)
(0.0799744 -0.109542 2.69642e-20)
(0.129643 -0.132195 -4.49918e-20)
(0.184093 -0.146627 8.71136e-20)
(0.239978 -0.154667 -4.4451e-20)
(0.295805 -0.157705 5.21738e-20)
(0.350191 -0.156961 3.42662e-20)
(0.402318 -0.153436 7.12178e-20)
(0.45164 -0.147961 -6.31512e-21)
(0.497872 -0.141203 3.1615e-20)
(0.540901 -0.133691 -3.37007e-20)
(0.580747 -0.125831 5.73112e-20)
(0.617515 -0.117923 -5.08701e-20)
(0.651364 -0.110178 -3.01428e-21)
(0.682487 -0.102739 7.05044e-20)
(0.711089 -0.0956937 3.89481e-20)
(0.737376 -0.0890873 -4.99819e-21)
(0.761533 -0.0829421 3.96745e-20)
(0.783882 -0.0772511 1.11805e-20)
(0.00956981 -0.0346428 6.06524e-21)
(0.0392574 -0.0854698 -2.26755e-20)
(0.0841574 -0.121714 2.13057e-20)
(0.134571 -0.146933 5.33251e-20)
(0.189436 -0.163027 -7.31181e-20)
(0.245502 -0.17202 4.44515e-20)
(0.301337 -0.175449 -2.26988e-20)
(0.355611 -0.17467 -8.93734e-20)
(0.407546 -0.17079 -3.1602e-20)
(0.456624 -0.164732 -3.1636e-20)
(0.502583 -0.15724 -7.32445e-20)
(0.545328 -0.148901 3.02399e-20)
(0.584889 -0.140168 -2.66523e-20)
(0.621379 -0.131374 9.5077e-20)
(0.654963 -0.122758 -2.62067e-20)
(0.685835 -0.114478 -1.09969e-20)
(0.714202 -0.106633 -9.7562e-20)
(0.740271 -0.0992743 -5.74752e-20)
(0.764221 -0.0924277 -5.51607e-21)
(0.786407 -0.0860807 -1.91791e-20)
(0.0109568 -0.0380092 -3.66451e-20)
(0.0425924 -0.0938156 1.55588e-19)
(0.0887669 -0.133653 -9.61032e-20)
(0.140003 -0.161405 2.65341e-20)
(0.195328 -0.179149 4.9089e-20)
(0.251597 -0.189096 -7.94693e-20)
(0.307445 -0.192928 -3.62973e-21)
(0.361598 -0.192129 3.40523e-20)
(0.413322 -0.187913 -2.28112e-20)
(0.462133 -0.181294 4.66592e-20)
(0.507793 -0.173087 1.3717e-19)
(0.550225 -0.16394 3.51087e-20)
(0.589472 -0.15435 1.47863e-20)
(0.625655 -0.144687 -5.15641e-20)
(0.658946 -0.135212 7.97007e-20)
(0.689542 -0.126103 -1.96758e-20)
(0.717651 -0.117467 3.07477e-21)
(0.743479 -0.109364 3.27597e-20)
(0.767201 -0.101824 -2.19988e-20)
(0.789205 -0.0948248 5.30214e-20)
(0.0124669 -0.0412942 1.53556e-21)
(0.0462253 -0.101971 -1.12187e-19)
(0.0937909 -0.145336 5.21582e-20)
(0.145926 -0.175585 -1.03386e-21)
(0.201758 -0.194965 -2.63204e-20)
(0.258251 -0.205867 1.35978e-19)
(0.314116 -0.210114 -4.53603e-20)
(0.36814 -0.209313 1.93992e-20)
(0.419637 -0.204784 3.39672e-20)
(0.468158 -0.197625 -1.09201e-19)
(0.513493 -0.188725 -5.05848e-20)
(0.555584 -0.17879 -1.09279e-19)
(0.594489 -0.168363 -2.31689e-20)
(0.630339 -0.157846 3.88052e-20)
(0.66331 -0.147528 -4.81495e-20)
(0.693604 -0.137601 -4.37135e-20)
(0.721431 -0.128186 2.05084e-21)
(0.746996 -0.119348 2.8527e-20)
(0.770468 -0.111121 -7.42767e-20)
(0.792275 -0.103475 -2.30745e-20)
(0.0140956 -0.0444908 -4.76505e-20)
(0.0501466 -0.10992 8.59043e-20)
(0.0992167 -0.15674 4.87103e-20)
(0.152327 -0.189448 -1.31262e-19)
(0.208709 -0.210448 4.73298e-21)
(0.265449 -0.222308 -1.12262e-19)
(0.321336 -0.226983 5.73046e-20)
(0.375225 -0.2262 -1.73387e-20)
(0.426479 -0.221379 -1.33039e-19)
(0.47469 -0.213705 1.10463e-19)
(0.519675 -0.204136 -3.53233e-20)
(0.561399 -0.193436 8.77619e-20)
(0.599934 -0.182191 -5.39051e-20)
(0.635424 -0.170839 4.64882e-20)
(0.66805 -0.159692 6.05193e-20)
(0.698018 -0.148962 1.98536e-20)
(0.725538 -0.138779 5.71047e-20)
(0.750819 -0.129215 -5.89416e-20)
(0.774021 -0.12031 1.52665e-19)
(0.795614 -0.112023 -6.25172e-20)
(0.0543455 -0.117647 -1.28372e-19)
(0.10503 -0.167846 -5.46432e-20)
(0.15919 -0.202968 1.03683e-19)
(0.216167 -0.225573 -2.99439e-21)
(0.273176 -0.238392 -1.41823e-20)
(0.329091 -0.243508 2.62508e-21)
(0.38284 -0.242764 9.83249e-20)
(0.433837 -0.237676 1.57125e-19)
(0.481717 -0.229513 -4.74259e-20)
(0.526329 -0.219301 -6.45479e-20)
(0.56766 -0.207859 -2.90991e-20)
(0.605801 -0.195819 8.66088e-20)
(0.640904 -0.183651 -3.16381e-20)
(0.67316 -0.171694 -4.5779e-20)
(0.702777 -0.160174 4.63091e-20)
(0.72997 -0.149236 1.12845e-20)
(0.754944 -0.138957 -4.4738e-20)
(0.777856 -0.129384 -1.0567e-19)
(0.79922 -0.12046 4.77959e-20)
(0.0588109 -0.125137 7.55788e-21)
(0.111217 -0.178632 8.50134e-20)
(0.166498 -0.216124 -1.18069e-19)
(0.224114 -0.240315 -2.19623e-20)
(0.281416 -0.254094 6.07722e-20)
(0.337366 -0.259665 -7.01413e-20)
(0.390969 -0.258982 -4.7125e-20)
(0.441697 -0.253655 -1.00008e-20)
(0.489228 -0.24503 1.61896e-20)
(0.533445 -0.234202 7.7086e-21)
(0.57436 -0.222045 -4.62533e-20)
(0.61208 -0.209232 -1.23435e-19)
(0.646772 -0.19627 -9.61509e-20)
(0.678633 -0.18352 8.94832e-20)
(0.707877 -0.171228 6.27233e-20)
(0.73472 -0.159547 -6.00085e-20)
(0.759369 -0.148565 9.53843e-20)
(0.781971 -0.138333 -1.80414e-21)
(0.80309 -0.128778 4.16786e-20)
(0.0635306 -0.132377 4.83204e-20)
(0.117761 -0.18908 -4.37544e-20)
(0.174234 -0.228891 6.59698e-20)
(0.232532 -0.254649 4.81468e-20)
(0.29015 -0.269389 -4.07465e-20)
(0.346144 -0.275431 1.17556e-19)
(0.399599 -0.274832 -8.60181e-20)
(0.450046 -0.269292 4.81815e-20)
(0.497211 -0.260236 1.42633e-21)
(0.541011 -0.248822 4.9383e-20)
(0.581487 -0.235976 5.28337e-20)
(0.618764 -0.222417 1.32285e-19)
(0.65302 -0.208683 7.96979e-20)
(0.684464 -0.19516 -1.13127e-19)
(0.713313 -0.182111 -2.77004e-20)
(0.739785 -0.169703 -2.5328e-20)
(0.764088 -0.158029 -6.92213e-20)
(0.786361 -0.147149 -2.21679e-20)
(0.807221 -0.13697 2.48952e-20)
(0.0684922 -0.139351 -6.53907e-20)
(0.124645 -0.199169 -3.66713e-20)
(0.182378 -0.241247 -6.89646e-22)
(0.241401 -0.268552 -1.19288e-19)
(0.299359 -0.284254 1.96704e-20)
(0.355406 -0.290782 -3.14491e-20)
(0.408711 -0.290292 -4.03922e-20)
(0.458868 -0.284569 4.43893e-21)
(0.505652 -0.275112 -6.55681e-20)
(0.549018 -0.263142 -2.78099e-22)
(0.589032 -0.249638 7.98742e-20)
(0.625843 -0.235359 2.95442e-20)
(0.659642 -0.220876 -7.13113e-20)
(0.690646 -0.206601 4.11056e-20)
(0.719078 -0.192814 -3.37268e-20)
(0.745159 -0.179694 -3.02748e-20)
(0.769097 -0.167341 8.55451e-20)
(0.791023 -0.155824 -2.53681e-20)
(0.81161 -0.145027 -1.60806e-19)
(0.0736822 -0.146047 -2.26658e-20)
(0.131852 -0.208882 1.42345e-20)
(0.190911 -0.253173 -2.62008e-21)
(0.250702 -0.282001 -8.53397e-21)
(0.309024 -0.298665 5.09972e-20)
(0.365135 -0.305695 1.50464e-20)
(0.41829 -0.30534 1.14517e-19)
(0.468149 -0.299465 -1.15764e-19)
(0.514537 -0.28964 1.84807e-20)
(0.557451 -0.277147 -1.75588e-20)
(0.596985 -0.263015 -1.92506e-20)
(0.633308 -0.248044 8.0752e-21)
(0.666628 -0.232838 1.10287e-19)
(0.697171 -0.217833 6.27662e-20)
(0.725166 -0.203327 -8.59791e-20)
(0.750837 -0.189511 1.19711e-19)
(0.774391 -0.176494 -2.12085e-20)
(0.795954 -0.164351 1.31161e-19)
(0.816253 -0.152943 1.08175e-19)
(0.0790868 -0.152453 1.45359e-20)
(0.139364 -0.218203 6.06233e-20)
(0.199813 -0.264647 -2.20468e-20)
(0.260413 -0.294975 2.14053e-19)
(0.319124 -0.312601 -1.17358e-19)
(0.375311 -0.320149 -1.4715e-19)
(0.428317 -0.319955 -8.86546e-20)
(0.477871 -0.313961 -4.1477e-20)
(0.523853 -0.303802 -2.45592e-20)
(0.566298 -0.29082 3.46843e-20)
(0.605333 -0.276091 1.79067e-20)
(0.641149 -0.260458 -4.30856e-20)
(0.67397 -0.244556 -1.73035e-19)
(0.704032 -0.228844 -5.38898e-20)
(0.73157 -0.21364 1.15769e-19)
(0.756812 -0.199145 -2.70405e-20)
(0.779967 -0.185478 -4.13623e-20)
(0.801147 -0.172722 -1.13234e-19)
(0.821147 -0.16071 -1.76441e-20)
(0.0846914 -0.158556 7.30504e-20)
(0.14716 -0.227114 1.08072e-19)
(0.209061 -0.27565 -3.3584e-20)
(0.270511 -0.307453 -7.6202e-20)
(0.329638 -0.326041 -5.0337e-21)
(0.385912 -0.334124 1.47798e-19)
(0.438772 -0.334118 9.23586e-20)
(0.488017 -0.328037 1.42365e-19)
(0.533582 -0.31758 7.4028e-20)
(0.575545 -0.304144 -4.0624e-20)
(0.614064 -0.288854 -8.46943e-20)
(0.649355 -0.27259 -1.53518e-19)
(0.681658 -0.256019 8.74084e-20)
(0.71122 -0.239625 -7.15837e-20)
(0.738283 -0.223743 5.75954e-20)
(0.763079 -0.208589 2.4548e-21)
(0.785817 -0.194285 3.27683e-20)
(0.806601 -0.180931 -1.00488e-20)
(0.826288 -0.16832 -4.03285e-20)
(0.0904812 -0.164348 -9.68279e-20)
(0.155223 -0.2356 -5.12408e-20)
(0.218633 -0.286165 3.18896e-20)
(0.280974 -0.319415 -7.48592e-20)
(0.340541 -0.338964 -2.62303e-20)
(0.396917 -0.347598 8.22396e-21)
(0.449637 -0.347809 -2.83933e-20)
(0.49857 -0.341675 -9.2417e-20)
(0.543709 -0.330957 3.73422e-20)
(0.585177 -0.317105 7.08244e-20)
(0.623166 -0.301288 9.54756e-20)
(0.657915 -0.284425 1.23979e-19)
(0.689682 -0.267215 -2.14906e-20)
(0.718727 -0.250165 -1.40997e-20)
(0.745298 -0.233628 -7.37771e-20)
(0.769632 -0.217832 -7.0422e-20)
(0.791937 -0.20291 9.69043e-20)
(0.812308 -0.188969 1.91834e-20)
(0.831672 -0.175768 -1.27162e-19)
(0.0964406 -0.169816 2.56661e-21)
(0.163529 -0.243648 -1.24582e-19)
(0.228506 -0.296174 1.69314e-19)
(0.291776 -0.330843 1.15828e-19)
(0.35181 -0.35135 9.34067e-20)
(0.408304 -0.360553 -4.8038e-20)
(0.460889 -0.361009 -4.26545e-20)
(0.509509 -0.354858 6.59321e-21)
(0.554217 -0.343918 -2.69378e-20)
(0.59518 -0.329687 -7.24563e-20)
(0.632626 -0.31338 -1.7681e-19)
(0.666818 -0.295953 -3.49217e-20)
(0.698033 -0.278134 4.14694e-20)
(0.726544 -0.260454 -9.83937e-21)
(0.752607 -0.243286 -5.37023e-20)
(0.776462 -0.226868 -8.09889e-20)
(0.798321 -0.211343 -8.13114e-20)
(0.818265 -0.196831 -4.84232e-20)
(0.837294 -0.183048 2.26115e-20)
(0.17206 -0.251244 1.94719e-19)
(0.238656 -0.305662 -1.5433e-19)
(0.302895 -0.34172 -3.90349e-20)
(0.363422 -0.363183 -1.58784e-19)
(0.420049 -0.372971 9.65343e-20)
(0.472507 -0.3737 5.21469e-20)
(0.520816 -0.367569 2.29144e-20)
(0.565089 -0.356445 9.44489e-21)
(0.605538 -0.341875 1.49547e-20)
(0.642428 -0.325116 1.76113e-19)
(0.67605 -0.30716 -1.37688e-20)
(0.706698 -0.288763 2.66276e-20)
(0.734661 -0.270483 9.97791e-21)
(0.760201 -0.252708 3.69964e-20)
(0.783564 -0.235689 1.33926e-19)
(0.804962 -0.219579 -3.42996e-20)
(0.824467 -0.20451 9.56797e-20)
(0.84315 -0.190152 5.85195e-21)
(0.180792 -0.258376 -2.04798e-19)
(0.249058 -0.314614 1.27613e-19)
(0.314302 -0.352028 3.55622e-20)
(0.37535 -0.374444 1.77629e-19)
(0.432128 -0.384833 -1.8725e-19)
(0.484469 -0.385867 -1.5101e-20)
(0.53247 -0.379792 -2.1602e-20)
(0.576305 -0.368524 2.11319e-20)
(0.616234 -0.353656 6.40276e-20)
(0.652559 -0.336484 -1.89114e-19)
(0.685599 -0.318035 1.2164e-19)
(0.715668 -0.299095 -6.98608e-20)
(0.743068 -0.280242 -4.54263e-20)
(0.768071 -0.261885 3.49936e-20)
(0.790929 -0.244289 -1.85433e-20)
(0.811855 -0.227612 3.47951e-20)
(0.830906 -0.212002 -9.11703e-20)
(0.849236 -0.197076 2.44823e-20)
(0.189704 -0.265034 1.08838e-20)
(0.259686 -0.323016 -2.45521e-19)
(0.325973 -0.361753 3.88026e-20)
(0.387568 -0.385118 -8.06325e-20)
(0.444516 -0.396125 1.747e-19)
(0.496751 -0.397492 -2.27853e-20)
(0.544449 -0.391511 3.11728e-20)
(0.587846 -0.380141 -5.94069e-20)
(0.627252 -0.365017 -7.40061e-20)
(0.663004 -0.347472 2.15562e-19)
(0.695451 -0.328567 -3.15509e-20)
(0.72493 -0.309117 -3.67858e-20)
(0.751755 -0.289723 6.1138e-20)
(0.77621 -0.270811 -2.04913e-20)
(0.79855 -0.252659 -1.23997e-19)
(0.818991 -0.235434 4.40437e-20)
(0.837579 -0.219299 8.88045e-20)
(0.855545 -0.203814 8.88052e-20)
(0.198772 -0.271206 8.8971e-20)
(0.270516 -0.330856 1.338e-19)
(0.33788 -0.370881 -1.54646e-19)
(0.400049 -0.395189 -2.80911e-20)
(0.457187 -0.406831 5.55203e-20)
(0.509331 -0.408561 2.13145e-22)
(0.556733 -0.402711 -1.12069e-19)
(0.599694 -0.391282 -1.37414e-19)
(0.638573 -0.375944 1.08323e-19)
(0.673747 -0.358068 -6.15751e-20)
(0.705594 -0.338746 -2.69092e-20)
(0.734472 -0.318821 -9.39679e-21)
(0.760712 -0.298917 8.70684e-20)
(0.784606 -0.279478 1.18667e-19)
(0.806418 -0.260793 -2.33348e-20)
(0.826365 -0.243041 2.66671e-20)
(0.844479 -0.226398 -3.31435e-20)
(0.862074 -0.210362 -8.84563e-20)
(0.207975 -0.276885 -2.8515e-20)
(0.28152 -0.338123 -1.31094e-19)
(0.349996 -0.379399 1.40877e-19)
(0.412767 -0.404644 1.15358e-19)
(0.470116 -0.416935 -2.56532e-20)
(0.522182 -0.419059 5.06321e-20)
(0.569297 -0.41338 -1.32345e-20)
(0.611827 -0.401933 2.15359e-19)
(0.650179 -0.386425 -7.39349e-20)
(0.684772 -0.36826 -2.61031e-20)
(0.716013 -0.348561 -1.29942e-19)
(0.744282 -0.328198 5.33312e-20)
(0.769927 -0.307816 2.30039e-20)
(0.793252 -0.287878 -1.526e-19)
(0.814524 -0.268686 1.71063e-19)
(0.833968 -0.250427 -1.45624e-20)
(0.851599 -0.233294 -3.80485e-20)
(0.868816 -0.216715 -9.70718e-20)
(0.217287 -0.282063 9.75135e-21)
(0.292672 -0.344807 2.16264e-19)
(0.362291 -0.387295 -8.12209e-20)
(0.425692 -0.41347 -4.51927e-20)
(0.483274 -0.426426 2.47491e-20)
(0.53528 -0.428973 -9.75878e-20)
(0.58212 -0.423503 1.01367e-19)
(0.624224 -0.412082 -2.11603e-19)
(0.662053 -0.396449 1.36601e-19)
(0.696063 -0.378038 1.81644e-19)
(0.726692 -0.358003 5.29953e-20)
(0.754346 -0.337238 -7.3758e-21)
(0.779389 -0.316412 -1.21782e-19)
(0.802135 -0.296005 1.38951e-19)
(0.822861 -0.276332 -8.6564e-20)
(0.841794 -0.257588 -3.17826e-21)
(0.858933 -0.239983 -3.30522e-20)
(0.875765 -0.222869 2.73171e-19)
(0.303944 -0.350899 -1.29677e-19)
(0.374739 -0.39456 7.72267e-20)
(0.438797 -0.421656 -7.43586e-20)
(0.496635 -0.435291 -5.91922e-20)
(0.548598 -0.438291 7.41494e-20)
(0.595177 -0.433068 5.75266e-20)
(0.636865 -0.421717 1.15527e-19)
(0.674174 -0.406003 -2.07699e-19)
(0.707601 -0.387392 -2.07369e-19)
(0.737618 -0.367061 8.0618e-20)
(0.764652 -0.345933 -6.92199e-20)
(0.789085 -0.324698 -4.66879e-20)
(0.811246 -0.303852 -7.09363e-20)
(0.831419 -0.283725 4.37052e-20)
(0.849833 -0.264518 -3.04792e-20)
(0.866474 -0.246461 -1.05033e-19)
(0.882917 -0.228821 5.8031e-21)
(0.315309 -0.356393 7.89914e-21)
(0.387308 -0.401184 -1.1895e-20)
(0.452051 -0.429191 2.85302e-20)
(0.51017 -0.443519 7.07317e-20)
(0.562111 -0.447 -1.10005e-19)
(0.608444 -0.442065 -1.36912e-19)
(0.649727 -0.430828 -1.03282e-19)
(0.686523 -0.415079 1.6747e-19)
(0.719371 -0.396311 1.45873e-19)
(0.748773 -0.375728 2.53173e-20)
(0.775184 -0.354276 5.50421e-20)
(0.799005 -0.332667 6.55671e-20)
(0.820575 -0.311414 4.53995e-20)
(0.840187 -0.29086 -3.2128e-20)
(0.858077 -0.271214 -2.73924e-20)
(0.874215 -0.252726 1.87308e-19)
(0.890264 -0.234567 -1.86263e-20)
(0.326739 -0.361282 4.00806e-20)
(0.399971 -0.40716 8.0988e-20)
(0.465426 -0.436068 -2.04345e-20)
(0.523851 -0.451101 -9.65653e-20)
(0.575792 -0.455092 3.76575e-20)
(0.621897 -0.450483 9.80032e-20)
(0.662787 -0.439403 4.07289e-20)
(0.699079 -0.423666 -1.16049e-19)
(0.731352 -0.404786 3.77205e-20)
(0.760143 -0.383994 -7.00744e-21)
(0.78593 -0.362258 9.50903e-20)
(0.809134 -0.340311 -3.04045e-20)
(0.830109 -0.318683 -1.12605e-19)
(0.849157 -0.297731 -5.95625e-20)
(0.866519 -0.277672 1.09168e-19)
(0.88215 -0.258773 5.8808e-20)
(0.897801 -0.240105 -3.55616e-20)
(0.338206 -0.365561 2.02829e-20)
(0.412697 -0.412482 2.79779e-20)
(0.478892 -0.442277 4.81838e-20)
(0.537648 -0.458027 -5.38335e-20)
(0.589613 -0.462557 6.94155e-21)
(0.635509 -0.458312 5.11615e-20)
(0.676023 -0.447434 4.37226e-21)
(0.711822 -0.431754 -1.12427e-19)
(0.743528 -0.412809 -2.39278e-20)
(0.77171 -0.391852 -8.15258e-20)
(0.796875 -0.369872 -1.11076e-19)
(0.819461 -0.347624 4.22266e-20)
(0.839838 -0.325656 1.10355e-19)
(0.858318 -0.304335 2.61037e-20)
(0.875149 -0.283888 9.31356e-20)
(0.890271 -0.264601 -9.8108e-21)
(0.905523 -0.245432 -4.81487e-20)
(0.349682 -0.369228 -6.59517e-20)
(0.425455 -0.417144 -1.12556e-19)
(0.492417 -0.447813 -1.25061e-19)
(0.551533 -0.46429 3.03602e-20)
(0.603545 -0.469386 -5.35051e-20)
(0.649255 -0.465543 6.50325e-20)
(0.68941 -0.454911 4.82522e-20)
(0.72473 -0.439336 5.90431e-20)
(0.755879 -0.420372 -1.15864e-19)
(0.783459 -0.399293 3.43088e-20)
(0.808003 -0.377111 8.26578e-20)
(0.829972 -0.3546 -8.01923e-20)
(0.84975 -0.332325 8.40604e-20)
(0.867661 -0.310667 5.42727e-20)
(0.883959 -0.289859 -1.6827e-19)
(0.898573 -0.270208 -4.51268e-20)
(0.913423 -0.250546 6.93165e-20)
(0.438217 -0.421143 -3.25737e-20)
(0.505972 -0.452671 3.0259e-20)
(0.565474 -0.469885 3.33695e-20)
(0.617562 -0.475572 7.76637e-20)
(0.663109 -0.472169 1.34225e-20)
(0.702926 -0.461827 1.88327e-20)
(0.737782 -0.446403 -4.12682e-21)
(0.768385 -0.427467 4.36288e-20)
(0.795371 -0.406312 1.09009e-19)
(0.819301 -0.38397 -3.03496e-20)
(0.840655 -0.361233 8.03253e-20)
(0.859835 -0.338685 6.88992e-21)
(0.877176 -0.316721 -9.65233e-20)
(0.892941 -0.295581 2.37587e-20)
(0.907048 -0.27559 -1.13725e-20)
(0.921497 -0.255444 4.33572e-20)
(0.450952 -0.424478 3.84969e-20)
(0.519526 -0.456847 -3.09901e-20)
(0.579444 -0.474805 2.38086e-21)
(0.631634 -0.48111 1.12042e-19)
(0.677044 -0.478183 -5.21286e-20)
(0.716544 -0.468175 -3.13072e-20)
(0.750956 -0.452949 4.86861e-20)
(0.781028 -0.434087 3.32152e-20)
(0.80743 -0.412901 -1.77199e-19)
(0.830751 -0.39044 4.49811e-21)
(0.851495 -0.367518 -4.10197e-20)
(0.870079 -0.344733 -6.15601e-20)
(0.886852 -0.322494 3.67279e-20)
(0.902086 -0.30105 1.09786e-19)
(0.915693 -0.280746 -1.51062e-19)
(0.929742 -0.260122 -1.61888e-20)
(0.463628 -0.427146 4.08014e-20)
(0.533048 -0.460339 3.46271e-20)
(0.59341 -0.479047 4.28005e-20)
(0.645733 -0.485993 -4.51873e-20)
(0.691033 -0.48358 -6.46404e-20)
(0.730242 -0.473949 1.40272e-20)
(0.76423 -0.458966 -2.89567e-21)
(0.793786 -0.440226 -8.6187e-20)
(0.819617 -0.419054 1.63533e-19)
(0.84234 -0.396518 -3.55417e-20)
(0.862479 -0.373448 -6.61565e-20)
(0.880472 -0.350461 5.46209e-20)
(0.89668 -0.32798 -5.8445e-21)
(0.911388 -0.306263 -9.51377e-20)
(0.924506 -0.285672 1.34055e-19)
(0.938156 -0.264579 -1.15408e-19)
(0.476216 -0.429149 -2.8112e-20)
(0.546507 -0.463145 1.16058e-20)
(0.607342 -0.482609 -2.88509e-20)
(0.659828 -0.490219 -5.49814e-20)
(0.705049 -0.488353 1.11143e-19)
(0.743993 -0.479142 -8.8158e-20)
(0.77758 -0.464449 3.87745e-21)
(0.80664 -0.445878 6.16862e-20)
(0.831915 -0.424766 -1.60418e-19)
(0.85405 -0.402198 3.41365e-20)
(0.873593 -0.37902 8.45641e-21)
(0.891001 -0.355867 -4.7001e-20)
(0.906651 -0.333175 -4.40831e-20)
(0.920839 -0.311215 1.70252e-20)
(0.933486 -0.290365 -7.9181e-20)
(0.946741 -0.268808 -5.89214e-20)
(0.559871 -0.465266 -2.3409e-20)
(0.62121 -0.485489 -4.26404e-20)
(0.673892 -0.493785 2.2226e-20)
(0.719064 -0.492501 -9.99996e-21)
(0.757772 -0.48375 7.3769e-20)
(0.790983 -0.469394 1.26138e-20)
(0.819569 -0.451038 -2.87657e-20)
(0.844305 -0.430031 6.1486e-20)
(0.865865 -0.407474 -3.78972e-20)
(0.884824 -0.384229 -3.42211e-20)
(0.901657 -0.360945 -2.23125e-20)
(0.916757 -0.338075 1.41117e-20)
(0.930436 -0.315903 1.1217e-19)
(0.942638 -0.294813 7.50198e-20)
(0.955493 -0.272776 5.63748e-20)
(0.573112 -0.466706 3.57976e-20)
(0.634985 -0.487688 2.49391e-20)
(0.687894 -0.496689 -6.60774e-20)
(0.73305 -0.496019 -1.59836e-19)
(0.771554 -0.487771 1.46026e-20)
(0.804417 -0.473795 -1.70677e-20)
(0.832552 -0.455701 5.46624e-20)
(0.856768 -0.434847 2.62873e-20)
(0.87777 -0.412343 7.45655e-20)
(0.896157 -0.38907 4.83743e-20)
(0.912426 -0.365693 2.32067e-20)
(0.926989 -0.342676 9.85184e-22)
(0.940178 -0.32032 3.30244e-21)
(0.951967 -0.298984 -1.48308e-19)
(0.964371 -0.27646 1.34656e-20)
(0.586196 -0.467464 -9.71947e-21)
(0.648633 -0.489206 -1.08782e-20)
(0.701805 -0.498931 1.9807e-20)
(0.74698 -0.498906 1.22301e-19)
(0.785312 -0.4912 -1.34115e-19)
(0.817857 -0.47765 -4.08473e-20)
(0.845566 -0.459865 6.70031e-20)
(0.869285 -0.439207 -8.1334e-20)
(0.889747 -0.416802 -6.93593e-20)
(0.907576 -0.393542 3.05451e-21)
(0.923297 -0.370108 9.28199e-22)
(0.93734 -0.346979 -8.46848e-21)
(0.950072 -0.324461 -8.39903e-20)
(0.961523 -0.302853 9.88309e-20)
(0.973353 -0.28006 1.18206e-19)
(0.662117 -0.490037 1.76121e-20)
(0.715589 -0.500504 5.76977e-20)
(0.760821 -0.501157 -3.24814e-20)
(0.799017 -0.494033 1.37905e-19)
(0.831277 -0.480954 5.62594e-20)
(0.85859 -0.463524 -1.51467e-19)
(0.881836 -0.44311 7.81321e-20)
(0.901778 -0.420848 6.1864e-20)
(0.919068 -0.397643 -8.00311e-21)
(0.934256 -0.374191 3.71012e-21)
(0.947802 -0.350986 -2.72377e-21)
(0.960126 -0.328337 -4.32661e-20)
(0.971436 -0.306509 1.68871e-20)
(0.98325 -0.2842 1.27323e-20)
(0.675405 -0.490186 -1.84657e-20)
(0.729215 -0.501412 -4.31549e-20)
(0.774545 -0.502773 3.03339e-20)
(0.812644 -0.496269 -1.0864e-19)
(0.844654 -0.483705 -6.06643e-20)
(0.871602 -0.466676 2.92946e-20)
(0.894401 -0.446552 -1.12356e-20)
(0.913846 -0.424477 3.29864e-21)
(0.930616 -0.401369 -2.46097e-20)
(0.945289 -0.377941 -2.83424e-20)
(0.958354 -0.354703 1.30245e-20)
(0.970286 -0.331987 1.35768e-19)
(0.981477 -0.310091 -1.18264e-20)
(0.992908 -0.288552 -1.32783e-19)
(0.688474 -0.489667 -8.0973e-21)
(0.74266 -0.501664 -1.65371e-20)
(0.788127 -0.503757 -1.30493e-20)
(0.826168 -0.49791 5.58617e-20)
(0.857964 -0.485902 5.21979e-20)
(0.88458 -0.469319 2.25329e-20)
(0.906961 -0.44953 -4.35764e-20)
(0.925932 -0.427686 -4.33579e-20)
(0.942203 -0.40472 1.3893e-19)
(0.956376 -0.381356 -8.50975e-21)
(0.968973 -0.35813 4.44007e-20)
(0.980502 -0.335407 -7.12245e-20)
(0.991479 -0.313515 -9.62555e-20)
(1.00234 -0.292607 -3.12612e-20)
(0.755895 -0.501264 2.00223e-20)
(0.801539 -0.504114 1.60701e-20)
(0.839562 -0.498956 4.74208e-20)
(0.871184 -0.487545 1.88909e-21)
(0.897502 -0.471451 -3.5009e-20)
(0.919495 -0.452043 2.63846e-20)
(0.938018 -0.430475 -4.44171e-21)
(0.953808 -0.407692 -2.1095e-21)
(0.967498 -0.384436 4.32684e-20)
(0.979633 -0.361266 1.34437e-20)
(0.99074 -0.338583 -9.21709e-21)
(1.00139 -0.316726 5.55327e-20)
(1.01161 -0.29628 6.90179e-20)
(0.76889 -0.500218 1.14895e-20)
(0.814753 -0.503846 -4.8983e-20)
(0.8528 -0.499411 2.61361e-21)
(0.884287 -0.488635 6.53863e-21)
(0.910344 -0.473074 4.02927e-20)
(0.931981 -0.454089 4.29732e-20)
(0.950083 -0.432841 9.07392e-20)
(0.965415 -0.410285 -7.3686e-20)
(0.978634 -0.387179 -5.69614e-20)
(0.99031 -0.364106 5.99676e-21)
(1.00097 -0.341503 5.22557e-20)
(1.01121 -0.319706 -7.73927e-20)
(1.02073 -0.299609 -2.58669e-20)
(0.82774 -0.502958 -4.26564e-20)
(0.865855 -0.499275 1.56401e-21)
(0.897249 -0.489172 -2.15295e-20)
(0.923083 -0.474185 -1.21003e-20)
(0.944398 -0.455668 2.04584e-20)
(0.962108 -0.434784 -5.55698e-20)
(0.977003 -0.412497 6.40677e-20)
(0.989766 -0.389582 4.75664e-20)
(1.00098 -0.366645 -3.2758e-20)
(1.01118 -0.344157 -4.43964e-20)
(1.02094 -0.32244 -2.50401e-20)
(1.02975 -0.30261 1.3645e-20)
(0.840473 -0.501455 4.86931e-20)
(0.878701 -0.498553 -1.54218e-20)
(0.910044 -0.489159 -6.37183e-21)
(0.935696 -0.474785 5.33041e-20)
(0.956725 -0.456778 -9.09396e-21)
(0.974071 -0.436301 1.45607e-20)
(0.988553 -0.414326 -6.30558e-20)
(1.00087 -0.391643 -3.11208e-20)
(1.01164 -0.36888 -5.72565e-20)
(1.02136 -0.346536 -1.02069e-20)
(1.03059 -0.324918 5.85238e-21)
(1.03868 -0.305297 6.03023e-20)
(0.891309 -0.497248 -1.36837e-20)
(0.922648 -0.488597 -1.76804e-20)
(0.948159 -0.474876 -2.29236e-20)
(0.968939 -0.457422 -5.03373e-20)
(0.985954 -0.437393 5.03434e-21)
(1.00005 -0.415771 -3.24332e-20)
(1.01194 -0.39336 3.06148e-20)
(1.02225 -0.370805 1.19734e-20)
(1.03148 -0.348632 1.12696e-19)
(1.04016 -0.327128 -8.31825e-21)
(1.04754 -0.307678 -2.2377e-20)
(0.903655 -0.495366 -4.7889e-21)
(0.935034 -0.487489 3.65829e-20)
(0.960449 -0.47446 -3.64235e-20)
(0.981018 -0.457597 -1.80211e-20)
(0.997734 -0.438059 -2.65693e-21)
(1.01146 -0.416831 2.43175e-20)
(1.02294 -0.394729 1.35243e-20)
(1.0328 -0.372416 -2.58215e-20)
(1.04153 -0.350439 -9.44865e-20)
(1.04964 -0.329066 1.5674e-20)
(1.05633 -0.309763 1.73264e-20)
(0.947179 -0.485841 -8.89995e-21)
(0.972541 -0.473538 2.18572e-20)
(0.992941 -0.457307 5.00064e-20)
(1.00939 -0.438298 -3.34391e-20)
(1.02278 -0.417504 4.26666e-20)
(1.03387 -0.395748 -3.49121e-20)
(1.04329 -0.37371 3.05045e-20)
(1.05152 -0.351952 3.93133e-20)
(1.05906 -0.330726 3.65915e-20)
(1.06508 -0.311559 -4.73961e-20)
(0.959056 -0.483656 3.32647e-22)
(0.984413 -0.472114 -3.41689e-20)
(1.00468 -0.456551 -1.30113e-21)
(1.02091 -0.438112 -2.2117e-20)
(1.03399 -0.417789 -5.96192e-20)
(1.0447 -0.396416 2.3433e-20)
(1.05369 -0.374683 8.49972e-21)
(1.06143 -0.353168 -2.90441e-20)
(1.06839 -0.332106 -7.11514e-20)
(1.07377 -0.313074 7.02558e-20)
(0.99604 -0.47019 3.50048e-20)
(1.01623 -0.455332 1.94329e-20)
(1.03226 -0.4375 2.2804e-20)
(1.04507 -0.417686 8.57926e-21)
(1.05543 -0.39673 2.82975e-20)
(1.064 -0.375333 -3.40321e-20)
(1.07125 -0.354085 1.47521e-20)
(1.07765 -0.333205 6.42748e-20)
(1.08241 -0.314311 -8.55465e-20)
(1.0074 -0.467772 -3.01296e-20)
(1.02755 -0.453653 -3.80663e-20)
(1.04343 -0.436463 2.37785e-21)
(1.05599 -0.417194 -2.31956e-21)
(1.06603 -0.39669 -5.01765e-20)
(1.0742 -0.375659 3.91085e-21)
(1.08097 -0.3547 5.32306e-21)
(1.08683 -0.334023 -2.60442e-20)
(1.091 -0.315276 1.66019e-20)
(1.03862 -0.451515 -3.39426e-22)
(1.0544 -0.435004 -7.40196e-21)
(1.06675 -0.416314 -3.44676e-21)
(1.07648 -0.396294 3.67307e-20)
(1.08428 -0.375658 -1.09396e-20)
(1.0906 -0.355012 3.08834e-21)
(1.09592 -0.33456 3.86474e-20)
(1.09953 -0.315973 -9.11328e-21)
(1.06514 -0.433123 2.44693e-20)
(1.07731 -0.415046 7.7011e-21)
(1.08678 -0.395543 -1.6767e-20)
(1.09422 -0.37533 2.01096e-21)
(1.10011 -0.355022 -1.28159e-20)
(1.10493 -0.334817 8.55265e-21)
(1.10801 -0.316405 -2.2671e-20)
(1.07564 -0.430824 -1.56295e-20)
(1.08768 -0.413392 -2.88369e-21)
(1.09691 -0.394436 2.8295e-21)
(1.10403 -0.374675 2.0163e-20)
(1.10951 -0.35473 -3.42391e-21)
(1.11384 -0.334794 7.40593e-21)
(1.11642 -0.316574 4.26019e-20)
(1.09782 -0.411353 3.60335e-21)
(1.10686 -0.392974 1.69657e-20)
(1.11368 -0.373693 -2.14246e-20)
(1.11878 -0.354136 -7.82532e-22)
(1.12265 -0.334494 -3.72553e-21)
(1.12476 -0.316484 -3.73329e-20)
(1.1166 -0.391159 -2.07565e-20)
(1.12315 -0.372385 1.50935e-20)
(1.12791 -0.35324 3.58336e-21)
(1.13135 -0.333917 -1.60363e-20)
(1.13302 -0.316138 -5.09646e-21)
(1.13245 -0.370752 -3.08003e-21)
(1.13689 -0.352045 5.25046e-21)
(1.13994 -0.333066 1.46619e-20)
(1.14119 -0.315537 1.85607e-20)
(1.14571 -0.350552 -1.14559e-20)
(1.1484 -0.331941 1.09546e-20)
(1.14927 -0.314683 -2.65514e-21)
(1.15672 -0.330545 -1.02672e-20)
(1.15725 -0.31358 -5.32035e-22)
(1.16512 -0.312228 1.66993e-21)
(0.999966 -0.00278232 -1.29765e-22)
(0.999447 -0.00816141 6.67453e-22)
(0.998422 -0.0134588 5.16267e-23)
(0.997047 -0.018764 3.46132e-22)
(0.995329 -0.0241925 2.06137e-21)
(0.993346 -0.0298157 1.64028e-21)
(0.99113 -0.0357043 -2.31058e-22)
(0.988732 -0.0419128 -3.68445e-22)
(0.986193 -0.0484901 2.32746e-21)
(0.983559 -0.0554765 2.96896e-21)
(0.980876 -0.0629064 -1.07131e-20)
(0.97819 -0.0708077 -2.68704e-21)
(0.975551 -0.0792018 -3.94838e-21)
(0.97301 -0.0881033 6.65556e-21)
(0.970618 -0.0975195 8.09596e-21)
(0.96843 -0.107449 3.99096e-21)
(0.966499 -0.117882 -1.39096e-20)
(0.964876 -0.128796 -5.17889e-21)
(0.963613 -0.140157 2.30232e-20)
(0.962752 -0.151917 4.8553e-21)
(0.962331 -0.16401 -1.05169e-20)
(0.962377 -0.176353 -2.35416e-20)
(0.962901 -0.188844 1.27663e-20)
(0.9639 -0.201362 1.39641e-20)
(0.965351 -0.213767 1.63079e-22)
(0.967212 -0.225904 -2.06101e-20)
(0.969421 -0.237614 3.92978e-20)
(0.971876 -0.248771 -3.45844e-20)
(0.974695 -0.259138 1.17718e-20)
(0.976614 -0.268922 -1.49686e-20)
(0.999962 -0.00271888 9.54905e-23)
(0.999422 -0.0079812 -7.52452e-22)
(0.99836 -0.0131661 -1.51251e-21)
(0.996936 -0.0183598 1.21435e-21)
(0.995155 -0.0236742 -2.53668e-21)
(0.993095 -0.029179 1.15267e-21)
(0.990788 -0.0349428 -4.65138e-21)
(0.988285 -0.0410189 3.77648e-22)
(0.985626 -0.047455 2.05735e-21)
(0.982855 -0.0542909 -3.2479e-21)
(0.980016 -0.0615606 1.13402e-20)
(0.977156 -0.0692918 -5.61187e-21)
(0.974323 -0.0775063 1.00279e-21)
(0.971566 -0.0862197 -9.41056e-21)
(0.968937 -0.0954403 9.41041e-21)
(0.966489 -0.105169 -8.74219e-21)
(0.964275 -0.115397 5.20263e-21)
(0.962346 -0.126106 -3.9243e-21)
(0.960754 -0.137266 1.43803e-20)
(0.959542 -0.148833 -3.36612e-20)
(0.958749 -0.160746 2.07888e-20)
(0.9584 -0.172929 -3.96705e-21)
(0.958508 -0.185287 8.90238e-21)
(0.959067 -0.197703 1.88256e-20)
(0.960048 -0.210044 -1.39219e-20)
(0.961397 -0.222161 2.0312e-21)
(0.963024 -0.233895 -5.85177e-21)
(0.964759 -0.245108 -3.05831e-20)
(0.96662 -0.255415 1.44261e-20)
(0.967644 -0.26485 2.32904e-20)
(0.99996 -0.00265331 2.88971e-21)
(0.999401 -0.00779554 -5.16525e-22)
(0.998304 -0.0128645 -3.47729e-21)
(0.996833 -0.0179431 1.41761e-21)
(0.994991 -0.0231398 2.32408e-21)
(0.992858 -0.0285224 -4.15652e-21)
(0.990465 -0.0341577 4.23498e-21)
(0.987861 -0.0400976 -7.45121e-22)
(0.985085 -0.0463891 1.70184e-21)
(0.982182 -0.0530711 1.26943e-22)
(0.979194 -0.0601775 1.20094e-21)
(0.976166 -0.0677359 -2.35574e-21)
(0.973144 -0.0757687 -2.67367e-22)
(0.970178 -0.0842921 1.25025e-20)
(0.967317 -0.093316 -2.06391e-20)
(0.964614 -0.102843 2.1637e-20)
(0.962121 -0.112867 -2.32152e-22)
(0.95989 -0.123372 -9.28963e-21)
(0.957969 -0.134333 1.09948e-20)
(0.956404 -0.145709 1.66826e-21)
(0.955233 -0.157445 -5.69324e-21)
(0.954481 -0.16947 5.64355e-21)
(0.954159 -0.181693 -2.28036e-20)
(0.95426 -0.194004 -5.9751e-21)
(0.95475 -0.206273 1.10155e-20)
(0.955567 -0.218349 1.55486e-20)
(0.956606 -0.230066 -1.99662e-20)
(0.957671 -0.24126 -8.11298e-21)
(0.958762 -0.251491 -7.22695e-21)
(0.959067 -0.260842 1.51194e-20)
(0.999958 -0.00258739 -1.4383e-21)
(0.999384 -0.00760972 2.31882e-21)
(0.998253 -0.0125631 1.85124e-21)
(0.996737 -0.0175271 -3.72721e-21)
(0.994838 -0.0226071 8.37339e-22)
(0.992635 -0.0278689 1.52074e-21)
(0.990158 -0.0333777 -1.17931e-21)
(0.987457 -0.0391842 -5.8198e-21)
(0.984569 -0.0453345 -7.94229e-23)
(0.981538 -0.0518671 6.63215e-21)
(0.978405 -0.0588155 -5.00913e-21)
(0.975213 -0.0662076 -1.25153e-20)
(0.972008 -0.0740663 2.04809e-20)
(0.968838 -0.0824085 -5.17141e-21)
(0.965751 -0.0912455 5.92946e-21)
(0.962798 -0.100581 -7.76866e-21)
(0.96003 -0.110413 -9.24957e-21)
(0.957498 -0.120727 2.00323e-20)
(0.95525 -0.131501 -2.0804e-20)
(0.953332 -0.142697 3.39685e-21)
(0.951779 -0.154266 2.18827e-21)
(0.950617 -0.16614 -6.08007e-21)
(0.949858 -0.178231 3.10536e-20)
(0.94949 -0.190432 -1.25103e-20)
(0.949478 -0.202615 1.09077e-20)
(0.949758 -0.214626 -3.96223e-20)
(0.950215 -0.226292 3.002e-20)
(0.950651 -0.237439 -1.88944e-20)
(0.951075 -0.247618 2.88592e-20)
(0.95077 -0.256935 -4.93114e-20)
(0.999957 -0.00252068 -5.28856e-22)
(0.999368 -0.00742184 -1.61613e-21)
(0.998207 -0.0122584 2.78361e-21)
(0.996648 -0.0171068 4.13342e-22)
(0.994693 -0.0220689 8.93961e-21)
(0.992423 -0.0272089 -5.4203e-21)
(0.989866 -0.0325901 8.29528e-22)
(0.987071 -0.0382622 5.6775e-21)
(0.984075 -0.0442704 -1.38832e-21)
(0.98092 -0.0506526 -3.14875e-23)
(0.977646 -0.057442 1.02802e-20)
(0.974296 -0.0646667 -2.61431e-20)
(0.970914 -0.0723498 2.48413e-21)
(0.967544 -0.0805093 7.01177e-21)
(0.964236 -0.0891573 -2.88025e-21)
(0.961037 -0.0982999 3.44813e-21)
(0.957999 -0.107935 8.95599e-21)
(0.95517 -0.118054 8.61435e-21)
(0.952599 -0.128634 -2.58304e-20)
(0.950327 -0.139644 2.39846e-20)
(0.948393 -0.151035 -8.32839e-21)
(0.94682 -0.162743 -4.94254e-21)
(0.945618 -0.174686 -5.95787e-21)
(0.944777 -0.186756 9.73613e-21)
(0.94426 -0.198828 -2.06439e-20)
(0.944002 -0.210746 3.19543e-20)
(0.943889 -0.222334 9.8654e-21)
(0.943728 -0.233408 -5.34714e-20)
(0.943547 -0.243528 1.05703e-20)
(0.942691 -0.252795 3.6851e-20)
(0.999956 -0.00245311 -4.87924e-21)
(0.999355 -0.00723123 7.48176e-21)
(0.998164 -0.011949 -4.72032e-22)
(0.996565 -0.0166799 -7.89222e-22)
(0.994557 -0.0215223 -4.19212e-21)
(0.992222 -0.0265384 1.73425e-21)
(0.989588 -0.03179 -8.59003e-23)
(0.986703 -0.0373255 -5.46729e-21)
(0.983603 -0.0431891 1.01903e-21)
(0.980328 -0.0494182 3.63564e-22)
(0.976919 -0.0560457 6.20013e-22)
(0.973415 -0.0630998 -1.20589e-20)
(0.969859 -0.0706037 9.16386e-21)
(0.966296 -0.0785763 -1.40261e-21)
(0.962771 -0.0870307 -2.53649e-21)
(0.959333 -0.0959743 1.71978e-20)
(0.956029 -0.105407 -1.39277e-20)
(0.952908 -0.115322 -1.41477e-21)
(0.950016 -0.125701 -1.1047e-20)
(0.947395 -0.136513 6.9325e-21)
(0.94508 -0.147715 -6.60407e-21)
(0.943096 -0.159245 1.79257e-20)
(0.941451 -0.171022 -2.29748e-21)
(0.940137 -0.182944 -2.66217e-20)
(0.939115 -0.194885 9.32834e-21)
(0.938323 -0.206688 2.07379e-20)
(0.937651 -0.218174 1.09886e-20)
(0.936921 -0.229158 -3.15779e-20)
(0.936173 -0.239209 8.93018e-21)
(0.934792 -0.248423 3.27865e-20)
(0.999955 -0.00238482 2.00004e-21)
(0.999343 -0.00703818 -2.67923e-21)
(0.998125 -0.0116354 -4.20635e-21)
(0.996487 -0.016247 4.00134e-21)
(0.994429 -0.0209678 -1.40062e-21)
(0.992032 -0.0258583 -6.08679e-22)
(0.989324 -0.0309783 1.91398e-21)
(0.986352 -0.0363751 -3.97951e-21)
(0.983151 -0.0420921 -2.36516e-21)
(0.979762 -0.0481659 2.07126e-21)
(0.976221 -0.0546291 -5.68119e-21)
(0.972568 -0.0615099 8.55025e-21)
(0.968844 -0.0688318 5.19957e-21)
(0.965093 -0.0766141 -2.11302e-21)
(0.961357 -0.0848712 5.87023e-21)
(0.957684 -0.0936116 6.77386e-22)
(0.95412 -0.102837 7.02877e-21)
(0.950712 -0.112543 -5.49081e-21)
(0.947504 -0.122713 4.13016e-22)
(0.944537 -0.133319 9.29373e-21)
(0.941845 -0.144322 -1.21977e-20)
(0.939452 -0.155662 -5.23693e-21)
(0.937367 -0.167261 1.26835e-20)
(0.93558 -0.179019 2.93651e-21)
(0.934058 -0.19081 -7.16513e-21)
(0.932739 -0.202479 2.97704e-21)
(0.931522 -0.213847 -9.12448e-21)
(0.930242 -0.224724 1.10926e-21)
(0.92895 -0.234696 9.51362e-21)
(0.927063 -0.243848 -1.99031e-20)
(0.999955 -0.00231598 -1.6651e-22)
(0.999332 -0.006843 -5.42917e-21)
(0.998088 -0.011318 -7.31972e-21)
(0.996415 -0.0158087 4.88011e-21)
(0.994309 -0.0204063 4.72823e-21)
(0.991852 -0.0251694 -5.75526e-21)
(0.989073 -0.0301561 3.23331e-21)
(0.986017 -0.0354125 1.95067e-21)
(0.98272 -0.0409809 -5.04144e-21)
(0.979219 -0.0468975 9.03966e-21)
(0.975551 -0.0531943 -8.69501e-21)
(0.971754 -0.0598994 4.09521e-21)
(0.967868 -0.0670368 -5.05704e-21)
(0.963933 -0.074626 -1.08314e-20)
(0.959992 -0.0826823 1.64852e-20)
(0.95609 -0.0912156 -1.10773e-20)
(0.952272 -0.10023 -1.27702e-20)
(0.948581 -0.10972 1.65205e-20)
(0.945062 -0.119674 -5.32289e-21)
(0.941754 -0.130067 -1.11715e-20)
(0.93869 -0.140861 1.46145e-20)
(0.935892 -0.151999 -3.83513e-21)
(0.933371 -0.163406 -1.94263e-20)
(0.931118 -0.174985 1.54107e-20)
(0.929101 -0.18661 1.52159e-20)
(0.927263 -0.198129 -3.20195e-20)
(0.925513 -0.209361 -6.80734e-21)
(0.923699 -0.220116 2.07276e-20)
(0.921881 -0.229996 9.83591e-21)
(0.9195 -0.239074 -1.10123e-20)
(0.999955 -0.0022467 2.63757e-21)
(0.999323 -0.00664591 8.3008e-22)
(0.998055 -0.0109971 4.23699e-22)
(0.996347 -0.0153653 -6.93574e-21)
(0.994195 -0.019838 3.09856e-21)
(0.991682 -0.0244722 -4.30479e-21)
(0.988834 -0.0293239 6.47688e-21)
(0.985698 -0.0344382 1.78987e-21)
(0.982307 -0.0398562 -8.36753e-23)
(0.978699 -0.0456135 1.02942e-20)
(0.974908 -0.0517419 -4.85167e-21)
(0.970972 -0.0582691 3.28374e-21)
(0.966928 -0.0652192 -7.06076e-23)
(0.962815 -0.0726124 -2.09232e-20)
(0.958675 -0.0804645 1.06803e-20)
(0.95455 -0.0887866 -5.59728e-21)
(0.950483 -0.0975836 4.19913e-21)
(0.946517 -0.106853 7.44074e-21)
(0.942693 -0.116585 1.34098e-20)
(0.939049 -0.126756 -2.26604e-20)
(0.935618 -0.13733 1.24389e-20)
(0.932422 -0.148255 1.04905e-20)
(0.92947 -0.159457 -7.05603e-21)
(0.926757 -0.170841 -1.05047e-20)
(0.924253 -0.182285 -4.63385e-21)
(0.921907 -0.193635 1.36411e-20)
(0.919636 -0.204716 -1.21708e-20)
(0.917303 -0.215335 1.59853e-20)
(0.91497 -0.225111 6.47848e-21)
(0.912106 -0.234099 -8.97726e-22)
(0.999955 -0.00217704 -3.17742e-21)
(0.999314 -0.00644707 6.32551e-21)
(0.998024 -0.0106729 1.09452e-21)
(0.996283 -0.014917 -1.57149e-21)
(0.994088 -0.0192634 1.713e-21)
(0.99152 -0.023767 -1.95182e-21)
(0.988607 -0.0284821 -1.31654e-21)
(0.985394 -0.0334525 -3.61842e-21)
(0.981913 -0.0387184 1.2983e-21)
(0.978202 -0.0443145 1.36671e-21)
(0.974293 -0.0502723 4.51187e-21)
(0.970221 -0.0566192 4.76246e-21)
(0.966025 -0.0633794 6.82742e-21)
(0.96174 -0.0705734 7.10614e-21)
(0.957406 -0.0782178 -1.32437e-20)
(0.953063 -0.0863244 7.2902e-21)
(0.948754 -0.0948996 4.54487e-21)
(0.944518 -0.103943 -7.32945e-21)
(0.940396 -0.113445 4.40195e-21)
(0.936423 -0.123385 -3.21614e-22)
(0.932632 -0.133731 1.05931e-20)
(0.929044 -0.14443 -1.43267e-20)
(0.92567 -0.155415 4.79805e-21)
(0.922504 -0.166589 4.4754e-21)
(0.919522 -0.177835 -7.87404e-21)
(0.916679 -0.189002 -1.69064e-20)
(0.913898 -0.199916 3.34276e-20)
(0.911058 -0.210384 -1.29924e-20)
(0.908223 -0.220042 2.47926e-21)
(0.904885 -0.228927 -1.16858e-20)
(0.999955 -0.00210708 6.35819e-21)
(0.999306 -0.00624664 -3.91633e-21)
(0.997995 -0.0103456 2.66395e-21)
(0.996223 -0.014464 4.85214e-21)
(0.993986 -0.0186827 1.56082e-21)
(0.991367 -0.0230542 -7.32007e-21)
(0.988391 -0.027631 7.48395e-21)
(0.985104 -0.0324558 -4.70621e-21)
(0.981537 -0.0375678 8.11043e-22)
(0.977726 -0.0430009 -1.0665e-20)
(0.973702 -0.0487859 4.17754e-22)
(0.969501 -0.0549502 -1.69147e-20)
(0.965156 -0.0615179 8.15022e-21)
(0.960704 -0.0685097 -1.83599e-20)
(0.956182 -0.0759427 4.60393e-21)
(0.951629 -0.0838297 -1.62382e-20)
(0.947083 -0.092178 9.93624e-21)
(0.942585 -0.100989 -6.30805e-22)
(0.938171 -0.110254 2.72263e-21)
(0.933878 -0.119955 -9.53095e-22)
(0.929734 -0.130062 -1.35568e-21)
(0.925762 -0.140526 -1.16002e-20)
(0.921974 -0.151279 7.15351e-24)
(0.918365 -0.162231 1.23412e-20)
(0.914916 -0.173264 9.67903e-21)
(0.911586 -0.184233 1.16443e-20)
(0.908308 -0.194964 -1.44007e-20)
(0.904973 -0.205267 -1.89484e-20)
(0.901645 -0.214793 9.85182e-21)
(0.897842 -0.22356 1.0741e-20)
(0.999955 -0.00203687 -1.87431e-21)
(0.999299 -0.00604477 1.39455e-21)
(0.997968 -0.0100155 -8.18758e-22)
(0.996167 -0.014007 -7.41368e-21)
(0.993891 -0.0180963 -2.44926e-21)
(0.991222 -0.0223341 1.07289e-20)
(0.988186 -0.0267711 -4.14206e-22)
(0.984828 -0.0314487 -3.61705e-21)
(0.981178 -0.036405 4.61775e-21)
(0.977271 -0.0416731 1.34042e-20)
(0.973137 -0.0472834 -6.38824e-21)
(0.96881 -0.0532627 2.16635e-21)
(0.964323 -0.0596353 -5.84525e-21)
(0.959709 -0.0664219 2.59537e-21)
(0.955005 -0.0736401 1.65594e-20)
(0.950247 -0.0813032 -1.00389e-20)
(0.945472 -0.0894197 1.72308e-20)
(0.940717 -0.0979916 -6.98931e-21)
(0.93602 -0.107013 1.31288e-20)
(0.931413 -0.116468 -2.42396e-20)
(0.926925 -0.126326 4.31133e-21)
(0.922579 -0.136543 3.44303e-22)
(0.918386 -0.147053 2.58084e-22)
(0.914345 -0.157768 1.8937e-20)
(0.910439 -0.168575 -3.7469e-20)
(0.906634 -0.179329 3.39751e-20)
(0.902871 -0.189863 -6.50516e-21)
(0.899051 -0.199987 1.77984e-20)
(0.895242 -0.209366 -4.841e-20)
(0.890982 -0.218001 2.04201e-20)
(0.999956 -0.00196645 -3.94292e-22)
(0.999292 -0.00584156 -1.2006e-22)
(0.997943 -0.00968282 -1.2782e-21)
(0.996115 -0.0135461 6.54641e-21)
(0.993801 -0.0175043 4.24834e-21)
(0.991085 -0.0216071 4.77775e-21)
(0.987991 -0.0259028 5.43829e-22)
(0.984565 -0.0304315 -5.27419e-21)
(0.980836 -0.0352304 -4.43177e-21)
(0.976836 -0.0403317 -1.43701e-21)
(0.972596 -0.0457652 1.21731e-20)
(0.968148 -0.0515574 1.62144e-21)
(0.963523 -0.0577322 6.87251e-21)
(0.958753 -0.0643106 -9.67847e-21)
(0.953872 -0.0713104 1.76237e-20)
(0.948916 -0.0787456 -3.08607e-20)
(0.943918 -0.0866253 8.23993e-21)
(0.938916 -0.0949529 3.90719e-21)
(0.933942 -0.103724 -2.31533e-21)
(0.929031 -0.112923 3.2001e-21)
(0.924208 -0.122524 -9.4228e-22)
(0.919496 -0.132483 -1.29404e-20)
(0.914909 -0.142738 2.05881e-20)
(0.910446 -0.153203 1.00386e-20)
(0.906095 -0.163769 -2.58217e-20)
(0.901828 -0.174295 7.92353e-22)
(0.897591 -0.184617 2.33425e-20)
(0.893299 -0.194547 -4.75995e-21)
(0.889017 -0.203765 1.71856e-20)
(0.884312 -0.212253 -3.40064e-20)
(0.999956 -0.00189585 8.74188e-23)
(0.999286 -0.00563716 -5.3176e-21)
(0.99792 -0.00934767 -1.85255e-21)
(0.996065 -0.0130813 -6.88143e-21)
(0.993715 -0.0169071 -7.56266e-21)
(0.990954 -0.0208735 -5.81169e-21)
(0.987806 -0.0250263 -3.74978e-21)
(0.984315 -0.0294047 2.56542e-21)
(0.980509 -0.0340445 2.15337e-21)
(0.976421 -0.0389773 -1.07646e-20)
(0.972079 -0.044232 -3.06562e-21)
(0.967514 -0.0498347 1.31362e-20)
(0.962756 -0.0558093 -1.46938e-20)
(0.957835 -0.0621765 2.6031e-21)
(0.952784 -0.0689545 -4.61059e-21)
(0.947636 -0.0761576 -6.86433e-21)
(0.942423 -0.0837958 5.76015e-21)
(0.93718 -0.0918732 -6.02238e-21)
(0.931939 -0.100387 -6.23431e-21)
(0.926731 -0.109323 -1.23269e-20)
(0.921583 -0.118657 2.74634e-20)
(0.916516 -0.128348 -8.43385e-21)
(0.911545 -0.138336 1.96041e-20)
(0.906673 -0.148539 -1.95865e-20)
(0.901889 -0.15885 -1.39467e-20)
(0.897171 -0.169134 -1.32069e-20)
(0.892473 -0.179228 5.53965e-20)
(0.88772 -0.18895 -3.58327e-20)
(0.882978 -0.197991 3.89202e-20)
(0.877835 -0.206318 -6.23022e-20)
(0.999956 -0.0018251 1.42431e-21)
(0.99928 -0.00543164 4.42419e-21)
(0.997898 -0.00901025 9.63483e-21)
(0.996018 -0.0126129 7.4161e-21)
(0.993635 -0.0163049 1.18138e-20)
(0.990831 -0.0201336 4.94699e-21)
(0.987631 -0.0241422 6.44485e-22)
(0.984077 -0.0283687 -2.90599e-21)
(0.980198 -0.0328479 -1.55899e-21)
(0.976024 -0.0376103 7.14885e-21)
(0.971585 -0.0426842 5.97285e-21)
(0.966908 -0.0480954 -1.07165e-22)
(0.962022 -0.0538671 6.4329e-21)
(0.956956 -0.0600203 1.03546e-20)
(0.95174 -0.0665731 9.05295e-21)
(0.946406 -0.0735401 -7.0871e-21)
(0.940985 -0.080932 -4.45262e-21)
(0.935509 -0.0887537 6.09388e-21)
(0.930009 -0.0970031 -7.57933e-21)
(0.924514 -0.105669 2.11211e-20)
(0.919051 -0.114727 -2.36854e-20)
(0.91364 -0.12414 1.40992e-20)
(0.908297 -0.133849 -2.02363e-20)
(0.903027 -0.143777 1.15032e-20)
(0.897823 -0.153821 -9.7135e-21)
(0.892668 -0.163848 7.88792e-21)
(0.887521 -0.173701 3.01949e-20)
(0.88232 -0.183199 -3.473e-20)
(0.877127 -0.192049 -1.6156e-20)
(0.871558 -0.200201 1.41641e-20)
(0.999957 -0.00175422 -2.2089e-22)
(0.999275 -0.00522512 -6.35623e-21)
(0.997877 -0.00867073 -3.79907e-21)
(0.995975 -0.0121412 -3.15777e-21)
(0.993559 -0.0156985 -1.2681e-20)
(0.990714 -0.0193879 -1.45734e-20)
(0.987464 -0.0232508 -1.96164e-22)
(0.983851 -0.0273239 1.5183e-21)
(0.979901 -0.0316408 -6.40571e-21)
(0.975647 -0.0362311 3.63443e-21)
(0.971113 -0.0411224 -9.30054e-21)
(0.966328 -0.0463399 -1.02036e-20)
(0.961319 -0.0519064 -7.2221e-21)
(0.956113 -0.0578427 1.35582e-21)
(0.95074 -0.0641669 -5.64452e-21)
(0.945227 -0.070894 -3.59155e-22)
(0.939605 -0.0780349 1.50108e-21)
(0.933904 -0.0855954 8.78843e-21)
(0.928153 -0.0935745 -1.56995e-21)
(0.922381 -0.101962 -2.57517e-20)
(0.916613 -0.110736 -3.84179e-21)
(0.91087 -0.11986 2.05114e-20)
(0.905167 -0.129281 -7.53143e-21)
(0.899511 -0.138922 1.06908e-20)
(0.8939 -0.148685 -3.52362e-21)
(0.88832 -0.158441 1.71818e-20)
(0.882739 -0.168039 -2.19866e-20)
(0.877101 -0.177299 3.74981e-20)
(0.871469 -0.185942 -5.35068e-20)
(0.865485 -0.193904 1.68977e-20)
(0.999957 -0.00168323 -1.14145e-21)
(0.99927 -0.00501766 1.16558e-20)
(0.997858 -0.00832928 -1.43185e-22)
(0.995933 -0.0116664 5.82715e-21)
(0.993487 -0.0150879 -1.28316e-22)
(0.990604 -0.0186367 1.28954e-21)
(0.987306 -0.0223524 -4.61477e-21)
(0.983636 -0.0262706 5.07676e-21)
(0.97962 -0.0304238 3.63825e-21)
(0.975287 -0.0348404 -2.38074e-21)
(0.970664 -0.0395472 7.79884e-21)
(0.965775 -0.0445688 -1.84723e-21)
(0.960648 -0.0499277 -8.76524e-21)
(0.955308 -0.0556444 1.4182e-20)
(0.949782 -0.0617368 5.85003e-21)
(0.944097 -0.0682201 -9.36838e-21)
(0.938282 -0.0751056 -1.15514e-20)
(0.932364 -0.0823996 4.47786e-21)
(0.926372 -0.0901021 3.34414e-20)
(0.920333 -0.098204 -3.10645e-20)
(0.91427 -0.106685 2.52719e-20)
(0.908205 -0.115512 -2.60043e-20)
(0.902155 -0.124633 5.14899e-21)
(0.896127 -0.133976 -1.79171e-20)
(0.890122 -0.143444 3.92835e-20)
(0.884132 -0.152917 -2.30639e-20)
(0.878129 -0.162245 -2.33355e-22)
(0.872067 -0.171253 8.1139e-21)
(0.866008 -0.179675 -2.15573e-20)
(0.85962 -0.187433 4.07783e-20)
(0.999957 -0.00161215 -4.28135e-21)
(0.999265 -0.00480935 -6.7822e-21)
(0.99784 -0.00798604 -6.74976e-21)
(0.995894 -0.0111887 -5.43156e-22)
(0.993419 -0.0144731 9.21307e-21)
(0.990499 -0.0178794 5.80846e-21)
(0.987157 -0.0214474 5.77425e-21)
(0.983432 -0.0252094 -4.67223e-21)
(0.979352 -0.0291973 6.83366e-21)
(0.974945 -0.0334385 5.11123e-21)
(0.970235 -0.0379591 -9.00497e-21)
(0.965248 -0.0427829 8.97887e-21)
(0.960008 -0.0479318 -2.61322e-21)
(0.954539 -0.0534261 -8.09294e-21)
(0.948866 -0.0592836 -2.76454e-21)
(0.943016 -0.0655194 -1.89983e-21)
(0.937015 -0.0721451 8.5899e-21)
(0.930889 -0.0791675 -1.00771e-20)
(0.924665 -0.0865873 -1.56302e-20)
(0.918368 -0.0943968 2.85498e-20)
(0.912023 -0.102578 -6.84217e-21)
(0.905648 -0.111098 1.27978e-20)
(0.899263 -0.119908 -5.35394e-21)
(0.892876 -0.128941 -1.17194e-20)
(0.886491 -0.138104 1.81336e-20)
(0.880104 -0.147279 -4.38339e-20)
(0.873693 -0.156323 5.18063e-20)
(0.867221 -0.165066 -4.10834e-20)
(0.860748 -0.173251 4.01863e-20)
(0.853969 -0.180792 -4.97543e-21)
(0.999958 -0.00154097 8.82817e-22)
(0.99926 -0.00460026 -3.59346e-21)
(0.997823 -0.00764113 4.94447e-22)
(0.995858 -0.0107083 -3.44565e-21)
(0.993356 -0.0138543 -3.99573e-21)
(0.990401 -0.0171147 -1.08194e-21)
(0.987015 -0.0205359 -7.87873e-21)
(0.983239 -0.0241405 -1.40843e-21)
(0.979098 -0.0279617 -9.60602e-21)
(0.97462 -0.0320261 9.64913e-21)
(0.969828 -0.0363586 1.32214e-22)
(0.964746 -0.0409826 7.57553e-21)
(0.959398 -0.0459194 -5.07132e-21)
(0.953805 -0.0511887 9.66442e-21)
(0.947993 -0.0568082 -8.20517e-21)
(0.941985 -0.0627929 -1.31538e-21)
(0.935805 -0.0691546 1.03311e-20)
(0.92948 -0.0759004 -3.43758e-21)
(0.923033 -0.0830318 -9.66634e-21)
(0.916489 -0.0905422 -9.11359e-21)
(0.909871 -0.0984146 2.74579e-20)
(0.903199 -0.106619 -5.10139e-21)
(0.896491 -0.11511 -1.65801e-20)
(0.889759 -0.123822 3.97187e-20)
(0.883009 -0.132667 -4.47024e-21)
(0.87624 -0.141532 -3.14369e-21)
(0.869435 -0.150279 -1.47076e-20)
(0.862566 -0.158741 -7.65635e-21)
(0.855693 -0.166675 8.27258e-21)
(0.848535 -0.173985 -2.16388e-20)
(0.999958 -0.00146972 8.56414e-21)
(0.999256 -0.00439044 -3.52958e-21)
(0.997806 -0.00729468 -3.04466e-21)
(0.995823 -0.0102253 5.39072e-21)
(0.993296 -0.0132319 -3.65596e-21)
(0.990308 -0.0163481 1.53838e-21)
(0.986881 -0.0196187 6.20892e-21)
(0.983056 -0.0230645 9.93551e-23)
(0.978858 -0.0267176 -1.15186e-21)
(0.974312 -0.0306035 -6.31668e-21)
(0.969442 -0.0347463 2.29337e-21)
(0.96427 -0.0391686 2.69649e-21)
(0.958818 -0.043891 5.75021e-21)
(0.953108 -0.0489328 3.69548e-21)
(0.947161 -0.0543114 3.65808e-21)
(0.941002 -0.0600416 -5.97975e-21)
(0.934652 -0.0661352 3.65305e-22)
(0.928135 -0.0725997 -1.27736e-22)
(0.921475 -0.0794371 -4.99163e-21)
(0.914694 -0.0866419 3.69179e-21)
(0.907815 -0.0941986 8.04141e-21)
(0.900859 -0.102079 -2.80007e-21)
(0.893842 -0.110241 -2.20411e-20)
(0.886779 -0.118621 1.61192e-20)
(0.879677 -0.127136 1.11445e-20)
(0.87254 -0.135679 -2.79911e-20)
(0.865357 -0.144115 2.63819e-21)
(0.858106 -0.152284 1.19001e-20)
(0.850846 -0.159953 -1.3625e-20)
(0.843323 -0.167018 6.28644e-20)
(0.999959 -0.0013984 -7.39838e-21)
(0.999252 -0.00417996 6.4705e-21)
(0.997791 -0.00694681 7.61684e-21)
(0.995791 -0.00974006 -2.82628e-21)
(0.99324 -0.0126063 2.91369e-21)
(0.99022 -0.0155801 1.1666e-20)
(0.986755 -0.018696 -4.33198e-21)
(0.982884 -0.0219816 -2.07808e-21)
(0.97863 -0.0254652 -7.35319e-21)
(0.97402 -0.0291713 1.17317e-20)
(0.969075 -0.0331228 4.02722e-21)
(0.963818 -0.0373415 -3.98713e-21)
(0.958267 -0.0418474 -8.0133e-21)
(0.952445 -0.0466593 1.88081e-21)
(0.946371 -0.0517941 1.05791e-20)
(0.940067 -0.0572665 -3.91143e-21)
(0.933554 -0.0630881 1.08754e-20)
(0.926855 -0.0692667 -3.03902e-21)
(0.919991 -0.0758049 1.32712e-21)
(0.912985 -0.0826978 7.15439e-21)
(0.905857 -0.0899316 -5.63057e-21)
(0.898628 -0.0974803 7.72215e-21)
(0.891315 -0.105303 -1.65549e-20)
(0.883935 -0.113342 6.25842e-21)
(0.876496 -0.121517 -9.70441e-21)
(0.869007 -0.129724 1.81194e-20)
(0.86146 -0.137837 1.46272e-20)
(0.853841 -0.145699 -2.93262e-20)
(0.84621 -0.153089 -4.28667e-21)
(0.838335 -0.159897 4.08121e-20)
(0.999959 -0.00132702 -3.82545e-21)
(0.999248 -0.00396887 -3.35181e-21)
(0.997777 -0.00659762 -1.01999e-21)
(0.99576 -0.00925261 1.43121e-21)
(0.993186 -0.0119774 -3.24533e-21)
(0.990137 -0.0148055 -1.42325e-20)
(0.986636 -0.0177679 6.75367e-21)
(0.982721 -0.0208922 -2.29046e-21)
(0.978415 -0.0242051 1.04623e-20)
(0.973745 -0.0277299 -6.77527e-21)
(0.968729 -0.0314885 1.95969e-21)
(0.96339 -0.0355019 6.64865e-21)
(0.957746 -0.0397894 -9.2557e-21)
(0.951817 -0.044369 5.56976e-21)
(0.945622 -0.0492573 -4.84773e-21)
(0.939181 -0.0544686 1.03525e-22)
(0.932513 -0.0600145 -1.93944e-20)
(0.92564 -0.0659029 1.35445e-20)
(0.918582 -0.0721367 -8.88568e-21)
(0.91136 -0.078712 3.53805e-21)
(0.903995 -0.0856161 -2.15362e-21)
(0.896506 -0.092825 9.53188e-21)
(0.888912 -0.100301 -3.83783e-21)
(0.881228 -0.107988 -1.16125e-20)
(0.873469 -0.115811 2.19926e-20)
(0.865642 -0.123672 -5.24642e-20)
(0.857747 -0.131449 2.54626e-20)
(0.849776 -0.138991 -1.61015e-20)
(0.841787 -0.14609 5.8457e-20)
(0.833576 -0.152627 -1.38331e-20)
(0.999959 -0.00125558 1.25825e-20)
(0.999244 -0.00375722 1.57307e-21)
(0.997764 -0.00624722 8.1481e-21)
(0.995732 -0.00876312 -5.66123e-21)
(0.993137 -0.0113456 6.97375e-21)
(0.99006 -0.0140263 1.2229e-20)
(0.986524 -0.016835 -3.96386e-21)
(0.982568 -0.0197968 6.77652e-21)
(0.978213 -0.0229377 -1.13914e-20)
(0.973485 -0.0262798 6.82642e-21)
(0.968403 -0.0298441 -7.38688e-21)
(0.962986 -0.0336505 1.62555e-21)
(0.957254 -0.0377175 7.5642e-21)
(0.951224 -0.0420627 6.60037e-21)
(0.944913 -0.0467019 1.0245e-20)
(0.938342 -0.0516491 -2.84869e-21)
(0.931527 -0.0569157 4.01784e-21)
(0.924489 -0.0625097 6.2448e-21)
(0.917247 -0.0684343 -5.36676e-21)
(0.909821 -0.0746863 -1.29045e-20)
(0.90223 -0.0812543 4.7599e-21)
(0.894494 -0.0881161 7.13289e-21)
(0.886632 -0.0952362 -1.55174e-20)
(0.87866 -0.102563 2.49254e-20)
(0.870594 -0.110024 -2.49244e-20)
(0.862446 -0.117528 1.81915e-21)
(0.854219 -0.124956 -7.92442e-22)
(0.845911 -0.132166 -6.61678e-21)
(0.837581 -0.138959 1.33703e-20)
(0.829049 -0.145215 -3.56644e-21)
(0.99996 -0.00118409 -8.63397e-21)
(0.999241 -0.00354504 -2.70374e-21)
(0.997751 -0.0058957 -3.7636e-21)
(0.995705 -0.00827174 9.15814e-21)
(0.99309 -0.010711 -4.46095e-21)
(0.989987 -0.0132435 -6.8164e-21)
(0.98642 -0.0158964 2.46119e-21)
(0.982425 -0.0186955 -5.00545e-21)
(0.978024 -0.0216633 4.98015e-21)
(0.973241 -0.0248216 -9.98772e-23)
(0.968096 -0.0281901 -2.11528e-21)
(0.962606 -0.0317878 -7.12899e-21)
(0.95679 -0.0356326 -1.55478e-20)
(0.950664 -0.0397412 6.91989e-22)
(0.944246 -0.0441288 -2.52834e-22)
(0.937551 -0.048809 -1.05475e-20)
(0.930597 -0.053793 9.74786e-21)
(0.923403 -0.0590886 -1.54345e-21)
(0.915987 -0.0646994 -1.36822e-20)
(0.908367 -0.0706228 1.75142e-21)
(0.900562 -0.0768486 3.1054e-21)
(0.892592 -0.0833563 7.22359e-21)
(0.884476 -0.0901128 -1.11127e-20)
(0.876232 -0.0970695 -9.07965e-21)
(0.867875 -0.10416 1.10613e-20)
(0.859421 -0.111295 6.74554e-21)
(0.850878 -0.118364 -4.75354e-22)
(0.84225 -0.125229 -1.99181e-20)
(0.833595 -0.131705 1.06437e-20)
(0.824756 -0.137667 3.19293e-20)
(0.99996 -0.00111255 -2.51099e-22)
(0.999237 -0.00333239 6.99781e-21)
(0.997739 -0.00554315 -7.25773e-21)
(0.99568 -0.00777861 -6.79078e-21)
(0.993046 -0.0100739 -7.66402e-21)
(0.98992 -0.0124572 2.61672e-21)
(0.986322 -0.0149495 4.03909e-22)
(0.982291 -0.0175886 3.26176e-21)
(0.977846 -0.0203825 4.49055e-22)
(0.973012 -0.0233556 1.41641e-21)
(0.967808 -0.026527 4.10938e-21)
(0.96225 -0.0299146 -4.31717e-21)
(0.956355 -0.0335354 1.33289e-22)
(0.950139 -0.0374053 3.4977e-21)
(0.943618 -0.041539 -1.35835e-21)
(0.936807 -0.0459495 -3.68636e-21)
(0.929723 -0.0506476 5.25051e-21)
(0.922381 -0.0556411 -1.31129e-21)
(0.9148 -0.0609338 9.67041e-22)
(0.906998 -0.0665236 -9.86637e-22)
(0.898992 -0.0724014 1.06979e-20)
(0.890801 -0.0785483 -1.87829e-20)
(0.882445 -0.0849337 5.04138e-21)
(0.873943 -0.0915123 1.0245e-20)
(0.865311 -0.0982213 -1.09986e-20)
(0.856568 -0.104978 8.29013e-21)
(0.847726 -0.111676 -1.55146e-20)
(0.838794 -0.118186 1.96289e-20)
(0.82983 -0.124332 -1.11949e-20)
(0.820701 -0.129989 2.36108e-20)
(0.99996 -0.00104097 5.59456e-21)
(0.999234 -0.0031193 -3.50612e-21)
(0.997729 -0.00518966 6.36316e-21)
(0.995657 -0.00728388 -1.77271e-22)
(0.993006 -0.00943449 1.10292e-21)
(0.989858 -0.0116678 -5.51117e-21)
(0.986231 -0.0140033 2.07561e-21)
(0.982164 -0.016477 3.88776e-21)
(0.97768 -0.0190956 -7.1382e-21)
(0.972799 -0.0218824 2.5219e-21)
(0.967539 -0.0248553 -5.67025e-21)
(0.961917 -0.0280313 2.52538e-21)
(0.955948 -0.0314265 3.64176e-22)
(0.949648 -0.0350558 -2.1722e-21)
(0.94303 -0.0389334 7.83389e-22)
(0.936111 -0.0430716 4.30986e-21)
(0.928903 -0.0474809 5.66186e-22)
(0.921424 -0.0521688 -1.3678e-20)
(0.913689 -0.0571392 8.07283e-21)
(0.905714 -0.0623907 -4.45516e-21)
(0.897519 -0.067915 1.79744e-20)
(0.889121 -0.0736949 -1.51897e-21)
(0.88054 -0.0797022 -7.58084e-21)
(0.871794 -0.0858947 -7.2564e-22)
(0.862904 -0.0922137 7.59926e-21)
(0.853888 -0.0985813 3.07874e-21)
(0.844764 -0.104899 -1.97607e-20)
(0.835545 -0.111042 2.11534e-20)
(0.82629 -0.116847 -8.33434e-21)
(0.816887 -0.122189 -1.74324e-20)
(0.999961 -0.000969346 -8.8616e-21)
(0.999231 -0.00290582 1.18746e-21)
(0.997718 -0.0048353 6.02006e-21)
(0.995635 -0.00678766 -1.79261e-21)
(0.992968 -0.00879292 3.69953e-21)
(0.989799 -0.0108757 5.69177e-21)
(0.986146 -0.0130581 -8.74534e-21)
(0.982048 -0.0153609 1.30904e-21)
(0.977526 -0.017803 1.44705e-21)
(0.9726 -0.0204025 6.15482e-21)
(0.967288 -0.0231758 5.77401e-22)
(0.961607 -0.0261388 6.28545e-21)
(0.955569 -0.0293067 3.23635e-21)
(0.94919 -0.0326937 -1.34522e-21)
(0.942483 -0.036313 -9.10636e-21)
(0.935461 -0.0401765 9.99e-21)
(0.928139 -0.0442941 5.18152e-21)
(0.92053 -0.0486731 7.18335e-22)
(0.912651 -0.0533175 -7.94528e-21)
(0.904517 -0.0582262 -1.05895e-20)
(0.896144 -0.0633919 3.13246e-21)
(0.887552 -0.068799 7.43968e-21)
(0.878759 -0.0744214 6.41058e-22)
(0.869786 -0.0802202 1.16789e-20)
(0.860653 -0.0861409 -1.94499e-20)
(0.851382 -0.0921107 -7.07817e-21)
(0.841993 -0.0980371 3.16699e-21)
(0.832505 -0.103803 6.69055e-21)
(0.822975 -0.109256 -5.1073e-21)
(0.813315 -0.114274 2.09827e-20)
(0.999961 -0.000897686 3.89819e-21)
(0.999229 -0.00269196 -2.97124e-21)
(0.997709 -0.00448014 -7.43014e-21)
(0.995615 -0.00629009 -1.02024e-21)
(0.992933 -0.00814936 2.946e-21)
(0.989745 -0.0100807 -6.5229e-21)
(0.986068 -0.0121054 7.61687e-21)
(0.981941 -0.0142402 -1.41031e-21)
(0.977384 -0.0165052 -3.39812e-22)
(0.972417 -0.0189163 5.56631e-21)
(0.967057 -0.0214888 -5.88003e-21)
(0.961319 -0.0242375 3.57111e-21)
(0.955218 -0.0271767 -9.78266e-21)
(0.948766 -0.0303197 3.25221e-21)
(0.941975 -0.0336789 -3.68033e-22)
(0.934859 -0.0372654 -6.4563e-21)
(0.92743 -0.0410886 -1.14347e-20)
(0.919701 -0.0451557 5.10424e-21)
(0.911688 -0.0494704 8.92112e-23)
(0.903404 -0.0540322 7.7825e-21)
(0.894867 -0.0588345 -5.57561e-21)
(0.886094 -0.0638633 1.65519e-20)
(0.877105 -0.0690946 -1.80649e-20)
(0.86792 -0.0744927 -1.08532e-21)
(0.858561 -0.0800071 -4.42209e-21)
(0.849052 -0.0855705 1.48789e-20)
(0.839415 -0.0910964 -7.3544e-21)
(0.829675 -0.0964755 5.70812e-21)
(0.819889 -0.101567 4.46198e-21)
(0.809989 -0.106251 -2.31308e-20)
(0.999961 -0.000825991 -4.39682e-21)
(0.999226 -0.00247777 -1.43114e-21)
(0.997701 -0.00412427 5.25175e-22)
(0.995597 -0.00579128 1.33804e-21)
(0.992902 -0.00750397 -4.50698e-21)
(0.989695 -0.00928317 3.85682e-21)
(0.985996 -0.0111483 -2.52455e-21)
(0.981842 -0.0131155 -3.84871e-21)
(0.977253 -0.0152026 5.06523e-21)
(0.972248 -0.0174243 -8.75908e-22)
(0.966843 -0.0197949 -8.76806e-22)
(0.961055 -0.0223282 3.02695e-21)
(0.954894 -0.0250374 -4.57672e-22)
(0.948374 -0.0279348 2.50864e-21)
(0.941507 -0.0310319 5.79178e-21)
(0.934303 -0.0343393 5.16674e-21)
(0.926775 -0.0378658 -1.21543e-20)
(0.918936 -0.041618 1.18391e-20)
(0.910798 -0.0455998 -1.14293e-20)
(0.902377 -0.0498108 1.00414e-21)
(0.893688 -0.0542453 2.80845e-21)
(0.884748 -0.0588907 -7.04682e-21)
(0.875577 -0.0637251 8.01976e-21)
(0.866195 -0.0687159 2.8372e-21)
(0.856627 -0.0738168 -1.69402e-20)
(0.846897 -0.0789655 -1.70631e-21)
(0.83703 -0.0840823 2.72041e-20)
(0.827057 -0.0890655 -2.01208e-20)
(0.817033 -0.0937857 8.16814e-21)
(0.806911 -0.0981268 -1.61555e-21)
(0.999962 -0.000754266 4.54889e-21)
(0.999224 -0.00226329 2.95017e-21)
(0.997693 -0.00376774 1.52819e-21)
(0.99558 -0.00529133 1.75546e-21)
(0.992873 -0.0068569 9.88124e-22)
(0.98965 -0.00848337 -2.49746e-21)
(0.985931 -0.0101885 6.2908e-21)
(0.981752 -0.0119872 2.98642e-21)
(0.977133 -0.0138954 -7.71316e-21)
(0.972093 -0.0159269 -3.62103e-21)
(0.966648 -0.0180947 1.17927e-21)
(0.960812 -0.0204115 -3.00218e-23)
(0.954598 -0.0228894 -3.28079e-21)
(0.948016 -0.0255397 1.96047e-21)
(0.941078 -0.0283732 -8.95031e-22)
(0.933794 -0.0313995 -2.16619e-21)
(0.926176 -0.0346269 1.89244e-21)
(0.918235 -0.0380617 4.66104e-21)
(0.909983 -0.0417075 6.96809e-22)
(0.901436 -0.0455642 -4.46281e-21)
(0.892607 -0.0496269 -3.29063e-21)
(0.883513 -0.0538841 8.29183e-21)
(0.874175 -0.0583163 1.50772e-20)
(0.864613 -0.0628937 -2.14279e-20)
(0.854852 -0.0675742 8.53546e-22)
(0.844918 -0.0723008 7.0381e-21)
(0.834841 -0.0770003 1.32339e-20)
(0.824652 -0.0815792 1.09146e-20)
(0.814409 -0.0859191 -2.10526e-20)
(0.804082 -0.0899097 -4.1749e-21)
(0.999962 -0.000682513 2.14544e-21)
(0.999222 -0.00204853 2.28792e-21)
(0.997686 -0.00341062 1.57076e-21)
(0.995565 -0.00479038 -3.38814e-21)
(0.992846 -0.00620832 7.65677e-23)
(0.989609 -0.00768152 2.25977e-21)
(0.985872 -0.00922612 7.11003e-22)
(0.98167 -0.0108555 -3.77585e-21)
(0.977024 -0.0125842 1.35815e-21)
(0.971953 -0.0144247 1.95933e-21)
(0.966471 -0.0163888 3.99582e-21)
(0.960593 -0.018488 -1.01717e-21)
(0.954329 -0.0207334 6.74627e-22)
(0.947691 -0.0231354 6.24021e-21)
(0.940688 -0.0257037 -1.22738e-21)
(0.933331 -0.0284472 -5.47332e-21)
(0.925631 -0.0313734 7.93713e-21)
(0.917597 -0.0344884 -8.52974e-21)
(0.909243 -0.0377954 6.66456e-21)
(0.90058 -0.0412946 1.02605e-21)
(0.891623 -0.0449816 -1.23263e-20)
(0.88239 -0.0488464 1.50589e-20)
(0.8729 -0.0528715 -5.48156e-21)
(0.863174 -0.0570299 1.30767e-21)
(0.853237 -0.0612837 4.57485e-21)
(0.843117 -0.0655814 9.78324e-21)
(0.832847 -0.0698562 -1.80527e-20)
(0.822461 -0.0740229 2.12698e-20)
(0.812018 -0.0779745 -2.92176e-20)
(0.801504 -0.0816072 2.72412e-20)
(0.999962 -0.000610735 1.97122e-21)
(0.99922 -0.00183352 6.89177e-22)
(0.997679 -0.00305298 5.47343e-22)
(0.995552 -0.00428851 1.98614e-21)
(0.992823 -0.00555838 -1.66906e-21)
(0.989572 -0.00687782 -2.56966e-21)
(0.985818 -0.00826133 -3.17757e-21)
(0.981597 -0.00972076 1.73714e-21)
(0.976927 -0.0112694 -9.04498e-23)
(0.971827 -0.012918 2.13702e-21)
(0.966312 -0.0146776 -3.53604e-21)
(0.960395 -0.0165584 1.72939e-21)
(0.954087 -0.0185703 -1.39708e-21)
(0.947398 -0.0207226 8.05858e-21)
(0.940338 -0.0230243 -3.7527e-21)
(0.932916 -0.0254834 2.33977e-21)
(0.925141 -0.0281067 -3.26522e-21)
(0.917024 -0.0308996 -5.0924e-21)
(0.908576 -0.0338653 3.12985e-21)
(0.899809 -0.037004 -5.20711e-21)
(0.890738 -0.0403121 2.25316e-21)
(0.881379 -0.0437806 2.06537e-21)
(0.871752 -0.047394 1.08363e-20)
(0.861877 -0.0511284 -1.1239e-20)
(0.851781 -0.0549499 3.77377e-21)
(0.841495 -0.0588122 -9.0578e-21)
(0.83105 -0.0626555 4.92149e-21)
(0.820486 -0.066403 -9.13493e-21)
(0.809862 -0.0699588 6.67352e-21)
(0.799179 -0.0732271 7.21434e-21)
(0.999962 -0.000538935 4.35632e-22)
(0.999218 -0.00161831 -5.31677e-21)
(0.997674 -0.00269488 -3.20424e-21)
(0.99554 -0.00378584 7.2471e-22)
(0.992802 -0.00490724 6.38311e-21)
(0.98954 -0.00607248 2.66865e-21)
(0.985771 -0.00729439 2.02535e-21)
(0.981532 -0.00858333 7.82106e-22)
(0.976841 -0.00995123 1.97555e-21)
(0.971715 -0.0114075 -4.79279e-22)
(0.966171 -0.0129618 -1.29493e-21)
(0.96022 -0.0146233 2.67243e-21)
(0.953873 -0.0164007 -2.70094e-21)
(0.947139 -0.0183024 -8.14069e-21)
(0.940027 -0.0203363 6.58679e-21)
(0.932546 -0.0225094 -7.2901e-21)
(0.924705 -0.0248281 2.23719e-21)
(0.916514 -0.027297 -4.04595e-21)
(0.907983 -0.0299191 2.26119e-21)
(0.899124 -0.0326948 1.82565e-21)
(0.889951 -0.0356208 -3.16174e-22)
(0.880481 -0.0386895 -3.34195e-21)
(0.87073 -0.0418873 8.97643e-21)
(0.860724 -0.0451931 -6.26957e-21)
(0.850487 -0.0485771 1.14304e-20)
(0.840051 -0.0519985 -5.70253e-21)
(0.829451 -0.0554042 5.74421e-21)
(0.818728 -0.0587261 -1.22917e-20)
(0.807942 -0.0618794 1.61053e-20)
(0.797109 -0.0647773 -1.48973e-20)
(0.999962 -0.000467116 -4.30489e-21)
(0.999217 -0.0014029 3.16647e-21)
(0.997669 -0.00233637 1.63045e-21)
(0.995529 -0.00328246 -3.85752e-22)
(0.992783 -0.00425505 -3.84281e-21)
(0.989511 -0.00526569 -1.8778e-21)
(0.98573 -0.00632556 9.43157e-22)
(0.981475 -0.00744351 -2.70789e-21)
(0.976765 -0.0086302 -2.43982e-21)
(0.971618 -0.00989347 -7.87932e-22)
(0.966048 -0.0112419 2.37411e-21)
(0.960067 -0.0126833 -3.50013e-22)
(0.953685 -0.0142254 -9.2346e-22)
(0.946911 -0.0158755 -1.27334e-22)
(0.939755 -0.0176404 -6.9725e-22)
(0.932223 -0.0195264 2.76404e-21)
(0.924324 -0.0215389 -4.39408e-21)
(0.916068 -0.0236822 8.53153e-22)
(0.907465 -0.0259587 -5.00803e-21)
(0.898525 -0.028369 -3.1198e-21)
(0.889263 -0.0309103 6.66252e-21)
(0.879694 -0.0335761 -4.76297e-21)
(0.869837 -0.0363547 1.25282e-21)
(0.859714 -0.039228 -6.46967e-21)
(0.849353 -0.04217 9.23767e-21)
(0.838786 -0.0451454 -8.55659e-21)
(0.82805 -0.0481081 1.08856e-20)
(0.817188 -0.0509986 -1.29852e-21)
(0.80626 -0.0537436 -3.79856e-22)
(0.795294 -0.0562658 -1.08943e-20)
(0.999963 -0.00039528 4.43403e-21)
(0.999216 -0.00118734 -2.86422e-21)
(0.997664 -0.00197751 6.19492e-22)
(0.99552 -0.00277848 -9.88106e-22)
(0.992768 -0.00360194 2.73586e-21)
(0.989487 -0.00445766 -1.40492e-22)
(0.985695 -0.00535512 7.89347e-23)
(0.981427 -0.00630162 -7.31425e-22)
(0.9767 -0.00730667 -6.67266e-22)
(0.971534 -0.00837646 -6.43307e-22)
(0.965942 -0.00951838 -1.9052e-21)
(0.959936 -0.0107391 7.83629e-22)
(0.953524 -0.0120452 9.07527e-22)
(0.946717 -0.0134429 -2.60788e-21)
(0.939522 -0.0149379 1.38497e-21)
(0.931946 -0.0165356 2.91849e-21)
(0.923998 -0.0182407 2.82384e-21)
(0.915686 -0.0200567 5.1583e-21)
(0.90702 -0.021986 -1.00011e-22)
(0.898012 -0.0240288 -6.1667e-21)
(0.888673 -0.0261831 2.28895e-21)
(0.879019 -0.0284433 -3.74676e-21)
(0.86907 -0.0307997 7.07193e-21)
(0.858848 -0.0332369 -2.64322e-21)
(0.848381 -0.035733 -1.40609e-21)
(0.837701 -0.0382581 -1.21453e-21)
(0.826848 -0.040773 -5.02596e-21)
(0.815866 -0.0432273 7.85924e-21)
(0.804816 -0.0455587 -6.6399e-21)
(0.793737 -0.0477006 4.72003e-21)
(0.999963 -0.00032343 -2.77271e-21)
(0.999215 -0.000971643 1.35074e-21)
(0.997661 -0.00161836 -2.149e-21)
(0.995513 -0.00227399 1.88621e-21)
(0.992755 -0.00294808 -2.26025e-21)
(0.989467 -0.00364858 -6.5578e-22)
(0.985666 -0.0043833 -3.00261e-22)
(0.981386 -0.00515788 3.75618e-22)
(0.976647 -0.00598103 2.2934e-21)
(0.971465 -0.0068569 -3.00595e-22)
(0.965855 -0.00779188 -1.92415e-21)
(0.959827 -0.00879142 8.74459e-22)
(0.953391 -0.00986089 2.7902e-21)
(0.946555 -0.0110054 7.70091e-22)
(0.939327 -0.0122297 1.29646e-21)
(0.931715 -0.0135382 -5.34502e-22)
(0.923726 -0.0149347 7.64986e-22)
(0.915368 -0.0164223 -4.42417e-21)
(0.90665 -0.0180028 2.52719e-21)
(0.897583 -0.0196765 -3.93684e-21)
(0.888181 -0.0214418 -1.7088e-21)
(0.878457 -0.0232942 5.26234e-21)
(0.868431 -0.0252257 -2.23554e-21)
(0.858126 -0.0272238 -2.26674e-21)
(0.84757 -0.0292706 -6.75699e-22)
(0.836797 -0.0313417 3.00175e-21)
(0.825845 -0.0334048 -2.92472e-21)
(0.814764 -0.0354187 1.88247e-21)
(0.803612 -0.0373322 -5.06544e-21)
(0.792437 -0.03909 2.66648e-21)
(0.999963 -0.000251568 9.84145e-22)
(0.999214 -0.000755835 1.40423e-21)
(0.997658 -0.00125897 8.95092e-22)
(0.995507 -0.00176908 -1.11763e-21)
(0.992745 -0.00229359 5.96042e-22)
(0.989451 -0.00283865 -5.50853e-22)
(0.985642 -0.00341036 -8.39992e-22)
(0.981354 -0.00401241 -8.91431e-22)
(0.976604 -0.00465365 1.37287e-21)
(0.97141 -0.00533528 -1.38255e-21)
(0.965784 -0.00606291 5.54037e-22)
(0.959739 -0.00684079 -1.67593e-21)
(0.953284 -0.00767312 -2.26132e-21)
(0.946425 -0.00856389 -3.96948e-22)
(0.939172 -0.00951682 9.20196e-22)
(0.931531 -0.0105354 -3.43375e-21)
(0.923508 -0.0116225 1.32726e-21)
(0.915113 -0.0127805 1.46829e-21)
(0.906354 -0.014011 -5.50956e-22)
(0.897241 -0.0153143 -1.6725e-21)
(0.887787 -0.016689 -1.29895e-21)
(0.878007 -0.0181317 1.44179e-21)
(0.86792 -0.0196361 1.99568e-21)
(0.857549 -0.0211928 -2.9792e-21)
(0.846921 -0.0227876 -1.20433e-22)
(0.836072 -0.0244016 2.27772e-21)
(0.825043 -0.0260097 1.7935e-23)
(0.813881 -0.0275796 -9.83059e-22)
(0.802647 -0.0290716 -2.81375e-21)
(0.791397 -0.0304421 -5.90056e-23)
(0.999963 -0.000179698 -1.0056e-21)
(0.999213 -0.000539942 1.84309e-22)
(0.997656 -0.000899393 -4.53631e-22)
(0.995502 -0.00126386 -1.77457e-22)
(0.992737 -0.00163862 1.33011e-21)
(0.989439 -0.00202807 1.04693e-21)
(0.985625 -0.00243658 1.83061e-21)
(0.98133 -0.00286644 -2.68757e-22)
(0.976571 -0.00332497 -8.55011e-22)
(0.971368 -0.00381206 1.38412e-21)
(0.965732 -0.00433202 -1.21173e-21)
(0.959674 -0.0048879 8.746e-22)
(0.953203 -0.00548271 8.26565e-22)
(0.946328 -0.00611929 -1.30954e-21)
(0.939056 -0.00680033 6.07332e-22)
(0.931392 -0.00752828 -1.16806e-21)
(0.923345 -0.00830529 -1.33144e-21)
(0.914922 -0.00913306 2.65207e-21)
(0.906132 -0.0100127 -1.38447e-21)
(0.896984 -0.0109443 4.61347e-22)
(0.887492 -0.0119271 8.99384e-22)
(0.877669 -0.0129587 -2.1102e-21)
(0.867536 -0.0140345 2.71606e-21)
(0.857115 -0.0151477 2.48075e-21)
(0.846435 -0.0162884 -2.50309e-21)
(0.835529 -0.0174429 1.54994e-21)
(0.82444 -0.0185934 -4.89338e-21)
(0.813219 -0.0197167 4.06851e-21)
(0.801923 -0.0207845 2.03587e-21)
(0.790616 -0.0217652 -8.64485e-22)
(0.999963 -0.000107821 -3.07351e-22)
(0.999213 -0.00032399 -6.83664e-22)
(0.997655 -0.000539688 3.01378e-22)
(0.995499 -0.000758408 -1.31541e-22)
(0.992732 -0.000983312 -7.715e-22)
(0.98943 -0.00121703 -7.50841e-22)
(0.985614 -0.0014622 -1.53959e-22)
(0.981314 -0.00172041 -1.99387e-22)
(0.97655 -0.00199538 -4.02098e-22)
(0.97134 -0.0022877 2.99452e-22)
(0.965697 -0.00259977 6.96338e-22)
(0.95963 -0.0029334 -4.72641e-22)
(0.95315 -0.00329039 -2.51512e-22)
(0.946264 -0.00367247 2.41801e-22)
(0.938978 -0.00408125 1.09787e-21)
(0.9313 -0.00451819 -8.64216e-22)
(0.923237 -0.0049846 -9.28185e-22)
(0.914795 -0.00548149 -8.1598e-22)
(0.905984 -0.00600952 1.12956e-21)
(0.896813 -0.00656883 -6.97873e-22)
(0.887295 -0.00715888 -9.6765e-22)
(0.877444 -0.00777821 8.39765e-22)
(0.867281 -0.00842418 -8.62018e-22)
(0.856826 -0.00909266 2.71718e-21)
(0.84611 -0.00977769 -1.37301e-21)
(0.835167 -0.0104711 1.13535e-21)
(0.824039 -0.0111621 3.40645e-22)
(0.812777 -0.0118369 -1.86268e-21)
(0.801441 -0.0124783 -2.12942e-22)
(0.790095 -0.0130675 1.72986e-22)
(0.999963 -3.59408e-05 3.54505e-22)
(0.999213 -0.000108001 3.13203e-22)
(0.997654 -0.000179905 -2.75615e-22)
(0.995498 -0.000252819 -2.51299e-22)
(0.992729 -0.000327795 -5.04998e-23)
(0.989426 -0.000405709 2.44959e-22)
(0.985608 -0.000487448 -3.39506e-22)
(0.981306 -0.0005736 6.86947e-25)
(0.976539 -0.000665199 2.69574e-22)
(0.971326 -0.000762648 1.82411e-22)
(0.965679 -0.000866687 -5.79376e-22)
(0.959608 -0.000977915 4.24641e-22)
(0.953123 -0.00109693 4.93942e-23)
(0.946231 -0.00122432 2.88539e-22)
(0.938939 -0.0013606 -2.42097e-22)
(0.931254 -0.00150628 -1.87195e-22)
(0.923182 -0.00166179 2.52118e-22)
(0.914731 -0.00182746 4.37956e-22)
(0.90591 -0.00200351 1.66729e-22)
(0.896727 -0.00219001 -2.38412e-22)
(0.887196 -0.00238675 -2.65694e-22)
(0.877332 -0.00259326 7.54878e-23)
(0.867153 -0.00280867 -9.77893e-23)
(0.856682 -0.00303159 -2.9321e-22)
(0.845948 -0.00326004 9.65584e-22)
(0.834986 -0.00349129 8.54643e-22)
(0.823838 -0.00372176 -3.79733e-23)
(0.812556 -0.00394681 -9.675e-22)
(0.801199 -0.00416076 -4.76636e-22)
(0.789835 -0.00435727 1.32943e-21)
(1.01278 -0.185901 0)
(1.0172 -0.194868 0)
(1.02199 -0.203372 0)
(1.02711 -0.211226 0)
(1.03254 -0.218181 0)
(1.03824 -0.2239 0)
(1.04322 -0.227873 0)
(0.999991 -0.0031501 0)
(0.999739 -0.00923901 0)
(0.999222 -0.0152034 0)
(0.99853 -0.0211268 0)
(0.997678 -0.0271275 0)
(0.996727 -0.0332713 0)
(0.995709 -0.0396227 0)
(0.994673 -0.0462251 0)
(0.993661 -0.0531141 0)
(0.992717 -0.0603138 0)
(0.991887 -0.0678398 0)
(0.991214 -0.075699 0)
(0.990745 -0.0838902 0)
(0.990522 -0.0924045 0)
(0.990589 -0.101225 0)
(0.990985 -0.110328 0)
(0.991747 -0.11968 0)
(0.992907 -0.129245 0)
(0.994492 -0.138975 0)
(0.996522 -0.148817 0)
(0.99901 -0.15871 0)
(1.00196 -0.168586 0)
(1.00537 -0.178364 0)
(1.00923 -0.187948 0)
(1.01352 -0.197224 0)
(1.0182 -0.206042 0)
(1.02324 -0.214207 0)
(1.0286 -0.221462 0)
(1.03428 -0.227459 0)
(1.03918 -0.231661 0)
(0.99999 -0.0031273 0)
(0.999714 -0.00917 0)
(0.999149 -0.0150916 0)
(0.99839 -0.0209761 0)
(0.997454 -0.0269433 0)
(0.996403 -0.0330594 0)
(0.99527 -0.0393901 0)
(0.994105 -0.0459801 0)
(0.992949 -0.0528666 0)
(0.991849 -0.0600751 0)
(0.99085 -0.0676231 0)
(0.989997 -0.0755194 0)
(0.989337 -0.0837647 0)
(0.988915 -0.092352 0)
(0.988776 -0.101266 0)
(0.98896 -0.110484 0)
(0.989508 -0.119977 0)
(0.990454 -0.129705 0)
(0.991827 -0.139623 0)
(0.99365 -0.149678 0)
(0.995938 -0.159808 0)
(0.998699 -0.169942 0)
(1.00193 -0.179998 0)
(1.00563 -0.189877 0)
(1.00977 -0.19946 0)
(1.01433 -0.208594 0)
(1.01926 -0.217075 0)
(1.02455 -0.224637 0)
(1.0302 -0.23092 0)
(1.03501 -0.235361 0)
(0.999989 -0.00310298 0)
(0.999689 -0.00909661 0)
(0.999077 -0.0149726 0)
(0.998253 -0.0208155 0)
(0.997235 -0.026746 0)
(0.996086 -0.0328311 0)
(0.99484 -0.0391376 0)
(0.993548 -0.0457112 0)
(0.992252 -0.0525906 0)
(0.990997 -0.0598029 0)
(0.989831 -0.0673675 0)
(0.9888 -0.0752949 0)
(0.98795 -0.083588 0)
(0.987329 -0.0922414 0)
(0.986982 -0.101242 0)
(0.986954 -0.110569 0)
(0.987284 -0.120193 0)
(0.988011 -0.130078 0)
(0.989166 -0.140177 0)
(0.990774 -0.150438 0)
(0.992854 -0.160799 0)
(0.995415 -0.171186 0)
(0.998459 -0.181515 0)
(1.00198 -0.191686 0)
(1.00596 -0.201575 0)
(1.01038 -0.211024 0)
(1.0152 -0.219825 0)
(1.02039 -0.2277 0)
(1.02601 -0.23428 0)
(1.03071 -0.238972 0)
(0.999988 -0.00307724 0)
(0.999665 -0.00901919 0)
(0.999006 -0.014847 0)
(0.998118 -0.0206457 0)
(0.99702 -0.0265368 0)
(0.995775 -0.0325879 0)
(0.99442 -0.0388667 0)
(0.993003 -0.0454201 0)
(0.991569 -0.0522881 0)
(0.990163 -0.0594995 0)
(0.988832 -0.0670754 0)
(0.987623 -0.0750281 0)
(0.986585 -0.0833626 0)
(0.985766 -0.0920754 0)
(0.985211 -0.101156 0)
(0.984968 -0.110584 0)
(0.985079 -0.120333 0)
(0.985583 -0.130366 0)
(0.986514 -0.14064 0)
(0.987901 -0.1511 0)
(0.989764 -0.161683 0)
(0.992115 -0.172317 0)
(0.994958 -0.182914 0)
(0.998288 -0.193372 0)
(1.00209 -0.203563 0)
(1.00635 -0.213328 0)
(1.01103 -0.222452 0)
(1.01612 -0.230648 0)
(1.02169 -0.237537 0)
(1.02627 -0.242493 0)
(0.999987 -0.00305017 0)
(0.999641 -0.00893808 0)
(0.998936 -0.0147153 0)
(0.997987 -0.0204675 0)
(0.99681 -0.0263168 0)
(0.995473 -0.032331 0)
(0.99401 -0.038579 0)
(0.992472 -0.0451086 0)
(0.990902 -0.0519612 0)
(0.989347 -0.0591671 0)
(0.987854 -0.066749 0)
(0.98647 -0.0747215 0)
(0.985245 -0.0830911 0)
(0.984228 -0.0918568 0)
(0.983466 -0.101009 0)
(0.983007 -0.110531 0)
(0.982895 -0.120397 0)
(0.983173 -0.130572 0)
(0.983876 -0.141011 0)
(0.985035 -0.151663 0)
(0.986673 -0.162463 0)
(0.988804 -0.173336 0)
(0.991434 -0.184194 0)
(0.99456 -0.194933 0)
(0.998171 -0.205423 0)
(1.00225 -0.215502 0)
(1.00678 -0.224951 0)
(1.01173 -0.233475 0)
(1.01724 -0.240686 0)
(1.0217 -0.245925 0)
(0.999985 -0.00302186 0)
(0.999617 -0.0088536 0)
(0.998867 -0.0145781 0)
(0.997859 -0.0202818 0)
(0.996606 -0.0260869 0)
(0.995178 -0.0320618 0)
(0.993611 -0.038276 0)
(0.991954 -0.0447784 0)
(0.990252 -0.0516117 0)
(0.988551 -0.0588078 0)
(0.986898 -0.066391 0)
(0.985342 -0.0743776 0)
(0.983932 -0.0827765 0)
(0.982718 -0.0915884 0)
(0.981749 -0.100806 0)
(0.981073 -0.110415 0)
(0.980738 -0.120389 0)
(0.980787 -0.130697 0)
(0.981257 -0.141295 0)
(0.982182 -0.15213 0)
(0.983588 -0.163138 0)
(0.985489 -0.174243 0)
(0.987894 -0.185355 0)
(0.990802 -0.196368 0)
(0.994204 -0.207151 0)
(0.998089 -0.21754 0)
(1.00244 -0.227317 0)
(1.00724 -0.236178 0)
(1.01267 -0.243726 0)
(1.01699 -0.249272 0)
(0.999984 -0.00299238 0)
(0.999593 -0.00876607 0)
(0.9988 -0.0144361 0)
(0.997734 -0.0200894 0)
(0.996407 -0.0258482 0)
(0.994892 -0.0317814 0)
(0.993223 -0.0379591 0)
(0.991451 -0.0444312 0)
(0.989619 -0.0512416 0)
(0.987775 -0.0584236 0)
(0.985966 -0.0660033 0)
(0.98424 -0.0739989 0)
(0.982647 -0.082421 0)
(0.981238 -0.0912727 0)
(0.980062 -0.100549 0)
(0.97917 -0.110236 0)
(0.97861 -0.120312 0)
(0.978427 -0.130745 0)
(0.978661 -0.141493 0)
(0.979347 -0.152503 0)
(0.980512 -0.163711 0)
(0.982175 -0.175039 0)
(0.984344 -0.186397 0)
(0.98702 -0.197675 0)
(0.990194 -0.208744 0)
(0.993861 -0.219438 0)
(0.998003 -0.229541 0)
(1.00262 -0.23875 0)
(1.00796 -0.246655 0)
(1.01214 -0.252538 0)
(0.999982 -0.00296176 0)
(0.99957 -0.00867569 0)
(0.998734 -0.0142895 0)
(0.997612 -0.0198908 0)
(0.996214 -0.0256013 0)
(0.994614 -0.0314906 0)
(0.992846 -0.0376291 0)
(0.990962 -0.0440679 0)
(0.989005 -0.0508518 0)
(0.987021 -0.0580156 0)
(0.985059 -0.0655871 0)
(0.983166 -0.0735863 0)
(0.981393 -0.0820258 0)
(0.97979 -0.0909106 0)
(0.97841 -0.100238 0)
(0.977301 -0.109996 0)
(0.976515 -0.120166 0)
(0.976098 -0.130715 0)
(0.976091 -0.141604 0)
(0.976533 -0.15278 0)
(0.977452 -0.164178 0)
(0.978867 -0.17572 0)
(0.98079 -0.187313 0)
(0.98322 -0.198847 0)
(0.98615 -0.210191 0)
(0.989575 -0.221182 0)
(0.993484 -0.231609 0)
(0.997891 -0.241174 0)
(1.00311 -0.249459 0)
(1.00713 -0.255727 0)
(0.99998 -0.00293004 0)
(0.999546 -0.00858275 0)
(0.99867 -0.0141388 0)
(0.997493 -0.0196866 0)
(0.996027 -0.0253471 0)
(0.994345 -0.0311904 0)
(0.992482 -0.0372873 0)
(0.990489 -0.0436897 0)
(0.988409 -0.0504437 0)
(0.98629 -0.0575854 0)
(0.984178 -0.065144 0)
(0.982121 -0.0731413 0)
(0.980171 -0.0815921 0)
(0.978377 -0.0905033 0)
(0.976793 -0.0998743 0)
(0.975469 -0.109696 0)
(0.974456 -0.119949 0)
(0.973803 -0.130606 0)
(0.973553 -0.141626 0)
(0.973746 -0.152957 0)
(0.974412 -0.164535 0)
(0.975572 -0.17628 0)
(0.977238 -0.188097 0)
(0.979409 -0.199875 0)
(0.982077 -0.211481 0)
(0.985237 -0.222757 0)
(0.98888 -0.2335 0)
(0.993033 -0.243427 0)
(0.998077 -0.252117 0)
(1.00193 -0.258842 0)
(0.999978 -0.00289755 0)
(0.999522 -0.00848835 0)
(0.998607 -0.013986 0)
(0.997378 -0.0194796 0)
(0.995846 -0.025089 0)
(0.994086 -0.0308851 0)
(0.99213 -0.0369389 0)
(0.990033 -0.0433033 0)
(0.987834 -0.0500252 0)
(0.985582 -0.0571421 0)
(0.983323 -0.0646849 0)
(0.981107 -0.072677 0)
(0.978982 -0.0811351 0)
(0.977 -0.0900684 0)
(0.975213 -0.0994783 0)
(0.973675 -0.109358 0)
(0.972436 -0.11969 0)
(0.971546 -0.130447 0)
(0.971051 -0.141592 0)
(0.970991 -0.153073 0)
(0.971398 -0.164824 0)
(0.972295 -0.176764 0)
(0.973694 -0.188797 0)
(0.975594 -0.200808 0)
(0.977985 -0.212664 0)
(0.980856 -0.22421 0)
(0.984198 -0.235257 0)
(0.988045 -0.245548 0)
(0.992842 -0.254682 0)
(0.996494 -0.261986 0)
(0.999975 -0.00286478 0)
(0.999498 -0.00839421 0)
(0.998546 -0.013834 0)
(0.997267 -0.019274 0)
(0.995672 -0.024833 0)
(0.993835 -0.0305826 0)
(0.991791 -0.036594 0)
(0.989592 -0.0429211 0)
(0.987278 -0.0496119 0)
(0.984898 -0.0567051 0)
(0.982497 -0.0642332 0)
(0.980123 -0.0722216 0)
(0.977827 -0.0806887 0)
(0.975659 -0.089646 0)
(0.973673 -0.0990969 0)
(0.971921 -0.109037 0)
(0.970456 -0.119451 0)
(0.969329 -0.130313 0)
(0.968585 -0.141588 0)
(0.968268 -0.153222 0)
(0.968412 -0.165151 0)
(0.969039 -0.177291 0)
(0.970163 -0.189544 0)
(0.971781 -0.201791 0)
(0.973879 -0.213896 0)
(0.976439 -0.225705 0)
(0.979444 -0.237043 0)
(0.982921 -0.247694 0)
(0.987344 -0.257342 0)
(0.990764 -0.265489 0)
(0.999971 -0.00283013 0)
(0.999474 -0.0082958 0)
(0.998485 -0.0136755 0)
(0.997159 -0.0190596 0)
(0.995503 -0.0245658 0)
(0.993594 -0.0302661 0)
(0.991465 -0.036232 0)
(0.989167 -0.0425182 0)
(0.986742 -0.0491735 0)
(0.984236 -0.056238 0)
(0.981696 -0.0637456 0)
(0.979169 -0.0717233 0)
(0.976704 -0.0801917 0)
(0.974354 -0.089164 0)
(0.97217 -0.0986461 0)
(0.970206 -0.108635 0)
(0.968514 -0.119119 0)
(0.967148 -0.130073 0)
(0.966154 -0.141462 0)
(0.965576 -0.153236 0)
(0.96545 -0.165328 0)
(0.965801 -0.177653 0)
(0.96664 -0.190108 0)
(0.967965 -0.202573 0)
(0.969758 -0.214907 0)
(0.971991 -0.226954 0)
(0.974626 -0.238548 0)
(0.977648 -0.249523 0)
(0.981466 -0.25969 0)
(0.984642 -0.269026 0)
(1.04509 -0.233317 2.12158e-20)
(1.05095 -0.234512 6.52844e-21)
(1.04104 -0.237185 -3.355e-20)
(1.04712 -0.238512 4.25598e-21)
(1.05281 -0.239745 -8.49705e-21)
(1.03687 -0.240977 -1.42613e-20)
(1.04316 -0.242447 4.33156e-21)
(1.04904 -0.243823 7.96336e-22)
(1.05484 -0.245115 2.75021e-20)
(1.06074 -0.246313 1.824e-22)
(1.03256 -0.244694 3.75712e-20)
(1.03909 -0.24632 -1.6452e-20)
(1.04516 -0.247855 -9.7512e-21)
(1.05116 -0.249304 -1.06804e-21)
(1.05726 -0.250655 -2.86172e-20)
(1.0634 -0.251907 -1.02071e-21)
(1.02814 -0.24834 -2.43041e-20)
(1.0349 -0.250139 3.71171e-20)
(1.04117 -0.25185 -8.57303e-21)
(1.04738 -0.253473 -1.64974e-20)
(1.05369 -0.254993 2.76437e-20)
(1.06006 -0.256408 1.61677e-20)
(1.06645 -0.257711 9.05696e-21)
(1.07289 -0.258896 -4.98613e-21)
(1.02358 -0.251919 2.89414e-21)
(1.0306 -0.253911 -3.54723e-20)
(1.03709 -0.255819 -4.29821e-21)
(1.04352 -0.257636 -4.97909e-21)
(1.05007 -0.259344 8.02193e-21)
(1.05666 -0.260937 1.69224e-21)
(1.06329 -0.262407 -3.3088e-21)
(1.06997 -0.263745 -1.58934e-20)
(1.07668 -0.264947 2.84712e-20)
(1.01891 -0.255443 2.82262e-20)
(1.02621 -0.257652 1.59224e-21)
(1.03292 -0.259782 6.93242e-21)
(1.03959 -0.261814 8.75808e-21)
(1.04639 -0.263728 -2.66324e-20)
(1.05323 -0.265513 -4.13154e-21)
(1.06011 -0.267161 6.81706e-22)
(1.06704 -0.268661 1.98487e-20)
(1.074 -0.270008 -8.95308e-21)
(1.08098 -0.271197 3.15604e-20)
(1.08799 -0.272224 -8.74562e-21)
(1.01412 -0.258926 -2.59109e-20)
(1.02172 -0.261388 3.27276e-20)
(1.02868 -0.26377 2.64165e-20)
(1.03562 -0.266042 -1.15035e-20)
(1.04268 -0.268178 -1.73211e-20)
(1.04979 -0.270168 4.06827e-22)
(1.05694 -0.272001 -2.83872e-20)
(1.06412 -0.273666 -1.81389e-20)
(1.07133 -0.275159 -9.62722e-21)
(1.07857 -0.276475 -7.59826e-22)
(1.08582 -0.277611 -2.69705e-21)
(1.09308 -0.278564 -4.59678e-21)
(1.10035 -0.279334 4.56979e-21)
(1.00922 -0.262391 -2.32482e-20)
(1.01714 -0.265156 -1.00121e-20)
(1.02439 -0.267828 1.64238e-20)
(1.03162 -0.27036 2.35742e-20)
(1.03897 -0.272733 1.62233e-20)
(1.04636 -0.274935 1.69622e-20)
(1.05379 -0.276954 1.46786e-20)
(1.06124 -0.278782 -1.63422e-20)
(1.06871 -0.280417 1.00348e-21)
(1.0762 -0.281853 -6.8895e-21)
(1.0837 -0.283091 3.64919e-21)
(1.0912 -0.284128 -4.18579e-21)
(1.0987 -0.284965 9.27146e-21)
(1.10619 -0.285601 -2.01352e-20)
(1.00423 -0.265878 2.11543e-20)
(1.01253 -0.26898 -1.20275e-20)
(1.02011 -0.271969 -3.1291e-20)
(1.02767 -0.274778 9.59641e-21)
(1.03534 -0.277396 -1.44225e-20)
(1.04302 -0.279811 -1.84302e-20)
(1.05073 -0.282014 9.33476e-21)
(1.05845 -0.284 3.09704e-20)
(1.06618 -0.285768 -1.11431e-20)
(1.07392 -0.287317 2.3713e-21)
(1.08166 -0.288646 -1.83903e-21)
(1.0894 -0.289758 1.57276e-20)
(1.09712 -0.290652 -2.21615e-20)
(1.10482 -0.291329 2.51224e-20)
(1.1125 -0.291792 -5.42124e-21)
(1.12015 -0.29204 -1.13276e-20)
(0.999246 -0.269489 2.25449e-20)
(1.00796 -0.272919 -3.71882e-20)
(1.01592 -0.276234 -5.11528e-21)
(1.02384 -0.279326 -2.059e-20)
(1.03183 -0.282189 4.77947e-20)
(1.03981 -0.284813 -1.6782e-21)
(1.0478 -0.287192 2.4402e-20)
(1.05579 -0.289326 -1.556e-20)
(1.06378 -0.291217 1.09408e-20)
(1.07176 -0.292867 -6.28168e-21)
(1.07973 -0.294278 7.29206e-21)
(1.08769 -0.295453 -9.95174e-21)
(1.09562 -0.296393 2.578e-20)
(1.10353 -0.297102 -1.47567e-20)
(1.11141 -0.297582 1.0321e-20)
(1.11925 -0.297833 1.53238e-20)
(1.12704 -0.297858 -1.73889e-20)
(0.994125 -0.273719 -2.89891e-20)
(1.0031 -0.277553 5.08965e-20)
(1.01148 -0.281169 3.18992e-22)
(1.01982 -0.284496 -4.41687e-20)
(1.02818 -0.287552 -4.40512e-20)
(1.0365 -0.290332 5.28623e-21)
(1.04479 -0.292838 -1.23199e-20)
(1.05307 -0.295074 7.77093e-22)
(1.06133 -0.297045 -1.17925e-20)
(1.06956 -0.298756 -1.18353e-20)
(1.07777 -0.300211 3.28586e-21)
(1.08595 -0.301414 1.98878e-20)
(1.0941 -0.302369 4.19313e-22)
(1.10221 -0.303078 -1.70566e-20)
(1.11029 -0.303545 -1.04214e-20)
(1.11831 -0.303772 -1.32037e-20)
(1.12628 -0.303762 1.85864e-20)
(1.13419 -0.303516 -2.71934e-21)
(1.14203 -0.303037 -6.8016e-21)
)
;

boundaryField
{
    inlet
    {
        type            uniformFixedValue;
        uniformValue    constant (1 0 0);
        value           uniform (1 0 0);
    }
    outlet
    {
        type            pressureInletOutletVelocity;
        value           nonuniform 0();
    }
    cylinder
    {
        type            fixedValue;
        value           uniform (0 0 0);
    }
    top
    {
        type            symmetryPlane;
    }
    bottom
    {
        type            symmetryPlane;
    }
    defaultFaces
    {
        type            empty;
    }
    procBoundary4to0
    {
        type            processor;
        value           nonuniform List<vector> 
66
(
(1.1498 -0.302327 -3.0194e-21)
(1.15748 -0.301387 -1.51937e-20)
(1.16506 -0.30022 3.70745e-21)
(1.01627 -0.183739 0)
(1.02081 -0.192397 0)
(1.02569 -0.200589 0)
(1.03089 -0.208135 0)
(1.03636 -0.214796 0)
(1.04207 -0.220247 0)
(1.04711 -0.224001 0)
(0.999992 -0.00317128 0)
(0.999764 -0.00930329 0)
(0.999297 -0.0153074 0)
(0.998672 -0.0212665 0)
(0.997907 -0.0272976 0)
(0.997057 -0.0334657 0)
(0.996156 -0.0398338 0)
(0.995252 -0.0464443 0)
(0.994385 -0.0533312 0)
(0.9936 -0.0605169 0)
(0.99294 -0.0680152 0)
(0.992448 -0.0758312 0)
(0.99217 -0.0839619 0)
(0.992146 -0.0923963 0)
(0.992417 -0.101116 0)
(0.993022 -0.110096 0)
(0.993995 -0.119302 0)
(0.995365 -0.128696 0)
(0.997156 -0.13823 0)
(0.999386 -0.147854 0)
(1.00207 -0.157505 0)
(1.0052 -0.167118 0)
(1.00877 -0.176614 0)
(1.00877 -0.176614 0)
(1.049 -0.229374 -4.39061e-21)
(1.049 -0.229374 -4.39061e-21)
(1.05466 -0.230448 2.48128e-21)
(1.05647 -0.235615 7.15507e-21)
(1.05647 -0.235615 7.15507e-21)
(1.05843 -0.240895 -1.42342e-20)
(1.05843 -0.240895 -1.42342e-20)
(1.06412 -0.241954 -9.09955e-21)
(1.06667 -0.247415 2.25899e-20)
(1.06667 -0.247415 2.25899e-20)
(1.06957 -0.253055 -1.5677e-20)
(1.06957 -0.253055 -1.5677e-20)
(1.07578 -0.254095 -2.2679e-20)
(1.07937 -0.259957 1.48668e-20)
(1.07937 -0.259957 1.48668e-20)
(1.08342 -0.266007 2.28746e-20)
(1.08342 -0.266007 2.28746e-20)
(1.09019 -0.266922 -9.60416e-21)
(1.09501 -0.273085 -5.27904e-21)
(1.09501 -0.273085 -5.27904e-21)
(1.10205 -0.273779 8.59418e-21)
(1.10761 -0.27992 -9.61994e-21)
(1.10761 -0.27992 -9.61994e-21)
(1.11366 -0.286037 7.11045e-21)
(1.11366 -0.286037 7.11045e-21)
(1.1211 -0.286274 1.31376e-21)
(1.12776 -0.292076 -2.20918e-21)
(1.12776 -0.292076 -2.20918e-21)
(1.13478 -0.29766 -3.45159e-21)
(1.13478 -0.29766 -3.45159e-21)
(1.14245 -0.297238 9.51654e-21)
(1.1498 -0.302327 -3.0194e-21)
)
;
    }
    procBoundary4to5
    {
        type            processor;
        value           nonuniform List<vector> 
69
(
(0.0158386 -0.0475925 -1.00594e-19)
(0.0158386 -0.0475925 -1.00594e-19)
(0.0176907 -0.0505931 3.69927e-20)
(0.0196468 -0.0534864 -9.20752e-20)
(0.0217013 -0.0562668 5.47662e-20)
(0.0238484 -0.0589288 -3.90087e-20)
(0.0260821 -0.0614673 -5.56358e-20)
(0.0283961 -0.0638775 1.28288e-19)
(0.0307839 -0.066155 -7.00353e-20)
(0.0332387 -0.0682957 -2.57968e-20)
(0.102554 -0.174952 1.32926e-19)
(0.102554 -0.174952 1.32926e-19)
(0.108804 -0.179748 -1.52758e-19)
(0.115176 -0.184196 9.78312e-20)
(0.121651 -0.18829 -4.48605e-20)
(0.128213 -0.192023 -3.67354e-20)
(0.134845 -0.195391 -2.64312e-20)
(0.226686 -0.286733 2.31924e-20)
(0.226686 -0.286733 2.31924e-20)
(0.236148 -0.29089 3.54164e-20)
(0.245649 -0.294531 -1.98702e-20)
(0.255164 -0.297651 -1.17365e-20)
(0.26467 -0.30025 6.31264e-20)
(0.361138 -0.37228 -5.83112e-20)
(0.361138 -0.37228 -5.83112e-20)
(0.372547 -0.374717 -5.93178e-20)
(0.383879 -0.37654 4.44164e-20)
(0.395107 -0.377749 3.33184e-20)
(0.488687 -0.430489 -3.324e-21)
(0.488687 -0.430489 -3.324e-21)
(0.50101 -0.431171 3.54497e-21)
(0.513155 -0.431197 2.71756e-20)
(0.599082 -0.467535 -4.57433e-20)
(0.599082 -0.467535 -4.57433e-20)
(0.611738 -0.466926 2.5034e-20)
(0.624145 -0.465656 -2.0245e-20)
(0.701296 -0.488488 -1.88834e-20)
(0.701296 -0.488488 -1.88834e-20)
(0.713841 -0.486655 -2.5985e-20)
(0.781617 -0.498532 5.44905e-20)
(0.781617 -0.498532 5.44905e-20)
(0.794046 -0.496214 -3.18668e-20)
(0.852924 -0.499344 3.50668e-20)
(0.852924 -0.499344 3.50668e-20)
(0.865065 -0.496633 1.98402e-20)
(0.915711 -0.492914 -2.43494e-20)
(0.915711 -0.492914 -2.43494e-20)
(0.927451 -0.489897 2.00275e-20)
(0.970641 -0.480941 -1.74622e-20)
(0.970641 -0.480941 -1.74622e-20)
(0.981909 -0.477701 3.91402e-21)
(1.01846 -0.464864 -1.62146e-20)
(1.01846 -0.464864 -1.62146e-20)
(1.04943 -0.448924 -1.61031e-20)
(1.04943 -0.448924 -1.61031e-20)
(1.05995 -0.445883 -8.983e-21)
(1.08587 -0.428108 -1.53771e-20)
(1.08587 -0.428108 -1.53771e-20)
(1.10772 -0.408931 -6.76401e-21)
(1.10772 -0.408931 -6.76401e-21)
(1.12612 -0.388991 -5.90106e-21)
(1.12612 -0.388991 -5.90106e-21)
(1.14156 -0.368796 4.39059e-21)
(1.14156 -0.368796 4.39059e-21)
(1.15437 -0.348762 -3.44992e-21)
(1.15437 -0.348762 -3.44992e-21)
(1.16491 -0.32888 7.12819e-21)
(1.16491 -0.32888 7.12819e-21)
(1.17287 -0.31063 1.08749e-20)
)
;
    }
    procBoundary4to8
    {
        type            processor;
        value           nonuniform List<vector> 
51
(
(0.00330111 0.00565214 1.49553e-21)
(0.0242108 0.0139139 8.29506e-21)
(0.0633922 0.0197769 -2.3148e-21)
(0.110133 0.0238349 6.54255e-21)
(0.162962 0.0264031 -1.32976e-20)
(0.218155 0.0278174 1.6614e-20)
(0.273971 0.0283315 1.87969e-20)
(0.3282 0.00939402 -1.63144e-22)
(0.3282 0.00939402 -1.63144e-22)
(0.38113 0.00917392 -4.10288e-21)
(0.431459 0.00883855 -2.14176e-22)
(0.478809 0.00842811 -1.2086e-21)
(0.523004 0.00797421 4.27838e-22)
(0.564015 0.00750097 -3.68819e-22)
(0.601915 0.00702612 -3.65349e-21)
(0.636846 0.00656216 -2.3999e-21)
(0.668988 0.00611735 4.27069e-22)
(0.698542 0.00569673 -1.70823e-21)
(0.725716 0.00530287 4.62011e-21)
(0.750711 0.00493678 4.10535e-22)
(0.773727 0.00459911 -4.05051e-21)
(0.999963 3.59409e-05 3.46793e-22)
(0.999213 0.000108001 3.11581e-22)
(0.997654 0.000179906 -3.17932e-22)
(0.995498 0.000252819 -1.91252e-22)
(0.992729 0.000327796 -3.63008e-23)
(0.989426 0.00040571 3.1044e-22)
(0.985608 0.000487449 -4.57287e-22)
(0.981306 0.000573601 9.09671e-23)
(0.976539 0.0006652 3.08589e-22)
(0.971326 0.00076265 -1.8078e-22)
(0.965679 0.000866689 -1.81715e-22)
(0.959608 0.000977917 3.23632e-22)
(0.953123 0.00109694 -1.34719e-23)
(0.946231 0.00122432 2.32034e-23)
(0.938939 0.0013606 -2.59225e-22)
(0.931254 0.00150628 6.33037e-22)
(0.923182 0.00166179 -1.28497e-23)
(0.914731 0.00182746 -1.28768e-22)
(0.90591 0.00200352 2.77786e-22)
(0.896727 0.00219001 -6.50746e-23)
(0.887196 0.00238675 -8.47076e-23)
(0.877332 0.00259327 4.31232e-22)
(0.867153 0.00280867 1.70573e-22)
(0.856682 0.00303159 2.59361e-22)
(0.845948 0.00326004 -8.98539e-22)
(0.834986 0.00349129 -7.47162e-22)
(0.823838 0.00372176 -3.65493e-23)
(0.812556 0.00394681 1.29224e-21)
(0.801199 0.00416077 3.86096e-22)
(0.789835 0.00435727 -6.48574e-24)
)
;
    }
}


// ************************************************************************* //
