/*--------------------------------*- C++ -*----------------------------------*\
  =========                 |
  \\      /  F ield         | OpenFOAM: The Open Source CFD Toolbox
   \\    /   O peration     | Website:  https://openfoam.org
    \\  /    A nd           | Version:  7
     \\/     M anipulation  |
\*---------------------------------------------------------------------------*/
FoamFile
{
    version     2.0;
    format      ascii;
    class       vectorField;
    location    "constant/polyMesh";
    object      points;
}
// * * * * * * * * * * * * * * * * * * * * * * * * * * * * * * * * * * * * * //


1420
(
(6.600419268 1.25450136 -0.05)
(6.841741161 1.25450136 -0.05)
(7.089987962 1.25450136 -0.05)
(7.345358387 1.25450136 -0.05)
(7.608056854 1.25450136 -0.05)
(7.878293646 1.25450136 -0.05)
(8.156285081 1.25450136 -0.05)
(8.442253685 1.25450136 -0.05)
(8.736428367 1.25450136 -0.05)
(9.039044607 1.25450136 -0.05)
(9.350344642 1.25450136 -0.05)
(9.670577661 1.25450136 -0.05)
(10 1.25450136 -0.05)
(3.850034729 1.309024202 -0.05)
(4.012432319 1.309024202 -0.05)
(4.179490028 1.309024202 -0.05)
(4.351341581 1.309024202 -0.05)
(4.528124539 1.309024202 -0.05)
(4.709980414 1.309024202 -0.05)
(4.897054777 1.309024202 -0.05)
(5.089497377 1.309024202 -0.05)
(5.287462257 1.309024202 -0.05)
(5.491107885 1.309024202 -0.05)
(5.700597274 1.309024202 -0.05)
(5.916098114 1.309024202 -0.05)
(6.137782909 1.309024202 -0.05)
(6.365829112 1.309024202 -0.05)
(6.600419268 1.309024202 -0.05)
(6.841741161 1.309024202 -0.05)
(7.089987962 1.309024202 -0.05)
(7.345358387 1.309024202 -0.05)
(7.608056854 1.309024202 -0.05)
(7.878293646 1.309024202 -0.05)
(8.156285081 1.309024202 -0.05)
(8.442253685 1.309024202 -0.05)
(8.736428367 1.309024202 -0.05)
(9.039044607 1.309024202 -0.05)
(9.350344642 1.309024202 -0.05)
(9.670577661 1.309024202 -0.05)
(10 1.309024202 -0.05)
(3.850034729 1.366216714 -0.05)
(4.012432319 1.366216714 -0.05)
(4.179490028 1.366216714 -0.05)
(4.351341581 1.366216714 -0.05)
(4.528124539 1.366216714 -0.05)
(4.709980414 1.366216714 -0.05)
(4.897054777 1.366216714 -0.05)
(5.089497377 1.366216714 -0.05)
(5.287462257 1.366216714 -0.05)
(5.491107885 1.366216714 -0.05)
(5.700597274 1.366216714 -0.05)
(5.916098114 1.366216714 -0.05)
(6.137782909 1.366216714 -0.05)
(6.365829112 1.366216714 -0.05)
(6.600419268 1.366216714 -0.05)
(6.841741161 1.366216714 -0.05)
(7.089987962 1.366216714 -0.05)
(7.345358387 1.366216714 -0.05)
(7.608056854 1.366216714 -0.05)
(7.878293646 1.366216714 -0.05)
(8.156285081 1.366216714 -0.05)
(8.442253685 1.366216714 -0.05)
(8.736428367 1.366216714 -0.05)
(9.039044607 1.366216714 -0.05)
(9.350344642 1.366216714 -0.05)
(9.670577661 1.366216714 -0.05)
(10 1.366216714 -0.05)
(3.850034729 1.426209615 -0.05)
(4.012432319 1.426209615 -0.05)
(4.179490028 1.426209615 -0.05)
(4.351341581 1.426209615 -0.05)
(4.528124539 1.426209615 -0.05)
(4.709980414 1.426209615 -0.05)
(4.897054777 1.426209615 -0.05)
(5.089497377 1.426209615 -0.05)
(5.287462257 1.426209615 -0.05)
(5.491107885 1.426209615 -0.05)
(5.700597274 1.426209615 -0.05)
(5.916098114 1.426209615 -0.05)
(6.137782909 1.426209615 -0.05)
(6.365829112 1.426209615 -0.05)
(6.600419268 1.426209615 -0.05)
(6.841741161 1.426209615 -0.05)
(7.089987962 1.426209615 -0.05)
(7.345358387 1.426209615 -0.05)
(7.608056854 1.426209615 -0.05)
(7.878293646 1.426209615 -0.05)
(8.156285081 1.426209615 -0.05)
(8.442253685 1.426209615 -0.05)
(8.736428367 1.426209615 -0.05)
(9.039044607 1.426209615 -0.05)
(9.350344642 1.426209615 -0.05)
(9.670577661 1.426209615 -0.05)
(10 1.426209615 -0.05)
(3.850034729 1.489140024 -0.05)
(4.012432319 1.489140024 -0.05)
(4.179490028 1.489140024 -0.05)
(4.351341581 1.489140024 -0.05)
(4.528124539 1.489140024 -0.05)
(4.709980414 1.489140024 -0.05)
(4.897054777 1.489140024 -0.05)
(5.089497377 1.489140024 -0.05)
(5.287462257 1.489140024 -0.05)
(5.491107885 1.489140024 -0.05)
(5.700597274 1.489140024 -0.05)
(5.916098114 1.489140024 -0.05)
(6.137782909 1.489140024 -0.05)
(6.365829112 1.489140024 -0.05)
(6.600419268 1.489140024 -0.05)
(6.841741161 1.489140024 -0.05)
(7.089987962 1.489140024 -0.05)
(7.345358387 1.489140024 -0.05)
(7.608056854 1.489140024 -0.05)
(7.878293646 1.489140024 -0.05)
(8.156285081 1.489140024 -0.05)
(8.442253685 1.489140024 -0.05)
(8.736428367 1.489140024 -0.05)
(9.039044607 1.489140024 -0.05)
(9.350344642 1.489140024 -0.05)
(9.670577661 1.489140024 -0.05)
(10 1.489140024 -0.05)
(3.850034729 1.555151773 -0.05)
(4.012432319 1.555151773 -0.05)
(4.179490028 1.555151773 -0.05)
(4.351341581 1.555151773 -0.05)
(4.528124539 1.555151773 -0.05)
(4.709980414 1.555151773 -0.05)
(4.897054777 1.555151773 -0.05)
(5.089497377 1.555151773 -0.05)
(5.287462257 1.555151773 -0.05)
(5.491107885 1.555151773 -0.05)
(5.700597274 1.555151773 -0.05)
(5.916098114 1.555151773 -0.05)
(6.137782909 1.555151773 -0.05)
(6.365829112 1.555151773 -0.05)
(6.600419268 1.555151773 -0.05)
(6.841741161 1.555151773 -0.05)
(7.089987962 1.555151773 -0.05)
(7.345358387 1.555151773 -0.05)
(7.608056854 1.555151773 -0.05)
(7.878293646 1.555151773 -0.05)
(8.156285081 1.555151773 -0.05)
(8.442253685 1.555151773 -0.05)
(8.736428367 1.555151773 -0.05)
(9.039044607 1.555151773 -0.05)
(9.350344642 1.555151773 -0.05)
(9.670577661 1.555151773 -0.05)
(10 1.555151773 -0.05)
(3.850034729 1.624395739 -0.05)
(4.012432319 1.624395739 -0.05)
(4.179490028 1.624395739 -0.05)
(4.351341581 1.624395739 -0.05)
(4.528124539 1.624395739 -0.05)
(4.709980414 1.624395739 -0.05)
(4.897054777 1.624395739 -0.05)
(5.089497377 1.624395739 -0.05)
(5.287462257 1.624395739 -0.05)
(5.491107885 1.624395739 -0.05)
(5.700597274 1.624395739 -0.05)
(5.916098114 1.624395739 -0.05)
(6.137782909 1.624395739 -0.05)
(6.365829112 1.624395739 -0.05)
(6.600419268 1.624395739 -0.05)
(6.841741161 1.624395739 -0.05)
(7.089987962 1.624395739 -0.05)
(7.345358387 1.624395739 -0.05)
(7.608056854 1.624395739 -0.05)
(7.878293646 1.624395739 -0.05)
(8.156285081 1.624395739 -0.05)
(8.442253685 1.624395739 -0.05)
(8.736428367 1.624395739 -0.05)
(9.039044607 1.624395739 -0.05)
(9.350344642 1.624395739 -0.05)
(9.670577661 1.624395739 -0.05)
(10 1.624395739 -0.05)
(3.850034729 1.697030183 -0.05)
(4.012432319 1.697030183 -0.05)
(4.179490028 1.697030183 -0.05)
(4.351341581 1.697030183 -0.05)
(4.528124539 1.697030183 -0.05)
(4.709980414 1.697030183 -0.05)
(4.897054777 1.697030183 -0.05)
(5.089497377 1.697030183 -0.05)
(5.287462257 1.697030183 -0.05)
(5.491107885 1.697030183 -0.05)
(5.700597274 1.697030183 -0.05)
(5.916098114 1.697030183 -0.05)
(6.137782909 1.697030183 -0.05)
(6.365829112 1.697030183 -0.05)
(6.600419268 1.697030183 -0.05)
(6.841741161 1.697030183 -0.05)
(7.089987962 1.697030183 -0.05)
(7.345358387 1.697030183 -0.05)
(7.608056854 1.697030183 -0.05)
(7.878293646 1.697030183 -0.05)
(8.156285081 1.697030183 -0.05)
(8.442253685 1.697030183 -0.05)
(8.736428367 1.697030183 -0.05)
(9.039044607 1.697030183 -0.05)
(9.350344642 1.697030183 -0.05)
(9.670577661 1.697030183 -0.05)
(10 1.697030183 -0.05)
(3.850034729 1.77322112 -0.05)
(4.012432319 1.77322112 -0.05)
(4.179490028 1.77322112 -0.05)
(4.351341581 1.77322112 -0.05)
(4.528124539 1.77322112 -0.05)
(4.709980414 1.77322112 -0.05)
(4.897054777 1.77322112 -0.05)
(5.089497377 1.77322112 -0.05)
(5.287462257 1.77322112 -0.05)
(5.491107885 1.77322112 -0.05)
(5.700597274 1.77322112 -0.05)
(5.916098114 1.77322112 -0.05)
(6.137782909 1.77322112 -0.05)
(6.365829112 1.77322112 -0.05)
(6.600419268 1.77322112 -0.05)
(6.841741161 1.77322112 -0.05)
(7.089987962 1.77322112 -0.05)
(7.345358387 1.77322112 -0.05)
(7.608056854 1.77322112 -0.05)
(7.878293646 1.77322112 -0.05)
(8.156285081 1.77322112 -0.05)
(8.442253685 1.77322112 -0.05)
(8.736428367 1.77322112 -0.05)
(9.039044607 1.77322112 -0.05)
(9.350344642 1.77322112 -0.05)
(9.670577661 1.77322112 -0.05)
(10 1.77322112 -0.05)
(3.850034729 1.853142688 -0.05)
(4.012432319 1.853142688 -0.05)
(4.179490028 1.853142688 -0.05)
(4.351341581 1.853142688 -0.05)
(4.528124539 1.853142688 -0.05)
(4.709980414 1.853142688 -0.05)
(4.897054777 1.853142688 -0.05)
(5.089497377 1.853142688 -0.05)
(5.287462257 1.853142688 -0.05)
(5.491107885 1.853142688 -0.05)
(5.700597274 1.853142688 -0.05)
(5.916098114 1.853142688 -0.05)
(6.137782909 1.853142688 -0.05)
(6.365829112 1.853142688 -0.05)
(6.600419268 1.853142688 -0.05)
(6.841741161 1.853142688 -0.05)
(7.089987962 1.853142688 -0.05)
(7.345358387 1.853142688 -0.05)
(7.608056854 1.853142688 -0.05)
(7.878293646 1.853142688 -0.05)
(8.156285081 1.853142688 -0.05)
(8.442253685 1.853142688 -0.05)
(8.736428367 1.853142688 -0.05)
(9.039044607 1.853142688 -0.05)
(9.350344642 1.853142688 -0.05)
(9.670577661 1.853142688 -0.05)
(10 1.853142688 -0.05)
(3.850034729 1.936977557 -0.05)
(4.012432319 1.936977557 -0.05)
(4.179490028 1.936977557 -0.05)
(4.351341581 1.936977557 -0.05)
(4.528124539 1.936977557 -0.05)
(4.709980414 1.936977557 -0.05)
(4.897054777 1.936977557 -0.05)
(5.089497377 1.936977557 -0.05)
(5.287462257 1.936977557 -0.05)
(5.491107885 1.936977557 -0.05)
(5.700597274 1.936977557 -0.05)
(5.916098114 1.936977557 -0.05)
(6.137782909 1.936977557 -0.05)
(6.365829112 1.936977557 -0.05)
(6.600419268 1.936977557 -0.05)
(6.841741161 1.936977557 -0.05)
(7.089987962 1.936977557 -0.05)
(7.345358387 1.936977557 -0.05)
(7.608056854 1.936977557 -0.05)
(7.878293646 1.936977557 -0.05)
(8.156285081 1.936977557 -0.05)
(8.442253685 1.936977557 -0.05)
(8.736428367 1.936977557 -0.05)
(9.039044607 1.936977557 -0.05)
(9.350344642 1.936977557 -0.05)
(9.670577661 1.936977557 -0.05)
(10 1.936977557 -0.05)
(3.850034729 2.024917338 -0.05)
(4.012432319 2.024917338 -0.05)
(4.179490028 2.024917338 -0.05)
(4.351341581 2.024917338 -0.05)
(4.528124539 2.024917338 -0.05)
(4.709980414 2.024917338 -0.05)
(4.897054777 2.024917338 -0.05)
(5.089497377 2.024917338 -0.05)
(5.287462257 2.024917338 -0.05)
(5.491107885 2.024917338 -0.05)
(5.700597274 2.024917338 -0.05)
(5.916098114 2.024917338 -0.05)
(6.137782909 2.024917338 -0.05)
(6.365829112 2.024917338 -0.05)
(6.600419268 2.024917338 -0.05)
(6.841741161 2.024917338 -0.05)
(7.089987962 2.024917338 -0.05)
(7.345358387 2.024917338 -0.05)
(7.608056854 2.024917338 -0.05)
(7.878293646 2.024917338 -0.05)
(8.156285081 2.024917338 -0.05)
(8.442253685 2.024917338 -0.05)
(8.736428367 2.024917338 -0.05)
(9.039044607 2.024917338 -0.05)
(9.350344642 2.024917338 -0.05)
(9.670577661 2.024917338 -0.05)
(10 2.024917338 -0.05)
(3.850034729 2.117163024 -0.05)
(4.012432319 2.117163024 -0.05)
(4.179490028 2.117163024 -0.05)
(4.351341581 2.117163024 -0.05)
(4.528124539 2.117163024 -0.05)
(4.709980414 2.117163024 -0.05)
(4.897054777 2.117163024 -0.05)
(5.089497377 2.117163024 -0.05)
(5.287462257 2.117163024 -0.05)
(5.491107885 2.117163024 -0.05)
(5.700597274 2.117163024 -0.05)
(5.916098114 2.117163024 -0.05)
(6.137782909 2.117163024 -0.05)
(6.365829112 2.117163024 -0.05)
(6.600419268 2.117163024 -0.05)
(6.841741161 2.117163024 -0.05)
(7.089987962 2.117163024 -0.05)
(7.345358387 2.117163024 -0.05)
(7.608056854 2.117163024 -0.05)
(7.878293646 2.117163024 -0.05)
(8.156285081 2.117163024 -0.05)
(8.442253685 2.117163024 -0.05)
(8.736428367 2.117163024 -0.05)
(9.039044607 2.117163024 -0.05)
(9.350344642 2.117163024 -0.05)
(9.670577661 2.117163024 -0.05)
(10 2.117163024 -0.05)
(3.850034729 2.213925452 -0.05)
(4.012432319 2.213925452 -0.05)
(4.179490028 2.213925452 -0.05)
(4.351341581 2.213925452 -0.05)
(4.528124539 2.213925452 -0.05)
(4.709980414 2.213925452 -0.05)
(4.897054777 2.213925452 -0.05)
(5.089497377 2.213925452 -0.05)
(5.287462257 2.213925452 -0.05)
(5.491107885 2.213925452 -0.05)
(5.700597274 2.213925452 -0.05)
(5.916098114 2.213925452 -0.05)
(6.137782909 2.213925452 -0.05)
(6.365829112 2.213925452 -0.05)
(6.600419268 2.213925452 -0.05)
(6.841741161 2.213925452 -0.05)
(7.089987962 2.213925452 -0.05)
(7.345358387 2.213925452 -0.05)
(7.608056854 2.213925452 -0.05)
(7.878293646 2.213925452 -0.05)
(8.156285081 2.213925452 -0.05)
(8.442253685 2.213925452 -0.05)
(8.736428367 2.213925452 -0.05)
(9.039044607 2.213925452 -0.05)
(9.350344642 2.213925452 -0.05)
(9.670577661 2.213925452 -0.05)
(10 2.213925452 -0.05)
(3.850034729 2.31542578 -0.05)
(4.012432319 2.31542578 -0.05)
(4.179490028 2.31542578 -0.05)
(4.351341581 2.31542578 -0.05)
(4.528124539 2.31542578 -0.05)
(4.709980414 2.31542578 -0.05)
(4.897054777 2.31542578 -0.05)
(5.089497377 2.31542578 -0.05)
(5.287462257 2.31542578 -0.05)
(5.491107885 2.31542578 -0.05)
(5.700597274 2.31542578 -0.05)
(5.916098114 2.31542578 -0.05)
(6.137782909 2.31542578 -0.05)
(6.365829112 2.31542578 -0.05)
(6.600419268 2.31542578 -0.05)
(6.841741161 2.31542578 -0.05)
(7.089987962 2.31542578 -0.05)
(7.345358387 2.31542578 -0.05)
(7.608056854 2.31542578 -0.05)
(7.878293646 2.31542578 -0.05)
(8.156285081 2.31542578 -0.05)
(8.442253685 2.31542578 -0.05)
(8.736428367 2.31542578 -0.05)
(9.039044607 2.31542578 -0.05)
(9.350344642 2.31542578 -0.05)
(9.670577661 2.31542578 -0.05)
(10 2.31542578 -0.05)
(3.850034729 2.421895997 -0.05)
(4.012432319 2.421895997 -0.05)
(4.179490028 2.421895997 -0.05)
(4.351341581 2.421895997 -0.05)
(4.528124539 2.421895997 -0.05)
(4.709980414 2.421895997 -0.05)
(4.897054777 2.421895997 -0.05)
(5.089497377 2.421895997 -0.05)
(5.287462257 2.421895997 -0.05)
(5.491107885 2.421895997 -0.05)
(5.700597274 2.421895997 -0.05)
(5.916098114 2.421895997 -0.05)
(6.137782909 2.421895997 -0.05)
(6.365829112 2.421895997 -0.05)
(6.600419268 2.421895997 -0.05)
(6.841741161 2.421895997 -0.05)
(7.089987962 2.421895997 -0.05)
(7.345358387 2.421895997 -0.05)
(7.608056854 2.421895997 -0.05)
(7.878293646 2.421895997 -0.05)
(8.156285081 2.421895997 -0.05)
(8.442253685 2.421895997 -0.05)
(8.736428367 2.421895997 -0.05)
(9.039044607 2.421895997 -0.05)
(9.350344642 2.421895997 -0.05)
(9.670577661 2.421895997 -0.05)
(10 2.421895997 -0.05)
(3.850034729 2.533579447 -0.05)
(4.012432319 2.533579447 -0.05)
(4.179490028 2.533579447 -0.05)
(4.351341581 2.533579447 -0.05)
(4.528124539 2.533579447 -0.05)
(4.709980414 2.533579447 -0.05)
(4.897054777 2.533579447 -0.05)
(5.089497377 2.533579447 -0.05)
(5.287462257 2.533579447 -0.05)
(5.491107885 2.533579447 -0.05)
(5.700597274 2.533579447 -0.05)
(5.916098114 2.533579447 -0.05)
(6.137782909 2.533579447 -0.05)
(6.365829112 2.533579447 -0.05)
(6.600419268 2.533579447 -0.05)
(6.841741161 2.533579447 -0.05)
(7.089987962 2.533579447 -0.05)
(7.345358387 2.533579447 -0.05)
(7.608056854 2.533579447 -0.05)
(7.878293646 2.533579447 -0.05)
(8.156285081 2.533579447 -0.05)
(8.442253685 2.533579447 -0.05)
(8.736428367 2.533579447 -0.05)
(9.039044607 2.533579447 -0.05)
(9.350344642 2.533579447 -0.05)
(9.670577661 2.533579447 -0.05)
(10 2.533579447 -0.05)
(3.850034729 2.650731395 -0.05)
(4.012432319 2.650731395 -0.05)
(4.179490028 2.650731395 -0.05)
(4.351341581 2.650731395 -0.05)
(4.528124539 2.650731395 -0.05)
(4.709980414 2.650731395 -0.05)
(4.897054777 2.650731395 -0.05)
(5.089497377 2.650731395 -0.05)
(5.287462257 2.650731395 -0.05)
(5.491107885 2.650731395 -0.05)
(5.700597274 2.650731395 -0.05)
(5.916098114 2.650731395 -0.05)
(6.137782909 2.650731395 -0.05)
(6.365829112 2.650731395 -0.05)
(6.600419268 2.650731395 -0.05)
(6.841741161 2.650731395 -0.05)
(7.089987962 2.650731395 -0.05)
(7.345358387 2.650731395 -0.05)
(7.608056854 2.650731395 -0.05)
(7.878293646 2.650731395 -0.05)
(8.156285081 2.650731395 -0.05)
(8.442253685 2.650731395 -0.05)
(8.736428367 2.650731395 -0.05)
(9.039044607 2.650731395 -0.05)
(9.350344642 2.650731395 -0.05)
(9.670577661 2.650731395 -0.05)
(10 2.650731395 -0.05)
(3.850034729 2.773619601 -0.05)
(4.012432319 2.773619601 -0.05)
(4.179490028 2.773619601 -0.05)
(4.351341581 2.773619601 -0.05)
(4.528124539 2.773619601 -0.05)
(4.709980414 2.773619601 -0.05)
(4.897054777 2.773619601 -0.05)
(5.089497377 2.773619601 -0.05)
(5.287462257 2.773619601 -0.05)
(5.491107885 2.773619601 -0.05)
(5.700597274 2.773619601 -0.05)
(5.916098114 2.773619601 -0.05)
(6.137782909 2.773619601 -0.05)
(6.365829112 2.773619601 -0.05)
(6.600419268 2.773619601 -0.05)
(6.841741161 2.773619601 -0.05)
(7.089987962 2.773619601 -0.05)
(7.345358387 2.773619601 -0.05)
(7.608056854 2.773619601 -0.05)
(7.878293646 2.773619601 -0.05)
(8.156285081 2.773619601 -0.05)
(8.442253685 2.773619601 -0.05)
(8.736428367 2.773619601 -0.05)
(9.039044607 2.773619601 -0.05)
(9.350344642 2.773619601 -0.05)
(9.670577661 2.773619601 -0.05)
(10 2.773619601 -0.05)
(3.850034729 2.902524937 -0.05)
(4.012432319 2.902524937 -0.05)
(4.179490028 2.902524937 -0.05)
(4.351341581 2.902524937 -0.05)
(4.528124539 2.902524937 -0.05)
(4.709980414 2.902524937 -0.05)
(4.897054777 2.902524937 -0.05)
(5.089497377 2.902524937 -0.05)
(5.287462257 2.902524937 -0.05)
(5.491107885 2.902524937 -0.05)
(5.700597274 2.902524937 -0.05)
(5.916098114 2.902524937 -0.05)
(6.137782909 2.902524937 -0.05)
(6.365829112 2.902524937 -0.05)
(6.600419268 2.902524937 -0.05)
(6.841741161 2.902524937 -0.05)
(7.089987962 2.902524937 -0.05)
(7.345358387 2.902524937 -0.05)
(7.608056854 2.902524937 -0.05)
(7.878293646 2.902524937 -0.05)
(8.156285081 2.902524937 -0.05)
(8.442253685 2.902524937 -0.05)
(8.736428367 2.902524937 -0.05)
(9.039044607 2.902524937 -0.05)
(9.350344642 2.902524937 -0.05)
(9.670577661 2.902524937 -0.05)
(10 2.902524937 -0.05)
(3.850034729 3.037742026 -0.05)
(4.012432319 3.037742026 -0.05)
(4.179490028 3.037742026 -0.05)
(4.351341581 3.037742026 -0.05)
(4.528124539 3.037742026 -0.05)
(4.709980414 3.037742026 -0.05)
(4.897054777 3.037742026 -0.05)
(5.089497377 3.037742026 -0.05)
(5.287462257 3.037742026 -0.05)
(5.491107885 3.037742026 -0.05)
(5.700597274 3.037742026 -0.05)
(5.916098114 3.037742026 -0.05)
(6.137782909 3.037742026 -0.05)
(6.365829112 3.037742026 -0.05)
(6.600419268 3.037742026 -0.05)
(6.841741161 3.037742026 -0.05)
(7.089987962 3.037742026 -0.05)
(7.345358387 3.037742026 -0.05)
(7.608056854 3.037742026 -0.05)
(7.878293646 3.037742026 -0.05)
(8.156285081 3.037742026 -0.05)
(8.442253685 3.037742026 -0.05)
(8.736428367 3.037742026 -0.05)
(9.039044607 3.037742026 -0.05)
(9.350344642 3.037742026 -0.05)
(9.670577661 3.037742026 -0.05)
(10 3.037742026 -0.05)
(3.850034729 3.179579919 -0.05)
(4.012432319 3.179579919 -0.05)
(4.179490028 3.179579919 -0.05)
(4.351341581 3.179579919 -0.05)
(4.528124539 3.179579919 -0.05)
(4.709980414 3.179579919 -0.05)
(4.897054777 3.179579919 -0.05)
(5.089497377 3.179579919 -0.05)
(5.287462257 3.179579919 -0.05)
(5.491107885 3.179579919 -0.05)
(5.700597274 3.179579919 -0.05)
(5.916098114 3.179579919 -0.05)
(6.137782909 3.179579919 -0.05)
(6.365829112 3.179579919 -0.05)
(6.600419268 3.179579919 -0.05)
(6.841741161 3.179579919 -0.05)
(7.089987962 3.179579919 -0.05)
(7.345358387 3.179579919 -0.05)
(7.608056854 3.179579919 -0.05)
(7.878293646 3.179579919 -0.05)
(8.156285081 3.179579919 -0.05)
(8.442253685 3.179579919 -0.05)
(8.736428367 3.179579919 -0.05)
(9.039044607 3.179579919 -0.05)
(9.350344642 3.179579919 -0.05)
(9.670577661 3.179579919 -0.05)
(10 3.179579919 -0.05)
(4.012432319 3.328362799 -0.05)
(4.179490028 3.328362799 -0.05)
(4.351341581 3.328362799 -0.05)
(4.528124539 3.328362799 -0.05)
(4.709980414 3.328362799 -0.05)
(4.897054777 3.328362799 -0.05)
(5.089497377 3.328362799 -0.05)
(5.287462257 3.328362799 -0.05)
(5.491107885 3.328362799 -0.05)
(5.700597274 3.328362799 -0.05)
(5.916098114 3.328362799 -0.05)
(6.137782909 3.328362799 -0.05)
(6.365829112 3.328362799 -0.05)
(6.600419268 3.328362799 -0.05)
(6.841741161 3.328362799 -0.05)
(7.089987962 3.328362799 -0.05)
(7.345358387 3.328362799 -0.05)
(7.608056854 3.328362799 -0.05)
(7.878293646 3.328362799 -0.05)
(8.156285081 3.328362799 -0.05)
(8.442253685 3.328362799 -0.05)
(8.736428367 3.328362799 -0.05)
(9.039044607 3.328362799 -0.05)
(9.350344642 3.328362799 -0.05)
(9.670577661 3.328362799 -0.05)
(10 3.328362799 -0.05)
(4.012432319 3.484430722 -0.05)
(4.179490028 3.484430722 -0.05)
(4.351341581 3.484430722 -0.05)
(4.528124539 3.484430722 -0.05)
(4.709980414 3.484430722 -0.05)
(4.897054777 3.484430722 -0.05)
(5.089497377 3.484430722 -0.05)
(5.287462257 3.484430722 -0.05)
(5.491107885 3.484430722 -0.05)
(5.700597274 3.484430722 -0.05)
(5.916098114 3.484430722 -0.05)
(6.137782909 3.484430722 -0.05)
(6.365829112 3.484430722 -0.05)
(6.600419268 3.484430722 -0.05)
(6.841741161 3.484430722 -0.05)
(7.089987962 3.484430722 -0.05)
(7.345358387 3.484430722 -0.05)
(7.608056854 3.484430722 -0.05)
(7.878293646 3.484430722 -0.05)
(8.156285081 3.484430722 -0.05)
(8.442253685 3.484430722 -0.05)
(8.736428367 3.484430722 -0.05)
(9.039044607 3.484430722 -0.05)
(9.350344642 3.484430722 -0.05)
(9.670577661 3.484430722 -0.05)
(10 3.484430722 -0.05)
(4.012432319 3.648140395 -0.05)
(4.179490028 3.648140395 -0.05)
(4.351341581 3.648140395 -0.05)
(4.528124539 3.648140395 -0.05)
(4.709980414 3.648140395 -0.05)
(4.897054777 3.648140395 -0.05)
(5.089497377 3.648140395 -0.05)
(5.287462257 3.648140395 -0.05)
(5.491107885 3.648140395 -0.05)
(5.700597274 3.648140395 -0.05)
(5.916098114 3.648140395 -0.05)
(6.137782909 3.648140395 -0.05)
(6.365829112 3.648140395 -0.05)
(6.600419268 3.648140395 -0.05)
(6.841741161 3.648140395 -0.05)
(7.089987962 3.648140395 -0.05)
(7.345358387 3.648140395 -0.05)
(7.608056854 3.648140395 -0.05)
(7.878293646 3.648140395 -0.05)
(8.156285081 3.648140395 -0.05)
(8.442253685 3.648140395 -0.05)
(8.736428367 3.648140395 -0.05)
(9.039044607 3.648140395 -0.05)
(9.350344642 3.648140395 -0.05)
(9.670577661 3.648140395 -0.05)
(10 3.648140395 -0.05)
(4.012432319 3.819865989 -0.05)
(4.179490028 3.819865989 -0.05)
(4.351341581 3.819865989 -0.05)
(4.528124539 3.819865989 -0.05)
(4.709980414 3.819865989 -0.05)
(4.897054777 3.819865989 -0.05)
(5.089497377 3.819865989 -0.05)
(5.287462257 3.819865989 -0.05)
(5.491107885 3.819865989 -0.05)
(5.700597274 3.819865989 -0.05)
(5.916098114 3.819865989 -0.05)
(6.137782909 3.819865989 -0.05)
(6.365829112 3.819865989 -0.05)
(6.600419268 3.819865989 -0.05)
(6.841741161 3.819865989 -0.05)
(7.089987962 3.819865989 -0.05)
(7.345358387 3.819865989 -0.05)
(7.608056854 3.819865989 -0.05)
(7.878293646 3.819865989 -0.05)
(8.156285081 3.819865989 -0.05)
(8.442253685 3.819865989 -0.05)
(8.736428367 3.819865989 -0.05)
(9.039044607 3.819865989 -0.05)
(9.350344642 3.819865989 -0.05)
(9.670577661 3.819865989 -0.05)
(10 3.819865989 -0.05)
(4.012432319 4 -0.05)
(4.179490028 4 -0.05)
(4.351341581 4 -0.05)
(4.528124539 4 -0.05)
(4.709980414 4 -0.05)
(4.897054777 4 -0.05)
(5.089497377 4 -0.05)
(5.287462257 4 -0.05)
(5.491107885 4 -0.05)
(5.700597274 4 -0.05)
(5.916098114 4 -0.05)
(6.137782909 4 -0.05)
(6.365829112 4 -0.05)
(6.600419268 4 -0.05)
(6.841741161 4 -0.05)
(7.089987962 4 -0.05)
(7.345358387 4 -0.05)
(7.608056854 4 -0.05)
(7.878293646 4 -0.05)
(8.156285081 4 -0.05)
(8.442253685 4 -0.05)
(8.736428367 4 -0.05)
(9.039044607 4 -0.05)
(9.350344642 4 -0.05)
(9.670577661 4 -0.05)
(10 4 -0.05)
(6.600419268 1.25450136 0.05)
(6.841741161 1.25450136 0.05)
(7.089987962 1.25450136 0.05)
(7.345358387 1.25450136 0.05)
(7.608056854 1.25450136 0.05)
(7.878293646 1.25450136 0.05)
(8.156285081 1.25450136 0.05)
(8.442253685 1.25450136 0.05)
(8.736428367 1.25450136 0.05)
(9.039044607 1.25450136 0.05)
(9.350344642 1.25450136 0.05)
(9.670577661 1.25450136 0.05)
(10 1.25450136 0.05)
(3.850034729 1.309024202 0.05)
(4.012432319 1.309024202 0.05)
(4.179490028 1.309024202 0.05)
(4.351341581 1.309024202 0.05)
(4.528124539 1.309024202 0.05)
(4.709980414 1.309024202 0.05)
(4.897054777 1.309024202 0.05)
(5.089497377 1.309024202 0.05)
(5.287462257 1.309024202 0.05)
(5.491107885 1.309024202 0.05)
(5.700597274 1.309024202 0.05)
(5.916098114 1.309024202 0.05)
(6.137782909 1.309024202 0.05)
(6.365829112 1.309024202 0.05)
(6.600419268 1.309024202 0.05)
(6.841741161 1.309024202 0.05)
(7.089987962 1.309024202 0.05)
(7.345358387 1.309024202 0.05)
(7.608056854 1.309024202 0.05)
(7.878293646 1.309024202 0.05)
(8.156285081 1.309024202 0.05)
(8.442253685 1.309024202 0.05)
(8.736428367 1.309024202 0.05)
(9.039044607 1.309024202 0.05)
(9.350344642 1.309024202 0.05)
(9.670577661 1.309024202 0.05)
(10 1.309024202 0.05)
(3.850034729 1.366216714 0.05)
(4.012432319 1.366216714 0.05)
(4.179490028 1.366216714 0.05)
(4.351341581 1.366216714 0.05)
(4.528124539 1.366216714 0.05)
(4.709980414 1.366216714 0.05)
(4.897054777 1.366216714 0.05)
(5.089497377 1.366216714 0.05)
(5.287462257 1.366216714 0.05)
(5.491107885 1.366216714 0.05)
(5.700597274 1.366216714 0.05)
(5.916098114 1.366216714 0.05)
(6.137782909 1.366216714 0.05)
(6.365829112 1.366216714 0.05)
(6.600419268 1.366216714 0.05)
(6.841741161 1.366216714 0.05)
(7.089987962 1.366216714 0.05)
(7.345358387 1.366216714 0.05)
(7.608056854 1.366216714 0.05)
(7.878293646 1.366216714 0.05)
(8.156285081 1.366216714 0.05)
(8.442253685 1.366216714 0.05)
(8.736428367 1.366216714 0.05)
(9.039044607 1.366216714 0.05)
(9.350344642 1.366216714 0.05)
(9.670577661 1.366216714 0.05)
(10 1.366216714 0.05)
(3.850034729 1.426209615 0.05)
(4.012432319 1.426209615 0.05)
(4.179490028 1.426209615 0.05)
(4.351341581 1.426209615 0.05)
(4.528124539 1.426209615 0.05)
(4.709980414 1.426209615 0.05)
(4.897054777 1.426209615 0.05)
(5.089497377 1.426209615 0.05)
(5.287462257 1.426209615 0.05)
(5.491107885 1.426209615 0.05)
(5.700597274 1.426209615 0.05)
(5.916098114 1.426209615 0.05)
(6.137782909 1.426209615 0.05)
(6.365829112 1.426209615 0.05)
(6.600419268 1.426209615 0.05)
(6.841741161 1.426209615 0.05)
(7.089987962 1.426209615 0.05)
(7.345358387 1.426209615 0.05)
(7.608056854 1.426209615 0.05)
(7.878293646 1.426209615 0.05)
(8.156285081 1.426209615 0.05)
(8.442253685 1.426209615 0.05)
(8.736428367 1.426209615 0.05)
(9.039044607 1.426209615 0.05)
(9.350344642 1.426209615 0.05)
(9.670577661 1.426209615 0.05)
(10 1.426209615 0.05)
(3.850034729 1.489140024 0.05)
(4.012432319 1.489140024 0.05)
(4.179490028 1.489140024 0.05)
(4.351341581 1.489140024 0.05)
(4.528124539 1.489140024 0.05)
(4.709980414 1.489140024 0.05)
(4.897054777 1.489140024 0.05)
(5.089497377 1.489140024 0.05)
(5.287462257 1.489140024 0.05)
(5.491107885 1.489140024 0.05)
(5.700597274 1.489140024 0.05)
(5.916098114 1.489140024 0.05)
(6.137782909 1.489140024 0.05)
(6.365829112 1.489140024 0.05)
(6.600419268 1.489140024 0.05)
(6.841741161 1.489140024 0.05)
(7.089987962 1.489140024 0.05)
(7.345358387 1.489140024 0.05)
(7.608056854 1.489140024 0.05)
(7.878293646 1.489140024 0.05)
(8.156285081 1.489140024 0.05)
(8.442253685 1.489140024 0.05)
(8.736428367 1.489140024 0.05)
(9.039044607 1.489140024 0.05)
(9.350344642 1.489140024 0.05)
(9.670577661 1.489140024 0.05)
(10 1.489140024 0.05)
(3.850034729 1.555151773 0.05)
(4.012432319 1.555151773 0.05)
(4.179490028 1.555151773 0.05)
(4.351341581 1.555151773 0.05)
(4.528124539 1.555151773 0.05)
(4.709980414 1.555151773 0.05)
(4.897054777 1.555151773 0.05)
(5.089497377 1.555151773 0.05)
(5.287462257 1.555151773 0.05)
(5.491107885 1.555151773 0.05)
(5.700597274 1.555151773 0.05)
(5.916098114 1.555151773 0.05)
(6.137782909 1.555151773 0.05)
(6.365829112 1.555151773 0.05)
(6.600419268 1.555151773 0.05)
(6.841741161 1.555151773 0.05)
(7.089987962 1.555151773 0.05)
(7.345358387 1.555151773 0.05)
(7.608056854 1.555151773 0.05)
(7.878293646 1.555151773 0.05)
(8.156285081 1.555151773 0.05)
(8.442253685 1.555151773 0.05)
(8.736428367 1.555151773 0.05)
(9.039044607 1.555151773 0.05)
(9.350344642 1.555151773 0.05)
(9.670577661 1.555151773 0.05)
(10 1.555151773 0.05)
(3.850034729 1.624395739 0.05)
(4.012432319 1.624395739 0.05)
(4.179490028 1.624395739 0.05)
(4.351341581 1.624395739 0.05)
(4.528124539 1.624395739 0.05)
(4.709980414 1.624395739 0.05)
(4.897054777 1.624395739 0.05)
(5.089497377 1.624395739 0.05)
(5.287462257 1.624395739 0.05)
(5.491107885 1.624395739 0.05)
(5.700597274 1.624395739 0.05)
(5.916098114 1.624395739 0.05)
(6.137782909 1.624395739 0.05)
(6.365829112 1.624395739 0.05)
(6.600419268 1.624395739 0.05)
(6.841741161 1.624395739 0.05)
(7.089987962 1.624395739 0.05)
(7.345358387 1.624395739 0.05)
(7.608056854 1.624395739 0.05)
(7.878293646 1.624395739 0.05)
(8.156285081 1.624395739 0.05)
(8.442253685 1.624395739 0.05)
(8.736428367 1.624395739 0.05)
(9.039044607 1.624395739 0.05)
(9.350344642 1.624395739 0.05)
(9.670577661 1.624395739 0.05)
(10 1.624395739 0.05)
(3.850034729 1.697030183 0.05)
(4.012432319 1.697030183 0.05)
(4.179490028 1.697030183 0.05)
(4.351341581 1.697030183 0.05)
(4.528124539 1.697030183 0.05)
(4.709980414 1.697030183 0.05)
(4.897054777 1.697030183 0.05)
(5.089497377 1.697030183 0.05)
(5.287462257 1.697030183 0.05)
(5.491107885 1.697030183 0.05)
(5.700597274 1.697030183 0.05)
(5.916098114 1.697030183 0.05)
(6.137782909 1.697030183 0.05)
(6.365829112 1.697030183 0.05)
(6.600419268 1.697030183 0.05)
(6.841741161 1.697030183 0.05)
(7.089987962 1.697030183 0.05)
(7.345358387 1.697030183 0.05)
(7.608056854 1.697030183 0.05)
(7.878293646 1.697030183 0.05)
(8.156285081 1.697030183 0.05)
(8.442253685 1.697030183 0.05)
(8.736428367 1.697030183 0.05)
(9.039044607 1.697030183 0.05)
(9.350344642 1.697030183 0.05)
(9.670577661 1.697030183 0.05)
(10 1.697030183 0.05)
(3.850034729 1.77322112 0.05)
(4.012432319 1.77322112 0.05)
(4.179490028 1.77322112 0.05)
(4.351341581 1.77322112 0.05)
(4.528124539 1.77322112 0.05)
(4.709980414 1.77322112 0.05)
(4.897054777 1.77322112 0.05)
(5.089497377 1.77322112 0.05)
(5.287462257 1.77322112 0.05)
(5.491107885 1.77322112 0.05)
(5.700597274 1.77322112 0.05)
(5.916098114 1.77322112 0.05)
(6.137782909 1.77322112 0.05)
(6.365829112 1.77322112 0.05)
(6.600419268 1.77322112 0.05)
(6.841741161 1.77322112 0.05)
(7.089987962 1.77322112 0.05)
(7.345358387 1.77322112 0.05)
(7.608056854 1.77322112 0.05)
(7.878293646 1.77322112 0.05)
(8.156285081 1.77322112 0.05)
(8.442253685 1.77322112 0.05)
(8.736428367 1.77322112 0.05)
(9.039044607 1.77322112 0.05)
(9.350344642 1.77322112 0.05)
(9.670577661 1.77322112 0.05)
(10 1.77322112 0.05)
(3.850034729 1.853142688 0.05)
(4.012432319 1.853142688 0.05)
(4.179490028 1.853142688 0.05)
(4.351341581 1.853142688 0.05)
(4.528124539 1.853142688 0.05)
(4.709980414 1.853142688 0.05)
(4.897054777 1.853142688 0.05)
(5.089497377 1.853142688 0.05)
(5.287462257 1.853142688 0.05)
(5.491107885 1.853142688 0.05)
(5.700597274 1.853142688 0.05)
(5.916098114 1.853142688 0.05)
(6.137782909 1.853142688 0.05)
(6.365829112 1.853142688 0.05)
(6.600419268 1.853142688 0.05)
(6.841741161 1.853142688 0.05)
(7.089987962 1.853142688 0.05)
(7.345358387 1.853142688 0.05)
(7.608056854 1.853142688 0.05)
(7.878293646 1.853142688 0.05)
(8.156285081 1.853142688 0.05)
(8.442253685 1.853142688 0.05)
(8.736428367 1.853142688 0.05)
(9.039044607 1.853142688 0.05)
(9.350344642 1.853142688 0.05)
(9.670577661 1.853142688 0.05)
(10 1.853142688 0.05)
(3.850034729 1.936977557 0.05)
(4.012432319 1.936977557 0.05)
(4.179490028 1.936977557 0.05)
(4.351341581 1.936977557 0.05)
(4.528124539 1.936977557 0.05)
(4.709980414 1.936977557 0.05)
(4.897054777 1.936977557 0.05)
(5.089497377 1.936977557 0.05)
(5.287462257 1.936977557 0.05)
(5.491107885 1.936977557 0.05)
(5.700597274 1.936977557 0.05)
(5.916098114 1.936977557 0.05)
(6.137782909 1.936977557 0.05)
(6.365829112 1.936977557 0.05)
(6.600419268 1.936977557 0.05)
(6.841741161 1.936977557 0.05)
(7.089987962 1.936977557 0.05)
(7.345358387 1.936977557 0.05)
(7.608056854 1.936977557 0.05)
(7.878293646 1.936977557 0.05)
(8.156285081 1.936977557 0.05)
(8.442253685 1.936977557 0.05)
(8.736428367 1.936977557 0.05)
(9.039044607 1.936977557 0.05)
(9.350344642 1.936977557 0.05)
(9.670577661 1.936977557 0.05)
(10 1.936977557 0.05)
(3.850034729 2.024917338 0.05)
(4.012432319 2.024917338 0.05)
(4.179490028 2.024917338 0.05)
(4.351341581 2.024917338 0.05)
(4.528124539 2.024917338 0.05)
(4.709980414 2.024917338 0.05)
(4.897054777 2.024917338 0.05)
(5.089497377 2.024917338 0.05)
(5.287462257 2.024917338 0.05)
(5.491107885 2.024917338 0.05)
(5.700597274 2.024917338 0.05)
(5.916098114 2.024917338 0.05)
(6.137782909 2.024917338 0.05)
(6.365829112 2.024917338 0.05)
(6.600419268 2.024917338 0.05)
(6.841741161 2.024917338 0.05)
(7.089987962 2.024917338 0.05)
(7.345358387 2.024917338 0.05)
(7.608056854 2.024917338 0.05)
(7.878293646 2.024917338 0.05)
(8.156285081 2.024917338 0.05)
(8.442253685 2.024917338 0.05)
(8.736428367 2.024917338 0.05)
(9.039044607 2.024917338 0.05)
(9.350344642 2.024917338 0.05)
(9.670577661 2.024917338 0.05)
(10 2.024917338 0.05)
(3.850034729 2.117163024 0.05)
(4.012432319 2.117163024 0.05)
(4.179490028 2.117163024 0.05)
(4.351341581 2.117163024 0.05)
(4.528124539 2.117163024 0.05)
(4.709980414 2.117163024 0.05)
(4.897054777 2.117163024 0.05)
(5.089497377 2.117163024 0.05)
(5.287462257 2.117163024 0.05)
(5.491107885 2.117163024 0.05)
(5.700597274 2.117163024 0.05)
(5.916098114 2.117163024 0.05)
(6.137782909 2.117163024 0.05)
(6.365829112 2.117163024 0.05)
(6.600419268 2.117163024 0.05)
(6.841741161 2.117163024 0.05)
(7.089987962 2.117163024 0.05)
(7.345358387 2.117163024 0.05)
(7.608056854 2.117163024 0.05)
(7.878293646 2.117163024 0.05)
(8.156285081 2.117163024 0.05)
(8.442253685 2.117163024 0.05)
(8.736428367 2.117163024 0.05)
(9.039044607 2.117163024 0.05)
(9.350344642 2.117163024 0.05)
(9.670577661 2.117163024 0.05)
(10 2.117163024 0.05)
(3.850034729 2.213925452 0.05)
(4.012432319 2.213925452 0.05)
(4.179490028 2.213925452 0.05)
(4.351341581 2.213925452 0.05)
(4.528124539 2.213925452 0.05)
(4.709980414 2.213925452 0.05)
(4.897054777 2.213925452 0.05)
(5.089497377 2.213925452 0.05)
(5.287462257 2.213925452 0.05)
(5.491107885 2.213925452 0.05)
(5.700597274 2.213925452 0.05)
(5.916098114 2.213925452 0.05)
(6.137782909 2.213925452 0.05)
(6.365829112 2.213925452 0.05)
(6.600419268 2.213925452 0.05)
(6.841741161 2.213925452 0.05)
(7.089987962 2.213925452 0.05)
(7.345358387 2.213925452 0.05)
(7.608056854 2.213925452 0.05)
(7.878293646 2.213925452 0.05)
(8.156285081 2.213925452 0.05)
(8.442253685 2.213925452 0.05)
(8.736428367 2.213925452 0.05)
(9.039044607 2.213925452 0.05)
(9.350344642 2.213925452 0.05)
(9.670577661 2.213925452 0.05)
(10 2.213925452 0.05)
(3.850034729 2.31542578 0.05)
(4.012432319 2.31542578 0.05)
(4.179490028 2.31542578 0.05)
(4.351341581 2.31542578 0.05)
(4.528124539 2.31542578 0.05)
(4.709980414 2.31542578 0.05)
(4.897054777 2.31542578 0.05)
(5.089497377 2.31542578 0.05)
(5.287462257 2.31542578 0.05)
(5.491107885 2.31542578 0.05)
(5.700597274 2.31542578 0.05)
(5.916098114 2.31542578 0.05)
(6.137782909 2.31542578 0.05)
(6.365829112 2.31542578 0.05)
(6.600419268 2.31542578 0.05)
(6.841741161 2.31542578 0.05)
(7.089987962 2.31542578 0.05)
(7.345358387 2.31542578 0.05)
(7.608056854 2.31542578 0.05)
(7.878293646 2.31542578 0.05)
(8.156285081 2.31542578 0.05)
(8.442253685 2.31542578 0.05)
(8.736428367 2.31542578 0.05)
(9.039044607 2.31542578 0.05)
(9.350344642 2.31542578 0.05)
(9.670577661 2.31542578 0.05)
(10 2.31542578 0.05)
(3.850034729 2.421895997 0.05)
(4.012432319 2.421895997 0.05)
(4.179490028 2.421895997 0.05)
(4.351341581 2.421895997 0.05)
(4.528124539 2.421895997 0.05)
(4.709980414 2.421895997 0.05)
(4.897054777 2.421895997 0.05)
(5.089497377 2.421895997 0.05)
(5.287462257 2.421895997 0.05)
(5.491107885 2.421895997 0.05)
(5.700597274 2.421895997 0.05)
(5.916098114 2.421895997 0.05)
(6.137782909 2.421895997 0.05)
(6.365829112 2.421895997 0.05)
(6.600419268 2.421895997 0.05)
(6.841741161 2.421895997 0.05)
(7.089987962 2.421895997 0.05)
(7.345358387 2.421895997 0.05)
(7.608056854 2.421895997 0.05)
(7.878293646 2.421895997 0.05)
(8.156285081 2.421895997 0.05)
(8.442253685 2.421895997 0.05)
(8.736428367 2.421895997 0.05)
(9.039044607 2.421895997 0.05)
(9.350344642 2.421895997 0.05)
(9.670577661 2.421895997 0.05)
(10 2.421895997 0.05)
(3.850034729 2.533579447 0.05)
(4.012432319 2.533579447 0.05)
(4.179490028 2.533579447 0.05)
(4.351341581 2.533579447 0.05)
(4.528124539 2.533579447 0.05)
(4.709980414 2.533579447 0.05)
(4.897054777 2.533579447 0.05)
(5.089497377 2.533579447 0.05)
(5.287462257 2.533579447 0.05)
(5.491107885 2.533579447 0.05)
(5.700597274 2.533579447 0.05)
(5.916098114 2.533579447 0.05)
(6.137782909 2.533579447 0.05)
(6.365829112 2.533579447 0.05)
(6.600419268 2.533579447 0.05)
(6.841741161 2.533579447 0.05)
(7.089987962 2.533579447 0.05)
(7.345358387 2.533579447 0.05)
(7.608056854 2.533579447 0.05)
(7.878293646 2.533579447 0.05)
(8.156285081 2.533579447 0.05)
(8.442253685 2.533579447 0.05)
(8.736428367 2.533579447 0.05)
(9.039044607 2.533579447 0.05)
(9.350344642 2.533579447 0.05)
(9.670577661 2.533579447 0.05)
(10 2.533579447 0.05)
(3.850034729 2.650731395 0.05)
(4.012432319 2.650731395 0.05)
(4.179490028 2.650731395 0.05)
(4.351341581 2.650731395 0.05)
(4.528124539 2.650731395 0.05)
(4.709980414 2.650731395 0.05)
(4.897054777 2.650731395 0.05)
(5.089497377 2.650731395 0.05)
(5.287462257 2.650731395 0.05)
(5.491107885 2.650731395 0.05)
(5.700597274 2.650731395 0.05)
(5.916098114 2.650731395 0.05)
(6.137782909 2.650731395 0.05)
(6.365829112 2.650731395 0.05)
(6.600419268 2.650731395 0.05)
(6.841741161 2.650731395 0.05)
(7.089987962 2.650731395 0.05)
(7.345358387 2.650731395 0.05)
(7.608056854 2.650731395 0.05)
(7.878293646 2.650731395 0.05)
(8.156285081 2.650731395 0.05)
(8.442253685 2.650731395 0.05)
(8.736428367 2.650731395 0.05)
(9.039044607 2.650731395 0.05)
(9.350344642 2.650731395 0.05)
(9.670577661 2.650731395 0.05)
(10 2.650731395 0.05)
(3.850034729 2.773619601 0.05)
(4.012432319 2.773619601 0.05)
(4.179490028 2.773619601 0.05)
(4.351341581 2.773619601 0.05)
(4.528124539 2.773619601 0.05)
(4.709980414 2.773619601 0.05)
(4.897054777 2.773619601 0.05)
(5.089497377 2.773619601 0.05)
(5.287462257 2.773619601 0.05)
(5.491107885 2.773619601 0.05)
(5.700597274 2.773619601 0.05)
(5.916098114 2.773619601 0.05)
(6.137782909 2.773619601 0.05)
(6.365829112 2.773619601 0.05)
(6.600419268 2.773619601 0.05)
(6.841741161 2.773619601 0.05)
(7.089987962 2.773619601 0.05)
(7.345358387 2.773619601 0.05)
(7.608056854 2.773619601 0.05)
(7.878293646 2.773619601 0.05)
(8.156285081 2.773619601 0.05)
(8.442253685 2.773619601 0.05)
(8.736428367 2.773619601 0.05)
(9.039044607 2.773619601 0.05)
(9.350344642 2.773619601 0.05)
(9.670577661 2.773619601 0.05)
(10 2.773619601 0.05)
(3.850034729 2.902524937 0.05)
(4.012432319 2.902524937 0.05)
(4.179490028 2.902524937 0.05)
(4.351341581 2.902524937 0.05)
(4.528124539 2.902524937 0.05)
(4.709980414 2.902524937 0.05)
(4.897054777 2.902524937 0.05)
(5.089497377 2.902524937 0.05)
(5.287462257 2.902524937 0.05)
(5.491107885 2.902524937 0.05)
(5.700597274 2.902524937 0.05)
(5.916098114 2.902524937 0.05)
(6.137782909 2.902524937 0.05)
(6.365829112 2.902524937 0.05)
(6.600419268 2.902524937 0.05)
(6.841741161 2.902524937 0.05)
(7.089987962 2.902524937 0.05)
(7.345358387 2.902524937 0.05)
(7.608056854 2.902524937 0.05)
(7.878293646 2.902524937 0.05)
(8.156285081 2.902524937 0.05)
(8.442253685 2.902524937 0.05)
(8.736428367 2.902524937 0.05)
(9.039044607 2.902524937 0.05)
(9.350344642 2.902524937 0.05)
(9.670577661 2.902524937 0.05)
(10 2.902524937 0.05)
(3.850034729 3.037742026 0.05)
(4.012432319 3.037742026 0.05)
(4.179490028 3.037742026 0.05)
(4.351341581 3.037742026 0.05)
(4.528124539 3.037742026 0.05)
(4.709980414 3.037742026 0.05)
(4.897054777 3.037742026 0.05)
(5.089497377 3.037742026 0.05)
(5.287462257 3.037742026 0.05)
(5.491107885 3.037742026 0.05)
(5.700597274 3.037742026 0.05)
(5.916098114 3.037742026 0.05)
(6.137782909 3.037742026 0.05)
(6.365829112 3.037742026 0.05)
(6.600419268 3.037742026 0.05)
(6.841741161 3.037742026 0.05)
(7.089987962 3.037742026 0.05)
(7.345358387 3.037742026 0.05)
(7.608056854 3.037742026 0.05)
(7.878293646 3.037742026 0.05)
(8.156285081 3.037742026 0.05)
(8.442253685 3.037742026 0.05)
(8.736428367 3.037742026 0.05)
(9.039044607 3.037742026 0.05)
(9.350344642 3.037742026 0.05)
(9.670577661 3.037742026 0.05)
(10 3.037742026 0.05)
(3.850034729 3.179579919 0.05)
(4.012432319 3.179579919 0.05)
(4.179490028 3.179579919 0.05)
(4.351341581 3.179579919 0.05)
(4.528124539 3.179579919 0.05)
(4.709980414 3.179579919 0.05)
(4.897054777 3.179579919 0.05)
(5.089497377 3.179579919 0.05)
(5.287462257 3.179579919 0.05)
(5.491107885 3.179579919 0.05)
(5.700597274 3.179579919 0.05)
(5.916098114 3.179579919 0.05)
(6.137782909 3.179579919 0.05)
(6.365829112 3.179579919 0.05)
(6.600419268 3.179579919 0.05)
(6.841741161 3.179579919 0.05)
(7.089987962 3.179579919 0.05)
(7.345358387 3.179579919 0.05)
(7.608056854 3.179579919 0.05)
(7.878293646 3.179579919 0.05)
(8.156285081 3.179579919 0.05)
(8.442253685 3.179579919 0.05)
(8.736428367 3.179579919 0.05)
(9.039044607 3.179579919 0.05)
(9.350344642 3.179579919 0.05)
(9.670577661 3.179579919 0.05)
(10 3.179579919 0.05)
(4.012432319 3.328362799 0.05)
(4.179490028 3.328362799 0.05)
(4.351341581 3.328362799 0.05)
(4.528124539 3.328362799 0.05)
(4.709980414 3.328362799 0.05)
(4.897054777 3.328362799 0.05)
(5.089497377 3.328362799 0.05)
(5.287462257 3.328362799 0.05)
(5.491107885 3.328362799 0.05)
(5.700597274 3.328362799 0.05)
(5.916098114 3.328362799 0.05)
(6.137782909 3.328362799 0.05)
(6.365829112 3.328362799 0.05)
(6.600419268 3.328362799 0.05)
(6.841741161 3.328362799 0.05)
(7.089987962 3.328362799 0.05)
(7.345358387 3.328362799 0.05)
(7.608056854 3.328362799 0.05)
(7.878293646 3.328362799 0.05)
(8.156285081 3.328362799 0.05)
(8.442253685 3.328362799 0.05)
(8.736428367 3.328362799 0.05)
(9.039044607 3.328362799 0.05)
(9.350344642 3.328362799 0.05)
(9.670577661 3.328362799 0.05)
(10 3.328362799 0.05)
(4.012432319 3.484430722 0.05)
(4.179490028 3.484430722 0.05)
(4.351341581 3.484430722 0.05)
(4.528124539 3.484430722 0.05)
(4.709980414 3.484430722 0.05)
(4.897054777 3.484430722 0.05)
(5.089497377 3.484430722 0.05)
(5.287462257 3.484430722 0.05)
(5.491107885 3.484430722 0.05)
(5.700597274 3.484430722 0.05)
(5.916098114 3.484430722 0.05)
(6.137782909 3.484430722 0.05)
(6.365829112 3.484430722 0.05)
(6.600419268 3.484430722 0.05)
(6.841741161 3.484430722 0.05)
(7.089987962 3.484430722 0.05)
(7.345358387 3.484430722 0.05)
(7.608056854 3.484430722 0.05)
(7.878293646 3.484430722 0.05)
(8.156285081 3.484430722 0.05)
(8.442253685 3.484430722 0.05)
(8.736428367 3.484430722 0.05)
(9.039044607 3.484430722 0.05)
(9.350344642 3.484430722 0.05)
(9.670577661 3.484430722 0.05)
(10 3.484430722 0.05)
(4.012432319 3.648140395 0.05)
(4.179490028 3.648140395 0.05)
(4.351341581 3.648140395 0.05)
(4.528124539 3.648140395 0.05)
(4.709980414 3.648140395 0.05)
(4.897054777 3.648140395 0.05)
(5.089497377 3.648140395 0.05)
(5.287462257 3.648140395 0.05)
(5.491107885 3.648140395 0.05)
(5.700597274 3.648140395 0.05)
(5.916098114 3.648140395 0.05)
(6.137782909 3.648140395 0.05)
(6.365829112 3.648140395 0.05)
(6.600419268 3.648140395 0.05)
(6.841741161 3.648140395 0.05)
(7.089987962 3.648140395 0.05)
(7.345358387 3.648140395 0.05)
(7.608056854 3.648140395 0.05)
(7.878293646 3.648140395 0.05)
(8.156285081 3.648140395 0.05)
(8.442253685 3.648140395 0.05)
(8.736428367 3.648140395 0.05)
(9.039044607 3.648140395 0.05)
(9.350344642 3.648140395 0.05)
(9.670577661 3.648140395 0.05)
(10 3.648140395 0.05)
(4.012432319 3.819865989 0.05)
(4.179490028 3.819865989 0.05)
(4.351341581 3.819865989 0.05)
(4.528124539 3.819865989 0.05)
(4.709980414 3.819865989 0.05)
(4.897054777 3.819865989 0.05)
(5.089497377 3.819865989 0.05)
(5.287462257 3.819865989 0.05)
(5.491107885 3.819865989 0.05)
(5.700597274 3.819865989 0.05)
(5.916098114 3.819865989 0.05)
(6.137782909 3.819865989 0.05)
(6.365829112 3.819865989 0.05)
(6.600419268 3.819865989 0.05)
(6.841741161 3.819865989 0.05)
(7.089987962 3.819865989 0.05)
(7.345358387 3.819865989 0.05)
(7.608056854 3.819865989 0.05)
(7.878293646 3.819865989 0.05)
(8.156285081 3.819865989 0.05)
(8.442253685 3.819865989 0.05)
(8.736428367 3.819865989 0.05)
(9.039044607 3.819865989 0.05)
(9.350344642 3.819865989 0.05)
(9.670577661 3.819865989 0.05)
(10 3.819865989 0.05)
(4.012432319 4 0.05)
(4.179490028 4 0.05)
(4.351341581 4 0.05)
(4.528124539 4 0.05)
(4.709980414 4 0.05)
(4.897054777 4 0.05)
(5.089497377 4 0.05)
(5.287462257 4 0.05)
(5.491107885 4 0.05)
(5.700597274 4 0.05)
(5.916098114 4 0.05)
(6.137782909 4 0.05)
(6.365829112 4 0.05)
(6.600419268 4 0.05)
(6.841741161 4 0.05)
(7.089987962 4 0.05)
(7.345358387 4 0.05)
(7.608056854 4 0.05)
(7.878293646 4 0.05)
(8.156285081 4 0.05)
(8.442253685 4 0.05)
(8.736428367 4 0.05)
(9.039044607 4 0.05)
(9.350344642 4 0.05)
(9.670577661 4 0.05)
(10 4 0.05)
)


// ************************************************************************* //
