/*--------------------------------*- C++ -*----------------------------------*\
  =========                 |
  \\      /  F ield         | OpenFOAM: The Open Source CFD Toolbox
   \\    /   O peration     | Website:  https://openfoam.org
    \\  /    A nd           | Version:  7
     \\/     M anipulation  |
\*---------------------------------------------------------------------------*/
FoamFile
{
    version     2.0;
    format      ascii;
    class       volVectorField;
    location    "10";
    object      U;
}
// * * * * * * * * * * * * * * * * * * * * * * * * * * * * * * * * * * * * * //

dimensions      [0 1 -1 0 0 0 0];

internalField   nonuniform List<vector> 
2625
(
(0.302445 -0.00368683 -1.7895e-21)
(0.336014 -0.00383766 -3.83652e-21)
(0.366461 -0.00379035 -3.86338e-22)
(0.402145 -0.0043199 -1.71671e-21)
(0.242465 -0.0103969 7.28741e-21)
(0.274221 -0.0107711 -9.17517e-22)
(0.305268 -0.011032 3.4238e-21)
(0.339142 -0.0114789 1.09285e-20)
(0.369767 -0.0113397 -2.58202e-22)
(0.405957 -0.0129077 -8.23497e-22)
(0.247104 -0.0172632 6.03102e-21)
(0.279364 -0.017875 6.4021e-21)
(0.310894 -0.0183016 -7.32997e-21)
(0.345371 -0.0190257 -8.87854e-21)
(0.376349 -0.0187983 2.93999e-21)
(0.413537 -0.0213381 1.16362e-20)
(0.254031 -0.0240344 -7.44695e-21)
(0.287039 -0.0248663 -5.74093e-21)
(0.319281 -0.0254461 1.2132e-20)
(0.354647 -0.0264161 2.12512e-21)
(0.386144 -0.0261071 -7.43508e-21)
(0.424797 -0.0295095 -9.74395e-21)
(0.26321 -0.0306732 1.97334e-21)
(0.297196 -0.031701 -6.1129e-21)
(0.330369 -0.0324168 5.59566e-21)
(0.366891 -0.0335896 -1.50031e-20)
(0.399057 -0.0332088 -5.60964e-21)
(0.439607 -0.0373254 5.00063e-21)
(0.27459 -0.037143 -3.63857e-20)
(0.309771 -0.0383361 -5.41841e-21)
(0.344078 -0.0391662 8.18441e-21)
(0.381998 -0.0404884 9.84378e-21)
(0.414969 -0.0400487 1.83868e-20)
(0.457797 -0.044696 -4.38382e-21)
(0.288112 -0.0434079 4.70063e-20)
(0.324686 -0.0447299 4.07296e-20)
(0.360308 -0.0456489 -3.16555e-20)
(0.39984 -0.0470571 1.71158e-20)
(0.433729 -0.0465752 -1.13601e-20)
(0.479157 -0.0515401 -2.37684e-21)
(0.303703 -0.0494331 -2.11904e-20)
(0.341847 -0.0508425 -1.63989e-20)
(0.378945 -0.0518212 3.25852e-20)
(0.420265 -0.0532438 -7.03008e-21)
(0.455163 -0.0527402 -2.70873e-20)
(0.503444 -0.0577865 2.20027e-20)
(0.321279 -0.0551852 -2.50696e-20)
(0.361148 -0.0566359 -3.3475e-20)
(0.399855 -0.057642 -3.77533e-20)
(0.443103 -0.059001 4.32923e-21)
(0.479076 -0.0584993 1.28721e-20)
(0.530384 -0.0633753 -3.18264e-20)
(0.382468 -0.0620742 5.11066e-20)
(0.42289 -0.0630731 1.48915e-20)
(0.468163 -0.0642854 -3.26966e-21)
(0.50525 -0.0638123 4.30366e-20)
(0.559675 -0.0682589 8.55437e-21)
(0.405677 -0.067124 -8.00135e-20)
(0.447889 -0.0680792 -8.2329e-22)
(0.49524 -0.069059 -1.74458e-20)
(0.533452 -0.0686431 4.17455e-21)
(0.590995 -0.0724024 -4.86535e-21)
(0.430633 -0.0717548 7.21541e-20)
(0.474679 -0.0726285 1.21174e-20)
(0.524113 -0.0732893 2.01118e-20)
(0.563435 -0.0729602 -4.08859e-20)
(0.624004 -0.0757841 2.38855e-20)
(0.457184 -0.0759391 -9.20251e-21)
(0.503076 -0.076693 -9.28213e-21)
(0.554552 -0.07695 -1.97792e-20)
(0.594941 -0.0767366 3.21031e-20)
(0.658355 -0.0783955 -3.83218e-20)
(0.48517 -0.0796527 5.51117e-22)
(0.532887 -0.0802485 -4.59929e-21)
(0.586315 -0.080021 4.72398e-20)
(0.627703 -0.0799499 -8.80119e-21)
(0.693692 -0.0802407 3.92583e-20)
(0.514426 -0.0828749 2.66186e-22)
(0.563911 -0.0832751 3.02462e-20)
(0.619159 -0.0824891 -6.40961e-20)
(0.661452 -0.0825829 4.64103e-20)
(0.729664 -0.0813357 -3.26992e-20)
(0.54478 -0.0855887 -5.04878e-20)
(0.595945 -0.0857576 -2.65513e-20)
(0.652834 -0.0843478 8.4115e-20)
(0.695915 -0.0846236 -6.42801e-20)
(0.765925 -0.0817074 -3.52393e-21)
(0.576053 -0.087781 2.81507e-20)
(0.62878 -0.087685 1.03679e-20)
(0.687091 -0.0855974 -5.5532e-20)
(0.730823 -0.0860656 -4.45874e-21)
(0.802145 -0.0813925 3.81584e-20)
(0.608069 -0.089443 -2.87611e-21)
(0.662207 -0.0890515 -3.98158e-20)
(0.721685 -0.0862451 -1.62212e-20)
(0.765909 -0.0869084 -1.57419e-20)
(0.838011 -0.0804361 -5.87139e-21)
(0.640646 -0.0905698 2.9606e-20)
(0.696016 -0.089856 -1.40747e-20)
(0.756375 -0.0863047 6.27285e-20)
(0.800916 -0.0871576 3.28731e-20)
(0.87323 -0.0788901 -2.9424e-20)
(0.673604 -0.0911609 -6.21191e-20)
(0.730003 -0.0901025 3.77046e-20)
(0.790931 -0.0857959 -2.9208e-20)
(0.835597 -0.0868256 -6.70051e-20)
(0.90754 -0.0768115 4.77324e-20)
(0.706766 -0.0912201 3.89325e-20)
(0.763966 -0.0897997 2.35837e-20)
(0.825131 -0.0847443 -3.30376e-20)
(0.869718 -0.0859308 7.33584e-20)
(0.940706 -0.0742613 -4.41562e-20)
(0.739956 -0.0907553 2.801e-21)
(0.797711 -0.0889615 -2.76037e-20)
(0.858767 -0.0831803 8.60329e-21)
(0.903063 -0.0844983 2.98763e-20)
(0.972526 -0.0713024 -7.29248e-22)
(0.831052 -0.0876062 2.61807e-20)
(0.89165 -0.0811388 -4.20486e-20)
(0.935433 -0.0825592 -1.12943e-20)
(1.00283 -0.0679987 -1.20554e-20)
(0.863813 -0.0857568 -3.63269e-20)
(0.923603 -0.0786581 3.5452e-20)
(0.966652 -0.0801501 -3.10573e-20)
(1.03149 -0.0644132 3.32676e-20)
(0.895832 -0.0834402 -8.5896e-21)
(0.954472 -0.0757795 5.08476e-20)
(0.996564 -0.0773124 6.8274e-20)
(1.05839 -0.0606071 -2.10518e-21)
(0.926959 -0.0806873 8.24403e-20)
(0.98412 -0.0725461 -4.81357e-20)
(1.02504 -0.0740915 -5.48488e-21)
(1.08347 -0.0566385 -2.91576e-20)
(0.95706 -0.0775319 -9.28128e-21)
(1.01243 -0.0690021 4.47183e-22)
(1.05198 -0.0705356 -3.18776e-20)
(1.1067 -0.0525616 -2.06088e-21)
(0.986015 -0.0740106 -2.31721e-20)
(1.03932 -0.0651922 -2.42943e-21)
(1.0773 -0.0666944 -5.1357e-20)
(1.12805 -0.0484262 4.96789e-20)
(1.01372 -0.0701621 7.03988e-20)
(1.0647 -0.0611609 6.91063e-20)
(1.10094 -0.0626183 -2.89025e-20)
(1.14755 -0.0442769 -1.10293e-19)
(1.0401 -0.0660263 -1.71997e-19)
(1.08853 -0.0569516 -1.02546e-19)
(1.12288 -0.0583566 3.20322e-20)
(1.16523 -0.0401528 1.0939e-19)
(1.11078 -0.0526064 1.14319e-20)
(1.14311 -0.0539571 8.01577e-20)
(1.18114 -0.036088 -1.38595e-20)
(1.13142 -0.0481652 1.2076e-19)
(1.16164 -0.0494643 6.04173e-21)
(1.19535 -0.0321113 -4.44838e-20)
(1.15047 -0.0436656 -6.91909e-20)
(1.1785 -0.0449192 -9.74774e-20)
(1.20795 -0.028247 6.11033e-20)
(1.16794 -0.0391424 2.56652e-20)
(1.19375 -0.0403578 -1.40203e-20)
(1.21901 -0.0245161 -1.35499e-19)
(1.18387 -0.0346273 9.33228e-21)
(1.20745 -0.0358113 -6.0543e-20)
(1.22864 -0.0209381 1.24591e-19)
(1.19831 -0.0301486 -1.29438e-20)
(1.21966 -0.0313053 1.21648e-19)
(1.23692 -0.0175332 -5.72395e-20)
(1.23047 -0.0268594 6.68564e-20)
(1.24394 -0.0143201 9.49909e-20)
(1.23996 -0.0224844 -4.42402e-20)
(1.24979 -0.0113118 -7.47696e-20)
(1.24821 -0.0181803 1.42157e-20)
(1.25454 -0.00856173 -1.41571e-20)
(1.25529 -0.0139517 -1.17123e-20)
(1.25838 -0.0063224 1.33738e-20)
(1.26172 -0.00495655 -9.73451e-21)
(1.26521 -0.00346387 1.22861e-20)
(1.26816 -0.00168631 8.58959e-20)
(1.27047 0.00026616 1.15128e-20)
(0.422012 -0.00388789 6.59841e-22)
(0.427958 -0.00376351 -3.48282e-22)
(0.433749 -0.00365482 -4.46706e-24)
(0.439497 -0.00355671 5.26289e-23)
(0.445187 -0.00346718 -4.46077e-23)
(0.450818 -0.00338523 -1.89394e-22)
(0.4564 -0.00330987 1.37964e-22)
(0.461942 -0.00324019 3.24363e-22)
(0.46745 -0.00317544 -2.37632e-22)
(0.472931 -0.00311501 3.93113e-23)
(0.47839 -0.00305836 -6.21395e-23)
(0.483831 -0.00300507 1.73764e-22)
(0.489258 -0.00295478 -1.29232e-22)
(0.494676 -0.00290719 2.61299e-22)
(0.500086 -0.00286203 -3.18729e-22)
(0.505494 -0.00281911 7.3013e-23)
(0.5109 -0.00277825 1.74898e-22)
(0.516309 -0.00273931 -1.53013e-22)
(0.521723 -0.00270218 1.8989e-22)
(0.527144 -0.00266676 -2.57154e-22)
(0.532576 -0.00263298 1.37434e-23)
(0.538019 -0.00260077 1.95161e-22)
(0.543478 -0.00257011 -2.81319e-22)
(0.548954 -0.00254095 2.1546e-22)
(0.55445 -0.00251326 -1.91973e-22)
(0.559969 -0.00248704 1.22992e-22)
(0.565514 -0.00246227 8.46889e-23)
(0.571087 -0.00243895 -2.11719e-23)
(0.576692 -0.00241707 -1.96351e-22)
(0.582332 -0.00239663 1.69582e-22)
(0.588009 -0.00237764 1.91833e-23)
(0.593728 -0.00236009 -5.33698e-23)
(0.599491 -0.00234399 8.33154e-23)
(0.605303 -0.00232933 3.70067e-23)
(0.611167 -0.0023161 -1.65902e-22)
(0.617088 -0.0023043 8.02472e-24)
(0.623069 -0.0022939 7.99368e-23)
(0.629114 -0.00228489 4.04416e-23)
(0.635228 -0.00227723 -6.88554e-23)
(0.641416 -0.00227088 7.4232e-24)
(0.64768 -0.00226578 -7.37532e-23)
(0.654027 -0.00226189 1.51476e-22)
(0.660459 -0.00225912 -1.4221e-22)
(0.425691 -0.0116215 3.55697e-22)
(0.431561 -0.0112521 -1.42658e-22)
(0.437277 -0.0109292 -3.78154e-23)
(0.442958 -0.0106376 7.92655e-22)
(0.448585 -0.0103714 5.27946e-22)
(0.454154 -0.0101276 -1.59057e-21)
(0.459678 -0.00990345 1.6853e-22)
(0.465163 -0.00969618 2.27829e-21)
(0.470616 -0.00950358 -1.34997e-21)
(0.476044 -0.00932382 4.66634e-22)
(0.48145 -0.00915536 -4.42867e-22)
(0.48684 -0.00899692 1.26349e-22)
(0.492217 -0.00884742 3.11468e-22)
(0.497584 -0.00870596 -7.01747e-22)
(0.502946 -0.0085718 5.57817e-22)
(0.508306 -0.00844433 1.42622e-22)
(0.513665 -0.00832302 -1.75745e-22)
(0.519027 -0.00820746 -8.82749e-22)
(0.524395 -0.0080973 1.18191e-21)
(0.529771 -0.00799228 -7.21697e-22)
(0.535157 -0.00789216 5.90863e-22)
(0.540556 -0.00779677 -4.74733e-22)
(0.54597 -0.00770598 2.0578e-22)
(0.551403 -0.00761968 -2.63269e-22)
(0.556855 -0.00753781 1.56461e-22)
(0.562332 -0.00746032 -6.5524e-23)
(0.567834 -0.00738716 1.78325e-23)
(0.573365 -0.00731832 -1.14541e-22)
(0.578927 -0.00725379 2.39151e-22)
(0.584525 -0.00719356 5.83802e-23)
(0.590161 -0.00713765 -1.46341e-22)
(0.595838 -0.00708603 1.95712e-22)
(0.601561 -0.00703872 -9.33951e-23)
(0.607332 -0.00699569 -8.13599e-23)
(0.613155 -0.00695692 -1.86526e-23)
(0.619036 -0.00692237 4.79935e-23)
(0.624976 -0.006892 -9.96012e-23)
(0.630981 -0.00686571 -1.31111e-22)
(0.637055 -0.00684342 -6.26285e-23)
(0.643202 -0.00682499 -8.21967e-23)
(0.649427 -0.00681028 1.13103e-22)
(0.655733 -0.00679907 6.68807e-23)
(0.662125 -0.00679115 -1.90372e-22)
(0.433005 -0.0192238 5.66746e-22)
(0.438726 -0.0186191 1.6727e-21)
(0.444294 -0.0180904 -1.86503e-21)
(0.449841 -0.017612 1.22375e-21)
(0.455343 -0.0171746 -1.26791e-21)
(0.460792 -0.016774 -2.32728e-22)
(0.466198 -0.0164053 2.44026e-23)
(0.471571 -0.0160641 1.11744e-21)
(0.476915 -0.015747 -2.87149e-22)
(0.482235 -0.0154509 3.0259e-22)
(0.487537 -0.0151733 -5.68287e-22)
(0.492825 -0.0149121 3.21933e-22)
(0.498102 -0.0146656 -5.94343e-22)
(0.503372 -0.0144324 -4.56466e-22)
(0.508637 -0.0142112 1.16739e-21)
(0.513901 -0.014001 2.29124e-22)
(0.519166 -0.0138009 -1.15933e-21)
(0.524436 -0.0136104 1.4423e-21)
(0.529712 -0.0134288 -1.75334e-21)
(0.534997 -0.0132556 7.50957e-22)
(0.540293 -0.0130905 7.83678e-22)
(0.545603 -0.0129333 -7.52426e-22)
(0.55093 -0.0127837 2.1109e-22)
(0.556275 -0.0126415 2.08164e-22)
(0.561642 -0.0125066 -3.92744e-22)
(0.567033 -0.012379 1.92069e-22)
(0.57245 -0.0122585 3.97728e-23)
(0.577897 -0.0121452 -4.54109e-23)
(0.583376 -0.012039 4.72503e-23)
(0.588891 -0.0119399 3.90119e-22)
(0.594444 -0.011848 -3.37928e-22)
(0.600039 -0.0117632 -2.18241e-22)
(0.60568 -0.0116854 -2.74336e-22)
(0.61137 -0.0116148 7.44929e-22)
(0.617113 -0.0115512 -1.17747e-22)
(0.622912 -0.0114947 -5.82812e-23)
(0.628773 -0.011445 -1.45563e-22)
(0.634698 -0.011402 -8.73176e-23)
(0.640692 -0.0113657 4.29077e-22)
(0.646759 -0.0113358 -2.45348e-22)
(0.652903 -0.0113119 1.21774e-22)
(0.65913 -0.0112939 1.1988e-22)
(0.665442 -0.0112813 -8.97066e-23)
(0.443872 -0.0266096 -1.90685e-21)
(0.449372 -0.0257854 2.68964e-21)
(0.454721 -0.0250646 -7.12685e-22)
(0.460071 -0.0244103 1.41175e-21)
(0.465387 -0.0238113 -3.71587e-21)
(0.470656 -0.0232617 1.83481e-21)
(0.47589 -0.0227555 1.61258e-21)
(0.481095 -0.0222866 1.0914e-21)
(0.486277 -0.0218503 -2.23429e-21)
(0.491439 -0.0214427 -1.48798e-21)
(0.496587 -0.0210604 1.67906e-21)
(0.501723 -0.0207006 1.03502e-21)
(0.506851 -0.0203609 -2.1221e-21)
(0.511975 -0.0200393 9.87811e-22)
(0.517097 -0.0197342 -4.88503e-22)
(0.522219 -0.0194443 6.90612e-23)
(0.527345 -0.0191684 8.92138e-23)
(0.532477 -0.0189055 1.37255e-21)
(0.537617 -0.018655 -1.12539e-21)
(0.542767 -0.0184161 1.61594e-21)
(0.547931 -0.0181885 -1.40077e-21)
(0.553109 -0.0179716 2.63626e-22)
(0.558306 -0.0177653 -2.50467e-23)
(0.563522 -0.0175692 -3.19575e-23)
(0.56876 -0.0173833 -1.61077e-22)
(0.574024 -0.0172074 -1.78565e-22)
(0.579316 -0.0170414 4.34502e-22)
(0.584637 -0.0168853 -1.65164e-21)
(0.589993 -0.016739 9.30661e-22)
(0.595384 -0.0166027 -6.62904e-22)
(0.600815 -0.0164762 8.48053e-22)
(0.606289 -0.0163596 3.39068e-22)
(0.611808 -0.0162528 -1.14486e-21)
(0.617378 -0.0161559 5.39837e-22)
(0.623 -0.0160687 1.80555e-22)
(0.62868 -0.0159912 -2.33394e-22)
(0.634421 -0.0159233 7.43514e-22)
(0.640227 -0.0158647 -5.27502e-22)
(0.646102 -0.0158153 -1.83392e-22)
(0.652051 -0.0157748 2.79843e-22)
(0.658077 -0.0157427 -2.52548e-22)
(0.664185 -0.0157187 5.68469e-22)
(0.670378 -0.0157022 1.533e-23)
(0.458166 -0.0336971 4.02535e-22)
(0.463378 -0.0326751 9.63561e-22)
(0.468441 -0.0317806 2.82747e-21)
(0.473533 -0.0309656 -3.65183e-21)
(0.478605 -0.0302175 1.69533e-21)
(0.48364 -0.0295302 -3.98457e-22)
(0.488647 -0.028896 2.55685e-22)
(0.493632 -0.0283079 -8.90318e-22)
(0.498601 -0.02776 6.93395e-22)
(0.503555 -0.0272477 1.48188e-21)
(0.5085 -0.0267668 -6.55447e-22)
(0.513437 -0.0263138 -9.57975e-23)
(0.518371 -0.025886 -3.10225e-21)
(0.523302 -0.0254809 7.36462e-22)
(0.528236 -0.0250965 1.33992e-21)
(0.533172 -0.024731 4.08432e-22)
(0.538115 -0.0243832 -8.87343e-22)
(0.543066 -0.0240517 -1.12726e-21)
(0.548027 -0.0237358 1.35189e-21)
(0.553001 -0.0234346 9.05062e-22)
(0.55799 -0.0231476 -2.0465e-21)
(0.562995 -0.0228742 1.97499e-21)
(0.56802 -0.022614 6.99075e-22)
(0.573067 -0.0223669 -1.74099e-21)
(0.578138 -0.0221326 1.16404e-21)
(0.583235 -0.021911 4.23376e-22)
(0.588361 -0.0217019 -3.35361e-22)
(0.593518 -0.0215054 -1.92817e-21)
(0.59871 -0.0213214 1.54736e-22)
(0.60394 -0.0211499 9.28469e-22)
(0.60921 -0.0209909 1.36272e-24)
(0.614524 -0.0208444 1.05175e-21)
(0.619884 -0.0207105 -1.7268e-21)
(0.625295 -0.020589 5.06619e-22)
(0.63076 -0.0204799 7.63296e-22)
(0.636282 -0.0203831 2.26502e-22)
(0.641867 -0.0202984 -1.79129e-21)
(0.647516 -0.0202257 9.85795e-22)
(0.653235 -0.0201645 3.99273e-22)
(0.659027 -0.0201146 -1.30965e-21)
(0.664897 -0.0200755 5.58286e-22)
(0.670849 -0.0200467 -7.72727e-24)
(0.676886 -0.0200273 2.41317e-22)
(0.475724 -0.0404096 -2.06846e-22)
(0.480586 -0.0392165 1.87597e-21)
(0.485301 -0.0381712 -6.32445e-21)
(0.490079 -0.037214 3.42433e-22)
(0.494853 -0.0363328 -4.83726e-22)
(0.499601 -0.0355214 -1.64655e-21)
(0.50433 -0.0347714 3.58064e-21)
(0.509046 -0.0340747 -2.83209e-21)
(0.513754 -0.0334248 2.05537e-21)
(0.518454 -0.0328163 -1.80537e-21)
(0.523149 -0.0322445 1.72821e-21)
(0.527843 -0.0317056 4.70584e-22)
(0.532537 -0.0311962 9.2698e-22)
(0.537234 -0.0307136 -1.99009e-21)
(0.541936 -0.0302554 5.83001e-22)
(0.546645 -0.0298197 1.14124e-22)
(0.551363 -0.0294049 -7.94585e-23)
(0.556092 -0.0290096 1.0209e-21)
(0.560834 -0.0286328 -2.37223e-21)
(0.565592 -0.0282736 9.36765e-22)
(0.570366 -0.0279312 -3.39151e-23)
(0.57516 -0.0276051 1.06227e-21)
(0.579975 -0.0272949 6.93617e-22)
(0.584813 -0.0270003 -1.14392e-21)
(0.589678 -0.026721 2.8584e-22)
(0.59457 -0.0264569 -3.05097e-22)
(0.599494 -0.0262079 -3.58459e-22)
(0.60445 -0.0259739 5.19605e-22)
(0.609442 -0.0257549 -5.43532e-22)
(0.614473 -0.025551 1.67224e-21)
(0.619546 -0.0253621 -1.02037e-21)
(0.624663 -0.0251882 -7.34912e-22)
(0.629828 -0.0250294 -1.13288e-22)
(0.635044 -0.0248855 1.1163e-21)
(0.640316 -0.0247566 -3.51576e-22)
(0.645645 -0.0246425 -1.91669e-23)
(0.651037 -0.024543 5.82643e-22)
(0.656494 -0.0244578 -3.04951e-22)
(0.662021 -0.0243866 6.49052e-22)
(0.667622 -0.024329 -1.39049e-21)
(0.6733 -0.0242843 3.91285e-22)
(0.67906 -0.024252 -9.367e-23)
(0.684905 -0.0242311 2.67512e-22)
(0.496344 -0.0466768 1.55989e-21)
(0.500803 -0.0453429 -1.96004e-21)
(0.505114 -0.0441734 3.10792e-21)
(0.509526 -0.043096 6.73175e-21)
(0.513953 -0.0421002 -1.72821e-21)
(0.518365 -0.0411812 -3.49949e-21)
(0.52277 -0.0403297 -4.54773e-21)
(0.527172 -0.0395372 5.26822e-21)
(0.531573 -0.0387966 3.38364e-21)
(0.535975 -0.0381021 -7.03775e-21)
(0.54038 -0.0374488 -1.5136e-21)
(0.544788 -0.0368323 2.84073e-21)
(0.549202 -0.0362492 1.01954e-21)
(0.553624 -0.0356963 -7.49175e-22)
(0.558055 -0.0351712 -7.39976e-23)
(0.562497 -0.0346716 9.42018e-22)
(0.566951 -0.0341958 -3.07555e-21)
(0.571421 -0.0337424 3.98148e-21)
(0.575906 -0.03331 -1.49271e-21)
(0.58041 -0.0328978 1.44953e-22)
(0.584933 -0.0325049 1.85583e-21)
(0.589478 -0.0321308 -2.28013e-21)
(0.594047 -0.031775 -1.93542e-21)
(0.598642 -0.031437 1.65699e-21)
(0.603265 -0.0311168 2.44921e-21)
(0.607918 -0.0308141 5.18228e-22)
(0.612603 -0.0305288 -1.30616e-21)
(0.617323 -0.0302609 1.16091e-21)
(0.622081 -0.0300104 6.64262e-22)
(0.626879 -0.0297772 -2.13145e-21)
(0.63172 -0.0295615 1.06173e-21)
(0.636607 -0.0293631 -6.98317e-22)
(0.641543 -0.0291822 -2.21205e-22)
(0.646531 -0.0290187 -4.32373e-22)
(0.651575 -0.0288724 -5.20882e-22)
(0.656678 -0.0287433 8.60936e-22)
(0.661843 -0.0286312 3.76884e-22)
(0.667075 -0.0285357 -5.23772e-22)
(0.672377 -0.0284564 3.84534e-22)
(0.677753 -0.0283929 1.15386e-22)
(0.683206 -0.0283445 -8.86119e-23)
(0.688741 -0.0283104 -3.01885e-22)
(0.694361 -0.0282896 3.98853e-22)
(0.519794 -0.0524354 -2.61425e-21)
(0.523802 -0.0509946 2.87635e-21)
(0.527661 -0.0497303 -6.32484e-21)
(0.531661 -0.048557 8.43156e-21)
(0.535697 -0.0474678 -2.04889e-21)
(0.539731 -0.0464596 -4.54806e-21)
(0.543769 -0.0455231 6.61165e-21)
(0.547816 -0.0446492 2.03405e-22)
(0.551871 -0.0438309 -4.98546e-21)
(0.555935 -0.0430622 4.56469e-22)
(0.560009 -0.042338 -1.89947e-21)
(0.564094 -0.0416538 3.25322e-21)
(0.568191 -0.041006 -2.19542e-21)
(0.5723 -0.0403912 5.69007e-21)
(0.576424 -0.0398069 -8.603e-21)
(0.580563 -0.0392508 5.0795e-21)
(0.58472 -0.0387209 -3.38842e-21)
(0.588894 -0.0382158 1.32481e-23)
(0.593089 -0.0377341 3.36761e-21)
(0.597304 -0.0372747 2.30422e-22)
(0.601543 -0.036837 6.1801e-23)
(0.605806 -0.0364202 -9.48485e-22)
(0.610096 -0.0360238 -2.25655e-21)
(0.614415 -0.0356474 8.49194e-22)
(0.618763 -0.0352909 1.85143e-21)
(0.623144 -0.034954 -2.18639e-22)
(0.627559 -0.0346367 -1.00786e-21)
(0.632012 -0.0343389 1.51913e-21)
(0.636504 -0.0340607 5.81831e-22)
(0.641037 -0.033802 -1.49713e-21)
(0.645615 -0.0335629 -6.78603e-22)
(0.650241 -0.0333434 -1.63151e-22)
(0.654916 -0.0331436 -3.0466e-22)
(0.659645 -0.0329633 7.25816e-22)
(0.664431 -0.0328026 -1.11099e-21)
(0.669277 -0.0326612 1.66015e-21)
(0.674185 -0.032539 -1.1262e-21)
(0.679161 -0.0324356 1.61755e-22)
(0.684206 -0.0323506 -4.24437e-22)
(0.689326 -0.0322833 3.04307e-22)
(0.694523 -0.0322332 4.46678e-22)
(0.699802 -0.0321992 -1.05382e-21)
(0.705166 -0.0321803 1.11409e-21)
(0.545811 -0.0576311 -2.79702e-21)
(0.549328 -0.056119 1.01851e-21)
(0.552695 -0.0547915 1.55594e-21)
(0.556245 -0.0535486 -1.71925e-21)
(0.559852 -0.0523889 6.90394e-21)
(0.56347 -0.0513119 -2.93617e-21)
(0.567105 -0.0503083 -3.13996e-21)
(0.570759 -0.0493691 -9.25509e-22)
(0.574433 -0.0484876 3.91054e-21)
(0.578125 -0.0476578 -5.50706e-21)
(0.581834 -0.0468746 6.64361e-21)
(0.585562 -0.0461337 -1.79888e-21)
(0.589308 -0.0454312 2.30035e-21)
(0.593073 -0.044764 -5.17419e-21)
(0.596857 -0.0441293 3.07352e-21)
(0.600662 -0.0435248 6.64106e-23)
(0.604488 -0.0429486 1.41294e-22)
(0.608337 -0.0423991 -2.82992e-21)
(0.612209 -0.0418749 3.78539e-22)
(0.616107 -0.0413751 -1.56275e-21)
(0.620031 -0.0408987 1.61636e-21)
(0.623983 -0.0404451 -2.40605e-21)
(0.627964 -0.0400138 3.82269e-21)
(0.631976 -0.0396045 -2.01804e-23)
(0.636021 -0.0392168 -4.47015e-22)
(0.640101 -0.0388507 1.41118e-21)
(0.644218 -0.0385061 -1.73321e-21)
(0.648374 -0.038183 -1.60147e-21)
(0.652571 -0.0378813 2.27791e-21)
(0.656812 -0.0376012 4.33686e-22)
(0.661099 -0.0373426 -3.14397e-22)
(0.665435 -0.0371057 -1.22908e-21)
(0.669822 -0.0368905 -9.06354e-23)
(0.674264 -0.0366969 -2.0807e-21)
(0.678764 -0.0365248 2.93022e-21)
(0.683324 -0.0363742 -2.80394e-22)
(0.687948 -0.0362447 -2.5861e-22)
(0.692639 -0.0361361 -3.60529e-23)
(0.6974 -0.0360478 -9.51077e-23)
(0.702236 -0.0359792 -3.1849e-22)
(0.70715 -0.0359295 -1.29168e-21)
(0.712144 -0.0358977 1.67135e-21)
(0.717223 -0.0358828 1.10519e-21)
(0.574105 -0.0622188 -7.14223e-21)
(0.577103 -0.0606721 3.62958e-21)
(0.579945 -0.059314 -5.0054e-22)
(0.583014 -0.0580292 -2.28411e-22)
(0.586162 -0.0568233 -6.96435e-22)
(0.589332 -0.055699 1.46803e-22)
(0.592532 -0.0546477 1.64387e-22)
(0.595765 -0.0536606 -9.78852e-22)
(0.599027 -0.0527315 4.17115e-21)
(0.602316 -0.0518548 -5.79607e-21)
(0.605632 -0.0510257 5.39031e-21)
(0.608973 -0.0502399 -4.67366e-21)
(0.612339 -0.0494939 5.80328e-21)
(0.615731 -0.0487845 -2.09188e-21)
(0.619148 -0.048109 -1.94753e-22)
(0.622591 -0.0474651 -4.27102e-21)
(0.62606 -0.046851 2.56367e-21)
(0.629556 -0.0462651 -2.09116e-21)
(0.63308 -0.045706 5.05642e-21)
(0.636633 -0.0451728 -3.43694e-21)
(0.640215 -0.0446646 1.14851e-21)
(0.643829 -0.0441807 -1.44402e-21)
(0.647476 -0.0437208 -4.34287e-22)
(0.651157 -0.0432843 5.84464e-21)
(0.654873 -0.0428712 -5.09288e-21)
(0.658627 -0.0424813 4.96254e-21)
(0.66242 -0.0421145 -2.81921e-21)
(0.666254 -0.0417709 9.83525e-22)
(0.670132 -0.0414504 -2.56234e-21)
(0.674055 -0.0411533 1.16799e-21)
(0.678026 -0.0408795 1.28885e-21)
(0.682048 -0.0406292 -2.59052e-22)
(0.686122 -0.0404024 -8.7535e-22)
(0.690252 -0.040199 1.85378e-21)
(0.694441 -0.0400191 -3.18422e-21)
(0.698691 -0.0398624 9.47873e-22)
(0.703005 -0.0397287 8.98468e-22)
(0.707388 -0.0396177 6.93073e-23)
(0.711841 -0.0395289 3.77266e-22)
(0.716368 -0.0394615 9.38604e-22)
(0.720972 -0.0394147 3.90718e-22)
(0.725657 -0.0393874 -5.23659e-22)
(0.730426 -0.0393785 -1.10638e-21)
(0.604367 -0.0661639 -8.75929e-22)
(0.606826 -0.0646191 -4.44459e-21)
(0.609122 -0.0632633 4.74907e-22)
(0.611686 -0.0619647 -2.03367e-21)
(0.61435 -0.0607375 5.54832e-21)
(0.61705 -0.0595885 -6.62028e-21)
(0.619791 -0.0585096 3.33406e-21)
(0.622576 -0.0574929 -1.51696e-21)
(0.625402 -0.0565328 -1.46693e-21)
(0.628264 -0.0556243 5.30028e-21)
(0.631162 -0.0547632 8.66034e-22)
(0.634093 -0.0539454 -5.52701e-21)
(0.637056 -0.0531676 4.49844e-21)
(0.640051 -0.052427 -1.05903e-21)
(0.643077 -0.0517209 6.12843e-22)
(0.646135 -0.0510473 -2.42833e-21)
(0.649224 -0.0504043 -1.24547e-21)
(0.652345 -0.0497906 4.64206e-21)
(0.655498 -0.0492047 -4.17327e-21)
(0.658684 -0.0486458 1.00143e-21)
(0.661903 -0.0481131 -2.16587e-21)
(0.665158 -0.0476059 4.18356e-21)
(0.668448 -0.0471238 -2.23675e-21)
(0.671776 -0.0466665 -3.89665e-22)
(0.675142 -0.0462339 1.72654e-21)
(0.678548 -0.0458259 -4.19719e-21)
(0.681996 -0.0454424 3.41031e-21)
(0.685487 -0.0450835 -2.43126e-21)
(0.689024 -0.0447493 -7.52065e-22)
(0.692609 -0.0444398 4.61996e-21)
(0.696243 -0.0441553 -2.27277e-21)
(0.699929 -0.0438959 -2.29762e-22)
(0.703669 -0.0436615 -3.74002e-22)
(0.707466 -0.0434522 1.34067e-22)
(0.711323 -0.043268 2.0364e-21)
(0.715241 -0.0431087 -3.41768e-22)
(0.719225 -0.042974 -2.13056e-21)
(0.723277 -0.0428637 2.25105e-21)
(0.7274 -0.0427771 8.43054e-22)
(0.731596 -0.0427136 -2.74549e-21)
(0.73587 -0.0426723 1.02116e-21)
(0.740224 -0.0426519 7.14993e-22)
(0.744661 -0.0426513 6.93504e-22)
(0.636272 -0.0694423 1.94824e-21)
(0.638182 -0.0679347 3.05426e-21)
(0.639919 -0.0666133 -1.9511e-22)
(0.641963 -0.065329 1.00726e-20)
(0.644128 -0.0641057 -1.81856e-20)
(0.646339 -0.0629548 1.74739e-20)
(0.648603 -0.0618691 -8.47649e-21)
(0.650923 -0.0608416 -1.5749e-21)
(0.653294 -0.0598676 2.31852e-21)
(0.655712 -0.0589431 -1.63217e-23)
(0.658173 -0.0580643 -7.95874e-22)
(0.660675 -0.0572279 5.34954e-22)
(0.663217 -0.0564308 6.71707e-22)
(0.665797 -0.0556705 1.03343e-21)
(0.668414 -0.0549446 -1.47586e-21)
(0.671069 -0.0542514 -1.41428e-21)
(0.67376 -0.0535892 2.09143e-21)
(0.676487 -0.0529565 -1.56153e-21)
(0.679251 -0.0523524 -4.24476e-22)
(0.682053 -0.0517758 1.62782e-21)
(0.684892 -0.0512262 -9.70553e-23)
(0.687769 -0.0507029 -2.99724e-21)
(0.690686 -0.0502057 -4.88137e-23)
(0.693642 -0.0497342 3.41353e-21)
(0.696641 -0.0492884 -1.92315e-21)
(0.699682 -0.0488683 2.62098e-21)
(0.702768 -0.0484738 1.55463e-21)
(0.705899 -0.048105 -1.70916e-21)
(0.709078 -0.0477622 3.88594e-22)
(0.712306 -0.0474454 -9.90163e-22)
(0.715586 -0.0471548 -1.92583e-21)
(0.718919 -0.0468906 -5.77123e-22)
(0.722308 -0.0466529 2.46208e-21)
(0.725754 -0.0464416 5.82119e-22)
(0.729261 -0.0462569 -1.61963e-21)
(0.732831 -0.0460985 -1.18644e-21)
(0.736467 -0.0459663 1.80951e-21)
(0.74017 -0.0458598 -1.27086e-21)
(0.743945 -0.0457785 1.2563e-21)
(0.747793 -0.0457216 1.98483e-22)
(0.751718 -0.0456883 -1.58441e-22)
(0.755723 -0.0456773 2.77708e-22)
(0.75981 -0.0456873 -2.28465e-23)
(0.669485 -0.0720411 -5.98887e-21)
(0.670845 -0.0706039 1.56644e-20)
(0.67202 -0.0693476 -8.7167e-21)
(0.673539 -0.0681046 9.31656e-22)
(0.675195 -0.0669098 -2.13732e-21)
(0.676908 -0.0657796 2.76742e-21)
(0.678685 -0.0647078 -3.28784e-21)
(0.680529 -0.0636885 1.50658e-20)
(0.682433 -0.0627181 -1.83522e-20)
(0.684393 -0.0617936 1.04507e-20)
(0.686405 -0.0609121 -6.46687e-21)
(0.688465 -0.0600707 1.4587e-21)
(0.690573 -0.0592671 5.58836e-21)
(0.692725 -0.058499 -5.08514e-21)
(0.694921 -0.0577646 2.88031e-21)
(0.697159 -0.0570622 -2.00052e-21)
(0.699439 -0.0563905 1.20977e-21)
(0.70176 -0.0557483 -1.09127e-21)
(0.704122 -0.0551347 -6.43598e-21)
(0.706526 -0.0545488 6.70507e-22)
(0.708971 -0.0539902 5.57561e-21)
(0.711458 -0.0534584 1.28395e-22)
(0.713988 -0.0529531 -1.07129e-23)
(0.716561 -0.0524743 7.75502e-22)
(0.719179 -0.0520218 2.96251e-22)
(0.721842 -0.0515956 3.55523e-21)
(0.724552 -0.051196 -3.44418e-21)
(0.72731 -0.050823 -1.06999e-21)
(0.730118 -0.0504768 1.0646e-21)
(0.732977 -0.0501577 -4.04895e-22)
(0.735888 -0.0498658 1.66862e-21)
(0.738855 -0.0496014 -3.42726e-21)
(0.741879 -0.0493647 2.24844e-21)
(0.744961 -0.0491555 1.56768e-22)
(0.748105 -0.0489741 -3.63418e-22)
(0.751312 -0.0488203 8.37162e-22)
(0.754585 -0.0486938 -1.77476e-22)
(0.757926 -0.0485944 -6.20364e-22)
(0.761338 -0.0485213 1.52939e-21)
(0.764824 -0.048474 9.25292e-23)
(0.768386 -0.0484514 -1.25164e-21)
(0.772026 -0.0484523 -4.6256e-22)
(0.775747 -0.0484751 -1.39266e-22)
(0.703667 -0.0739583 -1.00623e-20)
(0.704484 -0.0726218 3.03207e-21)
(0.705104 -0.0714587 1.15401e-20)
(0.706099 -0.0702827 -7.73579e-21)
(0.707246 -0.06914 -1.32366e-21)
(0.708459 -0.0680525 9.15917e-21)
(0.709746 -0.0670149 -1.57042e-21)
(0.711109 -0.0660225 -3.11452e-21)
(0.712542 -0.065073 2.65722e-21)
(0.714038 -0.0641646 -1.6295e-21)
(0.715594 -0.0632953 -1.03001e-20)
(0.717206 -0.0624629 6.64362e-21)
(0.718872 -0.0616656 2.07142e-21)
(0.720588 -0.0609019 -5.01397e-21)
(0.722355 -0.0601702 4.71142e-21)
(0.724169 -0.0594693 -1.11244e-21)
(0.726029 -0.0587982 -2.67564e-21)
(0.727936 -0.0581559 6.42489e-21)
(0.729889 -0.0575417 2.97183e-22)
(0.731886 -0.056955 -2.73193e-21)
(0.733929 -0.0563954 -4.20537e-21)
(0.736018 -0.0558627 2.12359e-21)
(0.738152 -0.0553567 -5.00031e-21)
(0.740333 -0.0548773 4.1307e-21)
(0.742561 -0.0544246 -1.85289e-21)
(0.744838 -0.0539988 -2.47911e-21)
(0.747163 -0.0535999 5.98427e-21)
(0.749539 -0.0532283 -5.19897e-22)
(0.751966 -0.0528842 -9.93021e-23)
(0.754446 -0.0525678 -9.19396e-22)
(0.756981 -0.0522795 -3.07872e-21)
(0.759571 -0.0520195 2.29862e-21)
(0.76222 -0.051788 -1.84998e-21)
(0.764929 -0.0515851 2.99503e-21)
(0.767699 -0.0514109 -2.40165e-21)
(0.770533 -0.0512652 1.25916e-21)
(0.773434 -0.0511479 1.06921e-21)
(0.776402 -0.0510587 -1.13099e-21)
(0.779441 -0.0509969 7.11153e-22)
(0.782553 -0.0509619 -1.09844e-22)
(0.78574 -0.0509526 -1.5126e-21)
(0.789005 -0.0509679 1.81721e-21)
(0.79235 -0.051006 1.53547e-22)
(0.795777 -0.0510652 -3.54212e-22)
(0.738479 -0.0752027 -4.13008e-21)
(0.73877 -0.0739934 -1.34766e-21)
(0.73885 -0.0729488 7.98555e-22)
(0.739331 -0.0718631 -7.34683e-21)
(0.739978 -0.0707947 1.46641e-21)
(0.740696 -0.0697705 1.47644e-20)
(0.741496 -0.0687866 -8.66165e-21)
(0.74238 -0.0678392 9.92557e-22)
(0.743342 -0.0669276 3.46798e-21)
(0.744375 -0.066051 5.39132e-23)
(0.745475 -0.0652085 -9.92636e-21)
(0.746638 -0.0643988 8.68111e-21)
(0.74786 -0.0636208 -6.01425e-21)
(0.749139 -0.0628735 -3.34991e-21)
(0.750474 -0.0621559 -2.32745e-21)
(0.751861 -0.0614672 1.07701e-20)
(0.753299 -0.0608066 -1.01569e-20)
(0.754789 -0.0601737 9.28893e-21)
(0.756328 -0.0595679 -1.83725e-21)
(0.757916 -0.0589889 -4.13874e-21)
(0.759553 -0.0584364 7.37402e-21)
(0.761239 -0.0579104 -8.44071e-21)
(0.762974 -0.0574109 8.81496e-21)
(0.764759 -0.0569379 4.26143e-21)
(0.766593 -0.0564916 -6.64379e-21)
(0.768478 -0.0560722 3.63516e-21)
(0.770414 -0.0556801 -6.6197e-21)
(0.772402 -0.0553154 -2.07037e-21)
(0.774444 -0.0549787 8.66244e-21)
(0.77654 -0.0546702 -3.3655e-21)
(0.778692 -0.0543902 -1.93105e-21)
(0.780901 -0.0541391 5.75096e-21)
(0.783169 -0.0539171 -5.0268e-21)
(0.785498 -0.0537245 2.54638e-21)
(0.787889 -0.0535612 -3.47096e-21)
(0.790344 -0.0534273 1.17995e-21)
(0.792865 -0.0533225 1.02505e-21)
(0.795454 -0.0532467 1.0998e-21)
(0.798112 -0.0531992 -1.26263e-22)
(0.800843 -0.0531792 -1.17454e-21)
(0.803648 -0.0531859 1.04403e-21)
(0.80653 -0.0532178 1.83849e-22)
(0.80949 -0.0532735 -1.80349e-21)
(0.812531 -0.053351 2.21417e-21)
(0.77359 -0.0757928 1.04103e-20)
(0.77338 -0.0747335 -1.06817e-20)
(0.772943 -0.0738289 -5.29514e-21)
(0.772929 -0.0728544 -6.40214e-21)
(0.773088 -0.0718802 9.63786e-21)
(0.773324 -0.0709386 3.759e-21)
(0.773648 -0.0700264 -1.12703e-20)
(0.774063 -0.0691411 2.84494e-22)
(0.774562 -0.0682834 1.98846e-20)
(0.775138 -0.0674539 -1.73539e-21)
(0.775787 -0.0666524 -4.09049e-21)
(0.776505 -0.0658788 -1.04436e-20)
(0.777288 -0.0651326 1.2497e-21)
(0.778133 -0.0644135 1.13361e-20)
(0.779039 -0.0637211 -6.27475e-21)
(0.780001 -0.063055 2.01913e-21)
(0.78102 -0.062415 -1.37298e-21)
(0.782094 -0.0618008 3.9122e-21)
(0.783221 -0.0612122 -5.06602e-21)
(0.7844 -0.0606492 -5.33681e-21)
(0.785633 -0.0601118 1.06164e-20)
(0.786917 -0.0596 -6.16044e-21)
(0.788253 -0.0591141 6.50363e-21)
(0.789641 -0.0586543 -1.34237e-21)
(0.791081 -0.0582208 6.24328e-22)
(0.792574 -0.057814 -4.74887e-21)
(0.79412 -0.0574344 2.58341e-21)
(0.79572 -0.0570823 -1.79975e-21)
(0.797375 -0.0567581 6.21908e-22)
(0.799086 -0.0564623 2.34774e-21)
(0.800854 -0.0561954 -2.32237e-21)
(0.80268 -0.0559576 -5.58118e-21)
(0.804566 -0.0557493 3.95602e-21)
(0.806512 -0.0555708 1.41494e-21)
(0.808521 -0.0554222 -5.72902e-22)
(0.810594 -0.0553034 7.43915e-22)
(0.812733 -0.0552145 4.06359e-22)
(0.814939 -0.0551551 -4.63016e-21)
(0.817214 -0.0551246 1.67744e-21)
(0.81956 -0.0551224 -2.94794e-22)
(0.821979 -0.0551474 -2.03825e-23)
(0.824473 -0.0551984 -1.90211e-21)
(0.827044 -0.0552738 2.68028e-21)
(0.829693 -0.0553716 4.16568e-22)
(0.808681 -0.0757567 1.58603e-22)
(0.808 -0.0748654 9.05719e-21)
(0.807077 -0.0741188 -8.27942e-21)
(0.806592 -0.073273 -8.21899e-21)
(0.806287 -0.0724107 7.05409e-21)
(0.80606 -0.0715688 1.28327e-20)
(0.805924 -0.0707448 -1.65747e-20)
(0.805885 -0.0699373 7.04897e-21)
(0.805935 -0.0691486 -2.80429e-21)
(0.806067 -0.0683803 -1.03297e-20)
(0.806276 -0.0676334 7.68146e-21)
(0.806559 -0.0669085 4.30817e-21)
(0.806913 -0.0662062 6.09132e-21)
(0.807333 -0.0655266 -4.53863e-21)
(0.807817 -0.0648701 -4.56041e-21)
(0.808363 -0.0642368 -4.73419e-21)
(0.808968 -0.0636269 -1.44952e-21)
(0.809633 -0.0630404 3.42035e-21)
(0.810354 -0.0624777 -3.43413e-21)
(0.811131 -0.0619388 1.10041e-20)
(0.811963 -0.0614242 2.47396e-21)
(0.81285 -0.060934 -1.84744e-21)
(0.813792 -0.0604686 -6.25832e-21)
(0.814787 -0.0600285 -3.53653e-21)
(0.815838 -0.059614 7.56797e-22)
(0.816942 -0.0592258 4.77767e-21)
(0.818102 -0.0588643 1.10429e-21)
(0.819317 -0.0585299 -1.01385e-22)
(0.820589 -0.0582234 -6.93032e-22)
(0.821917 -0.0579451 3.35399e-22)
(0.823303 -0.0576956 -4.30472e-21)
(0.824748 -0.0574754 -3.08153e-22)
(0.826252 -0.0572848 4.37143e-21)
(0.827818 -0.0571242 -2.05571e-21)
(0.829446 -0.0569937 3.54106e-21)
(0.831138 -0.0568934 -2.43614e-21)
(0.832895 -0.0568233 -2.14386e-21)
(0.834718 -0.0567831 1.09472e-21)
(0.836609 -0.0567724 -2.26099e-21)
(0.838571 -0.0567904 1.15645e-21)
(0.840604 -0.0568361 1.20847e-21)
(0.842709 -0.0569083 1.41569e-21)
(0.84489 -0.0570054 -1.01543e-22)
(0.847146 -0.0571254 -2.11732e-21)
(0.84345 -0.0751305 -8.17437e-21)
(0.842336 -0.0744208 1.852e-20)
(0.840964 -0.0738457 -1.29792e-20)
(0.840039 -0.0731433 1.19738e-20)
(0.839295 -0.0724076 -1.19461e-20)
(0.83863 -0.0716801 4.6904e-21)
(0.838059 -0.0709588 -9.06051e-21)
(0.837587 -0.0702433 4.96096e-21)
(0.837207 -0.0695371 1.06816e-20)
(0.836912 -0.068843 -8.36562e-21)
(0.836699 -0.0681632 -5.9737e-21)
(0.836563 -0.067499 2.57529e-21)
(0.836501 -0.0668517 -6.63673e-21)
(0.836509 -0.0662225 6.71004e-21)
(0.836585 -0.065612 1.1895e-20)
(0.836726 -0.0650211 -1.49116e-20)
(0.836931 -0.0644504 3.85318e-22)
(0.837196 -0.0639003 -2.27182e-21)
(0.837522 -0.0633716 1.07397e-20)
(0.837906 -0.0628647 -4.54844e-21)
(0.838348 -0.0623801 5.09646e-21)
(0.838847 -0.0619184 2.58972e-21)
(0.839403 -0.0614801 -9.27327e-21)
(0.840015 -0.061066 2.97212e-21)
(0.840683 -0.0606765 5.84796e-21)
(0.841407 -0.0603124 -7.06682e-21)
(0.842188 -0.0599743 7.10752e-22)
(0.843025 -0.0596628 1.30412e-21)
(0.843919 -0.0593786 3.19345e-21)
(0.84487 -0.0591223 -2.678e-21)
(0.84588 -0.0588945 -2.73907e-22)
(0.846949 -0.0586958 4.72704e-21)
(0.848078 -0.0585266 -2.16222e-21)
(0.849268 -0.0583873 -2.69569e-21)
(0.850519 -0.0582782 -2.67882e-21)
(0.851834 -0.0581995 4.65209e-21)
(0.853213 -0.0581511 -1.61665e-21)
(0.854657 -0.0581328 -3.75577e-21)
(0.856169 -0.0581443 6.87127e-21)
(0.857748 -0.0581847 -2.23972e-21)
(0.859397 -0.0582533 9.34353e-24)
(0.861117 -0.0583486 -1.00367e-21)
(0.862909 -0.0584692 -1.45304e-21)
(0.864775 -0.0586131 1.28933e-21)
(0.877616 -0.0739571 7.255e-21)
(0.87611 -0.0734382 -1.67822e-20)
(0.874331 -0.073044 3.33246e-22)
(0.873003 -0.0724959 3.01579e-23)
(0.871854 -0.0718987 1.63703e-20)
(0.870782 -0.0712979 -6.541e-21)
(0.869803 -0.0706916 -3.73478e-21)
(0.868924 -0.0700802 8.02805e-21)
(0.868138 -0.0694685 -8.65182e-21)
(0.867441 -0.0688603 2.84879e-21)
(0.866826 -0.0682587 7.54826e-22)
(0.866292 -0.067666 -7.11929e-22)
(0.865833 -0.0670842 -6.6485e-21)
(0.865448 -0.0665151 1.05433e-20)
(0.865133 -0.0659602 -3.45518e-21)
(0.864886 -0.0654206 -2.11062e-21)
(0.864704 -0.0648975 -4.90402e-21)
(0.864587 -0.064392 3.04881e-21)
(0.864531 -0.0639049 8.22208e-22)
(0.864537 -0.0634371 7.27007e-21)
(0.864602 -0.0629895 -1.21928e-20)
(0.864726 -0.0625628 8.65373e-21)
(0.864908 -0.0621579 -9.49565e-21)
(0.865148 -0.0617756 8.08446e-22)
(0.865446 -0.0614167 5.84161e-21)
(0.8658 -0.0610819 -2.2272e-21)
(0.866212 -0.0607721 3.52588e-24)
(0.866681 -0.0604881 6.77401e-21)
(0.867208 -0.0602307 -8.90418e-21)
(0.867793 -0.0600005 5.06787e-22)
(0.868436 -0.0597983 3.84789e-21)
(0.869138 -0.0596247 -2.27379e-21)
(0.869899 -0.0594804 1.15535e-21)
(0.870721 -0.0593657 6.49485e-22)
(0.871604 -0.059281 -2.47102e-21)
(0.872549 -0.0592266 4.60011e-21)
(0.873557 -0.0592025 1.22989e-22)
(0.874629 -0.0592085 -1.42893e-21)
(0.875766 -0.0592443 -1.27697e-21)
(0.87697 -0.0593092 -3.62537e-21)
(0.87824 -0.0594024 1.65751e-21)
(0.87958 -0.0595227 1.18908e-21)
(0.880989 -0.0596684 -1.21628e-21)
(0.882468 -0.0598376 4.50291e-22)
(0.910925 -0.0722853 1.67963e-22)
(0.909071 -0.0719619 -3.67672e-21)
(0.906932 -0.0717538 -1.83286e-20)
(0.905241 -0.0713674 2.91554e-21)
(0.903724 -0.0709176 1.90707e-20)
(0.902279 -0.070453 -2.05936e-20)
(0.900926 -0.0699716 2.04942e-20)
(0.899671 -0.0694745 -1.03462e-20)
(0.898509 -0.0689673 4.07216e-21)
(0.897435 -0.0684551 1.98284e-21)
(0.896445 -0.0679416 1.96875e-21)
(0.895536 -0.0674299 -3.8077e-21)
(0.894705 -0.0669229 1.8036e-21)
(0.893948 -0.0664228 -2.65772e-21)
(0.893264 -0.0659319 -2.62035e-21)
(0.892649 -0.0654518 -7.41613e-21)
(0.892101 -0.0649842 8.88387e-21)
(0.891619 -0.0645306 -5.17092e-22)
(0.891201 -0.0640921 2.26775e-21)
(0.890845 -0.0636702 -1.14613e-21)
(0.89055 -0.0632659 -5.91003e-21)
(0.890316 -0.0628802 4.74732e-21)
(0.89014 -0.0625143 -5.79624e-21)
(0.890024 -0.0621692 1.14147e-20)
(0.889966 -0.0618459 -3.21231e-21)
(0.889965 -0.0615452 -4.68179e-21)
(0.890022 -0.0612683 6.71057e-21)
(0.890137 -0.0610161 -2.69972e-21)
(0.89031 -0.0607894 -2.26992e-21)
(0.89054 -0.060589 -1.54079e-23)
(0.890828 -0.060416 -1.7e-21)
(0.891175 -0.0602708 7.12235e-22)
(0.89158 -0.0601544 -9.09302e-22)
(0.892045 -0.0600671 2.61015e-21)
(0.89257 -0.0600095 3.2811e-21)
(0.893156 -0.0599818 -4.70284e-22)
(0.893803 -0.0599842 -2.9124e-21)
(0.894512 -0.0600166 -7.76695e-22)
(0.895285 -0.0600787 3.57684e-21)
(0.896121 -0.0601699 -1.81647e-21)
(0.897022 -0.0602894 -5.35332e-22)
(0.897989 -0.060436 -1.45966e-21)
(0.899022 -0.0606081 2.14511e-21)
(0.900123 -0.0608039 1.50518e-21)
(0.94315 -0.0701679 1.78972e-20)
(0.940995 -0.0700406 5.3308e-21)
(0.938545 -0.0700198 -1.19946e-20)
(0.936535 -0.0697992 1.53648e-21)
(0.93469 -0.0695027 5.87955e-21)
(0.932911 -0.069181 -7.47371e-21)
(0.931218 -0.0688319 1.42305e-21)
(0.929622 -0.0684568 8.25426e-21)
(0.928117 -0.0680625 -2.44599e-21)
(0.926698 -0.0676545 -1.40503e-20)
(0.925362 -0.0672374 7.00067e-21)
(0.924107 -0.0668149 -8.82414e-23)
(0.92293 -0.0663906 -4.17821e-21)
(0.921828 -0.0659674 2.25242e-21)
(0.920799 -0.065548 4.86073e-21)
(0.91984 -0.0651346 9.18023e-22)
(0.918949 -0.0647294 -2.90226e-21)
(0.918125 -0.0643343 3.05489e-23)
(0.917365 -0.0639509 -2.6932e-21)
(0.916669 -0.0635808 -7.289e-22)
(0.916034 -0.0632254 -2.30845e-21)
(0.915461 -0.0628862 1.88678e-21)
(0.914947 -0.0625644 -2.36928e-21)
(0.914492 -0.0622613 -1.8779e-22)
(0.914096 -0.0619781 6.77959e-21)
(0.913757 -0.0617159 6.84521e-23)
(0.913477 -0.0614759 -5.57284e-22)
(0.913253 -0.0612591 2.10704e-21)
(0.913087 -0.0610667 -1.73678e-21)
(0.912979 -0.0608995 -4.9124e-21)
(0.912927 -0.0607586 6.88275e-21)
(0.912933 -0.0606448 -8.21412e-21)
(0.912997 -0.0605589 7.77383e-21)
(0.913118 -0.0605015 -4.49714e-21)
(0.913299 -0.0604732 -4.95479e-22)
(0.913538 -0.0604744 4.38601e-22)
(0.913836 -0.0605052 4.76013e-22)
(0.914195 -0.0605657 -3.48634e-21)
(0.914614 -0.0606557 8.73491e-22)
(0.915095 -0.0607746 2.02859e-21)
(0.915637 -0.0609216 7.63155e-23)
(0.916242 -0.0610957 2.57951e-21)
(0.916911 -0.0612954 -6.06889e-21)
(0.917643 -0.0615186 3.36452e-21)
(0.91844 -0.0617632 -4.76207e-22)
(0.974096 -0.0676603 -9.56345e-22)
(0.971687 -0.0677262 -2.06259e-20)
(0.968977 -0.0678902 1.54466e-20)
(0.966691 -0.0678362 -3.87413e-21)
(0.964561 -0.0676957 8.06109e-22)
(0.962488 -0.0675209 -1.21194e-20)
(0.960497 -0.0673091 1.41558e-20)
(0.958597 -0.0670618 -3.10869e-21)
(0.956783 -0.0667863 -6.05407e-21)
(0.955054 -0.0664891 4.38933e-21)
(0.953405 -0.066175 -3.68196e-21)
(0.951835 -0.0658485 4.34954e-21)
(0.950343 -0.0655136 8.62648e-21)
(0.948924 -0.0651738 -1.70316e-20)
(0.947578 -0.0648323 1.62067e-20)
(0.946302 -0.064492 7.77238e-22)
(0.945094 -0.0641552 -1.69877e-20)
(0.943952 -0.0638243 1.40665e-20)
(0.942875 -0.0635014 -5.73702e-21)
(0.941862 -0.0631884 -5.27801e-21)
(0.94091 -0.062887 1.02123e-21)
(0.94002 -0.0625989 2.52408e-21)
(0.939189 -0.0623257 -5.84162e-22)
(0.938417 -0.0620687 6.72529e-21)
(0.937703 -0.0618296 -1.21082e-20)
(0.937046 -0.0616095 6.60662e-21)
(0.936447 -0.0614099 2.47474e-21)
(0.935904 -0.0612319 -2.17676e-21)
(0.935418 -0.0610768 -2.24673e-22)
(0.934988 -0.0609457 -5.96022e-22)
(0.934614 -0.0608396 -4.18471e-21)
(0.934296 -0.0607595 9.68986e-21)
(0.934034 -0.0607064 -2.98241e-21)
(0.933829 -0.0606809 -1.04848e-21)
(0.93368 -0.0606838 -5.21602e-21)
(0.933587 -0.0607155 8.29239e-21)
(0.933552 -0.0607763 -4.44964e-21)
(0.933574 -0.0608663 2.32854e-21)
(0.933655 -0.0609854 7.59948e-22)
(0.933793 -0.061133 -8.7874e-22)
(0.93399 -0.0613086 -4.4599e-22)
(0.934246 -0.0615111 -4.49343e-21)
(0.934562 -0.0617389 5.65727e-21)
(0.934938 -0.0619904 -3.43963e-21)
(0.935374 -0.0622631 7.20857e-22)
(1.0036 -0.0648194 7.79166e-21)
(1.00098 -0.0650721 -7.57241e-21)
(0.998062 -0.0654153 -6.0454e-21)
(0.995548 -0.0655258 -4.65221e-21)
(0.993176 -0.0655413 2.57571e-21)
(0.990853 -0.0655148 -2.67872e-21)
(0.988603 -0.0654427 4.72156e-21)
(0.986438 -0.0653266 -2.00569e-21)
(0.984354 -0.0651742 -4.22645e-21)
(0.98235 -0.0649923 3.43362e-21)
(0.980423 -0.0647862 6.39936e-21)
(0.978572 -0.0645608 -1.57512e-22)
(0.976796 -0.0643206 -1.11721e-20)
(0.975092 -0.0640696 1.67986e-20)
(0.973459 -0.0638114 -1.61705e-20)
(0.971895 -0.0635491 1.42418e-20)
(0.970398 -0.0632857 -3.8431e-21)
(0.968967 -0.063024 -3.84575e-21)
(0.9676 -0.0627662 -7.75339e-21)
(0.966295 -0.0625147 9.95018e-21)
(0.965051 -0.0622715 -4.40421e-21)
(0.963868 -0.0620385 3.66803e-21)
(0.962743 -0.0618176 -4.4632e-21)
(0.961677 -0.0616104 4.20339e-21)
(0.960668 -0.0614187 4.43786e-22)
(0.959715 -0.0612439 -4.65352e-21)
(0.958819 -0.0610875 5.75333e-21)
(0.957977 -0.060951 -3.7478e-21)
(0.957191 -0.0608357 5.73728e-22)
(0.956459 -0.0607428 -1.12892e-21)
(0.955782 -0.0606737 7.16979e-21)
(0.955159 -0.0606293 -6.09987e-21)
(0.95459 -0.0606107 -1.64185e-21)
(0.954075 -0.0606188 -7.35129e-22)
(0.953614 -0.0606544 1.86958e-21)
(0.953208 -0.0607179 1.02838e-21)
(0.952855 -0.0608098 1.1269e-21)
(0.952558 -0.0609303 -3.44053e-21)
(0.952315 -0.0610793 1.42856e-21)
(0.952126 -0.0612565 3.56665e-21)
(0.951993 -0.0614613 -7.99194e-23)
(0.951915 -0.0616926 -2.44507e-22)
(0.951893 -0.0619491 -5.73272e-22)
(0.951927 -0.062229 -1.13957e-21)
(0.952017 -0.0625302 -1.02154e-21)
(1.03152 -0.0617023 -1.96937e-21)
(1.02875 -0.0621327 -4.07887e-21)
(1.02567 -0.0626463 -1.52345e-21)
(1.02297 -0.0629164 6.17001e-21)
(1.0204 -0.0630855 -6.82357e-21)
(1.01787 -0.0632063 5.64524e-21)
(1.0154 -0.0632741 8.11022e-21)
(1.01301 -0.0632904 1.72859e-21)
(1.0107 -0.0632632 -1.35061e-20)
(1.00846 -0.0631994 1.46785e-20)
(1.00629 -0.0631047 -1.48246e-20)
(1.00419 -0.0629841 -2.40483e-21)
(1.00217 -0.0628425 1.3951e-20)
(1.00021 -0.0626843 4.811e-21)
(0.998323 -0.0625133 -4.25638e-22)
(0.996502 -0.0623332 -2.01204e-21)
(0.994746 -0.0621472 -1.31605e-20)
(0.993054 -0.0619584 2.00513e-21)
(0.991424 -0.0617696 1.0533e-20)
(0.989856 -0.0615831 -4.78461e-21)
(0.988347 -0.0614015 2.86634e-21)
(0.986897 -0.0612269 -3.17415e-21)
(0.985504 -0.0610613 9.71995e-23)
(0.984168 -0.0609067 -8.49044e-22)
(0.982888 -0.0607651 -4.40795e-22)
(0.981663 -0.060638 7.90829e-21)
(0.980492 -0.0605272 -9.60566e-21)
(0.979374 -0.0604343 9.42739e-21)
(0.978309 -0.0603607 -2.80659e-21)
(0.977297 -0.060308 -2.705e-21)
(0.976338 -0.0602774 8.38545e-22)
(0.97543 -0.0602701 -5.00195e-21)
(0.974574 -0.0602874 3.86315e-21)
(0.973769 -0.0603302 -1.54704e-21)
(0.973015 -0.0603994 -6.37581e-22)
(0.972313 -0.0604956 6.34029e-21)
(0.971662 -0.0606193 -3.83632e-21)
(0.971062 -0.0607709 -4.30992e-21)
(0.970514 -0.0609504 4.07495e-21)
(0.970016 -0.0611575 -6.6606e-23)
(0.969569 -0.0613917 -4.136e-22)
(0.969174 -0.0616521 -2.21286e-21)
(0.96883 -0.0619373 2.71802e-21)
(0.968538 -0.0622458 1.96757e-22)
(0.968296 -0.0625753 -1.98348e-21)
(1.05777 -0.0583644 7.50859e-21)
(1.05488 -0.0589613 -1.1806e-20)
(1.05169 -0.0596345 -6.88665e-21)
(1.04885 -0.0600571 3.07081e-21)
(1.04613 -0.0603749 1.7115e-20)
(1.04343 -0.0606397 -4.66999e-21)
(1.04079 -0.0608454 -9.79727e-21)
(1.03822 -0.0609935 -4.93208e-21)
(1.03571 -0.0610918 1.27843e-20)
(1.03327 -0.0611472 -9.496e-21)
(1.0309 -0.0611654 1.14174e-20)
(1.02859 -0.0611518 -3.19324e-21)
(1.02635 -0.0611113 -1.00583e-20)
(1.02418 -0.0610485 3.85321e-21)
(1.02207 -0.0609677 -4.19203e-21)
(1.02002 -0.0608727 9.98322e-21)
(1.01804 -0.060767 -1.18366e-20)
(1.01612 -0.0606541 1.72332e-20)
(1.01426 -0.0605369 -1.26248e-20)
(1.01245 -0.0604183 7.75269e-21)
(1.01071 -0.0603008 -5.03031e-21)
(1.00902 -0.060187 6.9775e-21)
(1.00738 -0.0600791 2.67582e-21)
(1.0058 -0.0599793 -1.51006e-20)
(1.00428 -0.0598897 6.22706e-21)
(1.0028 -0.0598121 -2.18011e-21)
(1.00138 -0.0597486 2.18324e-21)
(1.00001 -0.0597008 -1.66646e-21)
(0.998691 -0.0596704 8.05409e-21)
(0.997421 -0.059659 -2.53761e-21)
(0.996201 -0.059668 -3.16153e-21)
(0.99503 -0.0596989 7.85647e-22)
(0.993908 -0.0597529 -3.59533e-21)
(0.992834 -0.059831 2.51835e-21)
(0.991808 -0.0599344 9.84686e-22)
(0.99083 -0.0600638 6.06766e-23)
(0.989899 -0.0602197 -5.58915e-21)
(0.989016 -0.0604026 4.00592e-21)
(0.988181 -0.0606127 1.05173e-21)
(0.987392 -0.0608497 5.20521e-22)
(0.98665 -0.0611132 -1.62962e-22)
(0.985955 -0.0614025 1.33618e-21)
(0.985307 -0.0617163 -4.3482e-21)
(0.984706 -0.062053 -2.14674e-22)
(0.98415 -0.0624105 4.49795e-21)
(1.08228 -0.0548592 2.28359e-20)
(1.07932 -0.0556096 -1.83327e-20)
(1.07605 -0.0564297 8.94579e-21)
(1.07312 -0.0569958 6.48695e-21)
(1.07029 -0.0574556 -2.90868e-21)
(1.06747 -0.0578592 -3.53876e-21)
(1.06469 -0.0581991 8.68486e-21)
(1.06198 -0.0584763 -3.2346e-21)
(1.05932 -0.0586987 -1.1789e-20)
(1.05672 -0.0588727 1.18546e-20)
(1.05418 -0.0590041 -1.32062e-20)
(1.0517 -0.0590981 1.19751e-20)
(1.04928 -0.0591598 -5.95231e-21)
(1.04692 -0.0591939 3.20462e-21)
(1.04462 -0.0592049 8.44909e-21)
(1.04238 -0.0591968 -1.61037e-20)
(1.04021 -0.0591734 5.63185e-21)
(1.03808 -0.0591382 3.74962e-21)
(1.03602 -0.0590946 -1.71519e-21)
(1.03401 -0.0590456 -2.35628e-21)
(1.03205 -0.058994 2.04325e-21)
(1.03015 -0.0589426 2.66508e-21)
(1.0283 -0.0588939 2.55397e-21)
(1.02651 -0.0588503 -7.3441e-21)
(1.02476 -0.0588141 3.49921e-21)
(1.02306 -0.0587874 5.31454e-21)
(1.02142 -0.0587721 -2.52119e-21)
(1.01982 -0.0587704 4.4756e-22)
(1.01827 -0.058784 3.25269e-21)
(1.01676 -0.0588146 -3.07409e-21)
(1.0153 -0.0588639 -5.8462e-21)
(1.01389 -0.0589333 3.32292e-21)
(1.01253 -0.0590243 -1.87703e-21)
(1.0112 -0.0591382 2.52464e-21)
(1.00993 -0.0592759 -2.11728e-21)
(1.00869 -0.0594384 -1.99996e-22)
(1.0075 -0.0596265 -2.01905e-22)
(1.00636 -0.0598405 2.03549e-21)
(1.00526 -0.0600809 3.18708e-21)
(1.0042 -0.0603475 -5.38613e-21)
(1.00318 -0.06064 4.73065e-22)
(1.0022 -0.0609577 2.39392e-21)
(1.00127 -0.0612994 -7.01066e-22)
(1.00038 -0.0616637 -1.63867e-21)
(0.999524 -0.0620486 5.27612e-22)
(0.998713 -0.0624517 4.88597e-22)
(1.105 -0.051237 2.31136e-20)
(1.102 -0.0521267 1.71635e-20)
(1.09871 -0.0530796 -6.86168e-21)
(1.09573 -0.0537788 -1.09904e-20)
(1.09282 -0.0543725 9.41659e-21)
(1.08991 -0.054908 -5.72901e-21)
(1.08705 -0.0553767 -1.67605e-20)
(1.08422 -0.0557791 1.88317e-20)
(1.08145 -0.0561224 -2.10957e-21)
(1.07873 -0.0564131 -4.28756e-21)
(1.07606 -0.0566563 5.447e-22)
(1.07344 -0.0568573 2.84424e-22)
(1.07088 -0.057021 8.1611e-21)
(1.06838 -0.0571523 -2.68168e-21)
(1.06592 -0.0572555 -5.36097e-21)
(1.06353 -0.057335 1.00392e-20)
(1.06118 -0.0573946 -9.08189e-21)
(1.05889 -0.0574382 8.79169e-21)
(1.05665 -0.0574691 -1.00346e-20)
(1.05447 -0.0574906 8.18435e-21)
(1.05233 -0.0575059 4.69003e-21)
(1.05025 -0.0575179 -8.65835e-21)
(1.04821 -0.0575292 7.216e-21)
(1.04622 -0.0575426 -4.66252e-21)
(1.04428 -0.0575604 1.36852e-21)
(1.04239 -0.057585 3.78535e-21)
(1.04054 -0.0576186 -9.78442e-21)
(1.03874 -0.0576633 -1.13497e-21)
(1.03698 -0.0577212 -6.36497e-22)
(1.03527 -0.057794 1.17578e-20)
(1.03359 -0.0578836 -7.34442e-21)
(1.03196 -0.0579916 3.76319e-21)
(1.03038 -0.0581196 1.15709e-21)
(1.02883 -0.0582689 1.45457e-21)
(1.02732 -0.0584406 -4.69737e-21)
(1.02585 -0.058636 -2.71739e-21)
(1.02443 -0.0588557 -8.87546e-22)
(1.02304 -0.0591004 6.67889e-21)
(1.02169 -0.0593705 -2.42527e-21)
(1.02038 -0.059666 1.93499e-21)
(1.0191 -0.0599866 -1.82425e-22)
(1.01787 -0.0603319 -2.62267e-21)
(1.01667 -0.0607007 -9.22367e-22)
(1.0155 -0.0610918 1.55364e-21)
(1.01437 -0.0615031 3.57386e-22)
(1.01328 -0.0619324 8.67151e-22)
(1.12592 -0.047544 4.26824e-21)
(1.12292 -0.0485582 7.13783e-21)
(1.11964 -0.0496292 2.83861e-20)
(1.11664 -0.0504502 -2.81987e-20)
(1.1137 -0.0511682 -3.70952e-21)
(1.11075 -0.0518278 8.58292e-22)
(1.10782 -0.0524186 5.29597e-21)
(1.10494 -0.0529407 -2.45932e-22)
(1.10209 -0.0534008 1.38645e-20)
(1.09928 -0.0538047 -3.5565e-20)
(1.09652 -0.0541571 2.88311e-20)
(1.0938 -0.0544631 9.60252e-21)
(1.09113 -0.0547275 -5.88391e-21)
(1.08851 -0.054955 -1.33043e-20)
(1.08593 -0.0551499 5.38502e-21)
(1.08341 -0.0553166 -8.71622e-22)
(1.08093 -0.0554591 1.96487e-21)
(1.0785 -0.0555813 -6.81073e-21)
(1.07612 -0.0556867 1.21923e-20)
(1.07379 -0.055779 -9.53102e-21)
(1.0715 -0.0558613 1.31207e-21)
(1.06926 -0.0559367 2.47133e-21)
(1.06707 -0.0560082 -7.88584e-21)
(1.06491 -0.0560786 -1.24857e-21)
(1.06281 -0.0561505 1.18244e-20)
(1.06074 -0.0562264 3.71114e-21)
(1.05872 -0.0563087 -4.71828e-21)
(1.05673 -0.0563998 -5.87552e-21)
(1.05479 -0.0565017 8.82091e-22)
(1.05289 -0.0566165 -1.24018e-21)
(1.05103 -0.056746 4.49175e-22)
(1.0492 -0.0568922 -1.21224e-21)
(1.04741 -0.0570566 3.79673e-21)
(1.04566 -0.0572407 1.77549e-21)
(1.04395 -0.0574459 -2.13575e-21)
(1.04227 -0.0576733 4.57231e-21)
(1.04063 -0.0579238 -6.65193e-21)
(1.03902 -0.0581983 2.77269e-21)
(1.03744 -0.0584971 1.17357e-21)
(1.0359 -0.0588205 2.09146e-21)
(1.03439 -0.0591683 -6.91838e-21)
(1.03291 -0.05954 3.78871e-21)
(1.03146 -0.0599348 1.98907e-21)
(1.03004 -0.0603513 -2.59229e-21)
(1.02866 -0.0607879 2.7738e-21)
(1.0273 -0.0612422 -4.7636e-22)
(1.14506 -0.043822 -1.25838e-21)
(1.14209 -0.0449458 1.30161e-20)
(1.13886 -0.0461199 -4.43772e-21)
(1.13587 -0.0470508 -5.45893e-21)
(1.13293 -0.0478832 1.33641e-20)
(1.12997 -0.0486579 -1.33917e-21)
(1.12702 -0.0493631 1.59538e-20)
(1.1241 -0.0499985 -1.46718e-20)
(1.12121 -0.05057 -2.25655e-20)
(1.11835 -0.0510825 -3.36242e-21)
(1.11553 -0.0515405 2.46717e-20)
(1.11275 -0.0519485 -1.64232e-20)
(1.11 -0.052311 1.98426e-20)
(1.1073 -0.0526325 1.82981e-21)
(1.10463 -0.0529175 2.75728e-21)
(1.10201 -0.05317 -4.14089e-20)
(1.09943 -0.0533942 2.92927e-20)
(1.0969 -0.0535941 -9.00398e-21)
(1.0944 -0.0537733 -6.69662e-21)
(1.09195 -0.0539356 9.91579e-21)
(1.08954 -0.0540842 -3.09515e-21)
(1.08717 -0.0542226 -3.26259e-21)
(1.08484 -0.0543537 1.28559e-21)
(1.08255 -0.0544805 1.07422e-20)
(1.0803 -0.054606 -8.38397e-21)
(1.07809 -0.0547326 4.88017e-22)
(1.07591 -0.0548631 -3.1946e-21)
(1.07377 -0.0549999 1.92084e-21)
(1.07167 -0.0551451 -1.11719e-21)
(1.06961 -0.0553011 1.98218e-21)
(1.06757 -0.0554699 8.55522e-22)
(1.06558 -0.0556533 -2.03526e-21)
(1.06361 -0.0558532 6.15752e-21)
(1.06168 -0.0560712 -9.82076e-22)
(1.05978 -0.0563088 8.78181e-23)
(1.05791 -0.0565671 -3.3919e-21)
(1.05607 -0.0568474 -4.3786e-21)
(1.05426 -0.0571504 3.23668e-21)
(1.05248 -0.0574767 1.22163e-21)
(1.05072 -0.0578266 -1.73209e-21)
(1.049 -0.0582002 -2.93991e-22)
(1.0473 -0.058597 7.15762e-22)
(1.04562 -0.0590163 3.39727e-21)
(1.04397 -0.0594569 -4.30965e-21)
(1.04235 -0.0599172 1.129e-21)
(1.04075 -0.060395 -1.51384e-22)
(1.16244 -0.0401081 -3.22024e-20)
(1.15953 -0.0413268 1.12261e-20)
(1.15637 -0.0425893 4.33893e-20)
(1.15343 -0.0436183 1.35141e-21)
(1.15052 -0.0445547 -4.93229e-20)
(1.14758 -0.0454351 1.8702e-20)
(1.14465 -0.0462465 1.83368e-20)
(1.14173 -0.0469879 1.38783e-21)
(1.13883 -0.0476644 -4.12297e-20)
(1.13596 -0.0482802 2.32389e-21)
(1.13311 -0.0488389 1.96885e-20)
(1.13029 -0.0493447 -9.74422e-21)
(1.1275 -0.0498018 1.92665e-20)
(1.12474 -0.0502143 -4.7879e-21)
(1.12202 -0.0505865 -1.39568e-20)
(1.11933 -0.0509225 2.04933e-20)
(1.11668 -0.0512264 -2.34696e-20)
(1.11406 -0.0515022 1.08484e-20)
(1.11148 -0.0517536 -3.02505e-21)
(1.10894 -0.0519844 1.02096e-20)
(1.10643 -0.0521981 -9.52643e-21)
(1.10396 -0.0523981 -2.4333e-21)
(1.10152 -0.0525877 4.70881e-21)
(1.09912 -0.0527699 4.8824e-21)
(1.09675 -0.0529478 -9.85557e-21)
(1.09441 -0.0531242 8.24518e-21)
(1.09211 -0.0533018 -7.82831e-23)
(1.08984 -0.0534831 -6.46651e-21)
(1.0876 -0.0536706 1.91741e-21)
(1.0854 -0.0538667 1.30259e-21)
(1.08322 -0.0540734 -3.43436e-21)
(1.08107 -0.0542929 3.09021e-21)
(1.07895 -0.0545271 -3.65777e-21)
(1.07686 -0.0547777 4.25551e-21)
(1.07479 -0.0550463 4.91124e-21)
(1.07275 -0.0553342 -9.73095e-21)
(1.07074 -0.0556427 6.13009e-21)
(1.06875 -0.0559728 -2.89511e-21)
(1.06678 -0.0563251 -2.27712e-21)
(1.06484 -0.0567 3.00847e-21)
(1.06292 -0.0570977 3.45815e-22)
(1.06101 -0.0575179 1.20009e-21)
(1.05913 -0.05796 -2.8014e-21)
(1.05727 -0.058423 1.86797e-21)
(1.05542 -0.0589053 -8.54304e-22)
(1.0536 -0.0594049 -3.23193e-21)
(1.05179 -0.0599193 2.53644e-21)
(1.17812 -0.0364345 2.11073e-20)
(1.17529 -0.0377342 -5.32414e-21)
(1.17223 -0.0390714 2.8354e-20)
(1.16937 -0.0401869 7.72643e-21)
(1.16651 -0.0412169 -6.82029e-21)
(1.16363 -0.0421934 -2.38126e-20)
(1.16074 -0.0431023 2.20275e-20)
(1.15786 -0.043942 -2.64359e-20)
(1.15498 -0.0447164 3.39786e-20)
(1.15212 -0.045429 -3.80949e-20)
(1.14928 -0.0460827 3.02704e-20)
(1.14645 -0.0466812 -9.18997e-21)
(1.14365 -0.0472282 -1.4382e-20)
(1.14087 -0.0477277 1.537e-20)
(1.13811 -0.0481835 1.14682e-20)
(1.13539 -0.0485998 -1.01982e-20)
(1.13269 -0.0489806 1.67388e-21)
(1.13002 -0.0493296 -3.63777e-21)
(1.12738 -0.0496509 1.61098e-20)
(1.12476 -0.0499482 -3.71483e-21)
(1.12218 -0.050225 -1.53882e-20)
(1.11963 -0.0504849 1.82303e-20)
(1.11711 -0.0507313 -8.18519e-21)
(1.11462 -0.0509673 -1.8618e-21)
(1.11215 -0.0511961 2.19988e-23)
(1.10972 -0.0514206 -1.51635e-21)
(1.10731 -0.0516438 -4.18732e-21)
(1.10493 -0.0518682 2.57206e-22)
(1.10258 -0.0520966 2.95069e-21)
(1.10025 -0.0523312 -1.72072e-21)
(1.09795 -0.0525745 -3.6708e-21)
(1.09567 -0.0528285 5.34239e-21)
(1.09342 -0.0530954 -3.0518e-22)
(1.09119 -0.053377 7.86492e-22)
(1.08898 -0.053675 1.02754e-21)
(1.08679 -0.0539908 -6.84776e-21)
(1.08462 -0.0543259 8.30517e-21)
(1.08247 -0.0546813 -5.58106e-21)
(1.08034 -0.0550577 1.19412e-21)
(1.07822 -0.0554558 -4.75053e-21)
(1.07612 -0.0558758 3.28696e-21)
(1.07404 -0.0563176 -1.05226e-21)
(1.07197 -0.0567806 1.67272e-21)
(1.06991 -0.057264 5.43692e-22)
(1.06787 -0.0577664 -6.55148e-22)
(1.06584 -0.0582858 2.12454e-21)
(1.06381 -0.05882 -1.76717e-21)
(1.19216 -0.0328287 2.60129e-20)
(1.18943 -0.0341968 -4.82429e-21)
(1.1865 -0.0355961 6.43074e-22)
(1.18373 -0.0367874 1.88564e-20)
(1.18097 -0.037901 -2.71956e-21)
(1.17816 -0.0389641 7.30981e-21)
(1.17534 -0.0399616 -2.05326e-20)
(1.17252 -0.0408911 2.42441e-20)
(1.1697 -0.0417557 -3.48891e-20)
(1.16688 -0.0425579 1.92393e-20)
(1.16407 -0.0433001 -1.39189e-21)
(1.16126 -0.0439852 -4.62965e-21)
(1.15847 -0.0446167 -1.09899e-20)
(1.15569 -0.0451981 1.03498e-20)
(1.15293 -0.0457332 1.55092e-20)
(1.15019 -0.0462257 -1.15313e-20)
(1.14747 -0.0466797 -8.88956e-22)
(1.14477 -0.0470988 -3.33805e-21)
(1.1421 -0.047487 -8.52433e-21)
(1.13944 -0.047848 -2.68784e-21)
(1.13681 -0.0481855 2.52542e-20)
(1.1342 -0.048503 -3.14788e-20)
(1.13162 -0.048804 1.55845e-20)
(1.12906 -0.0490918 -7.62153e-21)
(1.12652 -0.0493696 1.03768e-20)
(1.12401 -0.0496405 -5.61306e-21)
(1.12152 -0.0499074 5.51134e-21)
(1.11905 -0.0501732 -8.35512e-21)
(1.1166 -0.0504405 3.55729e-21)
(1.11417 -0.050712 -3.81096e-21)
(1.11177 -0.05099 6.72432e-21)
(1.10938 -0.0512768 1.85727e-21)
(1.10701 -0.0515746 -1.64573e-21)
(1.10466 -0.0518853 -5.29661e-21)
(1.10233 -0.0522108 6.95826e-22)
(1.10001 -0.0525527 5.31083e-22)
(1.09771 -0.0529124 7.60633e-21)
(1.09542 -0.0532912 -6.92642e-22)
(1.09314 -0.0536898 -3.78529e-21)
(1.09087 -0.0541091 -4.35352e-21)
(1.08862 -0.0545493 2.93201e-22)
(1.08637 -0.0550106 2.7547e-21)
(1.08413 -0.0554924 3.32895e-21)
(1.0819 -0.0559942 -1.19389e-21)
(1.07968 -0.0565145 -1.67021e-21)
(1.07746 -0.0570517 1.27946e-22)
(1.07524 -0.0576036 -1.23413e-23)
(1.20464 -0.0293139 8.18633e-21)
(1.20204 -0.0307393 -3.85463e-20)
(1.19925 -0.03219 1.1808e-20)
(1.1966 -0.0334475 -4.28396e-22)
(1.19395 -0.0346352 -1.23413e-20)
(1.19124 -0.0357755 2.04676e-20)
(1.18852 -0.0368524 -3.66788e-20)
(1.18579 -0.0378629 1.08245e-20)
(1.18304 -0.0388092 1.40373e-20)
(1.18029 -0.0396931 -2.03486e-20)
(1.17753 -0.0405162 3.67114e-20)
(1.17478 -0.0412811 -3.96857e-20)
(1.17202 -0.0419908 4.39818e-20)
(1.16927 -0.0426485 -3.61384e-20)
(1.16653 -0.0432575 2.71832e-20)
(1.16379 -0.0438217 -2.84837e-20)
(1.16107 -0.0443446 1.87959e-20)
(1.15837 -0.04483 1.831e-20)
(1.15567 -0.0452816 -1.24205e-20)
(1.153 -0.0457033 -9.44382e-21)
(1.15034 -0.0460985 1.65745e-20)
(1.14769 -0.0464709 -2.10635e-21)
(1.14507 -0.0468241 -1.45401e-20)
(1.14246 -0.0471613 -6.38375e-21)
(1.13987 -0.0474859 8.61611e-22)
(1.1373 -0.0478009 7.98018e-21)
(1.13474 -0.0481095 1.26793e-20)
(1.1322 -0.0484146 -1.05433e-20)
(1.12968 -0.048719 1.39884e-21)
(1.12718 -0.0490253 -4.82199e-21)
(1.12469 -0.049336 5.92827e-21)
(1.12221 -0.0496536 -5.64417e-21)
(1.11975 -0.0499803 2.71839e-21)
(1.11729 -0.0503182 8.50173e-22)
(1.11485 -0.0506692 -2.16546e-21)
(1.11243 -0.0510351 4.762e-21)
(1.11001 -0.0514173 -5.91208e-21)
(1.10759 -0.0518173 3.35093e-21)
(1.10519 -0.052236 9.38782e-22)
(1.10279 -0.0526742 -7.56853e-21)
(1.1004 -0.0531325 6.08126e-21)
(1.09801 -0.053611 -8.8987e-22)
(1.09562 -0.0541095 1.49989e-21)
(1.09323 -0.0546273 -3.54206e-21)
(1.09084 -0.0551634 3.69087e-21)
(1.08845 -0.0557161 -1.61239e-21)
(1.08606 -0.0562834 -4.16087e-21)
(1.21566 -0.0259094 4.76523e-20)
(1.21319 -0.0273834 -2.7043e-20)
(1.21056 -0.0288772 1.03234e-20)
(1.20806 -0.0301923 -4.38955e-21)
(1.20554 -0.0314451 -1.48007e-22)
(1.20296 -0.0326532 1.80788e-20)
(1.20036 -0.0338 -3.40504e-21)
(1.19774 -0.0348819 -4.52097e-22)
(1.19509 -0.0359007 1.54851e-20)
(1.19242 -0.0368574 -1.1717e-20)
(1.18974 -0.0377533 -1.5657e-20)
(1.18705 -0.0385904 2.0688e-20)
(1.18435 -0.0393713 -1.14094e-20)
(1.18164 -0.0400988 -1.72578e-20)
(1.17894 -0.0407762 7.08587e-21)
(1.17623 -0.0414067 4.64572e-21)
(1.17353 -0.0419939 5.56834e-21)
(1.17083 -0.0425414 5.27224e-21)
(1.16815 -0.0430527 1.81888e-22)
(1.16547 -0.0435314 -1.56596e-20)
(1.16279 -0.0439813 1.72422e-20)
(1.16013 -0.0444057 -3.27575e-20)
(1.15749 -0.0448083 2.1345e-20)
(1.15485 -0.0451923 -3.74115e-21)
(1.15223 -0.0455612 -1.52498e-20)
(1.14961 -0.0459181 1.46773e-20)
(1.14701 -0.0462661 -8.03667e-21)
(1.14442 -0.0466083 1.44434e-20)
(1.14184 -0.0469474 -1.64542e-21)
(1.13928 -0.0472864 -2.97652e-23)
(1.13672 -0.0476277 -1.32356e-21)
(1.13417 -0.0479739 -1.45326e-21)
(1.13163 -0.0483274 1.90385e-21)
(1.12909 -0.0486903 -6.05117e-21)
(1.12657 -0.0490646 2.36972e-21)
(1.12404 -0.0494522 -2.88832e-21)
(1.12153 -0.0498548 9.28178e-21)
(1.11901 -0.0502737 7.78954e-22)
(1.1165 -0.0507102 -9.22858e-21)
(1.11398 -0.0511652 2.95828e-21)
(1.11147 -0.0516392 -3.98032e-22)
(1.10895 -0.0521327 -2.79045e-22)
(1.10643 -0.0526454 -1.80917e-21)
(1.1039 -0.0531769 3.32609e-21)
(1.10137 -0.0537263 2.27614e-21)
(1.09883 -0.0542921 -3.25413e-21)
(1.09628 -0.0548725 3.46683e-21)
(1.09372 -0.055465 -1.35856e-21)
(1.2253 -0.0226323 9.51801e-21)
(1.22299 -0.0241494 1.62586e-20)
(1.22055 -0.0256805 -9.15083e-21)
(1.21821 -0.0270456 -1.04951e-20)
(1.21584 -0.0283542 2.46699e-20)
(1.21342 -0.0296201 -3.80495e-20)
(1.21095 -0.0308262 2.91902e-20)
(1.20845 -0.0319692 -1.73043e-20)
(1.20592 -0.0330504 -8.30379e-21)
(1.20335 -0.0340703 2.02494e-20)
(1.20076 -0.03503 2.59044e-21)
(1.19815 -0.035931 -1.35481e-20)
(1.19552 -0.0367757 -8.57189e-21)
(1.19288 -0.0375664 3.62866e-20)
(1.19022 -0.0383059 -4.4428e-20)
(1.18756 -0.0389974 4.13786e-20)
(1.1849 -0.039644 -2.81028e-20)
(1.18223 -0.040249 5.35663e-21)
(1.17956 -0.0408159 7.97428e-21)
(1.17689 -0.0413481 5.30355e-22)
(1.17423 -0.0418492 -6.46842e-21)
(1.17157 -0.0423225 -6.86963e-21)
(1.16891 -0.0427715 1.86558e-20)
(1.16626 -0.0431997 -7.00868e-21)
(1.16362 -0.0436102 -1.05412e-20)
(1.16098 -0.0440065 6.60063e-21)
(1.15835 -0.0443915 -3.98748e-21)
(1.15573 -0.0447684 1.25276e-20)
(1.15311 -0.0451401 -2.04321e-20)
(1.1505 -0.0455094 2.14598e-20)
(1.14789 -0.045879 -9.14338e-21)
(1.14528 -0.0462516 3.82193e-21)
(1.14268 -0.0466295 -5.83941e-21)
(1.14008 -0.0470151 5.84359e-21)
(1.13748 -0.0474105 -4.1367e-21)
(1.13488 -0.0478175 1.82431e-21)
(1.13228 -0.0482381 -4.10178e-21)
(1.12968 -0.0486737 -2.63049e-21)
(1.12707 -0.0491256 1.08085e-21)
(1.12446 -0.0495949 3.7201e-21)
(1.12184 -0.0500822 -3.76143e-22)
(1.11921 -0.0505882 -1.16656e-21)
(1.11658 -0.0511127 -3.31653e-21)
(1.11393 -0.0516555 6.89408e-21)
(1.11126 -0.0522157 -3.99291e-21)
(1.10859 -0.0527922 3.95324e-21)
(1.1059 -0.0533832 -1.91571e-22)
(1.10319 -0.0539864 -3.95351e-21)
(1.2337 -0.0194997 -1.08511e-20)
(1.23156 -0.0210584 -2.38754e-20)
(1.22932 -0.0226229 3.17541e-22)
(1.22717 -0.0240287 -1.78939e-20)
(1.22497 -0.025382 3.81907e-21)
(1.22271 -0.0266938 3.43643e-20)
(1.22039 -0.027947 -3.35728e-20)
(1.21803 -0.0291392 7.65589e-21)
(1.21562 -0.0302715 -3.61522e-22)
(1.21317 -0.0313445 1.73598e-20)
(1.21068 -0.0323586 -2.41498e-20)
(1.20816 -0.0333152 2.57396e-22)
(1.20561 -0.034216 1.74068e-20)
(1.20304 -0.0350631 4.05219e-21)
(1.20045 -0.0358587 -8.25466e-21)
(1.19784 -0.0366057 2.08639e-22)
(1.19522 -0.0373067 6.70072e-21)
(1.19259 -0.0379649 -5.11148e-21)
(1.18996 -0.0385834 6.8107e-21)
(1.18732 -0.0391654 -7.22017e-21)
(1.18467 -0.0397142 1.88625e-20)
(1.18203 -0.0402333 -1.34052e-20)
(1.17938 -0.0407258 6.32831e-21)
(1.17674 -0.0411953 7.17435e-21)
(1.17409 -0.0416449 -1.69287e-20)
(1.17144 -0.042078 3.8091e-21)
(1.1688 -0.0424975 -7.83374e-21)
(1.16616 -0.0429067 1.71149e-22)
(1.16351 -0.0433086 8.59889e-22)
(1.16087 -0.043706 1.71454e-20)
(1.15823 -0.0441016 -2.82619e-20)
(1.15558 -0.0444982 9.01146e-21)
(1.15293 -0.0448983 3.10174e-21)
(1.15028 -0.0453043 4.73232e-22)
(1.14763 -0.0457183 -1.29633e-21)
(1.14497 -0.0461425 -2.88353e-21)
(1.1423 -0.0465787 6.49597e-21)
(1.13962 -0.0470285 2.39696e-21)
(1.13694 -0.0474935 -3.46059e-21)
(1.13424 -0.0479746 3.52394e-21)
(1.13153 -0.0484729 -8.03869e-21)
(1.12881 -0.0489889 4.40893e-22)
(1.12607 -0.0495227 9.94498e-22)
(1.12332 -0.0500743 1.41783e-21)
(1.12054 -0.0506429 -3.63446e-22)
(1.11775 -0.0512276 -1.71726e-21)
(1.11493 -0.0518267 3.40631e-21)
(1.11209 -0.0524382 -3.16221e-21)
(1.24097 -0.0165186 -2.42936e-20)
(1.23904 -0.0181248 -1.70052e-20)
(1.23703 -0.0197201 1.34453e-20)
(1.23508 -0.021155 1.93012e-20)
(1.23306 -0.0225396 8.04017e-22)
(1.23096 -0.0238834 -3.29201e-20)
(1.2288 -0.0251703 -1.25991e-20)
(1.22657 -0.0263992 -1.6859e-21)
(1.22428 -0.0275717 7.98061e-22)
(1.22194 -0.0286877 -2.60961e-22)
(1.21956 -0.0297474 4.26876e-21)
(1.21713 -0.0307516 2.69679e-20)
(1.21467 -0.0317015 3.65857e-21)
(1.21218 -0.0325986 -2.23123e-20)
(1.20967 -0.0334448 9.53091e-21)
(1.20713 -0.034242 -1.03453e-20)
(1.20457 -0.0349929 6.38645e-21)
(1.20199 -0.0357 -1.67879e-20)
(1.1994 -0.0363662 2.23365e-20)
(1.1968 -0.0369944 5.9856e-21)
(1.19419 -0.0375878 9.21546e-21)
(1.19157 -0.0381495 5.97238e-21)
(1.18895 -0.0386827 -2.43316e-20)
(1.18632 -0.0391908 1.0428e-20)
(1.18368 -0.0396769 9.19216e-21)
(1.18104 -0.0401442 -1.41365e-20)
(1.17839 -0.0405959 -2.22569e-21)
(1.17574 -0.041035 4.01167e-21)
(1.17309 -0.0414647 -9.77806e-21)
(1.17043 -0.0418878 -1.05781e-21)
(1.16776 -0.0423073 1.21717e-20)
(1.16509 -0.0427257 -3.15994e-21)
(1.16241 -0.0431457 -1.72063e-21)
(1.15972 -0.0435698 3.69521e-21)
(1.15702 -0.0440003 -6.92197e-21)
(1.15432 -0.0444393 4.66925e-21)
(1.15159 -0.0448889 1.47082e-21)
(1.14886 -0.0453507 1.27325e-21)
(1.14611 -0.0458263 -5.88991e-21)
(1.14335 -0.046317 4.3294e-21)
(1.14056 -0.0468239 -4.30721e-21)
(1.13776 -0.0473475 2.32834e-21)
(1.13494 -0.0478883 -1.42397e-22)
(1.13209 -0.0484463 3.66716e-22)
(1.12922 -0.0490209 1.84025e-21)
(1.12632 -0.0496113 -6.23171e-22)
(1.12339 -0.0502161 -1.86184e-21)
(1.12044 -0.0508333 -6.95393e-22)
(1.11745 -0.0514605 2.7542e-21)
(1.24732 -0.0136946 -5.43462e-20)
(1.24562 -0.015376 3.85009e-20)
(1.24384 -0.0170006 -1.0554e-20)
(1.2421 -0.0184509 -1.11099e-20)
(1.24025 -0.0198537 2.99994e-20)
(1.23829 -0.0212159 -2.58604e-20)
(1.23626 -0.0225234 2.65106e-20)
(1.23416 -0.0237775 -1.16467e-20)
(1.23199 -0.0249797 -5.11434e-21)
(1.22976 -0.0261293 -3.5893e-20)
(1.22748 -0.0272261 5.12484e-20)
(1.22516 -0.0282703 -4.28828e-20)
(1.22279 -0.0292623 1.7381e-20)
(1.22038 -0.0302029 8.83118e-21)
(1.21795 -0.0310935 3.80157e-21)
(1.21548 -0.0319356 -2.00692e-20)
(1.21299 -0.0327312 -6.2899e-21)
(1.21048 -0.0334824 -3.69424e-22)
(1.20794 -0.0341919 -1.94637e-21)
(1.20539 -0.0348623 5.06084e-21)
(1.20282 -0.0354963 2.39598e-20)
(1.20024 -0.0360971 -7.99851e-21)
(1.19765 -0.0366677 -2.08819e-21)
(1.19505 -0.0372111 -4.58965e-21)
(1.19243 -0.0377306 6.85288e-21)
(1.18981 -0.0382293 3.01088e-21)
(1.18717 -0.0387103 -7.39e-21)
(1.18453 -0.0391767 2.18258e-21)
(1.18187 -0.0396316 -1.13651e-21)
(1.17921 -0.0400779 -7.52349e-21)
(1.17653 -0.0405186 7.96627e-22)
(1.17385 -0.0409563 7.11534e-21)
(1.17115 -0.0413938 4.30044e-21)
(1.16843 -0.0418335 -1.59057e-20)
(1.16571 -0.042278 5.53087e-21)
(1.16296 -0.0427294 6.32881e-21)
(1.1602 -0.0431899 -6.84128e-21)
(1.15742 -0.0436612 1.29966e-22)
(1.15462 -0.044145 1.59342e-21)
(1.1518 -0.0446428 -2.26308e-21)
(1.14896 -0.0451556 1.65896e-21)
(1.14609 -0.0456844 -2.08878e-21)
(1.14319 -0.0462296 3.14288e-21)
(1.14026 -0.0467913 -1.0092e-21)
(1.13731 -0.0473692 -1.79276e-21)
(1.13432 -0.0479627 2.13659e-21)
(1.1313 -0.0485705 -1.3209e-21)
(1.12824 -0.0491908 1.79109e-22)
(1.12515 -0.0498214 4.02745e-21)
(1.25302 -0.011187 2.04061e-20)
(1.25154 -0.0129412 1.81819e-20)
(1.24997 -0.0145209 -1.76758e-20)
(1.24837 -0.0159316 -1.74405e-20)
(1.24664 -0.0173191 -7.04544e-21)
(1.2448 -0.0186755 2.22915e-20)
(1.24288 -0.0199868 2.64548e-21)
(1.24089 -0.0212543 1.5729e-20)
(1.23882 -0.022477 1.06804e-21)
(1.2367 -0.0236528 -1.70091e-20)
(1.23452 -0.0247804 1.27859e-21)
(1.23229 -0.0258588 -9.54046e-22)
(1.23002 -0.0268878 -1.3702e-20)
(1.2277 -0.0278674 1.2063e-20)
(1.22535 -0.0287982 -4.48971e-21)
(1.22296 -0.0296813 -1.43938e-20)
(1.22055 -0.030518 4.06749e-20)
(1.2181 -0.0313102 -1.68396e-20)
(1.21563 -0.0320599 -1.28559e-20)
(1.21314 -0.0327695 -3.86332e-21)
(1.21063 -0.0334416 5.52875e-23)
(1.2081 -0.0340788 2.81922e-20)
(1.20555 -0.0346841 -3.22838e-20)
(1.20298 -0.0352605 2.60399e-20)
(1.2004 -0.035811 -1.25551e-21)
(1.1978 -0.0363386 -6.48008e-21)
(1.19518 -0.0368465 8.86045e-21)
(1.19256 -0.0373377 -1.45872e-20)
(1.18991 -0.0378153 -5.97048e-21)
(1.18725 -0.0382822 1.79124e-20)
(1.18458 -0.0387414 5.75565e-21)
(1.18189 -0.0391958 -1.53618e-20)
(1.17918 -0.0396479 1.30245e-20)
(1.17645 -0.0401005 -2.41039e-21)
(1.17371 -0.0405561 3.55094e-21)
(1.17094 -0.041017 -1.45125e-20)
(1.16815 -0.0414852 9.15958e-21)
(1.16533 -0.041963 -4.7127e-21)
(1.1625 -0.0424519 -4.46025e-22)
(1.15963 -0.0429535 1.52253e-21)
(1.15673 -0.0434692 -1.63772e-21)
(1.15381 -0.0439998 4.02056e-21)
(1.15085 -0.0445461 -4.82216e-21)
(1.14786 -0.0451083 5.02935e-22)
(1.14483 -0.0456864 2.78716e-22)
(1.14177 -0.0462797 5.91642e-21)
(1.13867 -0.0468873 -6.16063e-21)
(1.13552 -0.0475076 1.83566e-22)
(1.13233 -0.0481386 4.32295e-22)
(1.25874 -0.00908939 -7.44305e-21)
(1.25726 -0.0105802 3.32344e-21)
(1.25568 -0.0119081 -3.46183e-20)
(1.25406 -0.0132147 8.94398e-21)
(1.25235 -0.0145597 4.20579e-20)
(1.25057 -0.0158984 -5.73702e-21)
(1.24872 -0.0172142 -3.61876e-20)
(1.24681 -0.0185009 -1.28965e-20)
(1.24484 -0.0197519 8.87972e-21)
(1.24281 -0.0209625 1.48665e-20)
(1.24073 -0.0221296 -1.22135e-20)
(1.2386 -0.023251 4.24142e-20)
(1.23642 -0.0243253 -4.80019e-20)
(1.2342 -0.0253519 1.62588e-20)
(1.23194 -0.0263307 2.22683e-20)
(1.22964 -0.027262 -1.26167e-20)
(1.2273 -0.0281467 -5.94514e-21)
(1.22493 -0.0289862 -1.16924e-20)
(1.22254 -0.0297822 6.19968e-21)
(1.22011 -0.0305366 2.84951e-20)
(1.21766 -0.0312517 -2.72691e-20)
(1.21518 -0.03193 2.14117e-21)
(1.21268 -0.0325743 -7.60755e-21)
(1.21016 -0.0331873 1.3045e-20)
(1.20762 -0.033772 1.87832e-21)
(1.20506 -0.0343314 5.8801e-21)
(1.20247 -0.0348686 -1.92073e-20)
(1.19987 -0.0353866 2.30026e-20)
(1.19725 -0.0358885 -2.19609e-20)
(1.1946 -0.0363773 1.7267e-20)
(1.19194 -0.036856 -9.31349e-22)
(1.18925 -0.0373275 -1.2981e-20)
(1.18655 -0.0377947 -4.36911e-21)
(1.18382 -0.0382602 1.21735e-20)
(1.18106 -0.0387266 -1.21033e-20)
(1.17828 -0.0391965 5.3246e-22)
(1.17547 -0.0396721 8.04861e-21)
(1.17263 -0.0401555 8.89913e-22)
(1.16976 -0.0406486 -4.75956e-21)
(1.16686 -0.0411532 5.61101e-21)
(1.16393 -0.0416706 5.47952e-22)
(1.16096 -0.0422021 -2.62895e-21)
(1.15796 -0.0427484 3.75621e-21)
(1.15491 -0.04331 -4.62964e-21)
(1.15182 -0.0438871 2.56544e-21)
(1.14869 -0.0444793 -2.06694e-21)
(1.14552 -0.0450858 -1.76916e-21)
(1.1423 -0.0457052 3.39794e-21)
(1.13903 -0.0463359 3.72276e-22)
(1.26329 -0.00688239 0)
(1.26098 -0.00884615 0)
(1.259 -0.0103595 0)
(1.25722 -0.0117579 0)
(1.25546 -0.0131258 0)
(1.25368 -0.0144675 0)
(1.25186 -0.0157817 0)
(1.25 -0.0170647 0)
(1.24808 -0.018312 0)
(1.24611 -0.0195202 0)
(1.2441 -0.0206865 0)
(1.24203 -0.0218088 0)
(1.23992 -0.0228858 0)
(1.23776 -0.0239167 0)
(1.23556 -0.0249013 0)
(1.23332 -0.0258398 0)
(1.23105 -0.026733 0)
(1.22873 -0.027582 0)
(1.22639 -0.0283882 0)
(1.22401 -0.0291536 0)
(1.22161 -0.0298801 0)
(1.21918 -0.0305702 0)
(1.21672 -0.0312263 0)
(1.21424 -0.0318512 0)
(1.21173 -0.0324476 0)
(1.2092 -0.0330185 0)
(1.20665 -0.0335667 0)
(1.20407 -0.0340954 0)
(1.20147 -0.0346074 0)
(1.19885 -0.0351058 0)
(1.1962 -0.0355934 0)
(1.19353 -0.0360732 0)
(1.19083 -0.036548 0)
(1.18811 -0.0370203 0)
(1.18535 -0.037493 0)
(1.18257 -0.0379683 0)
(1.17976 -0.0384486 0)
(1.17692 -0.038936 0)
(1.17405 -0.0394325 0)
(1.17114 -0.0399397 0)
(1.16819 -0.0404591 0)
(1.1652 -0.040992 0)
(1.16218 -0.0415392 0)
(1.15911 -0.0421013 0)
(1.156 -0.0426784 0)
(1.15284 -0.0432702 0)
(1.14963 -0.043876 0)
(1.14637 -0.0444947 0)
(1.14306 -0.0451245 0)
(1.26484 -0.00594141 0)
(1.26256 -0.00809309 0)
(1.26049 -0.00971995 0)
(1.25866 -0.011167 0)
(1.25689 -0.0125492 0)
(1.25511 -0.0138922 0)
(1.25331 -0.0152021 0)
(1.25147 -0.0164784 0)
(1.24959 -0.0177183 0)
(1.24765 -0.018919 0)
(1.24567 -0.0200783 0)
(1.24364 -0.0211943 0)
(1.24156 -0.0222659 0)
(1.23944 -0.0232923 0)
(1.23727 -0.0242733 0)
(1.23506 -0.0252091 0)
(1.23282 -0.0261005 0)
(1.23054 -0.0269484 0)
(1.22822 -0.0277543 0)
(1.22588 -0.0285199 0)
(1.2235 -0.0292473 0)
(1.22109 -0.0299387 0)
(1.21866 -0.0305965 0)
(1.2162 -0.0312234 0)
(1.21371 -0.0318221 0)
(1.2112 -0.0323954 0)
(1.20866 -0.0329462 0)
(1.2061 -0.0334775 0)
(1.20352 -0.0339921 0)
(1.2009 -0.0344931 0)
(1.19827 -0.0349832 0)
(1.19561 -0.0354654 0)
(1.19292 -0.0359424 0)
(1.1902 -0.0364168 0)
(1.18746 -0.0368912 0)
(1.18468 -0.0373681 0)
(1.18187 -0.0378498 0)
(1.17903 -0.0383383 0)
(1.17616 -0.0388356 0)
(1.17324 -0.0393433 0)
(1.17029 -0.0398631 0)
(1.1673 -0.0403959 0)
(1.16427 -0.0409429 0)
(1.16119 -0.0415044 0)
(1.15807 -0.0420806 0)
(1.1549 -0.0426714 0)
(1.15167 -0.0432761 0)
(1.1484 -0.0438934 0)
(1.14507 -0.0445216 0)
(1.26595 -0.00511921 0)
(1.26388 -0.00733889 0)
(1.26184 -0.00905843 0)
(1.26 -0.0105575 0)
(1.25823 -0.0119608 0)
(1.25646 -0.0133097 0)
(1.25468 -0.014618 0)
(1.25287 -0.0158889 0)
(1.25102 -0.0171218 0)
(1.24912 -0.0183152 0)
(1.24717 -0.0194673 0)
(1.24517 -0.0205767 0)
(1.24313 -0.0216424 0)
(1.24104 -0.0226638 0)
(1.23891 -0.0236406 0)
(1.23674 -0.0245731 0)
(1.23452 -0.0254619 0)
(1.23227 -0.0263082 0)
(1.22999 -0.0271131 0)
(1.22767 -0.0278784 0)
(1.22532 -0.0286061 0)
(1.22294 -0.0292983 0)
(1.22053 -0.0299574 0)
(1.21809 -0.0305859 0)
(1.21563 -0.0311865 0)
(1.21313 -0.0317619 0)
(1.21062 -0.032315 0)
(1.20807 -0.0328486 0)
(1.2055 -0.0333657 0)
(1.2029 -0.033869 0)
(1.20028 -0.0343615 0)
(1.19763 -0.0348459 0)
(1.19495 -0.035325 0)
(1.19224 -0.0358014 0)
(1.1895 -0.0362776 0)
(1.18673 -0.036756 0)
(1.18393 -0.037239 0)
(1.18109 -0.0377285 0)
(1.17821 -0.0382266 0)
(1.1753 -0.0387349 0)
(1.17235 -0.0392549 0)
(1.16935 -0.0397877 0)
(1.16631 -0.0403343 0)
(1.16323 -0.0408952 0)
(1.1601 -0.0414707 0)
(1.15691 -0.0420604 0)
(1.15368 -0.0426638 0)
(1.15039 -0.0432796 0)
(1.14705 -0.0439062 0)
(1.26679 -0.00443504 0)
(1.26497 -0.00661666 0)
(1.26303 -0.00838674 0)
(1.26122 -0.00993021 0)
(1.25946 -0.0113566 0)
(1.25772 -0.0127143 0)
(1.25597 -0.0140234 0)
(1.25419 -0.0152908 0)
(1.25237 -0.0165181 0)
(1.2505 -0.0177051 0)
(1.24859 -0.0188507 0)
(1.24663 -0.0199541 0)
(1.24462 -0.0210142 0)
(1.24257 -0.0220307 0)
(1.24047 -0.0230035 0)
(1.23833 -0.0239328 0)
(1.23615 -0.0248192 0)
(1.23394 -0.0256637 0)
(1.23168 -0.0264677 0)
(1.22939 -0.0272327 0)
(1.22707 -0.0279606 0)
(1.22472 -0.0286535 0)
(1.22233 -0.0293137 0)
(1.21992 -0.0299436 0)
(1.21748 -0.0305459 0)
(1.215 -0.0311233 0)
(1.21251 -0.0316785 0)
(1.20998 -0.0322143 0)
(1.20743 -0.0327335 0)
(1.20484 -0.033239 0)
(1.20223 -0.0337336 0)
(1.19959 -0.03422 0)
(1.19692 -0.034701 0)
(1.19422 -0.035179 0)
(1.19149 -0.0356567 0)
(1.18873 -0.0361365 0)
(1.18593 -0.0366205 0)
(1.18309 -0.0371108 0)
(1.18022 -0.0376094 0)
(1.17731 -0.0381179 0)
(1.17435 -0.0386379 0)
(1.17135 -0.0391704 0)
(1.16831 -0.0397164 0)
(1.16522 -0.0402765 0)
(1.16208 -0.0408508 0)
(1.15889 -0.0414392 0)
(1.15564 -0.042041 0)
(1.15234 -0.0426551 0)
(1.14898 -0.0432799 0)
(1.26745 -0.00386594 0)
(1.26587 -0.00595659 0)
(1.26406 -0.00773799 0)
(1.26231 -0.00931043 0)
(1.2606 -0.0107562 0)
(1.25889 -0.0121227 0)
(1.25717 -0.0134334 0)
(1.25542 -0.014698 0)
(1.25363 -0.0159203 0)
(1.25181 -0.0171012 0)
(1.24993 -0.0182405 0)
(1.24801 -0.0193376 0)
(1.24604 -0.0203921 0)
(1.24402 -0.0214035 0)
(1.24196 -0.022372 0)
(1.23986 -0.0232977 0)
(1.23772 -0.0241813 0)
(1.23553 -0.0250237 0)
(1.23331 -0.0258263 0)
(1.23105 -0.0265905 0)
(1.22876 -0.0273182 0)
(1.22643 -0.0280113 0)
(1.22407 -0.0286722 0)
(1.22168 -0.0293032 0)
(1.21926 -0.0299068 0)
(1.21681 -0.0304857 0)
(1.21433 -0.0310425 0)
(1.21183 -0.0315801 0)
(1.20929 -0.0321011 0)
(1.20672 -0.0326084 0)
(1.20413 -0.0331047 0)
(1.2015 -0.0335928 0)
(1.19884 -0.0340752 0)
(1.19615 -0.0345546 0)
(1.19343 -0.0350334 0)
(1.19067 -0.0355141 0)
(1.18788 -0.0359988 0)
(1.18505 -0.0364895 0)
(1.18217 -0.0369883 0)
(1.17926 -0.0374967 0)
(1.17631 -0.0380163 0)
(1.17331 -0.0385482 0)
(1.17026 -0.0390933 0)
(1.16716 -0.0396521 0)
(1.16402 -0.040225 0)
(1.16082 -0.0408118 0)
(1.15756 -0.0414117 0)
(1.15425 -0.0420237 0)
(1.15088 -0.0426463 0)
(1.26797 -0.00338358 0)
(1.2666 -0.00536321 0)
(1.26494 -0.00712602 0)
(1.26329 -0.00871009 0)
(1.26162 -0.0101681 0)
(1.25996 -0.0115412 0)
(1.25828 -0.0128528 0)
(1.25657 -0.0141146 0)
(1.25482 -0.0153319 0)
(1.25303 -0.0165066 0)
(1.2512 -0.0176393 0)
(1.24931 -0.01873 0)
(1.24738 -0.0197784 0)
(1.24541 -0.0207844 0)
(1.24338 -0.021748 0)
(1.24132 -0.0226696 0)
(1.23921 -0.0235499 0)
(1.23706 -0.0243897 0)
(1.23487 -0.0251903 0)
(1.23264 -0.0259532 0)
(1.23037 -0.0266801 0)
(1.22808 -0.0273729 0)
(1.22575 -0.028034 0)
(1.22338 -0.0286655 0)
(1.22099 -0.0292699 0)
(1.21856 -0.0298498 0)
(1.2161 -0.0304079 0)
(1.21361 -0.0309467 0)
(1.21109 -0.0314691 0)
(1.20854 -0.0319778 0)
(1.20596 -0.0324754 0)
(1.20335 -0.0329647 0)
(1.2007 -0.0334482 0)
(1.19803 -0.0339286 0)
(1.19531 -0.0344082 0)
(1.19256 -0.0348894 0)
(1.18977 -0.0353744 0)
(1.18695 -0.0358652 0)
(1.18408 -0.0363638 0)
(1.18117 -0.0368718 0)
(1.17821 -0.0373907 0)
(1.17521 -0.0379216 0)
(1.17216 -0.0384654 0)
(1.16906 -0.0390228 0)
(1.16591 -0.0395939 0)
(1.1627 -0.0401786 0)
(1.15944 -0.0407763 0)
(1.15611 -0.041386 0)
(1.15273 -0.042006 0)
(1.26839 -0.00296692 0)
(1.2672 -0.00483159 0)
(1.2657 -0.00655495 0)
(1.26414 -0.0081345 0)
(1.26255 -0.00959636 0)
(1.26094 -0.0109721 0)
(1.2593 -0.012283 0)
(1.25764 -0.0135412 0)
(1.25593 -0.014753 0)
(1.25418 -0.0159212 0)
(1.25239 -0.0170471 0)
(1.25055 -0.0181309 0)
(1.24865 -0.0191728 0)
(1.24672 -0.0201729 0)
(1.24473 -0.0211312 0)
(1.2427 -0.0220482 0)
(1.24063 -0.0229246 0)
(1.23851 -0.0237612 0)
(1.23635 -0.0245593 0)
(1.23416 -0.0253203 0)
(1.23193 -0.0260459 0)
(1.22966 -0.026738 0)
(1.22735 -0.0273987 0)
(1.22502 -0.0280302 0)
(1.22264 -0.028635 0)
(1.22024 -0.0292154 0)
(1.21781 -0.0297742 0)
(1.21534 -0.0303139 0)
(1.21284 -0.0308373 0)
(1.2103 -0.0313469 0)
(1.20774 -0.0318454 0)
(1.20514 -0.0323355 0)
(1.20251 -0.0328198 0)
(1.19984 -0.0333007 0)
(1.19714 -0.0337807 0)
(1.1944 -0.0342622 0)
(1.19162 -0.0347472 0)
(1.1888 -0.0352378 0)
(1.18593 -0.0357359 0)
(1.18302 -0.0362431 0)
(1.18007 -0.0367609 0)
(1.17707 -0.0372904 0)
(1.17402 -0.0378327 0)
(1.17092 -0.0383882 0)
(1.16776 -0.0389573 0)
(1.16454 -0.0395397 0)
(1.16127 -0.0401349 0)
(1.15794 -0.0407418 0)
(1.15454 -0.041359 0)
(1.26874 -0.00260085 0)
(1.26769 -0.0043551 0)
(1.26633 -0.00602586 0)
(1.26488 -0.00758732 0)
(1.26337 -0.00904427 0)
(1.26182 -0.0104178 0)
(1.26024 -0.0117255 0)
(1.25862 -0.0129789 0)
(1.25696 -0.0141844 0)
(1.25526 -0.0153456 0)
(1.2535 -0.0164641 0)
(1.2517 -0.0175407 0)
(1.24985 -0.0185756 0)
(1.24795 -0.0195692 0)
(1.24601 -0.0205218 0)
(1.24402 -0.0214337 0)
(1.24198 -0.0223056 0)
(1.2399 -0.0231385 0)
(1.23778 -0.0239336 0)
(1.23561 -0.0246922 0)
(1.23341 -0.0254159 0)
(1.23117 -0.0261067 0)
(1.2289 -0.0267665 0)
(1.22659 -0.0273975 0)
(1.22424 -0.0280021 0)
(1.22186 -0.0285827 0)
(1.21945 -0.0291417 0)
(1.217 -0.0296819 0)
(1.21452 -0.0302057 0)
(1.21201 -0.0307158 0)
(1.20946 -0.0312149 0)
(1.20688 -0.0317054 0)
(1.20426 -0.0321901 0)
(1.2016 -0.0326712 0)
(1.19891 -0.0331513 0)
(1.19618 -0.0336325 0)
(1.19341 -0.0341172 0)
(1.19059 -0.0346072 0)
(1.18773 -0.0351044 0)
(1.18483 -0.0356105 0)
(1.18188 -0.036127 0)
(1.17888 -0.0366549 0)
(1.17583 -0.0371952 0)
(1.17272 -0.0377486 0)
(1.16956 -0.0383152 0)
(1.16634 -0.038895 0)
(1.16306 -0.0394873 0)
(1.15972 -0.0400913 0)
(1.15631 -0.0407053 0)
(1.26902 -0.00227408 0)
(1.26809 -0.00392682 0)
(1.26687 -0.005538 0)
(1.26552 -0.00707087 0)
(1.26409 -0.00851477 0)
(1.26262 -0.00988091 0)
(1.26109 -0.0111824 0)
(1.25953 -0.0124291 0)
(1.25791 -0.0136272 0)
(1.25625 -0.0147806 0)
(1.25455 -0.0158911 0)
(1.25279 -0.0169598 0)
(1.25098 -0.0179872 0)
(1.24912 -0.0189739 0)
(1.24722 -0.01992 0)
(1.24526 -0.0208263 0)
(1.24326 -0.0216933 0)
(1.24122 -0.0225219 0)
(1.23913 -0.0233134 0)
(1.237 -0.024069 0)
(1.23483 -0.0247904 0)
(1.23262 -0.0254793 0)
(1.23038 -0.0261377 0)
(1.22809 -0.0267677 0)
(1.22578 -0.0273716 0)
(1.22342 -0.0279518 0)
(1.22103 -0.0285107 0)
(1.21861 -0.0290508 0)
(1.21615 -0.0295747 0)
(1.21365 -0.0300849 0)
(1.21112 -0.030584 0)
(1.20855 -0.0310747 0)
(1.20595 -0.0315592 0)
(1.20331 -0.0320402 0)
(1.20063 -0.03252 0)
(1.19791 -0.0330007 0)
(1.19514 -0.0334846 0)
(1.19234 -0.0339737 0)
(1.18949 -0.0344698 0)
(1.18659 -0.0349744 0)
(1.18364 -0.0354892 0)
(1.18064 -0.0360151 0)
(1.17759 -0.0365532 0)
(1.17448 -0.0371041 0)
(1.17132 -0.0376679 0)
(1.1681 -0.0382447 0)
(1.16481 -0.0388339 0)
(1.16146 -0.0394345 0)
(1.15805 -0.040045 0)
(1.26925 -0.00197826 0)
(1.26841 -0.00354009 0)
(1.26731 -0.00508919 0)
(1.26607 -0.00658598 0)
(1.26473 -0.00800982 0)
(1.26332 -0.00936348 0)
(1.26186 -0.0106554 0)
(1.26035 -0.0118932 0)
(1.25879 -0.0130825 0)
(1.25718 -0.014227 0)
(1.25552 -0.0153287 0)
(1.2538 -0.0163889 0)
(1.25204 -0.0174082 0)
(1.25022 -0.0183873 0)
(1.24835 -0.0193265 0)
(1.24644 -0.0202265 0)
(1.24448 -0.0210879 0)
(1.24247 -0.0219117 0)
(1.24042 -0.022699 0)
(1.23832 -0.0234511 0)
(1.23619 -0.0241695 0)
(1.23401 -0.024856 0)
(1.23179 -0.0255125 0)
(1.22954 -0.026141 0)
(1.22725 -0.0267438 0)
(1.22492 -0.0273231 0)
(1.22255 -0.0278813 0)
(1.22015 -0.0284209 0)
(1.21771 -0.0289444 0)
(1.21524 -0.0294543 0)
(1.21272 -0.0299531 0)
(1.21017 -0.0304434 0)
(1.20759 -0.0309275 0)
(1.20496 -0.031408 0)
(1.20229 -0.031887 0)
(1.19958 -0.0323669 0)
(1.19683 -0.0328498 0)
(1.19403 -0.0333375 0)
(1.19119 -0.0338321 0)
(1.18829 -0.034335 0)
(1.18535 -0.0348476 0)
(1.18235 -0.0353713 0)
(1.1793 -0.0359068 0)
(1.1762 -0.0364548 0)
(1.17303 -0.0370156 0)
(1.16981 -0.0375891 0)
(1.16652 -0.0381748 0)
(1.16316 -0.0387717 0)
(1.15974 -0.0393784 0)
(1.26944 -0.00170725 0)
(1.26867 -0.00318888 0)
(1.26767 -0.00467645 0)
(1.26653 -0.00613234 0)
(1.26528 -0.00753042 0)
(1.26395 -0.00886691 0)
(1.26255 -0.0101458 0)
(1.2611 -0.0113724 0)
(1.25959 -0.0125513 0)
(1.25803 -0.0136857 0)
(1.25641 -0.0147777 0)
(1.25474 -0.0158285 0)
(1.25302 -0.016839 0)
(1.25125 -0.0178099 0)
(1.24943 -0.0187415 0)
(1.24755 -0.0196347 0)
(1.24563 -0.0204899 0)
(1.24366 -0.0213083 0)
(1.24164 -0.0220908 0)
(1.23958 -0.0228388 0)
(1.23748 -0.0235537 0)
(1.23533 -0.0242373 0)
(1.23315 -0.0248913 0)
(1.23092 -0.0255178 0)
(1.22866 -0.0261188 0)
(1.22636 -0.0266968 0)
(1.22401 -0.0272538 0)
(1.22164 -0.0277925 0)
(1.21922 -0.0283152 0)
(1.21676 -0.0288243 0)
(1.21427 -0.0293224 0)
(1.21174 -0.0298119 0)
(1.20917 -0.0302952 0)
(1.20655 -0.0307747 0)
(1.2039 -0.0312527 0)
(1.2012 -0.0317313 0)
(1.19846 -0.0322128 0)
(1.19567 -0.0326989 0)
(1.19283 -0.0331915 0)
(1.18995 -0.0336923 0)
(1.18701 -0.0342026 0)
(1.18402 -0.0347236 0)
(1.18097 -0.0352562 0)
(1.17787 -0.0358011 0)
(1.1747 -0.0363585 0)
(1.17147 -0.0369283 0)
(1.16818 -0.0375101 0)
(1.16482 -0.038103 0)
(1.16139 -0.0387055 0)
(1.26959 -0.00145666 0)
(1.26888 -0.00286804 0)
(1.26797 -0.0042965 0)
(1.26692 -0.00570884 0)
(1.26575 -0.00707686 0)
(1.26449 -0.0083921 0)
(1.26316 -0.00965472 0)
(1.26177 -0.0108677 0)
(1.26032 -0.0120344 0)
(1.25881 -0.0131574 0)
(1.25724 -0.0142385 0)
(1.25562 -0.0152792 0)
(1.25394 -0.0162801 0)
(1.25221 -0.017242 0)
(1.25043 -0.0181655 0)
(1.2486 -0.0190511 0)
(1.24671 -0.0198996 0)
(1.24478 -0.0207119 0)
(1.2428 -0.0214891 0)
(1.24078 -0.0222324 0)
(1.23871 -0.0229432 0)
(1.2366 -0.0236233 0)
(1.23444 -0.0242743 0)
(1.23225 -0.0248982 0)
(1.23001 -0.025497 0)
(1.22773 -0.0260731 0)
(1.22542 -0.0266285 0)
(1.22306 -0.0271658 0)
(1.22067 -0.0276871 0)
(1.21823 -0.0281951 0)
(1.21576 -0.028692 0)
(1.21325 -0.0291803 0)
(1.21069 -0.0296624 0)
(1.20809 -0.0301406 0)
(1.20545 -0.0306171 0)
(1.20277 -0.0310942 0)
(1.20004 -0.0315738 0)
(1.19726 -0.0320579 0)
(1.19443 -0.0325483 0)
(1.19155 -0.0330466 0)
(1.18862 -0.0335542 0)
(1.18564 -0.0340722 0)
(1.18259 -0.0346016 0)
(1.17949 -0.0351429 0)
(1.17632 -0.0356966 0)
(1.17309 -0.0362625 0)
(1.1698 -0.0368401 0)
(1.16643 -0.0374287 0)
(1.163 -0.0380267 0)
(1.2697 -0.00122334 0)
(1.26903 -0.00257328 0)
(1.26821 -0.00394609 0)
(1.26724 -0.00531388 0)
(1.26615 -0.00664882 0)
(1.26497 -0.00793943 0)
(1.26371 -0.00918283 0)
(1.26237 -0.0103799 0)
(1.26098 -0.0115325 0)
(1.25952 -0.0126426 0)
(1.258 -0.0137119 0)
(1.25643 -0.0147414 0)
(1.2548 -0.0157319 0)
(1.25311 -0.0166841 0)
(1.27239 0.00567478 -5.64521e-20)
(1.27203 0.00402021 3.03146e-21)
(1.27131 0.00234777 -6.39631e-20)
(1.2702 0.000696331 3.75034e-20)
(1.2687 -0.000953006 3.05316e-20)
(1.26684 -0.00287462 -4.18036e-21)
(1.272 0.00422975 3.22785e-20)
(1.2714 0.00259959 -8.53886e-21)
(1.27044 0.000983397 -1.4057e-20)
(1.26913 -0.000652676 2.57727e-20)
(1.26747 -0.00254899 2.9915e-20)
(1.27196 0.00442408 -5.51756e-20)
(1.27146 0.00282778 -6.60077e-21)
(1.27063 0.00123475 -5.03075e-20)
(1.26949 -0.000405753 -2.88831e-20)
(1.26797 -0.0022729 -1.74969e-20)
(1.27149 0.00303711 -2.47798e-20)
(1.27077 0.00146534 -7.28202e-21)
(1.26979 -0.000180062 1.38779e-20)
(1.26839 -0.00202302 9.96449e-21)
(1.2715 0.00323128 -1.16953e-20)
(1.27089 0.00168162 4.34358e-20)
(1.27005 3.85869e-05 3.68901e-20)
(1.26876 -0.0017821 -9.53657e-20)
(1.27148 0.00341096 -7.55717e-21)
(1.27097 0.00188393 -4.8021e-21)
(1.27027 0.000251217 -3.06836e-20)
(1.26907 -0.00154679 9.80515e-20)
(1.27102 0.00207253 -5.20112e-21)
(1.27044 0.000457343 -1.55787e-20)
(1.26934 -0.00131646 -6.27959e-21)
(1.27103 0.00224837 1.77383e-20)
(1.27056 0.000656858 3.66879e-20)
(1.26957 -0.00109062 -2.52593e-21)
(1.27065 0.00084931 -6.71697e-21)
(1.26976 -0.000869343 -5.2998e-20)
(1.2707 0.00103396 5.05671e-20)
(1.26991 -0.000653199 6.79435e-20)
(1.27003 -0.000442943 -6.92266e-20)
(1.27011 -0.000239363 -1.59979e-20)
)
;

boundaryField
{
    inlet
    {
        type            uniformFixedValue;
        uniformValue    constant (1 0 0);
        value           nonuniform 0();
    }
    outlet
    {
        type            pressureInletOutletVelocity;
        value           nonuniform 0();
    }
    cylinder
    {
        type            fixedValue;
        value           nonuniform 0();
    }
    top
    {
        type            symmetryPlane;
    }
    bottom
    {
        type            symmetryPlane;
    }
    defaultFaces
    {
        type            empty;
    }
    procBoundary10to6
    {
        type            processor;
        value           nonuniform List<vector> 
50
(
(0.240139 -0.0034734 1.00464e-21)
(0.271641 -0.00359922 3.10072e-21)
(0.271641 -0.00359922 3.10072e-21)
(0.302446 0.00368353 -1.71742e-21)
(0.336015 0.00383522 -3.62646e-21)
(0.366461 0.0037893 -6.48561e-22)
(0.402146 0.00432069 -1.54534e-21)
(0.422013 0.00388979 -6.67166e-22)
(0.427959 0.00376579 3.43995e-22)
(0.43375 0.00365751 2.60093e-23)
(0.439498 0.00355983 -4.42258e-23)
(0.445188 0.00347075 4.90833e-23)
(0.450819 0.00338928 2.27129e-22)
(0.456401 0.00331442 -9.76116e-23)
(0.461943 0.00324526 -3.5708e-22)
(0.467451 0.00318105 2.19428e-22)
(0.472932 0.00312117 -4.69601e-23)
(0.478391 0.00306511 5.41154e-23)
(0.483832 0.00301242 -1.43835e-22)
(0.489259 0.00296275 1.15582e-22)
(0.494677 0.0029158 -2.4724e-22)
(0.500087 0.0028713 3.06023e-22)
(0.505495 0.00282906 -6.1345e-23)
(0.510901 0.00278889 -1.88873e-22)
(0.51631 0.00275066 1.38006e-22)
(0.521724 0.00271426 -1.91613e-22)
(0.527145 0.00267958 2.6934e-22)
(0.532577 0.00264655 -2.43837e-23)
(0.53802 0.00261511 -2.03229e-22)
(0.543479 0.00258522 2.835e-22)
(0.548955 0.00255684 -2.04107e-22)
(0.554451 0.00252994 1.94064e-22)
(0.55997 0.0025045 -1.0359e-22)
(0.565515 0.00248052 -9.1649e-23)
(0.571089 0.00245798 1.1277e-23)
(0.576693 0.00243688 1.94848e-22)
(0.582333 0.00241721 -1.62473e-22)
(0.58801 0.00239898 -6.90783e-24)
(0.593729 0.00238217 6.02882e-23)
(0.599492 0.00236679 -6.92527e-23)
(0.605304 0.00235282 -1.71567e-23)
(0.611168 0.00234026 1.6777e-22)
(0.617089 0.00232909 8.40671e-24)
(0.62307 0.00231928 -5.4246e-23)
(0.629115 0.00231082 -2.85218e-23)
(0.63523 0.00230365 6.91411e-23)
(0.641417 0.00229774 -9.43302e-24)
(0.647681 0.00229303 8.41999e-23)
(0.654028 0.00228944 -1.45895e-22)
(0.66046 0.00228691 1.27329e-22)
)
;
    }
    procBoundary10to9
    {
        type            processor;
        value           nonuniform List<vector> 
52
(
(0.212138 -0.00999147 1.13757e-20)
(0.216309 -0.0165967 -1.41517e-21)
(0.222541 -0.0231206 -2.40296e-20)
(0.230807 -0.0295312 1.2672e-20)
(0.241067 -0.0357967 -1.40353e-21)
(0.253276 -0.0418862 3.15459e-20)
(0.267377 -0.0477693 -2.3801e-20)
(0.283307 -0.0534165 -7.01448e-21)
(0.340749 -0.060632 -2.26679e-20)
(0.340749 -0.060632 -2.26679e-20)
(0.362009 -0.0657431 -7.98483e-21)
(0.384949 -0.07049 1.1611e-20)
(0.409447 -0.0748459 3.59831e-20)
(0.435378 -0.0787867 -7.00818e-20)
(0.462608 -0.0822903 2.14204e-20)
(0.490997 -0.0853374 -5.65684e-20)
(0.520401 -0.0879117 4.25696e-20)
(0.550674 -0.0899994 3.58618e-20)
(0.581663 -0.0915903 -4.48027e-20)
(0.613218 -0.0926772 -2.15953e-20)
(0.645185 -0.0932564 5.79571e-20)
(0.677413 -0.0933276 -2.86683e-20)
(0.773003 -0.0897787 1.00832e-19)
(0.773003 -0.0897787 1.00832e-19)
(0.805746 -0.0883063 -2.08134e-20)
(0.838027 -0.086358 -1.47593e-19)
(0.869701 -0.0839574 9.68514e-20)
(0.90063 -0.0811308 -3.4219e-20)
(0.93069 -0.0779076 3.48869e-20)
(0.959768 -0.0743195 1.07451e-20)
(0.987765 -0.0704001 -6.16552e-20)
(1.06508 -0.0616439 -1.014e-19)
(1.06508 -0.0616439 -1.014e-19)
(1.0886 -0.0570556 3.96888e-20)
(1.11065 -0.0523014 -1.01848e-21)
(1.13119 -0.0474202 -1.05322e-20)
(1.15023 -0.0424491 -6.97741e-21)
(1.16778 -0.0374231 4.74088e-20)
(1.21131 -0.0257312 1.26825e-21)
(1.21131 -0.0257312 1.26825e-21)
(1.22294 -0.0213967 5.98259e-20)
(1.23328 -0.0171619 -7.85135e-20)
(1.24239 -0.0130383 5.7963e-20)
(1.26129 -0.00985369 8.21868e-20)
(1.26129 -0.00985369 8.21868e-20)
(1.26623 -0.0059871 -9.73043e-21)
(1.27022 -0.00235816 -7.04892e-20)
(1.2734 0.00104601 6.28052e-20)
(1.27219 0.00229013 1.88799e-20)
(1.27219 0.00229013 1.88799e-20)
(1.27339 0.00432289 -3.83166e-20)
(1.27243 0.00729279 1.30729e-19)
)
;
    }
    procBoundary10to11
    {
        type            processor;
        value           nonuniform List<vector> 
55
(
(0.666982 -0.00225737 1.81937e-24)
(0.668608 -0.00678623 -1.57805e-22)
(0.671845 -0.0112737 1.08963e-22)
(0.676662 -0.0156926 4.23234e-22)
(0.683014 -0.0200167 4.54704e-22)
(0.69084 -0.0242208 -5.65005e-22)
(0.70007 -0.0282811 -2.54084e-22)
(0.710618 -0.0321753 7.14171e-22)
(0.72239 -0.0358831 8.14216e-22)
(0.735282 -0.0393863 1.34906e-22)
(0.749185 -0.0426686 4.10432e-22)
(0.763982 -0.0457164 1.39767e-21)
(0.779553 -0.0485182 -1.57571e-21)
(0.779553 -0.0485182 -1.57571e-21)
(0.799288 -0.0511433 -2.84746e-23)
(0.815654 -0.0534481 1.99056e-21)
(0.832423 -0.0554895 1.42805e-21)
(0.849481 -0.0572659 -2.78372e-21)
(0.866715 -0.0587779 -5.62918e-22)
(0.88402 -0.060028 2.75532e-21)
(0.901293 -0.0610209 2.31995e-21)
(0.901293 -0.0610209 2.31995e-21)
(0.919302 -0.0620264 1.96554e-21)
(0.935872 -0.0625544 -2.43477e-21)
(0.952163 -0.0628498 4.99573e-23)
(0.968107 -0.0629232 -3.15581e-21)
(0.983641 -0.0627863 4.91788e-21)
(0.983641 -0.0627863 4.91788e-21)
(0.997943 -0.0628698 8.98401e-22)
(1.01222 -0.0623767 1.5024e-21)
(1.02597 -0.0617114 1.43071e-21)
(1.03917 -0.0608877 2.51839e-21)
(1.03917 -0.0608877 2.51839e-21)
(1.04999 -0.0604453 -7.87702e-23)
(1.0618 -0.0593659 -2.3817e-21)
(1.07302 -0.0581673 -2.05725e-21)
(1.08366 -0.0568627 -3.09282e-21)
(1.08366 -0.0568627 -3.09282e-21)
(1.09114 -0.0560663 3.59044e-21)
(1.10046 -0.0545988 -8.4965e-22)
(1.10923 -0.0530592 -5.4974e-21)
(1.10923 -0.0530592 -5.4974e-21)
(1.11443 -0.0520944 4.022e-21)
(1.12202 -0.0504592 -7.437e-23)
(1.1291 -0.0487774 -6.98378e-22)
(1.13571 -0.0469751 5.79397e-22)
(1.1397 -0.045763 0)
(1.14169 -0.0451585 0)
(1.14365 -0.0445413 0)
(1.14557 -0.0439131 0)
(1.14744 -0.0432772 0)
(1.14928 -0.0426343 0)
(1.15108 -0.0419844 0)
(1.15284 -0.0413274 0)
(1.15456 -0.0406635 0)
)
;
    }
    procBoundary10to14
    {
        type            processor;
        value           nonuniform List<vector> 
68
(
(1.25137 -0.0175986 0)
(1.24958 -0.0184761 0)
(1.24774 -0.0193172 0)
(1.24584 -0.0201229 0)
(1.2439 -0.0208941 0)
(1.24191 -0.0216321 0)
(1.23988 -0.0223383 0)
(1.2378 -0.0230142 0)
(1.23567 -0.0236617 0)
(1.23351 -0.0242825 0)
(1.2313 -0.0248786 0)
(1.22905 -0.0254523 0)
(1.22676 -0.0260056 0)
(1.22443 -0.0265409 0)
(1.22206 -0.0270606 0)
(1.21965 -0.0275668 0)
(1.21719 -0.0280622 0)
(1.2147 -0.0285489 0)
(1.21216 -0.0290293 0)
(1.20958 -0.0295058 0)
(1.20696 -0.0299805 0)
(1.20428 -0.0304556 0)
(1.20157 -0.030933 0)
(1.1988 -0.0314148 0)
(1.19598 -0.0319026 0)
(1.19311 -0.0323981 0)
(1.19019 -0.0329026 0)
(1.1872 -0.0334173 0)
(1.18416 -0.033943 0)
(1.18106 -0.0344806 0)
(1.1779 -0.0350302 0)
(1.17467 -0.0355917 0)
(1.17137 -0.0361649 0)
(1.168 -0.0367488 0)
(1.16456 -0.037342 0)
(1.26977 -0.00100507 0)
(1.27016 -4.32074e-05 -4.91593e-20)
(1.26915 -0.00230112 0)
(1.26839 -0.00362216 0)
(1.2675 -0.00494562 0)
(1.26649 -0.00624556 0)
(1.26538 -0.00750889 0)
(1.26418 -0.00873052 0)
(1.26291 -0.00990936 0)
(1.26157 -0.0110461 0)
(1.26016 -0.012142 0)
(1.2587 -0.0131982 0)
(1.25717 -0.0142155 0)
(1.25559 -0.0151948 0)
(1.25137 -0.0175986 0)
(1.25395 -0.0161365 0)
(1.27228 0.00583821 -1.00432e-20)
(1.27228 0.00583821 -1.00432e-20)
(1.27215 0.00599289 -6.59332e-20)
(1.27189 0.00460104 3.61048e-20)
(1.27189 0.00460104 3.61048e-20)
(1.2718 0.00476291 -5.05565e-20)
(1.2717 0.00491081 1.35255e-20)
(1.27144 0.00357653 -6.11873e-20)
(1.27144 0.00357653 -6.11873e-20)
(1.27137 0.00372871 -3.19378e-20)
(1.27102 0.00241233 -5.10824e-20)
(1.27102 0.00241233 -5.10824e-20)
(1.27099 0.00256499 4.91896e-20)
(1.27072 0.00121009 7.2383e-20)
(1.27072 0.00121009 7.2383e-20)
(1.27071 0.00137714 -1.14738e-20)
(1.27016 -4.32074e-05 -4.91593e-20)
)
;
    }
    procBoundary10to15
    {
        type            processor;
        value           nonuniform List<vector> 3((1.15624 -0.039993 0) (1.15789 -0.0393159 0) (1.15949 -0.0386325 0));
    }
}


// ************************************************************************* //
