/*--------------------------------*- C++ -*----------------------------------*\
  =========                 |
  \\      /  F ield         | OpenFOAM: The Open Source CFD Toolbox
   \\    /   O peration     | Website:  https://openfoam.org
    \\  /    A nd           | Version:  7
     \\/     M anipulation  |
\*---------------------------------------------------------------------------*/
FoamFile
{
    version     2.0;
    format      ascii;
    class       surfaceScalarField;
    location    "20";
    object      phi;
}
// * * * * * * * * * * * * * * * * * * * * * * * * * * * * * * * * * * * * * //

dimensions      [0 3 -1 0 0 0 0];

internalField   nonuniform List<scalar> 
5139
(
0.0315063
-0.00105404
0.031693
-0.000909727
0.0318686
-0.000763716
0.0320327
-0.00061604
0.032185
-0.000466741
0.0323251
-0.00031587
0.0324529
-0.000163483
0.0325678
-9.64736e-06
0.0326697
0.000145565
0.0327583
0.000301758
0.0328333
0.00045947
0.0328944
0.000618291
0.0329414
0.000778117
0.032974
0.000938838
0.0329922
0.00110034
0.0329956
0.00126249
0.0329842
0.00142518
0.00158827
0.00163211
4.41049e-05
0.00159112
4.09937e-05
0.00155328
3.78398e-05
0.00151864
3.46442e-05
0.00148723
3.14072e-05
0.0014591
2.81296e-05
0.00143429
2.48124e-05
0.00141283
2.14563e-05
0.00139477
1.80622e-05
0.00138014
1.46317e-05
0.00136897
1.11657e-05
0.0013613
7.66524e-06
0.00135717
4.13194e-06
0.00135661
5.67409e-07
-3.02698e-06
0.00135963
0.00161288
8.76819e-05
0.00157237
8.14953e-05
0.00153499
7.52245e-05
0.00150076
6.88702e-05
0.00146974
6.24339e-05
0.00144195
5.59169e-05
0.00141744
4.93212e-05
0.00139625
4.26482e-05
0.00137841
3.59001e-05
0.00136396
2.90791e-05
0.00135294
2.21874e-05
0.00134538
1.52277e-05
0.00134131
8.20267e-06
0.00134076
1.11524e-06
-6.03118e-06
0.00134377
0.00159387
0.000130735
0.00155385
0.000121509
0.00151692
0.000112158
0.00148311
0.000102682
0.00145246
9.30835e-05
0.00142501
8.33653e-05
0.0014008
7.35293e-05
0.00137987
6.35782e-05
0.00136226
5.35154e-05
0.00134799
4.33436e-05
0.00133711
3.30666e-05
0.00132965
2.26883e-05
0.00132564
1.22125e-05
0.00132511
1.64376e-06
-9.01311e-06
0.0013281
0.00157508
0.00017327
0.00153555
0.00016104
0.00149906
0.000148643
0.00146566
0.000136083
0.00143539
0.00012336
0.00140828
0.000110477
0.00138437
9.74393e-05
0.00136369
8.42491e-05
0.0013463
7.09102e-05
0.00133222
5.74272e-05
0.00132148
4.38048e-05
0.00131412
3.0048e-05
0.00131017
1.6162e-05
0.00130966
2.15279e-06
-1.1973e-05
0.00131262
0.00155652
0.000215291
0.00151747
0.000200092
0.00148142
0.000184686
0.00144843
0.000169077
0.00141852
0.000153266
0.00139174
0.000137257
0.00136813
0.000121054
0.00134771
0.000104663
0.00133054
8.80869e-05
0.00131663
7.13317e-05
0.00130604
5.44032e-05
0.00129878
3.73077e-05
0.00129489
2.00518e-05
0.0012944
2.64268e-06
-1.49113e-05
0.00129733
0.00153817
0.000256802
0.0014996
0.00023867
0.00146399
0.00022029
0.0014314
0.000201668
0.00140186
0.000182805
0.00137541
0.000163707
0.00135209
0.000144377
0.00133193
0.000124822
0.00131497
0.000105047
0.00130124
8.50588e-05
0.00129078
6.48634e-05
0.00128362
4.44685e-05
0.00127979
2.38824e-05
0.00127932
3.11355e-06
-1.78282e-05
0.00128224
0.00152005
0.00029781
0.00148194
0.000276778
0.00144677
0.00025546
0.00141458
0.00023386
0.0013854
0.000211982
0.00135928
0.000189831
0.00133624
0.000167411
0.00131634
0.00014473
0.00129959
0.000121794
0.00128604
9.86103e-05
0.00127571
7.51866e-05
0.00126865
5.15314e-05
0.00126488
2.76544e-05
0.00126443
3.56558e-06
-2.0724e-05
0.00126732
0.00150214
0.000338319
0.00146449
0.000314421
0.00142975
0.0002902
0.00139796
0.000265658
0.00136914
0.0002408
0.00134334
0.000215632
0.00132059
0.000190159
0.00130093
0.000164389
0.0012844
0.00013833
0.00127102
0.000111988
0.00126083
8.53744e-05
0.00125386
5.84977e-05
0.00125015
3.13686e-05
0.00124972
3.99885e-06
-2.35991e-05
0.00125259
0.00148444
0.000378334
0.00144726
0.000351605
0.00141294
0.000324514
0.00138153
0.000297065
0.00135307
0.000269263
0.00132759
0.000241113
0.00130513
0.000212624
0.00128571
0.000183802
0.00126939
0.000154656
0.00125618
0.000125194
0.00124613
9.54283e-05
0.00123926
6.5368e-05
0.0012356
3.50255e-05
0.00123518
4.41371e-06
-2.64535e-05
0.00123804
0.00146695
0.00041786
0.00143022
0.000388333
0.00139633
0.000358407
0.00136531
0.000328085
0.0013372
0.000297374
0.00131203
0.000266279
0.00128985
0.000234809
0.00127068
0.000202971
0.00125456
0.000170775
0.00124152
0.000138231
0.0012316
0.00010535
0.00122483
7.21438e-05
0.00122123
3.86259e-05
0.00122083
4.81041e-06
-2.92875e-05
0.00122366
0.00144967
0.000456903
0.00141339
0.000424612
0.00137991
0.000391883
0.00134928
0.000358723
0.00132151
0.000325137
0.00129666
0.000291132
0.00127475
0.000256716
0.00125582
0.000221899
0.00123991
0.000186689
0.00122704
0.000151099
0.00121725
0.00011514
0.00121057
7.88261e-05
0.00120702
4.21704e-05
0.00120665
5.18903e-06
-3.2101e-05
0.00120946
0.00143259
0.000495467
0.00139676
0.000460444
0.0013637
0.000424948
0.00133344
0.000388983
0.00130602
0.000352557
0.00128147
0.000315676
0.00125984
0.00027835
0.00124115
0.000240588
0.00122544
0.000202401
0.00121274
0.000163802
0.00120307
0.000124802
0.00119648
8.5416e-05
0.00119299
4.56598e-05
0.00119263
5.5501e-06
-3.48947e-05
0.00119543
0.00141572
0.000533559
0.00138033
0.000495836
0.00134767
0.000457604
0.00131779
0.000418869
0.00129071
0.000379636
0.00126647
0.000339915
0.00124511
0.000299713
0.00122665
0.000259042
0.00121114
0.000217914
0.0011986
0.00017634
0.00118907
0.000134335
0.00118257
9.19146e-05
0.00117913
4.90948e-05
0.00117879
5.89387e-06
-3.76683e-05
0.00118156
0.00139905
0.000571182
0.00136409
0.000530793
0.00133184
0.000489858
0.00130232
0.000448385
0.00127558
0.00040638
0.00125164
0.000363851
0.00123055
0.000320809
0.00121233
0.000277264
0.00119701
0.000233228
0.00118464
0.000188716
0.00117523
0.000143742
0.00116882
9.83233e-05
0.00116544
5.2476e-05
0.00116511
6.22046e-06
-4.04221e-05
0.00116787
0.00138258
0.000608343
0.00134805
0.000565318
0.0013162
0.000521714
0.00128705
0.000477535
0.00126063
0.000432791
0.001237
0.000387489
0.00121617
0.000341639
0.00119817
0.000295255
0.00118305
0.000248348
0.00117084
0.000200933
0.00116156
0.000153025
0.00115524
0.000104643
0.00115191
5.58044e-05
0.0011516
6.53053e-06
-4.31559e-05
0.00115433
0.0013663
0.000645047
0.0013322
0.000599418
0.00130074
0.000553175
0.00127195
0.000506324
0.00124587
0.000458873
0.00122252
0.000410831
0.00120196
0.000362209
0.00118419
0.000313019
0.00116926
0.000263275
0.00115721
0.000212991
0.00114805
0.000162185
0.00114181
0.000110875
0.00113854
5.90807e-05
0.00113824
6.82424e-06
-4.58702e-05
0.00114096
0.00135022
0.000681299
0.00131654
0.000633097
0.00128547
0.000584247
0.00125704
0.000534756
0.00123128
0.000484631
0.00120823
0.000433882
0.00118791
0.00038252
0.00117038
0.000330559
0.00115564
0.000278011
0.00114374
0.000224893
0.0011347
0.000171223
0.00112855
0.00011702
0.00112533
6.23056e-05
0.00112505
7.10205e-06
-4.85649e-05
0.00112774
0.00133433
0.000717103
0.00130107
0.00066636
0.00127038
0.000614935
0.0012423
0.000562835
0.00121686
0.000510069
0.0011941
0.000456645
0.00117404
0.000402577
0.00115672
0.000347876
0.00114218
0.000292559
0.00113043
0.000236641
0.00112151
0.000180142
0.00111545
0.000123081
0.00111227
6.54799e-05
0.00111201
7.36418e-06
-5.12396e-05
0.00111469
0.00131863
0.000752467
0.00128578
0.000699212
0.00125547
0.000645242
0.00122774
0.000590566
0.00120262
0.000535189
0.00118014
0.000479124
0.00116033
0.000422381
0.00114324
0.000364975
0.00112887
0.000306922
0.00111728
0.000248238
0.00110848
0.000188942
0.0011025
0.000129057
0.00109938
6.86046e-05
0.00109913
7.61134e-06
-5.38949e-05
0.00110178
0.00130312
0.000787393
0.00127067
0.000731657
0.00124074
0.000675174
0.00121335
0.000617952
0.00118854
0.000559997
0.00116635
0.000501321
0.00114679
0.000441937
0.00112991
0.000381858
0.00111573
0.000321101
0.00110428
0.000259684
0.0010956
0.000197626
0.00108971
0.00013495
0.00108663
7.16804e-05
0.0010864
7.84369e-06
-5.65307e-05
0.00108903
0.00128779
0.000821889
0.00125575
0.000763702
0.00122618
0.000704735
0.00119914
0.000644997
0.00117464
0.000584496
0.00115272
0.000523241
0.00113341
0.000461247
0.00111674
0.000398528
0.00110274
0.0003351
0.00109144
0.000270982
0.00108287
0.000206195
0.00107706
0.000140762
0.00107404
7.4708e-05
0.00107382
8.06162e-06
-5.91467e-05
0.00107643
0.00127265
0.000855959
0.001241
0.000795349
0.0012118
0.00073393
0.00118509
0.000671707
0.0011609
0.000608689
0.00113926
0.000544887
0.00112019
0.000480315
0.00110373
0.000414986
0.00108991
0.00034892
0.00107876
0.000282134
0.0010703
0.00021465
0.00106457
0.000146493
0.00106159
7.76885e-05
0.00106139
8.26564e-06
-6.17432e-05
0.00106398
0.00125768
0.000889607
0.00122643
0.000826606
0.0011976
0.000762762
0.00117122
0.000698085
0.00114733
0.000632581
0.00112595
0.000566263
0.00110712
0.000499143
0.00109087
0.000431238
0.00107723
0.000362564
0.00106622
0.000293142
0.00105788
0.000222994
0.00105222
0.000152145
0.00104929
8.06224e-05
0.0010491
8.45619e-06
-6.432e-05
0.00105168
0.0012429
0.00092284
0.00121203
0.000857475
0.00118356
0.000791237
0.00115751
0.000724135
0.00113391
0.000656175
0.00111281
0.000587371
0.00109421
0.000517735
0.00107817
0.000447283
0.0010647
0.000376034
0.00105383
0.000304008
0.0010456
0.000231228
0.00104002
0.000157719
0.00103714
8.35107e-05
0.00103696
8.6337e-06
-6.68772e-05
0.00103952
0.0012283
0.000955663
0.00119781
0.000887962
0.00116969
0.00081936
0.00114396
0.000749861
0.00112066
0.000679476
0.00109982
0.000608216
0.00108146
0.000536094
0.00106561
0.000463127
0.00105232
0.000389333
0.00104159
0.000314734
0.00103346
0.000239353
0.00102797
0.000163216
0.00102512
8.63542e-05
0.00102496
8.79859e-06
-6.94145e-05
0.0010275
0.00121387
0.00098808
0.00118376
0.000918073
0.00115599
0.000847133
0.00113058
0.000775268
0.00110757
0.000702487
0.00108698
0.0006288
0.00106885
0.000554223
0.00105321
0.000478771
0.00104008
0.000402463
0.00102949
0.000325322
0.00102147
0.000247371
0.00101605
0.000168638
0.00101325
8.91538e-05
0.0010131
8.95122e-06
-7.19322e-05
0.00101562
0.00119961
0.0010201
0.00116988
0.00094781
0.00114245
0.000874563
0.00111735
0.00080036
0.00109463
0.000725212
0.0010743
0.000649128
0.0010564
0.000572125
0.00104095
0.000494217
0.00102799
0.000415426
0.00101754
0.000335773
0.00100963
0.000255284
0.00100428
0.000173986
0.00100152
9.19102e-05
0.00100138
9.09202e-06
-7.44301e-05
0.00100388
0.00118553
0.00105172
0.00115616
0.000977181
0.00112907
0.000901653
0.00110429
0.000825141
0.00108185
0.000747654
0.00106177
0.000669203
0.00104409
0.000589802
0.00102884
0.00050947
0.00101604
0.000428225
0.00100573
0.000346091
0.000997916
0.000263093
0.000992642
0.00017926
0.000989928
9.46242e-05
0.000989798
9.22171e-06
-7.69081e-05
0.000992276
0.00117161
0.00114261
0.00100619
0.00111585
0.000928407
0.00109138
0.000849614
0.00106922
0.000769817
0.00104939
0.000689027
0.00103193
0.000607259
0.00101687
0.000524531
0.00100424
0.000440862
0.000994051
0.000356276
0.000986344
0.0002708
0.000981142
0.000184462
0.000978469
9.72967e-05
0.000978351
9.34038e-06
-7.93663e-05
0.000980809
0.00112922
0.00103484
0.00110279
0.000954831
0.00107862
0.000873785
0.00105674
0.000791705
0.00103716
0.000708605
0.00101992
0.000624498
0.00100505
0.000539403
0.000992569
0.000453339
0.000982514
0.000366331
0.000974908
0.000278406
0.000969777
0.000189594
0.000967145
9.99285e-05
0.000967037
9.4484e-06
-8.18044e-05
0.000969475
0.00111599
0.00106313
0.00108989
0.000980929
0.00106602
0.000897656
0.0010444
0.000813322
0.00102507
0.00072794
0.00100805
0.000641522
0.00099336
0.000554089
0.00098104
0.000465659
0.000971114
0.000376258
0.000963607
0.000285913
0.000958545
0.000194656
0.000955953
0.00010252
0.000955855
9.54659e-06
-8.42228e-05
0.000958273
0.00110292
0.00109108
0.00107715
0.0010067
0.00105357
0.000921232
0.00103222
0.000834672
0.00101312
0.000747034
0.000996313
0.000658334
0.000981811
0.00056859
0.000969647
0.000477823
0.000959847
0.000386058
0.000952437
0.000293322
0.000947444
0.000199649
0.000944891
0.000105073
0.000944803
9.63506e-06
-8.66209e-05
0.000947201
0.00109001
0.00111868
0.00106455
0.00103216
0.00104127
0.000944517
0.00102018
0.000855757
0.00100132
0.000765892
0.000984719
0.000674937
0.000970399
0.000582911
0.000958387
0.000489835
0.000948712
0.000395733
0.000941399
0.000300636
0.000936472
0.000204575
0.000933958
0.000107587
0.000933879
9.71419e-06
-8.89989e-05
0.000936257
0.00107725
0.00114594
0.00105211
0.0010573
0.00102911
0.000967515
0.00100828
0.000876582
0.00098966
0.000784517
0.000973263
0.000691334
0.000959121
0.000597053
0.00094726
0.000501695
0.000937708
0.000405286
0.000930489
0.000307855
0.000925629
0.000209435
0.000923153
0.000110064
0.000923082
9.78466e-06
-9.13569e-05
0.00092544
0.00106465
0.00117287
0.00103981
0.00108214
0.0010171
0.000990229
0.00099653
0.00089715
0.000978136
0.000802911
0.000961942
0.000707528
0.000947976
0.000611019
0.000936264
0.000513407
0.000926833
0.000414717
0.000919707
0.00031498
0.000914912
0.00021423
0.000912473
0.000112504
0.000912411
9.84662e-06
-9.36947e-05
0.000914748
0.00105219
0.00119946
0.00102766
0.00110667
0.00100523
0.00101266
0.000984916
0.000917464
0.000966748
0.000821078
0.000950755
0.000723521
0.000936963
0.000624812
0.000925398
0.000524972
0.000916085
0.00042403
0.000909051
0.000322014
0.000904321
0.00021896
0.000901917
0.000114908
0.000901863
9.90064e-06
-9.60123e-05
0.00090418
0.00103989
0.00122573
0.00101566
0.00113089
0.000993504
0.00103482
0.000973439
0.000937528
0.000955496
0.000839021
0.000939701
0.000739317
0.000926079
0.000638433
0.000914658
0.000536393
0.000905463
0.000433225
0.00089852
0.000328958
0.000893852
0.000223628
0.000891483
0.000117276
0.000891437
9.94697e-06
-9.83096e-05
0.000893734
0.00102773
0.00125168
0.0010038
0.00115482
0.000981917
0.00105671
0.000962099
0.000957346
0.000944377
0.000856744
0.000928776
0.000754917
0.000915324
0.000651886
0.000904045
0.000547672
0.000894966
0.000442304
0.000888111
0.000335813
0.000883505
0.000228234
0.000881171
0.00011961
0.000881132
9.98595e-06
-0.000100587
0.000883409
0.00101572
0.00127731
0.000992088
0.00117846
0.000970469
0.00107833
0.000950894
0.000976921
0.00093339
0.000874248
0.000917981
0.000770326
0.000904695
0.000665172
0.000893556
0.000558811
0.000884591
0.000451269
0.000877823
0.00034258
0.000873278
0.00023278
0.000870978
0.00012191
0.000870946
1.00182e-05
-0.000102843
0.000873203
0.00100386
0.00130262
0.000980511
0.00120181
0.000959157
0.00109968
0.000939822
0.000996256
0.000922532
0.000891538
0.000907313
0.000785545
0.000894191
0.000678295
0.00088319
0.000569811
0.000874337
0.000460122
0.000867656
0.000349261
0.00086317
0.000237265
0.000860903
0.000124177
0.000860878
1.00438e-05
-0.00010508
0.000863114
0.000992136
0.00132763
0.000969073
0.00122487
0.00094798
0.00112078
0.000928882
0.00101535
0.000911803
0.000908617
0.000896771
0.000800577
0.00088381
0.000691256
0.000872945
0.000580675
0.000864203
0.000468865
0.000857606
0.000355858
0.000853179
0.000241692
0.000850945
0.000126411
0.000850926
1.00632e-05
-0.000107296
0.000853142
0.000980553
0.00135233
0.000957772
0.00124765
0.000936936
0.00114161
0.000918071
0.00103422
0.000901201
0.000925487
0.000886353
0.000815426
0.000873551
0.000704058
0.000862821
0.000591406
0.000854187
0.000477499
0.000847673
0.000362371
0.000843304
0.000246061
0.000841102
0.000128613
0.000841088
1.00769e-05
-0.000109492
0.000843284
0.00096911
0.00137673
0.000946606
0.00127015
0.000926024
0.00116219
0.000907388
0.00105286
0.000890724
0.00094215
0.000876057
0.000830093
0.000863412
0.000716703
0.000852814
0.000602004
0.000844287
0.000486026
0.000837856
0.000368802
0.000833544
0.000250373
0.000831373
0.000130784
0.000831365
1.00849e-05
-0.000111667
0.00083354
0.000957803
0.00140083
0.000935573
0.00129238
0.000915241
0.00118253
0.000896832
0.00107126
0.000880371
0.000958612
0.000865883
0.000844581
0.000853392
0.000729193
0.000842924
0.000612472
0.000834503
0.000494447
0.000828153
0.000375153
0.000823896
0.00025463
0.000821756
0.000132925
0.000821753
1.00878e-05
-0.000113822
0.000823908
0.000946632
0.00142464
0.000924672
0.00131434
0.000904586
0.00120261
0.000886401
0.00108945
0.00087014
0.000974873
0.000855828
0.000858893
0.00084349
0.000741531
0.00083315
0.000622811
0.000824833
0.000502764
0.000818562
0.000381423
0.000814361
0.000258832
0.00081225
0.000135035
0.000812252
1.00857e-05
-0.000115957
0.000814387
0.000935595
0.00144817
0.000913901
0.00133604
0.000894058
0.00122245
0.000876093
0.00110742
0.000860029
0.000990937
0.000845891
0.000873031
0.000833703
0.000753719
0.00082349
0.000633024
0.000815276
0.000510978
0.000809083
0.000387616
0.000804935
0.00026298
0.000802854
0.000137116
0.00080286
1.00792e-05
-0.000118071
0.000804975
0.00092469
0.00147141
0.000903258
0.00135747
0.000883655
0.00124206
0.000865907
0.00112516
0.000850037
0.00100681
0.000836071
0.000886998
0.000824031
0.000765758
0.000813943
0.000643113
0.000805829
0.000519092
0.000799713
0.000393732
0.000795618
0.000267075
0.000793566
0.000139169
0.000793577
1.00682e-05
-0.000120166
0.000795671
0.000913916
0.00149436
0.000892742
0.00137865
0.000873376
0.00126142
0.000855842
0.0011427
0.000840164
0.00102248
0.000826366
0.000900796
0.000814472
0.000777652
0.000804506
0.000653078
0.000796492
0.000527106
0.000790452
0.000399771
0.000786409
0.000271117
0.000784385
0.000141193
0.0007844
1.00534e-05
-0.00012224
0.000786474
0.00090327
0.00151705
0.000882351
0.00139956
0.000863218
0.00128055
0.000845895
0.00116002
0.000830406
0.00103797
0.000816775
0.000914427
0.000805025
0.000789402
0.00079518
0.000662923
0.000787263
0.000535022
0.000781298
0.000405737
0.000777307
0.000275109
0.00077531
0.00014319
0.000775329
1.00347e-05
-0.000124293
0.000777382
0.000892751
0.00153945
0.000872084
0.00142023
0.000853181
0.00129946
0.000836066
0.00117714
0.000820763
0.00105328
0.000807296
0.000927895
0.000795688
0.00080101
0.000785962
0.000672649
0.000778142
0.000542842
0.00077225
0.000411628
0.000768309
0.000279051
0.000766339
0.000145159
0.000766362
1.00125e-05
-0.000126327
0.000768395
0.000882358
0.00156159
0.000861939
0.00144065
0.000843262
0.00131813
0.000826353
0.00119405
0.000811233
0.0010684
0.000797928
0.0009412
0.000786459
0.000812479
0.000776851
0.000682257
0.000769126
0.000550567
0.000763307
0.000417447
0.000759415
0.000282942
0.000757472
0.000147103
0.000757497
9.98698e-06
-0.00012834
0.000759511
0.000872089
0.00158347
0.000851914
0.00146083
0.000833461
0.00133659
0.000816754
0.00121075
0.000801816
0.00108333
0.000788669
0.000954347
0.000777339
0.000823809
0.000767846
0.000691749
0.000760215
0.000558198
0.000754467
0.000423195
0.000750624
0.000286785
0.000748707
0.00014902
0.000748735
9.95861e-06
-0.000130333
0.000750728
0.000861943
0.00160508
0.000842009
0.00148076
0.000823776
0.00135482
0.000807268
0.00122726
0.000792508
0.00109809
0.000779519
0.000967336
0.000768324
0.000835005
0.000758946
0.000701128
0.000751407
0.000565738
0.000745729
0.000428873
0.000741934
0.000290581
0.000740042
0.000150912
0.000740073
9.9274e-06
-0.000132307
0.000742047
0.000851918
0.00162644
0.000832221
0.00150046
0.000814205
0.00137283
0.000797894
0.00124357
0.00078331
0.00111268
0.000770476
0.00098017
0.000759415
0.000846066
0.000750149
0.000710393
0.000742701
0.000573186
0.000737092
0.000434482
0.000733344
0.000294329
0.000731477
0.000152779
0.000731511
9.8935e-06
-0.00013426
0.000733464
0.000842011
0.00164754
0.000822549
0.00151992
0.000804748
0.00139064
0.00078863
0.00125969
0.00077422
0.00112709
0.000761539
0.000992851
0.000750609
0.000856995
0.000741454
0.000719548
0.000734096
0.000580544
0.000728555
0.000440023
0.000724853
0.000298031
0.000723011
0.000154621
0.000723047
9.85731e-06
-0.000136193
0.00072498
0.000832223
0.00166839
0.000812992
0.00153915
0.000795402
0.00140823
0.000779475
0.00127561
0.000765236
0.00114133
0.000752705
0.00100538
0.000741906
0.000867794
0.00073286
0.000728594
0.00072559
0.000587815
0.000720116
0.000445496
0.00071646
0.000301687
0.000714641
0.00015644
0.00071468
9.81897e-06
-0.000138107
0.000716593
0.000822551
0.001689
0.000803547
0.00155816
0.000786166
0.00142561
0.000770428
0.00129135
0.000756357
0.0011554
0.000743975
0.00101776
0.000733304
0.000878465
0.000724366
0.000737532
0.000717182
0.000594998
0.000711775
0.000450904
0.000708163
0.000305298
0.000706368
0.000158235
0.000706409
9.77863e-06
-0.000140001
0.000708303
0.000812995
0.00170936
0.000794215
0.00157694
0.000777039
0.00144278
0.000761487
0.0013069
0.000747582
0.0011693
0.000735347
0.00103
0.000724802
0.00088901
0.00071597
0.000746364
0.000708872
0.000602096
0.000703529
0.000456247
0.000699962
0.000308865
0.00069819
0.000160007
0.000698232
9.73642e-06
-0.000141875
0.000700106
0.000803551
0.00172948
0.000784993
0.00159549
0.000768019
0.00145976
0.00075265
0.00132227
0.00073891
0.00118304
0.000726818
0.00104209
0.000716398
0.00089943
0.000707671
0.000755092
0.000700658
0.000609109
0.000695379
0.000461526
0.000691855
0.000312389
0.000690106
0.000161756
0.00069015
9.69272e-06
-0.00014373
0.000692004
0.000794217
0.000775877
0.000759103
0.000743916
0.000730337
0.000718389
0.000708092
0.000699468
0.000692538
0.000687322
0.000683841
0.000682114
0.00068216
0.000683995
0.00136627
-6.64198e-06
0.00137656
-1.02903e-05
0.00139053
-1.39625e-05
0.00140818
-1.76564e-05
0.00142955
-2.13697e-05
0.00145465
-2.50997e-05
0.0014835
-2.88437e-05
0.0015161
-3.25993e-05
0.00155246
-3.63632e-05
0.00159259
-4.01325e-05
0.0016365
-4.39042e-05
0.00168417
-4.76753e-05
0.00173561
-5.14426e-05
0.00179082
-5.52033e-05
0.00184977
-5.89539e-05
0.00191246
-6.26917e-05
0.00197888
-6.64136e-05
0.00204899
-7.01167e-05
0.00212279
-7.37983e-05
0.00220025
-7.74555e-05
0.00228133
-8.10856e-05
0.00236602
-8.46865e-05
0.00245427
-8.82551e-05
0.00254606
-9.17894e-05
0.00264135
-9.52873e-05
0.0027401
-9.87461e-05
0.00284226
-0.000102164
0.0029478
-0.000105539
0.00305667
-0.000108869
0.00316882
-0.000112152
0.00328421
-0.000115387
0.00340278
-0.000118571
0.00352448
-0.000121702
0.00364926
-0.00012478
-0.000127802
0.00135034
-1.32188e-05
0.00136052
-2.04725e-05
0.00137434
-2.77738e-05
0.0013918
-3.51181e-05
0.00141293
-4.25009e-05
0.00143775
-4.99169e-05
0.00146626
-5.7361e-05
0.00149849
-6.48275e-05
0.00153444
-7.23108e-05
0.00157411
-7.98048e-05
0.00161751
-8.73037e-05
0.00166464
-9.48012e-05
0.00171549
-0.000102291
0.00177005
-0.000109768
0.00182832
-0.000117224
0.00189028
-0.000124655
0.00195593
-0.000132055
0.00202523
-0.000139417
0.00209816
-0.000146736
0.00217471
-0.000154007
0.00225485
-0.000161224
0.00233855
-0.000168382
0.00242577
-0.000175477
0.00251649
-0.000182504
0.00261066
-0.000189458
0.00270824
-0.000196334
0.00280921
-0.00020313
0.00291351
-0.00020984
0.0030211
-0.00021646
0.00313194
-0.000222988
0.00324597
-0.000229419
0.00336315
-0.000235749
0.00348342
-0.000241976
0.00360673
-0.000248094
-0.000254103
0.00133461
-1.97313e-05
0.00134468
-3.0548e-05
0.00135835
-4.14355e-05
0.00137561
-5.23873e-05
0.00139651
-6.33962e-05
0.00142105
-7.4455e-05
0.00144924
-8.55555e-05
0.0014811
-9.66891e-05
0.00151664
-0.000107848
0.00155586
-0.000119023
0.00159876
-0.000130204
0.00164534
-0.000141384
0.0016956
-0.000152553
0.00174954
-0.000163701
0.00180713
-0.00017482
0.00186838
-0.0001859
0.00193326
-0.000196934
0.00200175
-0.000207911
0.00207384
-0.000218825
0.0021495
-0.000229666
0.0022287
-0.000240427
0.00231142
-0.000251101
0.00239762
-0.000261679
0.00248727
-0.000272157
0.00258034
-0.000282525
0.00267679
-0.000292779
0.00277657
-0.000302912
0.00287965
-0.000312917
0.00298597
-0.00032279
0.00309551
-0.000332523
0.0032082
-0.000342113
0.00332401
-0.000351553
0.00344287
-0.000360838
0.00356474
-0.000369963
-0.000378924
0.00131907
-2.61802e-05
0.00132904
-4.05178e-05
0.00134255
-5.49495e-05
0.00135963
-6.94664e-05
0.00138029
-8.40588e-05
0.00140456
-9.87171e-05
0.00143243
-0.000113431
0.00146393
-0.000128189
0.00149906
-0.000142979
0.00153783
-0.000157791
0.00158024
-0.000172613
0.00162629
-0.000187431
0.00167597
-0.000202234
0.00172928
-0.000217011
0.00178621
-0.000231748
0.00184674
-0.000246435
0.00191087
-0.000261059
0.00197856
-0.000275609
0.00204981
-0.000290074
0.00212459
-0.000304443
0.00220287
-0.000318706
0.00228462
-0.000332853
0.00236982
-0.000346875
0.00245842
-0.000360762
0.0025504
-0.000374505
0.00264572
-0.000388095
0.00274433
-0.000401526
0.0028462
-0.000414788
0.00295129
-0.000427874
0.00305954
-0.000440776
0.00317091
-0.000453487
0.00328536
-0.000466001
0.00340283
-0.000478309
0.00352327
-0.000490405
-0.000502284
0.00130372
-3.25665e-05
0.00131359
-5.03836e-05
0.00132695
-6.83176e-05
0.00134385
-8.63574e-05
0.00136428
-0.000104491
0.00138827
-0.000122707
0.00141583
-0.000140991
0.00144697
-0.00015933
0.0014817
-0.00017771
0.00152002
-0.000196116
0.00156195
-0.000214534
0.00160746
-0.000232948
0.00165657
-0.000251343
0.00170927
-0.000269705
0.00176554
-0.000288018
0.00182537
-0.000306268
0.00188875
-0.00032444
0.00195566
-0.00034252
0.00202608
-0.000360494
0.00209999
-0.00037835
0.00217736
-0.000396073
0.00225816
-0.000413653
0.00234236
-0.000431076
0.00242993
-0.000448332
0.00252083
-0.000465409
0.00261503
-0.000482298
0.0027125
-0.000498987
0.00281318
-0.000515467
0.00291703
-0.000531729
0.00302402
-0.000547762
0.00313409
-0.000563559
0.0032472
-0.00057911
0.00336329
-0.000594406
0.00348233
-0.00060944
-0.000624202
0.00128856
-3.88907e-05
0.00129832
-6.01464e-05
0.00131155
-8.15415e-05
0.00132825
-0.000103063
0.00134846
-0.000124696
0.00137218
-0.000146427
0.00139943
-0.00016824
0.00143021
-0.000190118
0.00146455
-0.000212045
0.00150244
-0.000234003
0.00154388
-0.000255974
0.00158887
-0.000277942
0.00163741
-0.000299887
0.0016895
-0.000321791
0.00174512
-0.000343638
0.00180426
-0.000365409
0.00186691
-0.000387086
0.00193304
-0.000408655
0.00200264
-0.000430097
0.00207569
-0.000451397
0.00215216
-0.00047254
0.00223202
-0.000493511
0.00231524
-0.000514296
0.00240179
-0.000534881
0.00249163
-0.000555254
0.00258473
-0.000575401
0.00268106
-0.00059531
0.00278056
-0.000614971
0.0028832
-0.000634371
0.00298894
-0.000653499
0.00309772
-0.000672345
0.00320951
-0.000690898
0.00332425
-0.000709148
0.0034419
-0.000727085
-0.000744698
0.00127359
-4.51536e-05
0.00128325
-6.98074e-05
0.00129633
-9.46228e-05
0.00131285
-0.000119585
0.00133283
-0.000144676
0.00135628
-0.000169881
0.00138323
-0.000195181
0.00141366
-0.000220557
0.00144761
-0.000245988
0.00148506
-0.000271457
0.00152603
-0.00029694
0.0015705
-0.000322419
0.00161849
-0.000347871
0.00166997
-0.000373277
0.00172495
-0.000398615
0.00178341
-0.000423865
0.00184533
-0.000449008
0.0019107
-0.000474023
0.00197949
-0.000498891
0.00205169
-0.000523596
0.00212727
-0.000548118
0.0022062
-0.00057244
0.00228845
-0.000596547
0.00237399
-0.000620422
0.00246279
-0.000644051
0.0025548
-0.000667418
0.00265
-0.00069051
0.00274835
-0.000713314
0.00284979
-0.000735815
0.0029543
-0.000758002
0.00306181
-0.000779862
0.0031723
-0.000801383
0.0032857
-0.000822552
0.00340197
-0.000843358
-0.00086379
0.00125879
-5.13559e-05
0.00126835
-7.93678e-05
0.00128129
-0.000107563
0.00129764
-0.000135925
0.00131739
-0.000164435
0.00134058
-0.000193073
0.00136722
-0.000221818
0.00139732
-0.00025065
0.00143087
-0.000279546
0.0014679
-0.000308482
0.00150839
-0.000337437
0.00155236
-0.000366385
0.00159979
-0.000395304
0.00165069
-0.000424169
0.00170503
-0.000452958
0.00176281
-0.000481646
0.00182401
-0.000510212
0.00188863
-0.000538634
0.00195662
-0.000566889
0.00202798
-0.000594957
0.00210268
-0.000622817
0.00218069
-0.000650452
0.00226199
-0.000677841
0.00234653
-0.000704968
0.0024343
-0.000731814
0.00252524
-0.000758364
0.00261934
-0.000784602
0.00271653
-0.000810511
0.0028168
-0.000836079
0.00292008
-0.000861289
0.00302635
-0.000886127
0.00313555
-0.000910581
0.00324763
-0.000934636
0.00336255
-0.000958279
-0.000981497
0.00124418
-5.74985e-05
0.00125364
-8.88287e-05
0.00126644
-0.000120364
0.0012826
-0.000152086
0.00130214
-0.000183973
0.00132507
-0.000216004
0.00135141
-0.000248155
0.00138116
-0.000280402
0.00141434
-0.000312721
0.00145094
-0.000345086
0.00149098
-0.00037747
0.00153444
-0.000409847
0.00158132
-0.000442191
0.00163163
-0.000474475
0.00168535
-0.000506674
0.00174246
-0.00053876
0.00180296
-0.000570709
0.00186682
-0.000602497
0.00193403
-0.000634098
0.00200456
-0.00066549
0.0020784
-0.000696651
0.0021555
-0.000727558
0.00223585
-0.000758192
0.00231942
-0.000788531
0.00240616
-0.000818558
0.00249605
-0.000848253
0.00258905
-0.000877599
0.00268511
-0.000906579
0.00278421
-0.000935175
0.00288629
-0.000963374
0.00299132
-0.000991157
0.00309925
-0.00101851
0.00321003
-0.00104542
0.00332362
-0.00107186
-0.00109784
0.00122975
-6.35817e-05
0.00123911
-9.81914e-05
0.00125177
-0.000133028
0.00126776
-0.00016807
0.00128708
-0.000203295
0.00130975
-0.000238678
0.00133579
-0.000274195
0.00136521
-0.000309818
0.001398
-0.000345519
0.00143419
-0.000381271
0.00147377
-0.000417045
0.00151673
-0.000452811
0.00156308
-0.00048854
0.00161281
-0.000524203
0.0016659
-0.000559771
0.00172236
-0.000595215
0.00178216
-0.000630508
0.00184528
-0.000665622
0.00191171
-0.00070053
0.00198143
-0.000735207
0.00205441
-0.000769628
0.00213062
-0.00080377
0.00221004
-0.000837609
0.00229263
-0.000871124
0.00237837
-0.000904294
0.00246721
-0.000937097
0.00255913
-0.000969516
0.00265408
-0.00100153
0.00275202
-0.00103312
0.00285292
-0.00106427
0.00295673
-0.00109497
0.00306341
-0.00112519
0.0031729
-0.00115491
0.00328517
-0.00118413
-0.00121283
0.00121548
-6.96065e-05
0.00122475
-0.000107457
0.00123728
-0.000145555
0.00125309
-0.000183879
0.00127219
-0.000222402
0.00129461
-0.000261099
0.00132036
-0.000299941
0.00134944
-0.0003389
0.00138187
-0.000377944
0.00141764
-0.000417044
0.00145676
-0.000456167
0.00149923
-0.000495282
0.00154505
-0.000534357
0.00159421
-0.000573359
0.00164669
-0.000612257
0.0017025
-0.000651019
0.00176161
-0.000689616
0.001824
-0.000728017
0.00188966
-0.000766193
0.00195857
-0.000804117
0.00203071
-0.000841761
0.00210604
-0.000879099
0.00218453
-0.000916107
0.00226617
-0.00095276
0.00235091
-0.000989036
0.00243873
-0.00102491
0.00252958
-0.00106037
0.00262343
-0.00109538
0.00272024
-0.00112993
0.00281996
-0.001164
0.00292257
-0.00119757
0.00302801
-0.00123062
0.00313623
-0.00126314
0.0032472
-0.0012951
-0.00132648
0.00120139
-7.55731e-05
0.00121056
-0.000116626
0.00122296
-0.000157948
0.00123859
-0.000199514
0.00125749
-0.000241297
0.00127966
-0.000283268
0.00130511
-0.000325397
0.00133387
-0.000367653
0.00136592
-0.000410001
0.00140129
-0.000452409
0.00143996
-0.000494843
0.00148195
-0.000537267
0.00152724
-0.000579648
0.00157583
-0.00062195
0.00162771
-0.000664139
0.00168287
-0.000706181
0.0017413
-0.000748043
0.00180298
-0.000789693
0.00186788
-0.000831099
0.001936
-0.000872231
0.00200729
-0.00091306
0.00208175
-0.000953557
0.00215934
-0.000993696
0.00224003
-0.00103345
0.00232379
-0.0010728
0.00241059
-0.00111171
0.00250039
-0.00115016
0.00259315
-0.00118814
0.00268884
-0.00122562
0.00278741
-0.00126257
0.00288883
-0.00129899
0.00299305
-0.00133484
0.00310002
-0.00137011
0.0032097
-0.00140478
-0.00143883
0.00118747
-8.14823e-05
0.00119655
-0.0001257
0.00120881
-0.000170207
0.00122427
-0.000214978
0.00124296
-0.000259983
0.00126488
-0.00030519
0.00129005
-0.000350567
0.00131847
-0.00039608
0.00135017
-0.000441694
0.00138513
-0.000487372
0.00142336
-0.000533077
0.00146487
-0.000578772
0.00150964
-0.00062442
0.00155767
-0.000669983
0.00160896
-0.000715424
0.00166349
-0.000760707
0.00172124
-0.000805797
0.0017822
-0.000850657
0.00184636
-0.000895255
0.00191369
-0.000939558
0.00198416
-0.000983535
0.00205776
-0.00102715
0.00213445
-0.00107039
0.00221421
-0.00111321
0.002297
-0.00115559
0.00238279
-0.0011975
0.00247155
-0.00123892
0.00256324
-0.00127983
0.00265782
-0.0013202
0.00275525
-0.00136001
0.0028555
-0.00139923
0.00295851
-0.00143785
0.00306425
-0.00147585
0.00317266
-0.00151319
-0.00154987
0.00117372
-8.73346e-05
0.0011827
-0.000134679
0.00119483
-0.000182335
0.00121012
-0.000230273
0.0012286
-0.000278461
0.00125027
-0.000326866
0.00127516
-0.000375454
0.00130327
-0.000424186
0.0013346
-0.000473027
0.00136916
-0.000521936
0.00140696
-0.000570875
0.00144799
-0.000619803
0.00149225
-0.000668679
0.00153973
-0.000717465
0.00159043
-0.000766121
0.00164433
-0.000814607
0.00170142
-0.000862886
0.00176168
-0.000910919
0.0018251
-0.000958672
0.00189165
-0.00100611
0.00196131
-0.0010532
0.00203406
-0.0010999
0.00210986
-0.00114619
0.0021887
-0.00119204
0.00227053
-0.00123742
0.00235533
-0.0012823
0.00244307
-0.00132666
0.0025337
-0.00137046
0.00262718
-0.00141369
0.00272349
-0.00145632
0.00282258
-0.00149832
0.0029244
-0.00153968
0.00302892
-0.00158036
0.00313608
-0.00162035
-0.00165963
0.00116013
-9.31305e-05
0.00116901
-0.000143565
0.00118101
-0.000194332
0.00119614
-0.0002454
0.00121441
-0.000296734
0.00123585
-0.0003483
0.00126045
-0.00040006
0.00128824
-0.000451975
0.00131922
-0.000504004
0.00135339
-0.000556107
0.00139076
-0.000608241
0.00143132
-0.000660364
0.00147507
-0.000712432
0.00152201
-0.000764403
0.00157212
-0.000816235
0.0016254
-0.000867887
0.00168183
-0.000919318
0.0017414
-0.000970488
0.00180409
-0.00102136
0.00186987
-0.00107189
0.00193873
-0.00112205
0.00201064
-0.00117181
0.00208557
-0.00122113
0.0021635
-0.00126997
0.00224439
-0.00131831
0.00232821
-0.00136612
0.00241493
-0.00141338
0.00250451
-0.00146004
0.00259692
-0.0015061
0.00269212
-0.00155151
0.00279006
-0.00159626
0.00289071
-0.00164032
0.00299402
-0.00168367
0.00309994
-0.00172628
-0.00176813
0.0011467
-9.88705e-05
0.00115549
-0.000152359
0.00116736
-0.000206201
0.00118232
-0.000260361
0.00120039
-0.000314805
0.00122159
-0.000369494
0.00124592
-0.000424389
0.00127339
-0.000479449
0.00130402
-0.00053463
0.0013378
-0.000589889
0.00137474
-0.000645181
0.00141484
-0.000700461
0.00145809
-0.000755683
0.00150449
-0.000810803
0.00155403
-0.000865775
0.0016067
-0.000920555
0.00166248
-0.000975101
0.00172136
-0.00102937
0.00178333
-0.00108332
0.00184835
-0.00113692
0.00191642
-0.00119012
0.0019875
-0.00124289
0.00206157
-0.00129519
0.00213859
-0.001347
0.00221855
-0.00139827
0.00230141
-0.00144898
0.00238713
-0.0014991
0.00247568
-0.00154859
0.00256702
-0.00159744
0.00266112
-0.00164561
0.00275793
-0.00169308
0.00285742
-0.00173981
0.00295954
-0.00178579
0.00306425
-0.00183098
-0.00187537
0.00113343
-0.000104555
0.00114213
-0.000161062
0.00115387
-0.000217942
0.00116867
-0.000275159
0.00118654
-0.000332675
0.0012075
-0.000390451
0.00123155
-0.000448445
0.00125872
-0.000506613
0.001289
-0.000564909
0.00132239
-0.000623288
0.00135891
-0.000681701
0.00139855
-0.000740101
0.00144131
-0.000798441
0.00148718
-0.000856671
0.00153615
-0.000914747
0.00158821
-0.000972619
0.00164336
-0.00103024
0.00170156
-0.00108758
0.00176282
-0.00114458
0.00182709
-0.0012012
0.00189438
-0.0012574
0.00196464
-0.00131315
0.00203785
-0.00136841
0.00211399
-0.00142314
0.00219303
-0.00147731
0.00227493
-0.00153088
0.00235966
-0.00158383
0.00244719
-0.00163612
0.00253749
-0.00168773
0.0026305
-0.00173862
0.0027262
-0.00178877
0.00282454
-0.00183815
0.00292548
-0.00188673
0.00302898
-0.00193448
-0.00198138
0.00112032
-0.000110185
0.00112893
-0.000169674
0.00114054
-0.000229556
0.00115518
-0.000289794
0.00117285
-0.000350347
0.00119357
-0.000411174
0.00121736
-0.00047223
0.00124422
-0.00053347
0.00127415
-0.000594844
0.00130717
-0.000656306
0.00134327
-0.000717804
0.00138246
-0.000779288
0.00142473
-0.000840709
0.00147007
-0.000902015
0.00151848
-0.000963157
0.00156995
-0.00102409
0.00162446
-0.00108475
0.001682
-0.00114512
0.00174255
-0.00120512
0.00180608
-0.00126474
0.00187259
-0.00132391
0.00194205
-0.0013826
0.00201442
-0.00144078
0.00208968
-0.0014984
0.00216781
-0.00155543
0.00224877
-0.00161184
0.00233253
-0.00166759
0.00241905
-0.00172265
0.0025083
-0.00177698
0.00260025
-0.00183057
0.00269485
-0.00188337
0.00279206
-0.00193536
0.00289184
-0.00198651
0.00299414
-0.00203679
-0.00208616
0.00110736
-0.00011576
0.00111588
-0.000178197
0.00112737
-0.000241046
0.00114185
-0.000304268
0.00115932
-0.000367823
0.00117981
-0.000431665
0.00120333
-0.000495748
0.00122988
-0.000560023
0.00125948
-0.00062444
0.00129212
-0.000688949
0.00132781
-0.000753496
0.00136656
-0.000818029
0.00140834
-0.000882494
0.00145316
-0.00094684
0.00150102
-0.00101101
0.0015519
-0.00107496
0.00160578
-0.00113864
0.00166266
-0.00120199
0.00172251
-0.00126498
0.00178532
-0.00132755
0.00185107
-0.00138965
0.00191972
-0.00145126
0.00199126
-0.00151232
0.00206566
-0.0015728
0.00214289
-0.00163266
0.00222292
-0.00169187
0.00230572
-0.00175038
0.00239125
-0.00180818
0.00247947
-0.00186521
0.00257036
-0.00192146
0.00266387
-0.00197688
0.00275996
-0.00203146
0.0028586
-0.00208515
0.00295973
-0.00213792
-0.00218974
0.00109455
-0.000121281
0.00110299
-0.00018663
0.00111435
-0.000252412
0.00112867
-0.000318585
0.00114595
-0.000385105
0.00116621
-0.000451927
0.00118947
-0.000519001
0.00121572
-0.000586276
0.00124498
-0.000653701
0.00127725
-0.000721221
0.00131254
-0.000788781
0.00135084
-0.000856327
0.00139214
-0.000923802
0.00143646
-0.000991152
0.00148377
-0.00105832
0.00153406
-0.00112526
0.00158733
-0.00119191
0.00164355
-0.00125822
0.00170272
-0.00132414
0.00176481
-0.00138963
0.0018298
-0.00145464
0.00189766
-0.00151913
0.00196838
-0.00158304
0.00204193
-0.00164635
0.00211827
-0.00170901
0.00219738
-0.00177098
0.00227923
-0.00183223
0.00236377
-0.00189272
0.00245099
-0.00195242
0.00254083
-0.0020113
0.00263327
-0.00206932
0.00272826
-0.00212644
0.00282575
-0.00218264
0.00292572
-0.00223789
-0.00229213
0.0010819
-0.000126748
0.00109025
-0.000194976
0.00110149
-0.000263655
0.00111565
-0.000332744
0.00113274
-0.000402195
0.00115277
-0.000471962
0.00117577
-0.000541992
0.00120172
-0.000612233
0.00123065
-0.00068263
0.00126256
-0.000753126
0.00129744
-0.000823665
0.0013353
-0.000894188
0.00137614
-0.000964638
0.00141994
-0.00103496
0.00146671
-0.00110509
0.00151643
-0.00117498
0.00156909
-0.00124456
0.00162467
-0.0013138
0.00168316
-0.00138263
0.00174453
-0.00145101
0.00180878
-0.00151889
0.00187587
-0.00158622
0.00194578
-0.00165295
0.00201848
-0.00171905
0.00209394
-0.00178447
0.00217215
-0.00184918
0.00225305
-0.00191314
0.00233663
-0.0019763
0.00242284
-0.00203864
0.00251165
-0.00210011
0.00260303
-0.00216069
0.00269693
-0.00222034
0.0027933
-0.00227902
0.00289212
-0.0023367
-0.00239334
0.0010694
-0.000132162
0.00107765
-0.000203234
0.00108878
-0.000274777
0.00110278
-0.000346747
0.00111968
-0.000419096
0.00113949
-0.000491773
0.00116222
-0.000564725
0.00118789
-0.000637897
0.00121649
-0.000711231
0.00124803
-0.000784669
0.00128252
-0.000858152
0.00131995
-0.000931618
0.00136032
-0.00100501
0.00140362
-0.00107826
0.00144986
-0.00115132
0.00149901
-0.00122413
0.00155106
-0.00129662
0.00160601
-0.00136875
0.00166382
-0.00144045
0.0017245
-0.00151168
0.00178801
-0.0015824
0.00185433
-0.00165254
0.00192343
-0.00172206
0.0019953
-0.00179092
0.0020699
-0.00185908
0.00214721
-0.00192649
0.00222719
-0.00199311
0.00230981
-0.00205892
0.00239503
-0.00212386
0.00248282
-0.00218791
0.00257315
-0.00225102
0.00266597
-0.00231316
0.00276124
-0.00237429
0.00285892
-0.00243438
-0.00249339
0.00105704
-0.000137523
0.00106521
-0.000211406
0.00107621
-0.000285779
0.00109006
-0.000360597
0.00110677
-0.000435809
0.00112636
-0.000511362
0.00114884
-0.000587202
0.00117421
-0.000663271
0.00120249
-0.000739508
0.00123368
-0.000815854
0.00126777
-0.000892246
0.00130477
-0.000968622
0.00134468
-0.00104492
0.00138749
-0.00112107
0.0014332
-0.00119702
0.00148179
-0.00127271
0.00153324
-0.00134808
0.00158756
-0.00142306
0.00164472
-0.00149761
0.0017047
-0.00157166
0.00176748
-0.00164518
0.00183304
-0.0017181
0.00190135
-0.00179037
0.0019724
-0.00186196
0.00204615
-0.00193282
0.00212257
-0.00200291
0.00220163
-0.00207218
0.0022833
-0.00214059
0.00236755
-0.00220811
0.00245433
-0.00227469
0.00254362
-0.00234031
0.00263538
-0.00240491
0.00272955
-0.00246847
0.00282611
-0.00253094
-0.00259228
0.00104482
-0.000142832
0.00105291
-0.000219492
0.00106379
-0.000296663
0.00107749
-0.000374294
0.00109402
-0.000452336
0.00111339
-0.000530732
0.00113561
-0.000609426
0.0011607
-0.000688358
0.00118866
-0.000767465
0.00121949
-0.000846685
0.00125319
-0.000925953
0.00128978
-0.0010052
0.00132923
-0.00108437
0.00137155
-0.0011634
0.00141673
-0.00124221
0.00146477
-0.00132074
0.00151564
-0.00139895
0.00156933
-0.00147676
0.00162583
-0.00155411
0.00168513
-0.00163096
0.00174719
-0.00170724
0.001812
-0.00178291
0.00187953
-0.00185791
0.00194977
-0.0019322
0.00202267
-0.00200573
0.00209821
-0.00207845
0.00217637
-0.00215033
0.00225711
-0.00222133
0.00234039
-0.00229139
0.00242618
-0.00236049
0.00251445
-0.00242857
0.00260515
-0.00249561
0.00269824
-0.00256157
0.00279369
-0.00262638
-0.00269003
0.00103275
-0.000148088
0.00104075
-0.000227494
0.00105152
-0.000307428
0.00106507
-0.000387841
0.00108141
-0.000468679
0.00110056
-0.000549885
0.00112254
-0.0006314
0.00114734
-0.000713161
0.00117498
-0.000795105
0.00120546
-0.000877165
0.00123879
-0.000959276
0.00127495
-0.00104137
0.00131396
-0.00112338
0.00135579
-0.00120523
0.00140046
-0.00128687
0.00144794
-0.00136823
0.00149823
-0.00144924
0.00155131
-0.00152984
0.00160717
-0.00160997
0.00166578
-0.00168957
0.00172714
-0.00176859
0.00179121
-0.00184697
0.00185797
-0.00192467
0.0019274
-0.00200163
0.00199947
-0.0020778
0.00207415
-0.00215313
0.00215141
-0.0022276
0.00223122
-0.00230114
0.00231355
-0.00237372
0.00239836
-0.0024453
0.00248562
-0.00251583
0.00257528
-0.00258527
0.0026673
-0.00265359
0.00276165
-0.00272073
-0.00278665
0.00102082
-0.000153293
0.00102874
-0.000235411
0.00103939
-0.000318078
0.00105279
-0.000401239
0.00106895
-0.000484841
0.00108789
-0.000568824
0.00110961
-0.000653127
0.00113414
-0.000737685
0.00116147
-0.000822432
0.0011916
-0.0009073
0.00122454
-0.00099222
0.0012603
-0.00107712
0.00129886
-0.00116194
0.00134022
-0.0012466
0.00138438
-0.00133103
0.00143132
-0.00141517
0.00148103
-0.00149895
0.00153351
-0.00158231
0.00158872
-0.00166519
0.00164667
-0.00174752
0.00170732
-0.00182924
0.00177066
-0.00191031
0.00183666
-0.00199067
0.00190529
-0.00207026
0.00197654
-0.00214904
0.00205037
-0.00222696
0.00212675
-0.00230398
0.00220565
-0.00238004
0.00228703
-0.00245511
0.00237087
-0.00252914
0.00245712
-0.00260208
0.00254576
-0.0026739
0.00263672
-0.00274456
0.00272998
-0.00281399
-0.00288216
0.00100903
-0.000158446
0.00101687
-0.000243245
0.0010274
-0.000328611
0.00104065
-0.00041449
0.00105663
-0.000500823
0.00107536
-0.000587551
0.00109684
-0.000674609
0.00112109
-0.000761931
0.0011481
-0.000849449
0.0011779
-0.000937092
0.00121047
-0.00102479
0.00124581
-0.00111247
0.00128393
-0.00120006
0.00132482
-0.00128749
0.00136848
-0.00137468
0.00141488
-0.00146157
0.00146403
-0.0015481
0.0015159
-0.00163419
0.00157049
-0.00171977
0.00162777
-0.0018048
0.00168773
-0.0018892
0.00175035
-0.00197292
0.00181559
-0.00205591
0.00188344
-0.00213811
0.00195388
-0.00221947
0.00202686
-0.00229995
0.00210237
-0.00237948
0.00218037
-0.00245804
0.00226082
-0.00253556
0.0023437
-0.00261201
0.00242897
-0.00268735
0.00251658
-0.00276152
0.0026065
-0.00283448
0.00269868
-0.00290618
0.000997378
-0.000163548
0.00100513
-0.000250997
0.00101555
-0.000339031
0.00102865
-0.000427594
0.00104446
-0.000516627
0.00106297
-0.000606067
0.00108421
-0.000695849
0.00110819
-0.000785904
0.0011349
-0.00087616
0.00116435
-0.000966547
0.00119655
-0.00105699
0.0012315
-0.00114741
0.00126918
-0.00123774
0.00130961
-0.00132791
0.00135276
-0.00141784
0.00139864
-0.00150745
0.00144722
-0.00159668
0.00149851
-0.00168547
0.00155247
-0.00177374
0.0016091
-0.00186143
0.00166837
-0.00194848
0.00173027
-0.00203482
0.00179477
-0.00212041
0.00186185
-0.00220519
0.00193148
-0.0022891
0.00200363
-0.0023721
0.00207828
-0.00245413
0.00215538
-0.00253514
0.00223492
-0.0026151
0.00231685
-0.00269394
0.00240114
-0.00277164
0.00248774
-0.00284812
0.00257663
-0.00292336
0.00098586
-0.000168599
0.00099353
-0.000258667
0.00100384
-0.000349337
0.0010168
-0.000440554
0.00103242
-0.000532255
0.00105073
-0.000624377
0.00107173
-0.00071685
0.00109544
-0.000809605
0.00112184
-0.000902569
0.00115096
-0.000995667
0.0011828
-0.00108882
0.00121734
-0.00118196
0.0012546
-0.001275
0.00129456
-0.00136787
0.00133723
-0.0014605
0.00138258
-0.0015528
0.00143061
-0.00164472
0.00148131
-0.00173617
0.00153466
-0.00182709
0.00159064
-0.00191741
0.00164924
-0.00200707
0.00171043
-0.00209602
0.0017742
-0.00218418
0.00184051
-0.0022715
0.00190934
-0.00235794
0.00198067
-0.00244343
0.00205447
-0.00252792
0.00213069
-0.00261137
0.00220932
-0.00269372
0.00229031
-0.00277494
0.00237363
-0.00285496
0.00245924
-0.00293374
0.000974476
-0.0001736
0.000982064
-0.000266255
0.000992259
-0.000359531
0.00100508
-0.00045337
0.00102053
-0.000547709
0.00103863
-0.00064248
0.0010594
-0.000737615
0.00108283
-0.000833039
0.00110894
-0.000928679
0.00113773
-0.00102446
0.0011692
-0.00112029
0.00120335
-0.00121611
0.00124019
-0.00131183
0.0012797
-0.00140738
0.00132187
-0.00150267
0.00136671
-0.00159764
0.00141419
-0.0016922
0.00146431
-0.00178629
0.00151705
-0.00187983
0.0015724
-0.00197276
0.00163033
-0.002065
0.00169082
-0.00215651
0.00175386
-0.00224722
0.00181942
-0.00233706
0.00188747
-0.00242599
0.00195798
-0.00251394
0.00203093
-0.00260087
0.00210629
-0.00268672
0.00218401
-0.00277145
0.00226408
-0.002855
0.00234644
-0.00293732
0.000963223
-0.000178551
0.000970731
-0.000273763
0.000980815
-0.000369615
0.00099349
-0.000466046
0.00100877
-0.00056299
0.00102667
-0.000660381
0.0010472
-0.000758145
0.00107037
-0.000856208
0.00109619
-0.000954492
0.00112465
-0.00105292
0.00115576
-0.00115141
0.00118953
-0.00124988
0.00122594
-0.00134825
0.001265
-0.00144644
0.00130669
-0.00154437
0.00135102
-0.00164196
0.00139796
-0.00173914
0.00144751
-0.00183584
0.00149965
-0.00193197
0.00155436
-0.00202747
0.00161164
-0.00212228
0.00167144
-0.00221632
0.00173376
-0.00230954
0.00179857
-0.00240187
0.00186584
-0.00249326
0.00193555
-0.00258365
0.00200767
-0.00267299
0.00208217
-0.00276122
0.00215901
-0.00284829
0.00223815
-0.00293415
-0.00301874
0.000952102
-0.000183451
0.00095953
-0.000281191
0.000969503
-0.000379588
0.000982038
-0.000478581
0.000997149
-0.000578102
0.00101485
-0.000678081
0.00103515
-0.000778444
0.00105805
-0.000879115
0.00108358
-0.000980013
0.00111172
-0.00108106
0.00114248
-0.00118217
0.00117586
-0.00128326
0.00121186
-0.00138425
0.00125047
-0.00148505
0.00129169
-0.00158559
0.00133551
-0.00168578
0.00138192
-0.00178555
0.0014309
-0.00188482
0.00148245
-0.00198351
0.00153654
-0.00208156
0.00159316
-0.00217889
0.00165228
-0.00227544
0.00171389
-0.00237115
0.00177796
-0.00246594
0.00184447
-0.00255977
0.00191339
-0.00265257
0.00198468
-0.00274428
0.00205833
-0.00283486
0.00213429
-0.00292425
0.00221253
-0.00301239
0.000941108
-0.000188303
0.000948457
-0.00028854
0.000958322
-0.000389453
0.000970718
-0.000490977
0.00098566
-0.000593044
0.00100316
-0.000695582
0.00102323
-0.000798514
0.00104588
-0.000901763
0.00107111
-0.00100525
0.00109893
-0.00110888
0.00112934
-0.00121258
0.00116234
-0.00131626
0.00119793
-0.00141984
0.00123611
-0.00152323
0.00127686
-0.00162634
0.00132018
-0.00172911
0.00136606
-0.00183143
0.00141449
-0.00193325
0.00146544
-0.00203447
0.00151892
-0.00213504
0.00157489
-0.00223487
0.00163335
-0.00233389
0.00169425
-0.00243205
0.0017576
-0.00252928
0.00182335
-0.00262552
0.00189148
-0.0027207
0.00196196
-0.00281477
0.00203476
-0.00290767
0.00210985
-0.00299934
0.000930242
-0.000193105
0.000937513
-0.000295811
0.00094727
-0.000399209
0.000959528
-0.000503236
0.000974304
-0.00060782
0.000991608
-0.000712886
0.00101145
-0.000818358
0.00103384
-0.000924154
0.00105879
-0.00103019
0.00108629
-0.00113638
0.00111636
-0.00124264
0.00114899
-0.00134889
0.00118417
-0.00145502
0.00122191
-0.00156097
0.0012622
-0.00166663
0.00130502
-0.00177193
0.00135038
-0.00187679
0.00139826
-0.00198112
0.00144864
-0.00208485
0.0015015
-0.0021879
0.00155684
-0.0022902
0.00161463
-0.00239168
0.00167484
-0.00249227
0.00173746
-0.0025919
0.00180247
-0.00269052
0.00186982
-0.00278805
0.0019395
-0.00288445
0.00201147
-0.00297964
-0.00307357
0.000919502
-0.000197858
0.000926694
-0.000303003
0.000936344
-0.000408859
0.000948467
-0.000515359
0.000963078
-0.00062243
0.000980188
-0.000729996
0.000999808
-0.000837978
0.00102195
-0.000946293
0.00104661
-0.00105485
0.0010738
-0.00116358
0.00110353
-0.00127237
0.00113578
-0.00138114
0.00117056
-0.00148981
0.00120787
-0.00159827
0.0012477
-0.00170646
0.00129004
-0.00181427
0.00133489
-0.00192163
0.00138222
-0.00202845
0.00143202
-0.00213466
0.00148429
-0.00224017
0.001539
-0.00234491
0.00159613
-0.00244881
0.00165566
-0.0025518
0.00171757
-0.00265381
0.00178183
-0.00275478
0.00184841
-0.00285464
0.0019173
-0.00295333
0.00198845
-0.00305079
0.000908885
-0.000202563
0.000916001
-0.000310119
0.000925545
-0.000418403
0.000937534
-0.000527347
0.00095198
-0.000636877
0.000968898
-0.000746914
0.000988297
-0.000857377
0.00101018
-0.000968181
0.00103457
-0.00107924
0.00106145
-0.00119046
0.00109084
-0.00130175
0.00112273
-0.00141303
0.00115711
-0.00152419
0.001194
-0.00163516
0.00123338
-0.00174584
0.00127523
-0.00185613
0.00131957
-0.00196596
0.00136636
-0.00207525
0.0014156
-0.0021839
0.00146727
-0.00229184
0.00152136
-0.002399
0.00157784
-0.00250529
0.00163669
-0.00261066
0.0016979
-0.00271502
0.00176143
-0.00281831
0.00182726
-0.00292047
0.00189536
-0.00302143
0.000898391
-0.00020722
0.00090543
-0.000317158
0.00091487
-0.000427843
0.000926725
-0.000539203
0.00094101
-0.000651162
0.000957737
-0.000763641
0.000976917
-0.000876556
0.000998557
-0.000989821
0.00102266
-0.00110334
0.00104924
-0.00121704
0.0010783
-0.00133081
0.00110982
-0.00144455
0.00114382
-0.00155819
0.00118028
-0.00167163
0.00121921
-0.00178476
0.0012606
-0.00189751
0.00130442
-0.00200979
0.00135068
-0.00212151
0.00139936
-0.00223258
0.00145045
-0.00234293
0.00150392
-0.00245247
0.00155976
-0.00256113
0.00161794
-0.00266884
0.00167845
-0.00277553
0.00174126
-0.00288112
0.00180634
-0.00298555
-0.00308875
0.000888018
-0.000211828
0.000894981
-0.000324122
0.000904317
-0.000437179
0.00091604
-0.000550926
0.000930166
-0.000665287
0.000946705
-0.00078018
0.000965668
-0.000895519
0.000987063
-0.00101122
0.0010109
-0.00112718
0.00103717
-0.00124331
0.0010659
-0.00135953
0.00109706
-0.00147572
0.00113067
-0.0015918
0.00116673
-0.00170768
0.00120521
-0.00182325
0.00124612
-0.00193843
0.00128945
-0.00205312
0.00133519
-0.00216724
0.00138331
-0.00228071
0.00143382
-0.00239343
0.00148668
-0.00250533
0.00154189
-0.00261634
0.00159941
-0.00272637
0.00165923
-0.00283535
0.00172133
-0.00294321
0.00178567
-0.00304989
0.000877764
-0.000216389
0.000884652
-0.00033101
0.000893885
-0.000446412
0.000905478
-0.000562519
0.000919445
-0.000679254
0.000935798
-0.000796533
0.000954547
-0.000914268
0.0009757
-0.00103237
0.000999264
-0.00115074
0.00102524
-0.00126929
0.00105364
-0.00138792
0.00108445
-0.00150654
0.00111768
-0.00162503
0.00115332
-0.00174332
0.00119137
-0.0018613
0.00123182
-0.00197887
0.00127465
-0.00209596
0.00131987
-0.00221246
0.00136745
-0.00232829
0.00141738
-0.00244336
0.00146964
-0.0025576
0.00152422
-0.00267091
0.00158109
-0.00278324
0.00164024
-0.00289449
0.00170162
-0.0030046
0.000867628
-0.000220903
0.000874442
-0.000337824
0.000883573
-0.000455543
0.000895037
-0.000573983
0.000908848
-0.000693064
0.000925016
-0.000812701
0.000943553
-0.000932805
0.000964467
-0.00105328
0.000987763
-0.00117404
0.00101345
-0.00129498
0.00104152
-0.001416
0.00107198
-0.001537
0.00110484
-0.00165788
0.00114007
-0.00177856
0.00117769
-0.00189891
0.00121767
-0.00201886
0.00126003
-0.00213831
0.00130473
-0.00225716
0.00135177
-0.00237533
0.00140113
-0.00249272
0.0014528
-0.00260927
0.00150676
-0.00272487
0.00156299
-0.00283946
0.00162146
-0.00295296
-0.00306529
0.000857609
-0.00022537
0.000864349
-0.000344565
0.00087338
-0.000464574
0.000884716
-0.000585319
0.000898371
-0.00070672
0.000914358
-0.000828688
0.000932685
-0.000951133
0.000953362
-0.00107396
0.000976394
-0.00119707
0.00100179
-0.00132037
0.00102954
-0.00144375
0.00105966
-0.00156712
0.00109214
-0.00169036
0.00112697
-0.00181339
0.00116416
-0.0019361
0.00120369
-0.0020584
0.00124556
-0.00218018
0.00128976
-0.00230135
0.00133626
-0.00242183
0.00138507
-0.00254153
0.00143615
-0.00266035
0.0014895
-0.00277822
0.00154509
-0.00289505
0.00160289
-0.00301077
0.000847704
-0.00022979
0.000854372
-0.000351232
0.000863302
-0.000473504
0.000874512
-0.000596529
0.000888014
-0.000720222
0.000903821
-0.000844494
0.000921941
-0.000969253
0.000942384
-0.0010944
0.000965155
-0.00121984
0.000990258
-0.00134547
0.0010177
-0.00147119
0.00104747
-0.00159689
0.00107958
-0.00172247
0.00111402
-0.00184783
0.00115079
-0.00197287
0.00118987
-0.00209748
0.00123127
-0.00222157
0.00127496
-0.00234505
0.00132094
-0.00246781
0.00136919
-0.00258978
0.00141969
-0.00271085
0.00147243
-0.00283096
0.00152739
-0.00295001
-0.00306792
0.000837914
-0.000234163
0.000844509
-0.000357826
0.000853341
-0.000482337
0.000864425
-0.000607614
0.000877776
-0.000733572
0.000893404
-0.000860122
0.000911319
-0.000987168
0.00093153
-0.00111461
0.000954043
-0.00124236
0.000978862
-0.00137029
0.00100599
-0.00149832
0.00103543
-0.00162633
0.00106717
-0.00175422
0.00110122
-0.00188188
0.00113757
-0.00200922
0.00117621
-0.00213612
0.00121713
-0.0022625
0.00126033
-0.00238824
0.00130579
-0.00251327
0.00135349
-0.00263748
0.00140342
-0.00276079
0.00145557
-0.0028831
0.0015099
-0.00300434
0.000828236
-0.000238491
0.000834759
-0.000364349
0.000843493
-0.000491071
0.000854454
-0.000618574
0.000867654
-0.000746773
0.000883106
-0.000875574
0.000900819
-0.00100488
0.000920801
-0.0011346
0.000943058
-0.00126461
0.000967596
-0.00139483
0.000994415
-0.00152514
0.00102352
-0.00165543
0.0010549
-0.0017856
0.00108856
-0.00191554
0.0011245
-0.00204515
0.0011627
-0.00217432
0.00120316
-0.00230296
0.00124587
-0.00243095
0.00129081
-0.00255821
0.00133797
-0.00268464
0.00138734
-0.00281015
0.00143889
-0.00293465
-0.00305806
0.000818669
-0.000242774
0.000825121
-0.000370801
0.000833758
-0.000499708
0.000844596
-0.000629412
0.000857648
-0.000759825
0.000872925
-0.000890851
0.000890438
-0.00102239
0.000910194
-0.00115435
0.000932198
-0.00128662
0.000956457
-0.00141909
0.000982972
-0.00155165
0.00101174
-0.0016842
0.00104277
-0.00181663
0.00107605
-0.00194882
0.00111158
-0.00208068
0.00114935
-0.00221209
0.00118935
-0.00234296
0.00123157
-0.00247317
0.00127601
-0.00260264
0.00132263
-0.00273127
0.00137144
-0.00285896
0.00142241
-0.00298562
0.000809212
-0.00024701
0.000815593
-0.000377182
0.000824134
-0.00050825
0.000834851
-0.000640129
0.000847756
-0.00077273
0.000862861
-0.000905956
0.000880175
-0.00103971
0.000899707
-0.00117388
0.000921463
-0.00130837
0.000945446
-0.00144307
0.00097166
-0.00157787
0.00100011
-0.00171265
0.00103078
-0.0018473
0.00106368
-0.00198173
0.00109881
-0.0021158
0.00113615
-0.00224943
0.0011757
-0.0023825
0.00121744
-0.00251492
0.00126137
-0.00264657
0.00130747
-0.00277737
0.00135572
-0.00290721
-0.00303601
0.000799863
-0.000251202
0.000806174
-0.000383493
0.000814621
-0.000516697
0.000825217
-0.000650726
0.000837977
-0.000785489
0.000852911
-0.00092089
0.00087003
-0.00105683
0.00088934
-0.00119319
0.000910849
-0.00132988
0.00093456
-0.00146678
0.000960476
-0.00160378
0.000988599
-0.00174077
0.00101893
-0.00187763
0.00105145
-0.00201425
0.00108618
-0.00215053
0.0011231
-0.00228635
0.0011622
-0.0024216
0.00120347
-0.00255619
0.0012469
-0.00269
0.00129248
-0.00282295
0.00134018
-0.00295492
-0.00308583
0.000790621
-0.000255349
0.000796863
-0.000389735
0.000805216
-0.000525049
0.000815694
-0.000661204
0.00082831
-0.000798105
0.000843075
-0.000935655
0.00086
-0.00107375
0.000879091
-0.00121228
0.000900356
-0.00135115
0.000923798
-0.00149022
0.00094942
-0.0016294
0.000977223
-0.00176857
0.00100721
-0.00190761
0.00103937
-0.00204641
0.0010737
-0.00218486
0.0011102
-0.00232285
0.00114885
-0.00246026
0.00118966
-0.00259699
0.0012326
-0.00273294
0.00127766
-0.00286801
0.00132482
-0.00300209
0.000781485
-0.000259452
0.000787659
-0.000395909
0.000795918
-0.000533309
0.000806279
-0.000671564
0.000818752
-0.000810579
0.000833351
-0.000950254
0.000850084
-0.00109048
0.000868959
-0.00123116
0.000889982
-0.00137217
0.000913158
-0.0015134
0.00093849
-0.00165474
0.000965977
-0.00179606
0.00099562
-0.00193726
0.00102741
-0.00207821
0.00106136
-0.00221881
0.00109744
-0.00235893
0.00113566
-0.00249848
0.001176
-0.00263733
0.00121846
-0.0027754
0.00126301
-0.00291256
-0.00304872
0.000772454
-0.000263511
0.000778559
-0.000402014
0.000786727
-0.000541477
0.000796971
-0.000681808
0.000809304
-0.000822912
0.000823738
-0.000964688
0.000840281
-0.00110703
0.000858942
-0.00124982
0.000879727
-0.00139295
0.00090264
-0.00153631
0.000927684
-0.00167978
0.000954859
-0.00182324
0.000984166
-0.00196656
0.0010156
-0.00210964
0.00104916
-0.00225236
0.00108483
-0.00239461
0.00112262
-0.00253626
0.0011625
-0.00267722
0.00120448
-0.00281737
0.00124852
-0.00295661
0.000763526
-0.000267527
0.000769564
-0.000408052
0.000777641
-0.000549553
0.000787769
-0.000691937
0.000799964
-0.000835107
0.000814234
-0.000978958
0.00083059
-0.00112338
0.000849039
-0.00126827
0.000869588
-0.0014135
0.000892241
-0.00155897
0.000917001
-0.00170454
0.000943868
-0.0018501
0.000972842
-0.00199554
0.00100392
-0.00214072
0.0010371
-0.00228554
0.00107237
-0.00242988
0.00110973
-0.00257362
0.00114916
-0.00271665
0.00119066
-0.00285887
-0.00300015
0.0007547
-0.000271498
0.000760672
-0.000414024
0.000768658
-0.000557539
0.000778673
-0.000701952
0.000790729
-0.000847163
0.000804838
-0.000993067
0.000821009
-0.00113955
0.000839249
-0.00128651
0.000859565
-0.00143382
0.000881961
-0.00158136
0.00090644
-0.00172902
0.000933002
-0.00187666
0.000961647
-0.00202418
0.000992373
-0.00217145
0.00102517
-0.00231834
0.00106005
-0.00246475
0.00109698
-0.00261055
0.00113597
-0.00275564
0.001177
-0.00289989
0.000745976
-0.000275428
0.000751881
-0.000419929
0.000759778
-0.000565436
0.00076968
-0.000711855
0.000781601
-0.000859083
0.00079555
-0.00100702
0.000811537
-0.00115554
0.000829571
-0.00130454
0.000849656
-0.0014539
0.000871798
-0.0016035
0.000895999
-0.00175322
0.00092226
-0.00190293
0.00095058
-0.0020525
0.000980957
-0.00220183
0.00101339
-0.00235077
0.00104786
-0.00249923
0.00108438
-0.00264707
0.00112293
-0.00279418
-0.00294046
0.000737351
-0.000279314
0.000743191
-0.000425769
0.000750999
-0.000573245
0.00076079
-0.000721646
0.000772576
-0.000870869
0.000786367
-0.00102081
0.000802173
-0.00117135
0.000820002
-0.00132237
0.00083986
-0.00147376
0.00086175
-0.00162539
0.000885676
-0.00177715
0.00091164
-0.00192889
0.000939639
-0.0020805
0.000969672
-0.00223186
0.00100173
-0.00238284
0.00103582
-0.00253331
0.00107192
-0.00268317
0.00111003
-0.00283229
-0.00298056
0.000728824
-0.000283158
0.000734599
-0.000431544
0.00074232
-0.000580966
0.000752001
-0.000731326
0.000763654
-0.000882522
0.000777289
-0.00103444
0.000792916
-0.00118697
0.000810543
-0.00134
0.000830175
-0.00149339
0.000851817
-0.00164704
0.000875472
-0.0018008
0.00090114
-0.00195456
0.000928822
-0.00210818
0.000958515
-0.00226155
0.000990215
-0.00241454
0.00102392
-0.00256702
0.00105961
-0.00271887
0.00109729
-0.00286997
0.000720396
-0.000286961
0.000726107
-0.000437255
0.000733741
-0.0005886
0.000743313
-0.000740898
0.000754834
-0.000894042
0.000768314
-0.00104792
0.000783764
-0.00120242
0.000801191
-0.00135743
0.0008206
-0.0015128
0.000841997
-0.00166843
0.000865384
-0.00182419
0.000890761
-0.00197994
0.000918129
-0.00213555
0.000947486
-0.00229091
0.000978826
-0.00244588
0.00101215
-0.00260033
0.00104744
-0.00275416
-0.00290723
0.000712063
-0.000290721
0.000717711
-0.000442902
0.00072526
-0.000596149
0.000734723
-0.000750362
0.000746114
-0.000905433
0.000759442
-0.00106125
0.000774717
-0.0012177
0.000791946
-0.00137465
0.000811135
-0.00153199
0.000832289
-0.00168959
0.00085541
-0.00184731
0.0008805
-0.00200503
0.000907558
-0.00216261
0.000936582
-0.00231993
0.000967568
-0.00247686
0.00100051
-0.00263328
0.0010354
-0.00278905
0.000703826
-0.000294441
0.000709411
-0.000448487
0.000716875
-0.000603613
0.000726232
-0.000759718
0.000737494
-0.000916695
0.000750671
-0.00107443
0.000765772
-0.0012328
0.000782806
-0.00139169
0.000801777
-0.00155096
0.000822691
-0.0017105
0.00084555
-0.00187017
0.000870356
-0.00202983
0.000897107
-0.00218936
0.000925802
-0.00234863
0.000956438
-0.0025075
0.000989007
-0.00266585
-0.00282355
0.000695683
-0.00029812
0.000701206
-0.000454009
0.000708586
-0.000610993
0.000717837
-0.00076897
0.000728971
-0.000927829
0.000741999
-0.00108746
0.00075693
-0.00124773
0.00077377
-0.00140853
0.000792527
-0.00156972
0.000813203
-0.00173118
0.000835804
-0.00189277
0.000860328
-0.00205435
0.000886776
-0.00221581
0.000915147
-0.002377
0.000945436
-0.00253779
0.000977637
-0.00269805
-0.00285765
0.000687634
0.000693094
0.000700391
0.000709538
0.000720547
0.000733427
0.000748188
0.000764838
0.000783382
0.000803824
0.000826168
0.000850415
0.000876564
0.000904614
0.00093456
0.000966398
)
;

boundaryField
{
    inlet
    {
        type            calculated;
        value           nonuniform 0();
    }
    outlet
    {
        type            calculated;
        value           nonuniform 0();
    }
    cylinder
    {
        type            calculated;
        value           nonuniform 0();
    }
    top
    {
        type            symmetryPlane;
        value           nonuniform 0();
    }
    bottom
    {
        type            symmetryPlane;
        value           uniform 0;
    }
    defaultFaces
    {
        type            empty;
        value           nonuniform 0();
    }
    procBoundary1to0
    {
        type            processor;
        value           nonuniform List<scalar> 
61
(
-0.00167622
-0.00165645
-0.00163692
-0.00161762
-0.00159854
-0.00157969
-0.00156106
-0.00154265
-0.00152445
-0.00150648
-0.00148871
-0.00147116
-0.00145381
-0.00143667
-0.00141974
-0.001403
-0.00138647
-0.00137013
-0.00135399
-0.00133804
-0.00132228
-0.00130672
-0.00129133
-0.00127614
-0.00126112
-0.00124629
-0.00123163
-0.00121715
-0.00120285
0.00108295
-0.00115787
-0.00114428
-0.00113087
-0.00111761
-0.00110451
-0.00109157
-0.00107879
-0.00106616
-0.00105368
-0.00104135
-0.00102917
-0.00101714
-0.00100525
-0.00099351
-0.000981907
-0.000970444
-0.000959118
-0.000947929
-0.000936874
-0.000925951
-0.00091516
-0.000904498
-0.000893964
-0.000883556
-0.000873273
-0.000863113
-0.000853074
-0.000843156
-0.000833356
-0.000823672
-0.0008141
)
;
    }
    procBoundary1to2
    {
        type            processor;
        value           nonuniform List<scalar> 
27
(
0.00377706
0.00373304
0.00368956
0.00364663
0.00360425
0.00356239
0.00352107
0.00348026
0.00343996
0.00340016
0.00336086
0.00332204
0.00328371
0.00324584
0.00320844
0.00317149
0.00313499
0.00309893
0.00306331
0.00302811
0.00299333
0.00295896
0.002925
0.00289144
0.00285827
0.00282549
0.00279309
)
;
    }
    procBoundary1to5
    {
        type            processor;
        value           nonuniform List<scalar> 
84
(
0.00174936
0.00161383
0.00147653
0.00133746
-0.0313087
0.00119662
0.000856461
0.000722986
0.000588134
0.000451942
0.000314451
0.000175707
3.57563e-05
-0.000105313
-0.000247469
-0.000390345
-0.000534441
-0.000679389
-0.000825105
-0.000971499
-0.00111848
-0.00126594
-0.00141379
-0.00156192
0.0329579
-0.00175162
-0.00191511
-0.0020786
-0.00224196
-0.00240505
-0.00256773
-0.00272989
-0.00289138
-0.00297657
0.00266775
-0.0029973
0.0025471
-0.00301123
0.00243107
-0.00301836
0.00231957
0.00229301
-0.00309923
0.0021872
-0.00308973
0.0020857
0.00206183
-0.00314696
0.00196569
-0.00312113
0.00187366
0.00185222
-0.00315531
0.00176523
-0.0031135
0.00168215
0.00166289
-0.00312529
0.00158454
0.0015664
-0.00312442
0.00149261
0.00147552
-0.00311117
0.00140611
0.00139
0.00137408
-0.00313509
0.00130964
0.00129463
-0.00309483
0.00123421
0.00122005
-0.00304321
0.00116349
0.00115014
0.00113694
-0.00302021
0.00108469
0.00107223
-0.00294406
0.0010235
0.00101174
0.00100012
)
;
    }
}


// ************************************************************************* //
