/*--------------------------------*- C++ -*----------------------------------*\
  =========                 |
  \\      /  F ield         | OpenFOAM: The Open Source CFD Toolbox
   \\    /   O peration     | Website:  https://openfoam.org
    \\  /    A nd           | Version:  7
     \\/     M anipulation  |
\*---------------------------------------------------------------------------*/
FoamFile
{
    version     2.0;
    format      ascii;
    class       volVectorField;
    location    "10";
    object      U;
}
// * * * * * * * * * * * * * * * * * * * * * * * * * * * * * * * * * * * * * //

dimensions      [0 1 -1 0 0 0 0];

internalField   nonuniform List<vector> 
2625
(
(1.09859 -0.0475249 0)
(1.09417 -0.0475892 0)
(1.08973 -0.0475459 0)
(1.08528 -0.0473848 0)
(1.08082 -0.0470966 0)
(1.07637 -0.0466725 0)
(1.07195 -0.046105 0)
(1.06757 -0.0453882 0)
(1.06324 -0.0445179 0)
(1.05897 -0.0434922 0)
(1.0548 -0.0423115 0)
(1.05072 -0.0409792 0)
(1.04676 -0.0395016 0)
(1.04292 -0.037888 0)
(1.03924 -0.0361511 0)
(1.03571 -0.0343063 0)
(1.03235 -0.0323716 0)
(1.02917 -0.0303678 0)
(1.02618 -0.0283168 0)
(1.02338 -0.0262422 0)
(1.02078 -0.0241671 0)
(1.01838 -0.0221154 0)
(1.01617 -0.0201079 0)
(1.01417 -0.0181668 0)
(1.01235 -0.0163063 0)
(1.01071 -0.0145467 0)
(1.00925 -0.012891 0)
(1.00795 -0.0113605 0)
(1.0068 -0.00994023 0)
(1.00581 -0.00866266 0)
(1.00491 -0.00748022 0)
(1.00418 -0.00646069 0)
(1.00348 -0.00549158 0)
(1.00299 -0.00472792 0)
(1.00241 -0.00392066 0)
(1.00215 -0.00341987 0)
(1.00159 -0.00268155 0)
(1.15624 -0.039993 0)
(1.15268 -0.0406129 0)
(1.14905 -0.0412351 0)
(1.14534 -0.0418557 0)
(1.14156 -0.0424703 0)
(1.1377 -0.0430739 0)
(1.13377 -0.0436606 0)
(1.12976 -0.044224 0)
(1.12569 -0.0447569 0)
(1.12155 -0.0452514 0)
(1.11734 -0.0456991 0)
(1.11307 -0.0460908 0)
(1.10874 -0.0464171 0)
(1.10436 -0.0466679 0)
(1.09994 -0.0468332 0)
(1.09548 -0.0469026 0)
(1.091 -0.0468659 0)
(1.0865 -0.046713 0)
(1.082 -0.0464346 0)
(1.07751 -0.0460221 0)
(1.07304 -0.045468 0)
(1.0686 -0.0447665 0)
(1.06422 -0.0439133 0)
(1.05991 -0.0429064 0)
(1.05568 -0.0417464 0)
(1.05155 -0.0404364 0)
(1.04754 -0.0389826 0)
(1.04365 -0.0373943 0)
(1.03991 -0.0356837 0)
(1.03634 -0.0338662 0)
(1.03293 -0.0319596 0)
(1.0297 -0.0299843 0)
(1.02666 -0.027962 0)
(1.02382 -0.0259159 0)
(1.02118 -0.0238689 0)
(1.01874 -0.0218447 0)
(1.0165 -0.0198636 0)
(1.01446 -0.0179479 0)
(1.0126 -0.0161115 0)
(1.01094 -0.0143743 0)
(1.00945 -0.0127395 0)
(1.00813 -0.0112281 0)
(1.00695 -0.00982548 0)
(1.00594 -0.00856342 0)
(1.00503 -0.00739547 0)
(1.00428 -0.00638787 0)
(1.00357 -0.00543065 0)
(1.00306 -0.00467529 0)
(1.00247 -0.00387831 0)
(1.00221 -0.00338184 0)
(1.00163 -0.0026532 0)
(1.15789 -0.0393159 0)
(1.15431 -0.0399316 0)
(1.15067 -0.0405495 0)
(1.14694 -0.0411659 0)
(1.14315 -0.0417765 0)
(1.13927 -0.0423764 0)
(1.13532 -0.0429597 0)
(1.1313 -0.0435202 0)
(1.1272 -0.0440506 0)
(1.12303 -0.0445434 0)
(1.11879 -0.0449901 0)
(1.11449 -0.0453818 0)
(1.11013 -0.0457091 0)
(1.10572 -0.0459621 0)
(1.10126 -0.0461309 0)
(1.09677 -0.0462052 0)
(1.09224 -0.0461748 0)
(1.0877 -0.0460299 0)
(1.08316 -0.0457613 0)
(1.07862 -0.0453604 0)
(1.07411 -0.0448197 0)
(1.06963 -0.0441335 0)
(1.0652 -0.0432974 0)
(1.06083 -0.0423096 0)
(1.05655 -0.0411704 0)
(1.05237 -0.0398829 0)
(1.04831 -0.0384532 0)
(1.04437 -0.0368904 0)
(1.04059 -0.0352066 0)
(1.03696 -0.0334169 0)
(1.0335 -0.0315388 0)
(1.03023 -0.0295924 0)
(1.02715 -0.0275992 0)
(1.02426 -0.0255822 0)
(1.02158 -0.0235638 0)
(1.0191 -0.0215675 0)
(1.01682 -0.0196136 0)
(1.01474 -0.0177237 0)
(1.01286 -0.0159118 0)
(1.01117 -0.0141975 0)
(1.00965 -0.0125842 0)
(1.00831 -0.0110923 0)
(1.00711 -0.00970767 0)
(1.00608 -0.00846148 0)
(1.00514 -0.00730838 0)
(1.00438 -0.00631299 0)
(1.00365 -0.00536796 0)
(1.00314 -0.00462112 0)
(1.00253 -0.00383466 0)
(1.00226 -0.00334269 0)
(1.00167 -0.00262395 0)
(1.15949 -0.0386325 0)
(1.15591 -0.0392435 0)
(1.15225 -0.0398568 0)
(1.14851 -0.0404688 0)
(1.1447 -0.0410751 0)
(1.14081 -0.0416709 0)
(1.13684 -0.0422505 0)
(1.1328 -0.0428076 0)
(1.12867 -0.0433354 0)
(1.12448 -0.0438261 0)
(1.12022 -0.0442716 0)
(1.11589 -0.044663 0)
(1.1115 -0.044991 0)
(1.10705 -0.045246 0)
(1.10256 -0.045418 0)
(1.09803 -0.0454969 0)
(1.09347 -0.0454728 0)
(1.08889 -0.0453358 0)
(1.0843 -0.0450768 0)
(1.07972 -0.0446874 0)
(1.07516 -0.0441602 0)
(1.07063 -0.0434892 0)
(1.06616 -0.0426704 0)
(1.06174 -0.0417018 0)
(1.05741 -0.0405835 0)
(1.05318 -0.0393188 0)
(1.04907 -0.0379135 0)
(1.04509 -0.0363766 0)
(1.04125 -0.0347198 0)
(1.03757 -0.0329582 0)
(1.03407 -0.0311091 0)
(1.03075 -0.0291921 0)
(1.02762 -0.0272286 0)
(1.0247 -0.0252411 0)
(1.02197 -0.0232518 0)
(1.01945 -0.0212841 0)
(1.01714 -0.0193577 0)
(1.01503 -0.0174941 0)
(1.01311 -0.0157072 0)
(1.01139 -0.0140164 0)
(1.00985 -0.0124249 0)
(1.00848 -0.0109529 0)
(1.00726 -0.0095868 0)
(1.00621 -0.00835683 0)
(1.00526 -0.00721893 0)
(1.00448 -0.00623605 0)
(1.00374 -0.0053035 0)
(1.00321 -0.00456542 0)
(1.00259 -0.00378971 0)
(1.00232 -0.00330244 0)
(1.00171 -0.00259381 0)
(1.16105 -0.0379429 0)
(1.15746 -0.038549 0)
(1.15379 -0.0391573 0)
(1.15004 -0.0397644 0)
(1.14622 -0.0403661 0)
(1.14231 -0.0409574 0)
(1.13833 -0.041533 0)
(1.13426 -0.0420865 0)
(1.13012 -0.0426113 0)
(1.12591 -0.0430996 0)
(1.12162 -0.0435436 0)
(1.11726 -0.0439344 0)
(1.11284 -0.0442629 0)
(1.10837 -0.0445195 0)
(1.10384 -0.0446946 0)
(1.09927 -0.044778 0)
(1.09468 -0.0447599 0)
(1.09006 -0.0446307 0)
(1.08543 -0.0443813 0)
(1.08081 -0.0440033 0)
(1.0762 -0.0434894 0)
(1.07163 -0.0428338 0)
(1.0671 -0.0420323 0)
(1.06264 -0.0410829 0)
(1.05827 -0.0399858 0)
(1.05399 -0.0387441 0)
(1.04982 -0.0373634 0)
(1.04579 -0.0358526 0)
(1.04191 -0.0342234 0)
(1.03818 -0.0324903 0)
(1.03463 -0.0306705 0)
(1.03127 -0.0287834 0)
(1.0281 -0.02685 0)
(1.02513 -0.0248925 0)
(1.02236 -0.022933 0)
(1.01981 -0.0209942 0)
(1.01746 -0.0190959 0)
(1.01531 -0.0172592 0)
(1.01337 -0.0154978 0)
(1.01162 -0.0138308 0)
(1.01004 -0.0122617 0)
(1.00865 -0.0108101 0)
(1.00741 -0.00946282 0)
(1.00634 -0.00824945 0)
(1.00537 -0.00712709 0)
(1.00458 -0.00615703 0)
(1.00382 -0.00523725 0)
(1.00328 -0.00450816 0)
(1.00265 -0.00374345 0)
(1.00237 -0.00326106 0)
(1.00175 -0.00256275 0)
(1.16257 -0.0372472 0)
(1.15897 -0.037848 0)
(1.1553 -0.0384511 0)
(1.15154 -0.039053 0)
(1.1477 -0.0396497 0)
(1.14378 -0.0402363 0)
(1.13978 -0.0408074 0)
(1.1357 -0.0413571 0)
(1.13154 -0.0418784 0)
(1.1273 -0.0423642 0)
(1.12299 -0.0428062 0)
(1.11861 -0.0431962 0)
(1.11416 -0.0435249 0)
(1.10965 -0.043783 0)
(1.1051 -0.0439608 0)
(1.1005 -0.0440485 0)
(1.09586 -0.0440363 0)
(1.09121 -0.0439147 0)
(1.08654 -0.0436747 0)
(1.08187 -0.043308 0)
(1.07722 -0.0428074 0)
(1.07261 -0.0421672 0)
(1.06804 -0.0413831 0)
(1.06353 -0.040453 0)
(1.05911 -0.0393773 0)
(1.05478 -0.0381587 0)
(1.05057 -0.0368029 0)
(1.04649 -0.0353186 0)
(1.04256 -0.0337172 0)
(1.03878 -0.032013 0)
(1.03519 -0.030223 0)
(1.03178 -0.0283663 0)
(1.02856 -0.0264634 0)
(1.02555 -0.0245365 0)
(1.02275 -0.0226072 0)
(1.02016 -0.0206979 0)
(1.01777 -0.0188282 0)
(1.01559 -0.0170189 0)
(1.01362 -0.0152836 0)
(1.01184 -0.0136409 0)
(1.01024 -0.0120946 0)
(1.00882 -0.0106637 0)
(1.00756 -0.00933573 0)
(1.00647 -0.00813933 0)
(1.00548 -0.00703286 0)
(1.00468 -0.00607592 0)
(1.0039 -0.00516921 0)
(1.00335 -0.00444934 0)
(1.00271 -0.00369586 0)
(1.00242 -0.00321855 0)
(1.00179 -0.00253078 0)
(1.16405 -0.0365456 0)
(1.16045 -0.0371408 0)
(1.15676 -0.0377383 0)
(1.153 -0.0383347 0)
(1.14915 -0.038926 0)
(1.14522 -0.0395075 0)
(1.1412 -0.0400739 0)
(1.1371 -0.0406193 0)
(1.13292 -0.041137 0)
(1.12866 -0.0416198 0)
(1.12433 -0.0420597 0)
(1.11992 -0.0424484 0)
(1.11545 -0.0427771 0)
(1.11092 -0.0430363 0)
(1.10633 -0.0432167 0)
(1.1017 -0.0433084 0)
(1.09703 -0.0433019 0)
(1.09233 -0.0431878 0)
(1.08763 -0.0429571 0)
(1.08292 -0.0426017 0)
(1.07823 -0.0421144 0)
(1.07357 -0.0414895 0)
(1.06896 -0.0407228 0)
(1.06441 -0.0398122 0)
(1.05993 -0.0387579 0)
(1.05556 -0.0375627 0)
(1.0513 -0.0362321 0)
(1.04718 -0.0347745 0)
(1.0432 -0.0332012 0)
(1.03938 -0.0315264 0)
(1.03574 -0.0297666 0)
(1.03228 -0.0279407 0)
(1.02903 -0.026069 0)
(1.02598 -0.0241731 0)
(1.02313 -0.0222745 0)
(1.0205 -0.0203953 0)
(1.01808 -0.0185546 0)
(1.01587 -0.0167732 0)
(1.01386 -0.0150644 0)
(1.01206 -0.0134466 0)
(1.01043 -0.0119235 0)
(1.009 -0.0105139 0)
(1.00771 -0.00920552 0)
(1.0066 -0.00802646 0)
(1.00559 -0.00693623 0)
(1.00477 -0.0059927 0)
(1.00398 -0.00509935 0)
(1.00343 -0.00438896 0)
(1.00277 -0.00364694 0)
(1.00248 -0.00317491 0)
(1.00183 -0.00249789 0)
(1.16549 -0.0358383 0)
(1.16189 -0.0364275 0)
(1.15819 -0.037019 0)
(1.15442 -0.0376096 0)
(1.15056 -0.0381952 0)
(1.14662 -0.0387713 0)
(1.14259 -0.0393326 0)
(1.13847 -0.0398734 0)
(1.13428 -0.0403871 0)
(1.13 -0.0408666 0)
(1.12564 -0.0413041 0)
(1.12121 -0.0416913 0)
(1.11672 -0.0420196 0)
(1.11215 -0.0422798 0)
(1.10754 -0.0424624 0)
(1.10287 -0.0425579 0)
(1.09817 -0.0425569 0)
(1.09344 -0.0424501 0)
(1.0887 -0.0422286 0)
(1.08395 -0.0418843 0)
(1.07922 -0.0414103 0)
(1.07452 -0.0408007 0)
(1.06986 -0.0400514 0)
(1.06527 -0.0391604 0)
(1.06075 -0.0381278 0)
(1.05633 -0.0369561 0)
(1.05203 -0.0356509 0)
(1.04785 -0.0342204 0)
(1.04383 -0.0326756 0)
(1.03997 -0.0310305 0)
(1.03628 -0.0293013 0)
(1.03278 -0.0275067 0)
(1.02949 -0.0256665 0)
(1.02639 -0.0238022 0)
(1.02351 -0.0219348 0)
(1.02085 -0.0200861 0)
(1.01839 -0.0182751 0)
(1.01615 -0.0165221 0)
(1.01411 -0.0148403 0)
(1.01228 -0.0132478 0)
(1.01062 -0.0117484 0)
(1.00916 -0.0103604 0)
(1.00785 -0.00907217 0)
(1.00673 -0.00791081 0)
(1.0057 -0.00683717 0)
(1.00487 -0.00590737 0)
(1.00406 -0.00502768 0)
(1.0035 -0.004327 0)
(1.00282 -0.00359668 0)
(1.00253 -0.00313012 0)
(1.00187 -0.00246407 0)
(1.16689 -0.0351254 0)
(1.16328 -0.0357083 0)
(1.15959 -0.0362935 0)
(1.15581 -0.0368778 0)
(1.15194 -0.0374574 0)
(1.14798 -0.0380277 0)
(1.14394 -0.0385837 0)
(1.13981 -0.0391196 0)
(1.1356 -0.0396289 0)
(1.1313 -0.0401048 0)
(1.12693 -0.0405395 0)
(1.12248 -0.0409249 0)
(1.11795 -0.0412526 0)
(1.11337 -0.0415133 0)
(1.10872 -0.041698 0)
(1.10403 -0.0417972 0)
(1.09929 -0.0418014 0)
(1.09453 -0.0417017 0)
(1.08975 -0.0414892 0)
(1.08497 -0.041156 0)
(1.0802 -0.0406952 0)
(1.07545 -0.0401009 0)
(1.07075 -0.0393692 0)
(1.06612 -0.0384978 0)
(1.06156 -0.0374869 0)
(1.05709 -0.036339 0)
(1.05274 -0.0350594 0)
(1.04852 -0.0336562 0)
(1.04445 -0.0321403 0)
(1.04055 -0.0305252 0)
(1.03682 -0.0288271 0)
(1.03328 -0.0270642 0)
(1.02994 -0.0252561 0)
(1.02681 -0.0234238 0)
(1.02389 -0.0215881 0)
(1.02118 -0.0197705 0)
(1.0187 -0.0179897 0)
(1.01642 -0.0162656 0)
(1.01435 -0.0146113 0)
(1.01249 -0.0130446 0)
(1.01081 -0.0115693 0)
(1.00933 -0.0102034 0)
(1.008 -0.00893566 0)
(1.00685 -0.00779238 0)
(1.00581 -0.00673568 0)
(1.00496 -0.00581992 0)
(1.00414 -0.00495417 0)
(1.00357 -0.00426345 0)
(1.00288 -0.00354508 0)
(1.00258 -0.00308418 0)
(1.00191 -0.00242931 0)
(1.16826 -0.034407 0)
(1.16464 -0.0349832 0)
(1.16094 -0.0355618 0)
(1.15715 -0.0361396 0)
(1.15328 -0.0367128 0)
(1.14931 -0.037277 0)
(1.14526 -0.0378273 0)
(1.14112 -0.0383579 0)
(1.13689 -0.0388625 0)
(1.13258 -0.0393344 0)
(1.12818 -0.039766 0)
(1.12371 -0.0401494 0)
(1.11917 -0.0404761 0)
(1.11455 -0.0407372 0)
(1.10988 -0.0409236 0)
(1.10516 -0.0410262 0)
(1.10039 -0.0410355 0)
(1.0956 -0.0409427 0)
(1.09078 -0.0407391 0)
(1.08596 -0.0404169 0)
(1.08116 -0.0399691 0)
(1.07637 -0.0393902 0)
(1.07163 -0.0386759 0)
(1.06695 -0.0378243 0)
(1.06235 -0.0368352 0)
(1.05784 -0.0357113 0)
(1.05345 -0.0344576 0)
(1.04918 -0.033082 0)
(1.04507 -0.0315952 0)
(1.04112 -0.0300107 0)
(1.03735 -0.028344 0)
(1.03377 -0.0266132 0)
(1.03039 -0.0248376 0)
(1.02722 -0.0230379 0)
(1.02426 -0.0212345 0)
(1.02152 -0.0194485 0)
(1.019 -0.0176983 0)
(1.01669 -0.0160036 0)
(1.01459 -0.0143773 0)
(1.0127 -0.0128369 0)
(1.011 -0.0113863 0)
(1.0095 -0.0100429 0)
(1.00814 -0.00879599 0)
(1.00698 -0.00767116 0)
(1.00592 -0.00663175 0)
(1.00506 -0.00573033 0)
(1.00422 -0.00487883 0)
(1.00364 -0.00419831 0)
(1.00294 -0.00349212 0)
(1.00263 -0.00303709 0)
(1.00195 -0.00239361 0)
(1.16958 -0.0336834 0)
(1.16596 -0.0342526 0)
(1.16226 -0.0348242 0)
(1.15847 -0.0353951 0)
(1.15458 -0.0359615 0)
(1.15061 -0.0365193 0)
(1.14655 -0.0370634 0)
(1.14239 -0.0375884 0)
(1.13815 -0.0380881 0)
(1.13382 -0.0385557 0)
(1.12941 -0.0389839 0)
(1.12492 -0.0393649 0)
(1.12035 -0.0396903 0)
(1.11572 -0.0399514 0)
(1.11102 -0.0401394 0)
(1.10627 -0.040245 0)
(1.10147 -0.0402592 0)
(1.09664 -0.0401732 0)
(1.0918 -0.0399783 0)
(1.08694 -0.039667 0)
(1.0821 -0.0392322 0)
(1.07728 -0.0386685 0)
(1.0725 -0.0379718 0)
(1.06777 -0.03714 0)
(1.06313 -0.0361729 0)
(1.05858 -0.0350731 0)
(1.05414 -0.0338454 0)
(1.04984 -0.0324978 0)
(1.04568 -0.0310405 0)
(1.04169 -0.0294867 0)
(1.03787 -0.0278519 0)
(1.03425 -0.0261538 0)
(1.03083 -0.0244112 0)
(1.02762 -0.0226445 0)
(1.02462 -0.0208738 0)
(1.02185 -0.0191199 0)
(1.01929 -0.017401 0)
(1.01696 -0.0157361 0)
(1.01483 -0.0141384 0)
(1.01292 -0.0126247 0)
(1.01119 -0.0111992 0)
(1.00966 -0.0098787 0)
(1.00829 -0.00865313 0)
(1.0071 -0.00754714 0)
(1.00603 -0.00652537 0)
(1.00515 -0.00563861 0)
(1.0043 -0.00480164 0)
(1.00371 -0.00413158 0)
(1.00299 -0.0034378 0)
(1.00268 -0.00298884 0)
(1.00199 -0.00235695 0)
(1.17086 -0.0329546 0)
(1.16724 -0.0335164 0)
(1.16354 -0.0340807 0)
(1.15974 -0.0346443 0)
(1.15585 -0.0352037 0)
(1.15187 -0.0357547 0)
(1.1478 -0.0362924 0)
(1.14364 -0.0368114 0)
(1.13938 -0.0373057 0)
(1.13504 -0.0377687 0)
(1.13061 -0.0381931 0)
(1.1261 -0.0385714 0)
(1.12151 -0.0388952 0)
(1.11685 -0.0391562 0)
(1.11213 -0.0393454 0)
(1.10735 -0.0394538 0)
(1.10253 -0.0394727 0)
(1.09767 -0.0393932 0)
(1.09279 -0.0392069 0)
(1.0879 -0.0389063 0)
(1.08302 -0.0384845 0)
(1.07816 -0.037936 0)
(1.07334 -0.0372569 0)
(1.06858 -0.0364449 0)
(1.0639 -0.0354999 0)
(1.0593 -0.0344244 0)
(1.05482 -0.033223 0)
(1.05048 -0.0319035 0)
(1.04628 -0.0304761 0)
(1.04224 -0.0289535 0)
(1.03839 -0.027351 0)
(1.03472 -0.0256858 0)
(1.03126 -0.0239767 0)
(1.02802 -0.0222436 0)
(1.02499 -0.0205061 0)
(1.02218 -0.0187849 0)
(1.01959 -0.0170976 0)
(1.01722 -0.0154632 0)
(1.01507 -0.0138945 0)
(1.01312 -0.012408 0)
(1.01137 -0.011008 0)
(1.00982 -0.00971094 0)
(1.00843 -0.00850709 0)
(1.00723 -0.0074203 0)
(1.00613 -0.00641652 0)
(1.00524 -0.00554474 0)
(1.00438 -0.00472259 0)
(1.00377 -0.00406324 0)
(1.00305 -0.00338212 0)
(1.00273 -0.00293942 0)
(1.00203 -0.00231934 0)
(1.1721 -0.0322208 0)
(1.16849 -0.0327749 0)
(1.16478 -0.0333315 0)
(1.16098 -0.0338875 0)
(1.15708 -0.0344395 0)
(1.1531 -0.0349833 0)
(1.14902 -0.0355142 0)
(1.14484 -0.0360269 0)
(1.14058 -0.0365155 0)
(1.13622 -0.0369735 0)
(1.13178 -0.0373939 0)
(1.12725 -0.0377691 0)
(1.12264 -0.0380911 0)
(1.11796 -0.0383515 0)
(1.11322 -0.0385416 0)
(1.10841 -0.0386528 0)
(1.10356 -0.038676 0)
(1.09868 -0.0386028 0)
(1.09376 -0.038425 0)
(1.08884 -0.038135 0)
(1.08393 -0.037726 0)
(1.07903 -0.0371928 0)
(1.07418 -0.0365312 0)
(1.06938 -0.035739 0)
(1.06465 -0.0348163 0)
(1.06002 -0.0337652 0)
(1.0555 -0.0325904 0)
(1.05111 -0.0312993 0)
(1.04687 -0.029902 0)
(1.04279 -0.0284109 0)
(1.03889 -0.0268411 0)
(1.03519 -0.0252094 0)
(1.03169 -0.0235342 0)
(1.02841 -0.0218351 0)
(1.02534 -0.0201315 0)
(1.0225 -0.0184433 0)
(1.01988 -0.0167883 0)
(1.01748 -0.0151848 0)
(1.0153 -0.0136456 0)
(1.01333 -0.0121869 0)
(1.01155 -0.0108129 0)
(1.00998 -0.00953957 0)
(1.00857 -0.00835784 0)
(1.00735 -0.00729064 0)
(1.00624 -0.0063052 0)
(1.00534 -0.00544871 0)
(1.00446 -0.00464168 0)
(1.00384 -0.0039933 0)
(1.00311 -0.00332506 0)
(1.00278 -0.00288882 0)
(1.00206 -0.00228078 0)
(1.17331 -0.0314821 0)
(1.16969 -0.0320282 0)
(1.16598 -0.0325767 0)
(1.16218 -0.0331248 0)
(1.15828 -0.033669 0)
(1.15429 -0.0342053 0)
(1.1502 -0.0347291 0)
(1.14602 -0.0352351 0)
(1.14174 -0.0357177 0)
(1.13737 -0.0361704 0)
(1.13292 -0.0365864 0)
(1.12837 -0.0369582 0)
(1.12375 -0.037278 0)
(1.11905 -0.0375375 0)
(1.11428 -0.0377284 0)
(1.10945 -0.0378418 0)
(1.10457 -0.0378693 0)
(1.09966 -0.0378022 0)
(1.09472 -0.0376326 0)
(1.08977 -0.0373531 0)
(1.08482 -0.0369569 0)
(1.07989 -0.0364388 0)
(1.07499 -0.0357947 0)
(1.07015 -0.0350225 0)
(1.06539 -0.0341221 0)
(1.06072 -0.0330956 0)
(1.05616 -0.0319475 0)
(1.05173 -0.0306851 0)
(1.04745 -0.0293182 0)
(1.04333 -0.0278591 0)
(1.03939 -0.0263223 0)
(1.03565 -0.0247246 0)
(1.03212 -0.0230837 0)
(1.0288 -0.0214191 0)
(1.02569 -0.0197497 0)
(1.02282 -0.0180952 0)
(1.02017 -0.0164729 0)
(1.01774 -0.0149009 0)
(1.01553 -0.0133917 0)
(1.01353 -0.0119612 0)
(1.01173 -0.0106136 0)
(1.01014 -0.00936458 0)
(1.00871 -0.00820539 0)
(1.00747 -0.00715815 0)
(1.00634 -0.00619141 0)
(1.00543 -0.00535051 0)
(1.00453 -0.0045589 0)
(1.00391 -0.00392174 0)
(1.00316 -0.00326662 0)
(1.00283 -0.00283706 0)
(1.0021 -0.00224124 0)
(1.17447 -0.0307386 0)
(1.17086 -0.0312763 0)
(1.16715 -0.0318165 0)
(1.16334 -0.0323563 0)
(1.15944 -0.0328924 0)
(1.15545 -0.0334208 0)
(1.15135 -0.0339371 0)
(1.14716 -0.0344361 0)
(1.14288 -0.0349123 0)
(1.1385 -0.0353593 0)
(1.13403 -0.0357706 0)
(1.12947 -0.0361387 0)
(1.12482 -0.036456 0)
(1.12011 -0.0367144 0)
(1.11532 -0.0369056 0)
(1.11047 -0.0370212 0)
(1.10556 -0.0370525 0)
(1.10062 -0.0369914 0)
(1.09565 -0.0368299 0)
(1.09067 -0.0365607 0)
(1.08569 -0.0361772 0)
(1.08072 -0.0356741 0)
(1.07579 -0.0350476 0)
(1.07092 -0.0342954 0)
(1.06612 -0.0334174 0)
(1.06141 -0.0324156 0)
(1.05681 -0.0312944 0)
(1.05234 -0.030061 0)
(1.04802 -0.0287248 0)
(1.04386 -0.0272979 0)
(1.03989 -0.0257946 0)
(1.03611 -0.0242312 0)
(1.03253 -0.0226253 0)
(1.02918 -0.0209956 0)
(1.02604 -0.019361 0)
(1.02313 -0.0177407 0)
(1.02045 -0.0161516 0)
(1.01799 -0.0146116 0)
(1.01575 -0.0131329 0)
(1.01373 -0.011731 0)
(1.01191 -0.0104103 0)
(1.0103 -0.00918597 0)
(1.00884 -0.00804972 0)
(1.00759 -0.00702282 0)
(1.00645 -0.00607513 0)
(1.00552 -0.00525016 0)
(1.00461 -0.00447424 0)
(1.00397 -0.00384856 0)
(1.00321 -0.0032068 0)
(1.00288 -0.00278412 0)
(1.00214 -0.00220074 0)
(1.1756 -0.0299906 0)
(1.17199 -0.0305196 0)
(1.16828 -0.031051 0)
(1.16447 -0.0315822 0)
(1.16057 -0.0321098 0)
(1.15657 -0.03263 0)
(1.15247 -0.0331384 0)
(1.14827 -0.0336301 0)
(1.14398 -0.0340995 0)
(1.13959 -0.0345405 0)
(1.13511 -0.0349467 0)
(1.13053 -0.0353107 0)
(1.12587 -0.0356252 0)
(1.12114 -0.0358822 0)
(1.11633 -0.0360735 0)
(1.11146 -0.0361909 0)
(1.10653 -0.0362259 0)
(1.10156 -0.0361706 0)
(1.09657 -0.0360169 0)
(1.09155 -0.0357578 0)
(1.08654 -0.0353869 0)
(1.08154 -0.0348989 0)
(1.07658 -0.0342899 0)
(1.07167 -0.0335577 0)
(1.06683 -0.0327022 0)
(1.06208 -0.0317252 0)
(1.05744 -0.0306312 0)
(1.05294 -0.029427 0)
(1.04858 -0.0281218 0)
(1.04438 -0.0267275 0)
(1.04037 -0.0252581 0)
(1.03655 -0.0237294 0)
(1.03294 -0.0221588 0)
(1.02955 -0.0205646 0)
(1.02638 -0.0189653 0)
(1.02344 -0.0173796 0)
(1.02073 -0.0158243 0)
(1.01824 -0.0143167 0)
(1.01598 -0.012869 0)
(1.01393 -0.0114962 0)
(1.01209 -0.010203 0)
(1.01045 -0.00900374 0)
(1.00898 -0.00789084 0)
(1.00771 -0.00688465 0)
(1.00655 -0.00595635 0)
(1.0056 -0.00514763 0)
(1.00468 -0.0043877 0)
(1.00404 -0.00377377 0)
(1.00327 -0.0031456 0)
(1.00293 -0.00273 0)
(1.00217 -0.00215926 0)
(1.17669 -0.0292381 0)
(1.17308 -0.029758 0)
(1.16937 -0.0302803 0)
(1.16557 -0.0308025 0)
(1.16166 -0.0313212 0)
(1.15766 -0.0318329 0)
(1.15356 -0.0323331 0)
(1.14935 -0.032817 0)
(1.14505 -0.0332793 0)
(1.14065 -0.0337141 0)
(1.13616 -0.0341148 0)
(1.13157 -0.0344744 0)
(1.1269 -0.0347858 0)
(1.12214 -0.035041 0)
(1.11731 -0.0352322 0)
(1.11242 -0.0353511 0)
(1.10747 -0.0353896 0)
(1.10248 -0.0353397 0)
(1.09746 -0.0351937 0)
(1.09242 -0.0349447 0)
(1.08737 -0.0345862 0)
(1.08234 -0.0341131 0)
(1.07735 -0.0335216 0)
(1.0724 -0.0328095 0)
(1.06753 -0.0319765 0)
(1.06274 -0.0310246 0)
(1.05807 -0.0299579 0)
(1.05352 -0.028783 0)
(1.04913 -0.0275092 0)
(1.0449 -0.0261479 0)
(1.04085 -0.0247126 0)
(1.03699 -0.0232192 0)
(1.03335 -0.0216843 0)
(1.02992 -0.0201261 0)
(1.02672 -0.0185625 0)
(1.02375 -0.017012 0)
(1.021 -0.0154909 0)
(1.01849 -0.0140163 0)
(1.0162 -0.0126001 0)
(1.01413 -0.011257 0)
(1.01226 -0.00999158 0)
(1.0106 -0.00881787 0)
(1.00911 -0.00772872 0)
(1.00782 -0.00674364 0)
(1.00665 -0.00583509 0)
(1.00569 -0.00504293 0)
(1.00476 -0.00429928 0)
(1.0041 -0.00369735 0)
(1.00332 -0.003083 0)
(1.00298 -0.00267469 0)
(1.00221 -0.00211681 0)
(1.17774 -0.0284812 0)
(1.17413 -0.0289916 0)
(1.17043 -0.0295046 0)
(1.16662 -0.0300174 0)
(1.16272 -0.0305269 0)
(1.15871 -0.0310296 0)
(1.15461 -0.0315213 0)
(1.1504 -0.0319972 0)
(1.14609 -0.032452 0)
(1.14168 -0.0328801 0)
(1.13718 -0.033275 0)
(1.13258 -0.03363 0)
(1.12789 -0.0339378 0)
(1.12312 -0.034191 0)
(1.11828 -0.0343816 0)
(1.11336 -0.0345018 0)
(1.10839 -0.0345435 0)
(1.10338 -0.0344989 0)
(1.09833 -0.0343604 0)
(1.09326 -0.0341212 0)
(1.08819 -0.033775 0)
(1.08313 -0.0333168 0)
(1.0781 -0.0327428 0)
(1.07312 -0.0320508 0)
(1.06821 -0.0312405 0)
(1.06339 -0.0303137 0)
(1.05868 -0.0292744 0)
(1.0541 -0.0281293 0)
(1.04967 -0.026887 0)
(1.0454 -0.025559 0)
(1.04131 -0.0241584 0)
(1.03742 -0.0227005 0)
(1.03374 -0.0212018 0)
(1.03028 -0.0196801 0)
(1.02705 -0.0181527 0)
(1.02404 -0.0166379 0)
(1.02127 -0.0151516 0)
(1.01873 -0.0137104 0)
(1.01641 -0.0123262 0)
(1.01432 -0.0110132 0)
(1.01243 -0.00977609 0)
(1.01075 -0.00862837 0)
(1.00924 -0.00756339 0)
(1.00794 -0.00659979 0)
(1.00675 -0.00571133 0)
(1.00578 -0.00493605 0)
(1.00483 -0.00420897 0)
(1.00417 -0.00361931 0)
(1.00337 -0.00301901 0)
(1.00302 -0.00261821 0)
(1.00225 -0.00207338 0)
(1.17875 -0.02772 0)
(1.17515 -0.0282207 0)
(1.17145 -0.0287238 0)
(1.16764 -0.029227 0)
(1.16374 -0.029727 0)
(1.15973 -0.0302204 0)
(1.15563 -0.0307031 0)
(1.15141 -0.0311706 0)
(1.1471 -0.0316177 0)
(1.14268 -0.0320387 0)
(1.13817 -0.0324274 0)
(1.13356 -0.0327774 0)
(1.12886 -0.0330814 0)
(1.12407 -0.0333322 0)
(1.11921 -0.0335221 0)
(1.11428 -0.0336432 0)
(1.10929 -0.0336878 0)
(1.10425 -0.0336483 0)
(1.09918 -0.0335171 0)
(1.09408 -0.0332876 0)
(1.08898 -0.0329536 0)
(1.0839 -0.0325102 0)
(1.07884 -0.0319536 0)
(1.07383 -0.0312817 0)
(1.06888 -0.0304941 0)
(1.06403 -0.0295925 0)
(1.05928 -0.028581 0)
(1.05467 -0.0274657 0)
(1.0502 -0.0262554 0)
(1.04589 -0.0249609 0)
(1.04177 -0.0235953 0)
(1.03785 -0.0221734 0)
(1.03413 -0.0207114 0)
(1.03064 -0.0192265 0)
(1.02737 -0.0177359 0)
(1.02434 -0.0162572 0)
(1.02154 -0.0148062 0)
(1.01897 -0.013399 0)
(1.01662 -0.0120473 0)
(1.01451 -0.0107649 0)
(1.01259 -0.00955653 0)
(1.0109 -0.00843523 0)
(1.00937 -0.00739482 0)
(1.00805 -0.00645308 0)
(1.00684 -0.00558506 0)
(1.00586 -0.004827 0)
(1.0049 -0.00411677 0)
(1.00423 -0.00353965 0)
(1.00342 -0.00295363 0)
(1.00307 -0.00256054 0)
(1.00228 -0.00202897 0)
(1.17973 -0.0269547 0)
(1.17613 -0.0274452 0)
(1.17243 -0.0279383 0)
(1.16863 -0.0284314 0)
(1.16473 -0.0289215 0)
(1.16072 -0.0294053 0)
(1.15661 -0.0298788 0)
(1.15239 -0.0303374 0)
(1.14807 -0.0307763 0)
(1.14365 -0.0311899 0)
(1.13913 -0.0315722 0)
(1.13451 -0.0319168 0)
(1.1298 -0.0322167 0)
(1.125 -0.0324648 0)
(1.12012 -0.0326535 0)
(1.11517 -0.0327754 0)
(1.11016 -0.0328227 0)
(1.1051 -0.0327879 0)
(1.10001 -0.0326639 0)
(1.09489 -0.0324439 0)
(1.08976 -0.032122 0)
(1.08464 -0.0316933 0)
(1.07955 -0.0311541 0)
(1.07451 -0.0305022 0)
(1.06954 -0.0297374 0)
(1.06465 -0.0288612 0)
(1.05987 -0.0278775 0)
(1.05522 -0.0267924 0)
(1.05071 -0.0256142 0)
(1.04638 -0.0243536 0)
(1.04222 -0.0230234 0)
(1.03826 -0.021638 0)
(1.03451 -0.0202131 0)
(1.03099 -0.0187655 0)
(1.02769 -0.0173122 0)
(1.02463 -0.0158701 0)
(1.0218 -0.0144549 0)
(1.0192 -0.0130822 0)
(1.01683 -0.0117634 0)
(1.01469 -0.0105121 0)
(1.01276 -0.00933291 0)
(1.01104 -0.00823846 0)
(1.00949 -0.00722303 0)
(1.00816 -0.00630353 0)
(1.00694 -0.0054563 0)
(1.00594 -0.00471577 0)
(1.00497 -0.00402268 0)
(1.00429 -0.00345836 0)
(1.00347 -0.00288685 0)
(1.00312 -0.00250169 0)
(1.00231 -0.00198357 0)
(1.18067 -0.0261853 0)
(1.17707 -0.0266654 0)
(1.17338 -0.027148 0)
(1.16958 -0.0276307 0)
(1.16568 -0.0281106 0)
(1.16167 -0.0285844 0)
(1.15756 -0.0290482 0)
(1.15334 -0.0294978 0)
(1.14902 -0.0299281 0)
(1.14459 -0.030334 0)
(1.14006 -0.0307095 0)
(1.13543 -0.0310483 0)
(1.13071 -0.0313437 0)
(1.1259 -0.0315888 0)
(1.121 -0.0317762 0)
(1.11604 -0.0318984 0)
(1.11101 -0.0319481 0)
(1.10593 -0.0319179 0)
(1.10081 -0.0318008 0)
(1.09567 -0.0315901 0)
(1.09052 -0.0312802 0)
(1.08537 -0.0308661 0)
(1.08026 -0.0303442 0)
(1.07518 -0.0297125 0)
(1.07018 -0.0289705 0)
(1.06526 -0.0281198 0)
(1.06044 -0.0271641 0)
(1.05576 -0.0261093 0)
(1.05122 -0.0249636 0)
(1.04685 -0.0237373 0)
(1.04266 -0.0224427 0)
(1.03867 -0.0210941 0)
(1.03489 -0.0197068 0)
(1.03133 -0.0182971 0)
(1.028 -0.0168814 0)
(1.02491 -0.0154766 0)
(1.02205 -0.0140976 0)
(1.01943 -0.0127598 0)
(1.01704 -0.0114745 0)
(1.01488 -0.0102547 0)
(1.01292 -0.00910522 0)
(1.01118 -0.00803805 0)
(1.00962 -0.00704801 0)
(1.00827 -0.00615114 0)
(1.00703 -0.00532504 0)
(1.00602 -0.00460236 0)
(1.00504 -0.0039267 0)
(1.00435 -0.00337546 0)
(1.00352 -0.00281867 0)
(1.00316 -0.00244166 0)
(1.00235 -0.00193719 0)
(1.18157 -0.025412 0)
(1.17798 -0.0258813 0)
(1.17429 -0.0263531 0)
(1.1705 -0.026825 0)
(1.1666 -0.0272943 0)
(1.16259 -0.0277578 0)
(1.15848 -0.0282116 0)
(1.15426 -0.0286517 0)
(1.14993 -0.0290732 0)
(1.1455 -0.0294709 0)
(1.14096 -0.0298393 0)
(1.13632 -0.030172 0)
(1.13159 -0.0304626 0)
(1.12677 -0.0307044 0)
(1.12186 -0.03089 0)
(1.11688 -0.0310124 0)
(1.11184 -0.0310643 0)
(1.10674 -0.0310384 0)
(1.1016 -0.0309279 0)
(1.09643 -0.0307264 0)
(1.09125 -0.0304283 0)
(1.08608 -0.0300287 0)
(1.08094 -0.0295242 0)
(1.07584 -0.0289126 0)
(1.0708 -0.0281935 0)
(1.06585 -0.0273684 0)
(1.06101 -0.0264408 0)
(1.05629 -0.0254166 0)
(1.05172 -0.0243035 0)
(1.04731 -0.0231118 0)
(1.04309 -0.0218533 0)
(1.03907 -0.020542 0)
(1.03525 -0.0191926 0)
(1.03167 -0.0178211 0)
(1.02831 -0.0164437 0)
(1.02519 -0.0150765 0)
(1.0223 -0.0137343 0)
(1.01966 -0.012432 0)
(1.01724 -0.0111807 0)
(1.01505 -0.00999286 0)
(1.01308 -0.00887348 0)
(1.01132 -0.00783403 0)
(1.00974 -0.00686977 0)
(1.00837 -0.0059959 0)
(1.00712 -0.00519129 0)
(1.0061 -0.00448678 0)
(1.00511 -0.00382882 0)
(1.00441 -0.00329093 0)
(1.00357 -0.0027491 0)
(1.0032 -0.00238045 0)
(1.00238 -0.00188982 0)
(1.18243 -0.0246348 0)
(1.17885 -0.0250929 0)
(1.17517 -0.0255536 0)
(1.17138 -0.0260144 0)
(1.16748 -0.0264728 0)
(1.16348 -0.0269256 0)
(1.15937 -0.0273691 0)
(1.15515 -0.0277993 0)
(1.15081 -0.0282116 0)
(1.14638 -0.0286009 0)
(1.14183 -0.0289617 0)
(1.13719 -0.029288 0)
(1.13245 -0.0295735 0)
(1.12761 -0.0298116 0)
(1.12269 -0.0299952 0)
(1.1177 -0.0301175 0)
(1.11264 -0.0301712 0)
(1.10752 -0.0301494 0)
(1.10236 -0.0300453 0)
(1.09717 -0.0298529 0)
(1.09197 -0.0295664 0)
(1.08678 -0.0291812 0)
(1.0816 -0.028694 0)
(1.07648 -0.0281025 0)
(1.07141 -0.0274063 0)
(1.06643 -0.0266069 0)
(1.06155 -0.0257077 0)
(1.0568 -0.0247142 0)
(1.0522 -0.0236341 0)
(1.04776 -0.0224772 0)
(1.04351 -0.0212552 0)
(1.03945 -0.0199815 0)
(1.03561 -0.0186705 0)
(1.03199 -0.0173378 0)
(1.02861 -0.015999 0)
(1.02546 -0.01467 0)
(1.02255 -0.0133651 0)
(1.01988 -0.0120987 0)
(1.01743 -0.0108818 0)
(1.01523 -0.00972649 0)
(1.01323 -0.00863768 0)
(1.01146 -0.00762638 0)
(1.00986 -0.00668831 0)
(1.00848 -0.00583783 0)
(1.00721 -0.00505504 0)
(1.00618 -0.00436904 0)
(1.00518 -0.00372907 0)
(1.00447 -0.00320478 0)
(1.00362 -0.00267813 0)
(1.00325 -0.00231806 0)
(1.00241 -0.00184147 0)
(1.18327 -0.0238538 0)
(1.17969 -0.0243005 0)
(1.17601 -0.0247496 0)
(1.17223 -0.025199 0)
(1.16834 -0.0256461 0)
(1.16433 -0.0260878 0)
(1.16022 -0.0265207 0)
(1.156 -0.0269407 0)
(1.15167 -0.0273434 0)
(1.14722 -0.0277239 0)
(1.14268 -0.0280769 0)
(1.13803 -0.0283964 0)
(1.13327 -0.0286765 0)
(1.12843 -0.0289105 0)
(1.1235 -0.0290919 0)
(1.11849 -0.0292136 0)
(1.11341 -0.0292689 0)
(1.10828 -0.029251 0)
(1.1031 -0.0291532 0)
(1.09789 -0.0289695 0)
(1.09267 -0.0286946 0)
(1.08745 -0.0283238 0)
(1.08225 -0.0278537 0)
(1.0771 -0.0272823 0)
(1.072 -0.0266091 0)
(1.06699 -0.0258355 0)
(1.06209 -0.0249647 0)
(1.05731 -0.0240022 0)
(1.05267 -0.0229554 0)
(1.0482 -0.0218337 0)
(1.04392 -0.0206485 0)
(1.03983 -0.0194127 0)
(1.03596 -0.0181406 0)
(1.03231 -0.0168471 0)
(1.0289 -0.0155475 0)
(1.02572 -0.0142571 0)
(1.02279 -0.0129899 0)
(1.02009 -0.01176 0)
(1.01763 -0.010578 0)
(1.0154 -0.00945564 0)
(1.01338 -0.00839785 0)
(1.01159 -0.00741513 0)
(1.00998 -0.00650364 0)
(1.00858 -0.00567693 0)
(1.0073 -0.0049163 0)
(1.00626 -0.00424913 0)
(1.00524 -0.00362742 0)
(1.00453 -0.00311702 0)
(1.00367 -0.00260577 0)
(1.00329 -0.00225449 0)
(1.00245 -0.00179213 0)
(1.18406 -0.023069 0)
(1.18049 -0.0235039 0)
(1.17682 -0.0239413 0)
(1.17304 -0.0243789 0)
(1.16915 -0.0248144 0)
(1.16515 -0.0252447 0)
(1.16104 -0.0256665 0)
(1.15682 -0.026076 0)
(1.15249 -0.0264688 0)
(1.14804 -0.0268401 0)
(1.14349 -0.0271848 0)
(1.13883 -0.0274973 0)
(1.13407 -0.0277715 0)
(1.12922 -0.0280013 0)
(1.12428 -0.02818 0)
(1.11926 -0.028301 0)
(1.11417 -0.0283577 0)
(1.10902 -0.0283433 0)
(1.10382 -0.0282515 0)
(1.09859 -0.0280765 0)
(1.09335 -0.0278129 0)
(1.0881 -0.0274563 0)
(1.08288 -0.0270034 0)
(1.0777 -0.0264521 0)
(1.07258 -0.0258019 0)
(1.06754 -0.0250542 0)
(1.06261 -0.0242121 0)
(1.0578 -0.0232807 0)
(1.05313 -0.0222674 0)
(1.04863 -0.0211812 0)
(1.04432 -0.0200331 0)
(1.0402 -0.0188358 0)
(1.0363 -0.0176029 0)
(1.03263 -0.0163491 0)
(1.02918 -0.015089 0)
(1.02598 -0.0138377 0)
(1.02302 -0.0126088 0)
(1.0203 -0.0114159 0)
(1.01781 -0.0102693 0)
(1.01557 -0.00918032 0)
(1.01353 -0.00815399 0)
(1.01172 -0.00720028 0)
(1.01009 -0.00631578 0)
(1.00868 -0.00551321 0)
(1.00739 -0.00477508 0)
(1.00633 -0.00412706 0)
(1.0053 -0.0035239 0)
(1.00458 -0.00302766 0)
(1.00371 -0.00253201 0)
(1.00333 -0.00218976 0)
(1.00248 -0.00174181 0)
(1.18482 -0.0222806 0)
(1.18126 -0.0227034 0)
(1.1776 -0.0231286 0)
(1.17382 -0.0235541 0)
(1.16994 -0.0239776 0)
(1.16594 -0.0243962 0)
(1.16183 -0.0248067 0)
(1.15761 -0.0252052 0)
(1.15328 -0.0255878 0)
(1.14883 -0.0259496 0)
(1.14427 -0.0262857 0)
(1.13961 -0.0265908 0)
(1.13485 -0.0268589 0)
(1.12998 -0.027084 0)
(1.12503 -0.0272597 0)
(1.12 -0.0273797 0)
(1.11489 -0.0274374 0)
(1.10973 -0.0274264 0)
(1.10451 -0.0273404 0)
(1.09927 -0.0271739 0)
(1.094 -0.0269215 0)
(1.08874 -0.026579 0)
(1.08349 -0.0261432 0)
(1.07829 -0.025612 0)
(1.07314 -0.0249849 0)
(1.06807 -0.0242631 0)
(1.06311 -0.0234498 0)
(1.05827 -0.0225498 0)
(1.05358 -0.0215701 0)
(1.04905 -0.0205197 0)
(1.04471 -0.0194091 0)
(1.04056 -0.0182506 0)
(1.03663 -0.0170574 0)
(1.03293 -0.0158437 0)
(1.02946 -0.0146237 0)
(1.02623 -0.013412 0)
(1.02325 -0.0122219 0)
(1.02051 -0.0110663 0)
(1.018 -0.00995558 0)
(1.01573 -0.00890053 0)
(1.01368 -0.00790611 0)
(1.01185 -0.00698184 0)
(1.0102 -0.00612473 0)
(1.00878 -0.00534667 0)
(1.00747 -0.00463139 0)
(1.00641 -0.00400284 0)
(1.00537 -0.0034185 0)
(1.00464 -0.00293669 0)
(1.00376 -0.00245687 0)
(1.00337 -0.00212386 0)
(1.00251 -0.00169051 0)
(1.18555 -0.0214886 0)
(1.182 -0.0218989 0)
(1.17834 -0.0223116 0)
(1.17457 -0.0227247 0)
(1.17069 -0.0231359 0)
(1.1667 -0.0235424 0)
(1.16259 -0.0239412 0)
(1.15837 -0.0243285 0)
(1.15404 -0.0247004 0)
(1.14959 -0.0250524 0)
(1.14503 -0.0253796 0)
(1.14036 -0.0256769 0)
(1.13559 -0.0259385 0)
(1.13072 -0.0261586 0)
(1.12576 -0.0263312 0)
(1.12072 -0.0264498 0)
(1.1156 -0.0265083 0)
(1.11042 -0.0265003 0)
(1.10519 -0.02642 0)
(1.09992 -0.0262617 0)
(1.09464 -0.0260204 0)
(1.08935 -0.0256919 0)
(1.08408 -0.0252731 0)
(1.07885 -0.0247619 0)
(1.07368 -0.024158 0)
(1.06859 -0.0234623 0)
(1.0636 -0.0226778 0)
(1.05873 -0.0218094 0)
(1.05401 -0.0208637 0)
(1.04946 -0.0198494 0)
(1.04509 -0.0187766 0)
(1.04091 -0.0176573 0)
(1.03696 -0.0165042 0)
(1.03323 -0.015331 0)
(1.02973 -0.0141516 0)
(1.02648 -0.01298 0)
(1.02347 -0.011829 0)
(1.0207 -0.0107114 0)
(1.01818 -0.00963701 0)
(1.01589 -0.00861631 0)
(1.01382 -0.00765424 0)
(1.01197 -0.00675984 0)
(1.01031 -0.0059305 0)
(1.00887 -0.00517734 0)
(1.00755 -0.00448523 0)
(1.00648 -0.00387648 0)
(1.00543 -0.00331123 0)
(1.00469 -0.00284413 0)
(1.0038 -0.00238034 0)
(1.00341 -0.0020568 0)
(1.00254 -0.00163823 0)
(1.18625 -0.020693 0)
(1.1827 -0.0210905 0)
(1.17905 -0.0214904 0)
(1.17529 -0.0218907 0)
(1.17141 -0.0222893 0)
(1.16742 -0.0226834 0)
(1.16332 -0.0230701 0)
(1.1591 -0.0234459 0)
(1.15477 -0.0238068 0)
(1.15032 -0.0241486 0)
(1.14575 -0.0244666 0)
(1.14108 -0.0247557 0)
(1.13631 -0.0250105 0)
(1.13143 -0.0252254 0)
(1.12646 -0.0253943 0)
(1.12141 -0.0255114 0)
(1.11628 -0.0255703 0)
(1.11108 -0.0255653 0)
(1.10584 -0.0254903 0)
(1.10055 -0.0253401 0)
(1.09525 -0.0251097 0)
(1.08995 -0.0247951 0)
(1.08466 -0.0243932 0)
(1.0794 -0.0239021 0)
(1.07421 -0.0233213 0)
(1.06909 -0.0226517 0)
(1.06408 -0.0218963 0)
(1.05918 -0.0210597 0)
(1.05444 -0.0201482 0)
(1.04985 -0.0191702 0)
(1.04545 -0.0181357 0)
(1.04125 -0.0170559 0)
(1.03727 -0.0159433 0)
(1.03351 -0.0148111 0)
(1.02999 -0.0136727 0)
(1.02672 -0.0125416 0)
(1.02368 -0.0114304 0)
(1.0209 -0.0103512 0)
(1.01835 -0.00931356 0)
(1.01604 -0.00832767 0)
(1.01395 -0.0073984 0)
(1.01209 -0.00653428 0)
(1.01042 -0.00573311 0)
(1.00896 -0.00500522 0)
(1.00763 -0.00433662 0)
(1.00655 -0.003748 0)
(1.00549 -0.0032021 0)
(1.00474 -0.00274998 0)
(1.00384 -0.00230244 0)
(1.00345 -0.00198859 0)
(1.00257 -0.00158498 0)
(1.18691 -0.0198938 0)
(1.18337 -0.0202783 0)
(1.17973 -0.020665 0)
(1.17597 -0.0210523 0)
(1.1721 -0.0214379 0)
(1.16812 -0.0218193 0)
(1.16402 -0.0221935 0)
(1.1598 -0.0225574 0)
(1.15546 -0.022907 0)
(1.15101 -0.0232382 0)
(1.14645 -0.0235466 0)
(1.14178 -0.0238273 0)
(1.137 -0.024075 0)
(1.13211 -0.0242843 0)
(1.12713 -0.0244494 0)
(1.12207 -0.0245645 0)
(1.11693 -0.0246237 0)
(1.11172 -0.0246212 0)
(1.10646 -0.0245514 0)
(1.10116 -0.0244091 0)
(1.09584 -0.0241895 0)
(1.09052 -0.0238887 0)
(1.08521 -0.0235037 0)
(1.07994 -0.0230326 0)
(1.07472 -0.0224749 0)
(1.06958 -0.0218316 0)
(1.06454 -0.0211054 0)
(1.05962 -0.0203006 0)
(1.05484 -0.0194237 0)
(1.05023 -0.0184824 0)
(1.04581 -0.0174863 0)
(1.04158 -0.0164464 0)
(1.03758 -0.0153747 0)
(1.03379 -0.0142839 0)
(1.03025 -0.013187 0)
(1.02695 -0.012097 0)
(1.02389 -0.0110259 0)
(1.02109 -0.00998557 0)
(1.01852 -0.00898526 0)
(1.01619 -0.00803465 0)
(1.01409 -0.0071386 0)
(1.01221 -0.00630519 0)
(1.01052 -0.00553258 0)
(1.00905 -0.00483033 0)
(1.00771 -0.00418558 0)
(1.00662 -0.0036174 0)
(1.00554 -0.00309112 0)
(1.00479 -0.00265426 0)
(1.00388 -0.00222316 0)
(1.00349 -0.00191924 0)
(1.00259 -0.00153075 0)
(1.18754 -0.0190912 0)
(1.18401 -0.0194622 0)
(1.18037 -0.0198355 0)
(1.17662 -0.0202093 0)
(1.17276 -0.0205816 0)
(1.16878 -0.02095 0)
(1.16468 -0.0213115 0)
(1.16047 -0.021663 0)
(1.15613 -0.022001 0)
(1.15168 -0.0223214 0)
(1.14712 -0.0226199 0)
(1.14244 -0.0228918 0)
(1.13766 -0.023132 0)
(1.13277 -0.0233354 0)
(1.12778 -0.0234963 0)
(1.12271 -0.0236092 0)
(1.11756 -0.0236684 0)
(1.11234 -0.0236682 0)
(1.10707 -0.0236034 0)
(1.10175 -0.0234687 0)
(1.09642 -0.0232598 0)
(1.09107 -0.0229727 0)
(1.08574 -0.0226045 0)
(1.08045 -0.0221534 0)
(1.07521 -0.0216189 0)
(1.07004 -0.0210019 0)
(1.06498 -0.020305 0)
(1.06004 -0.0195324 0)
(1.05524 -0.0186901 0)
(1.0506 -0.0177858 0)
(1.04615 -0.0168285 0)
(1.0419 -0.015829 0)
(1.03787 -0.0147986 0)
(1.03406 -0.0137497 0)
(1.0305 -0.0126947 0)
(1.02717 -0.0116461 0)
(1.0241 -0.0106157 0)
(1.02127 -0.0096147 0)
(1.01868 -0.00865214 0)
(1.01634 -0.00773726 0)
(1.01421 -0.00687488 0)
(1.01233 -0.00607259 0)
(1.01062 -0.00532893 0)
(1.00914 -0.0046527 0)
(1.00779 -0.00403211 0)
(1.00668 -0.00348469 0)
(1.0056 -0.0029783 0)
(1.00484 -0.00255697 0)
(1.00393 -0.00214253 0)
(1.00352 -0.00184875 0)
(1.00262 -0.00147556 0)
(1.18814 -0.018285 0)
(1.18462 -0.0186423 0)
(1.18099 -0.0190019 0)
(1.17724 -0.019362 0)
(1.17339 -0.0197206 0)
(1.16941 -0.0200756 0)
(1.16532 -0.020424 0)
(1.1611 -0.020763 0)
(1.15677 -0.021089 0)
(1.15232 -0.0213982 0)
(1.14776 -0.0216864 0)
(1.14308 -0.0219491 0)
(1.13829 -0.0221816 0)
(1.13339 -0.0223787 0)
(1.1284 -0.0225352 0)
(1.12332 -0.0226456 0)
(1.11816 -0.0227045 0)
(1.11293 -0.0227065 0)
(1.10765 -0.0226463 0)
(1.10232 -0.0225192 0)
(1.09697 -0.0223207 0)
(1.09161 -0.0220472 0)
(1.08626 -0.0216957 0)
(1.08094 -0.0212646 0)
(1.07568 -0.0207533 0)
(1.0705 -0.0201627 0)
(1.06541 -0.0194953 0)
(1.06044 -0.018755 0)
(1.05562 -0.0179477 0)
(1.05096 -0.0170805 0)
(1.04649 -0.0161625 0)
(1.04221 -0.0152036 0)
(1.03815 -0.0142149 0)
(1.03433 -0.0132083 0)
(1.03074 -0.0121957 0)
(1.02739 -0.0111891 0)
(1.02429 -0.0101998 0)
(1.02145 -0.00923858 0)
(1.01884 -0.00831424 0)
(1.01648 -0.00743554 0)
(1.01434 -0.00660725 0)
(1.01244 -0.00583651 0)
(1.01072 -0.00512217 0)
(1.00923 -0.00447232 0)
(1.00786 -0.00387623 0)
(1.00675 -0.0033499 0)
(1.00565 -0.00286366 0)
(1.00489 -0.00245813 0)
(1.00396 -0.00206053 0)
(1.00356 -0.00177714 0)
(1.00265 -0.0014194 0)
(1.1887 -0.0174753 0)
(1.18519 -0.0178186 0)
(1.18157 -0.0181641 0)
(1.17783 -0.0185101 0)
(1.17398 -0.0188549 0)
(1.17001 -0.0191961 0)
(1.16592 -0.0195312 0)
(1.16171 -0.0198572 0)
(1.15738 -0.0201709 0)
(1.15293 -0.0204685 0)
(1.14837 -0.0207462 0)
(1.14369 -0.0209995 0)
(1.13889 -0.0212239 0)
(1.134 -0.0214144 0)
(1.129 -0.0215661 0)
(1.12391 -0.0216738 0)
(1.11874 -0.0217321 0)
(1.1135 -0.0217359 0)
(1.1082 -0.0216803 0)
(1.10286 -0.0215605 0)
(1.09749 -0.0213723 0)
(1.09212 -0.0211122 0)
(1.08675 -0.0207775 0)
(1.08142 -0.0203664 0)
(1.07614 -0.0198783 0)
(1.07093 -0.0193142 0)
(1.06582 -0.0186763 0)
(1.06083 -0.0179686 0)
(1.05599 -0.0171964 0)
(1.05131 -0.0163668 0)
(1.04681 -0.0154882 0)
(1.04251 -0.0145703 0)
(1.03843 -0.0136238 0)
(1.03458 -0.0126598 0)
(1.03097 -0.0116901 0)
(1.0276 -0.0107259 0)
(1.02448 -0.0097782 0)
(1.02162 -0.00885726 0)
(1.01899 -0.00797159 0)
(1.01662 -0.00712952 0)
(1.01446 -0.00633576 0)
(1.01254 -0.00559697 0)
(1.01081 -0.00491234 0)
(1.00931 -0.00428924 0)
(1.00793 -0.00371796 0)
(1.00681 -0.00321304 0)
(1.00571 -0.0027472 0)
(1.00493 -0.00235775 0)
(1.004 -0.00197719 0)
(1.00359 -0.0017044 0)
(1.00267 -0.00136229 0)
(1.18924 -0.0166621 0)
(1.18574 -0.0169911 0)
(1.18212 -0.0173222 0)
(1.17839 -0.0176539 0)
(1.17455 -0.0179844 0)
(1.17058 -0.0183116 0)
(1.1665 -0.0186329 0)
(1.16229 -0.0189457 0)
(1.15796 -0.0192467 0)
(1.15351 -0.0195325 0)
(1.14895 -0.0197993 0)
(1.14427 -0.0200428 0)
(1.13947 -0.0202588 0)
(1.13457 -0.0204425 0)
(1.12957 -0.0205892 0)
(1.12447 -0.0206937 0)
(1.11929 -0.0207512 0)
(1.11404 -0.0207567 0)
(1.10873 -0.0207054 0)
(1.10338 -0.0205927 0)
(1.098 -0.0204148 0)
(1.09261 -0.020168 0)
(1.08723 -0.0198499 0)
(1.08187 -0.0194587 0)
(1.07657 -0.0189939 0)
(1.07135 -0.0184563 0)
(1.06622 -0.0178482 0)
(1.06121 -0.0171731 0)
(1.05634 -0.0164363 0)
(1.05164 -0.0156445 0)
(1.04712 -0.0148057 0)
(1.0428 -0.0139292 0)
(1.03869 -0.0130252 0)
(1.03482 -0.0121044 0)
(1.03119 -0.0111779 0)
(1.0278 -0.0102566 0)
(1.02467 -0.00935097 0)
(1.02178 -0.00847078 0)
(1.01914 -0.00762423 0)
(1.01675 -0.00681924 0)
(1.01458 -0.00606043 0)
(1.01265 -0.005354 0)
(1.0109 -0.00469946 0)
(1.00939 -0.00410348 0)
(1.008 -0.00355733 0)
(1.00687 -0.00307412 0)
(1.00576 -0.00262895 0)
(1.00498 -0.00225585 0)
(1.00404 -0.00189252 0)
(1.00363 -0.00163057 0)
(1.0027 -0.00130424 0)
(1.18975 -0.0158454 0)
(1.18625 -0.0161598 0)
(1.18265 -0.0164762 0)
(1.17892 -0.0167933 0)
(1.17508 -0.0171092 0)
(1.17112 -0.017422 0)
(1.16704 -0.0177293 0)
(1.16284 -0.0180286 0)
(1.15851 -0.0183166 0)
(1.15407 -0.0185902 0)
(1.1495 -0.0188457 0)
(1.14482 -0.0190792 0)
(1.14002 -0.0192865 0)
(1.13511 -0.019463 0)
(1.13011 -0.0196043 0)
(1.12501 -0.0197056 0)
(1.11982 -0.019762 0)
(1.11456 -0.0197689 0)
(1.10924 -0.0197216 0)
(1.10388 -0.019616 0)
(1.09848 -0.019448 0)
(1.09308 -0.0192145 0)
(1.08768 -0.0189129 0)
(1.08231 -0.0185416 0)
(1.07699 -0.0181002 0)
(1.07175 -0.0175893 0)
(1.0666 -0.0170109 0)
(1.06157 -0.0163687 0)
(1.05668 -0.0156675 0)
(1.05195 -0.0149138 0)
(1.04741 -0.0141152 0)
(1.04307 -0.0132804 0)
(1.03895 -0.0124193 0)
(1.03505 -0.0115421 0)
(1.0314 -0.0106593 0)
(1.028 -0.00978133 0)
(1.02484 -0.00891817 0)
(1.02194 -0.00807918 0)
(1.01928 -0.00727221 0)
(1.01687 -0.00650474 0)
(1.01469 -0.0057813 0)
(1.01274 -0.00510764 0)
(1.01099 -0.00448356 0)
(1.00946 -0.00391505 0)
(1.00807 -0.00339435 0)
(1.00692 -0.00293318 0)
(1.00581 -0.00250891 0)
(1.00502 -0.00215244 0)
(1.00407 -0.00180652 0)
(1.00366 -0.00155565 0)
(1.00272 -0.00124524 0)
(1.19022 -0.0150251 0)
(1.18674 -0.0153246 0)
(1.18314 -0.0156261 0)
(1.17942 -0.0159282 0)
(1.17559 -0.0162292 0)
(1.17163 -0.0165274 0)
(1.16756 -0.0168204 0)
(1.16336 -0.0171057 0)
(1.15904 -0.0173805 0)
(1.15459 -0.0176416 0)
(1.15002 -0.0178856 0)
(1.14534 -0.0181087 0)
(1.14054 -0.0183069 0)
(1.13563 -0.018476 0)
(1.13062 -0.0186117 0)
(1.12551 -0.0187093 0)
(1.12032 -0.0187644 0)
(1.11505 -0.0187725 0)
(1.10973 -0.0187291 0)
(1.10435 -0.0186302 0)
(1.09894 -0.0184722 0)
(1.09352 -0.0182518 0)
(1.08811 -0.0179667 0)
(1.08273 -0.0176154 0)
(1.07739 -0.0171972 0)
(1.07213 -0.016713 0)
(1.06696 -0.0161647 0)
(1.06191 -0.0155555 0)
(1.057 -0.0148902 0)
(1.05226 -0.0141748 0)
(1.04769 -0.0134166 0)
(1.04333 -0.012624 0)
(1.03919 -0.0118061 0)
(1.03528 -0.0109729 0)
(1.03161 -0.0101342 0)
(1.02818 -0.00930005 0)
(1.02501 -0.00847986 0)
(1.02209 -0.00768253 0)
(1.01942 -0.00691558 0)
(1.01699 -0.00618606 0)
(1.0148 -0.00549841 0)
(1.01284 -0.00485792 0)
(1.01107 -0.00426467 0)
(1.00953 -0.003724 0)
(1.00813 -0.00322905 0)
(1.00698 -0.00279023 0)
(1.00585 -0.00238712 0)
(1.00506 -0.00204755 0)
(1.00411 -0.00171922 0)
(1.00369 -0.00147965 0)
(1.00275 -0.00118531 0)
(1.19067 -0.0142012 0)
(1.18719 -0.0144855 0)
(1.1836 -0.0147717 0)
(1.17989 -0.0150586 0)
(1.17606 -0.0153445 0)
(1.17212 -0.0156277 0)
(1.16804 -0.0159061 0)
(1.16385 -0.0161772 0)
(1.15953 -0.0164384 0)
(1.15508 -0.0166867 0)
(1.15052 -0.0169189 0)
(1.14584 -0.0171313 0)
(1.14104 -0.0173202 0)
(1.13612 -0.0174815 0)
(1.13111 -0.0176113 0)
(1.126 -0.0177051 0)
(1.1208 -0.0177586 0)
(1.11552 -0.0177676 0)
(1.11018 -0.0177279 0)
(1.1048 -0.0176357 0)
(1.09938 -0.0174874 0)
(1.09395 -0.01728 0)
(1.08852 -0.0170114 0)
(1.08312 -0.0166799 0)
(1.07777 -0.0162852 0)
(1.07249 -0.0158277 0)
(1.0673 -0.0153095 0)
(1.06224 -0.0147335 0)
(1.05731 -0.0141043 0)
(1.05255 -0.0134275 0)
(1.04796 -0.0127101 0)
(1.04358 -0.0119599 0)
(1.03942 -0.0111858 0)
(1.03549 -0.0103969 0)
(1.0318 -0.00960279 0)
(1.02836 -0.00881286 0)
(1.02517 -0.00803609 0)
(1.02224 -0.00728087 0)
(1.01955 -0.00655439 0)
(1.01711 -0.00586326 0)
(1.0149 -0.0052118 0)
(1.01293 -0.00460489 0)
(1.01115 -0.00404283 0)
(1.0096 -0.00353034 0)
(1.00819 -0.00306146 0)
(1.00703 -0.0026453 0)
(1.0059 -0.00226358 0)
(1.0051 -0.00194118 0)
(1.00414 -0.00163062 0)
(1.00372 -0.0014026 0)
(1.00277 -0.00112447 0)
(1.19109 -0.0133736 0)
(1.18762 -0.0136425 0)
(1.18404 -0.0139132 0)
(1.18033 -0.0141845 0)
(1.17651 -0.014455 0)
(1.17257 -0.014723 0)
(1.1685 -0.0149864 0)
(1.16431 -0.015243 0)
(1.15999 -0.0154904 0)
(1.15555 -0.0157256 0)
(1.15099 -0.0159455 0)
(1.1463 -0.0161469 0)
(1.1415 -0.0163262 0)
(1.13659 -0.0164796 0)
(1.13157 -0.0166031 0)
(1.12645 -0.0166928 0)
(1.12125 -0.0167445 0)
(1.11597 -0.0167542 0)
(1.11062 -0.016718 0)
(1.10522 -0.0166323 0)
(1.0998 -0.0164936 0)
(1.09435 -0.0162992 0)
(1.08891 -0.0160469 0)
(1.0835 -0.0157353 0)
(1.07813 -0.015364 0)
(1.07283 -0.0149334 0)
(1.06763 -0.0144454 0)
(1.06255 -0.0139029 0)
(1.0576 -0.0133099 0)
(1.05282 -0.012672 0)
(1.04822 -0.0119957 0)
(1.04382 -0.0112884 0)
(1.03964 -0.0105583 0)
(1.03569 -0.00981421 0)
(1.03199 -0.0090651 0)
(1.02853 -0.00831984 0)
(1.02532 -0.00758692 0)
(1.02237 -0.00687426 0)
(1.01967 -0.00618868 0)
(1.01722 -0.00553637 0)
(1.015 -0.00492152 0)
(1.01302 -0.00434857 0)
(1.01122 -0.00381806 0)
(1.00967 -0.00333412 0)
(1.00825 -0.00289161 0)
(1.00708 -0.00249841 0)
(1.00594 -0.00213832 0)
(1.00514 -0.00183337 0)
(1.00417 -0.00154074 0)
(1.00374 -0.0013245 0)
(1.00279 -0.00106271 0)
(1.19148 -0.0125424 0)
(1.18802 -0.0127955 0)
(1.18444 -0.0130504 0)
(1.18075 -0.013306 0)
(1.17693 -0.0135607 0)
(1.17299 -0.0138131 0)
(1.16893 -0.0140613 0)
(1.16474 -0.0143032 0)
(1.16043 -0.0145363 0)
(1.15599 -0.0147581 0)
(1.15143 -0.0149656 0)
(1.14674 -0.0151558 0)
(1.14194 -0.0153251 0)
(1.13702 -0.0154702 0)
(1.132 -0.0155873 0)
(1.12688 -0.0156726 0)
(1.12167 -0.0157223 0)
(1.11638 -0.0157325 0)
(1.11103 -0.0156996 0)
(1.10563 -0.0156201 0)
(1.10019 -0.015491 0)
(1.09473 -0.0153094 0)
(1.08928 -0.0150735 0)
(1.08385 -0.0147818 0)
(1.07847 -0.0144339 0)
(1.07316 -0.0140303 0)
(1.06794 -0.0135726 0)
(1.06284 -0.0130636 0)
(1.05788 -0.0125072 0)
(1.05308 -0.0119085 0)
(1.04846 -0.0112736 0)
(1.04405 -0.0106094 0)
(1.03985 -0.00992377 0)
(1.03588 -0.00922489 0)
(1.03216 -0.00852121 0)
(1.02869 -0.00782105 0)
(1.02547 -0.00713244 0)
(1.0225 -0.00646277 0)
(1.01979 -0.00581853 0)
(1.01732 -0.00520546 0)
(1.01509 -0.00462761 0)
(1.0131 -0.00408903 0)
(1.01129 -0.00359043 0)
(1.00973 -0.00313537 0)
(1.0083 -0.00271952 0)
(1.00713 -0.0023496 0)
(1.00598 -0.00201137 0)
(1.00517 -0.00172413 0)
(1.0042 -0.0014496 0)
(1.00377 -0.00124538 0)
(1.00281 -0.00100006 0)
(1.19185 -0.0117073 0)
(1.18839 -0.0119445 0)
(1.18482 -0.0121833 0)
(1.18113 -0.0124228 0)
(1.17732 -0.0126615 0)
(1.17339 -0.0128981 0)
(1.16933 -0.0131308 0)
(1.16515 -0.0133576 0)
(1.16083 -0.0135762 0)
(1.1564 -0.0137843 0)
(1.15184 -0.0139791 0)
(1.14715 -0.0141577 0)
(1.14235 -0.0143169 0)
(1.13743 -0.0144534 0)
(1.13241 -0.0145638 0)
(1.12728 -0.0146445 0)
(1.12207 -0.0146919 0)
(1.11678 -0.0147024 0)
(1.11141 -0.0146726 0)
(1.106 -0.0145993 0)
(1.10055 -0.0144795 0)
(1.09509 -0.0143108 0)
(1.08963 -0.0140911 0)
(1.08419 -0.0138193 0)
(1.07879 -0.0134949 0)
(1.07347 -0.0131183 0)
(1.06823 -0.0126912 0)
(1.06312 -0.0122159 0)
(1.05814 -0.0116963 0)
(1.05332 -0.011137 0)
(1.04869 -0.0105438 0)
(1.04426 -0.00992311 0)
(1.04005 -0.00928231 0)
(1.03607 -0.00862903 0)
(1.03233 -0.00797119 0)
(1.02884 -0.00731658 0)
(1.0256 -0.0066727 0)
(1.02263 -0.00604647 0)
(1.0199 -0.00544399 0)
(1.01742 -0.00487059 0)
(1.01518 -0.00433014 0)
(1.01317 -0.0038263 0)
(1.01136 -0.00335996 0)
(1.00979 -0.00293413 0)
(1.00835 -0.00254524 0)
(1.00717 -0.00219889 0)
(1.00602 -0.00188275 0)
(1.0052 -0.00161349 0)
(1.00423 -0.00135722 0)
(1.0038 -0.00116525 0)
(1.00283 -0.000936516 0)
(1.18874 -0.0110893 0)
(1.18517 -0.0113118 0)
(1.18149 -0.0115349 0)
(1.17768 -0.0117574 0)
(1.17376 -0.0119779 0)
(1.1697 -0.0121948 0)
(1.16552 -0.0124062 0)
(1.16121 -0.0126101 0)
(1.15678 -0.0128043 0)
(1.15222 -0.012986 0)
(1.14754 -0.0131528 0)
(1.14273 -0.0133015 0)
(1.13781 -0.0134292 0)
(1.13279 -0.0135327 0)
(1.12766 -0.0136085 0)
(1.12244 -0.0136534 0)
(1.11714 -0.013664 0)
(1.11177 -0.0136372 0)
(1.10635 -0.0135699 0)
(1.1009 -0.0134594 0)
(1.09542 -0.0133033 0)
(1.08995 -0.0130999 0)
(1.0845 -0.012848 0)
(1.07909 -0.0125471 0)
(1.07375 -0.0121977 0)
(1.06851 -0.0118011 0)
(1.06338 -0.0113599 0)
(1.05838 -0.0108772 0)
(1.05355 -0.0103576 0)
(1.04891 -0.00980639 0)
(1.04446 -0.0092296 0)
(1.04023 -0.008634 0)
(1.03624 -0.00802672 0)
(1.03248 -0.00741514 0)
(1.02898 -0.00680649 0)
(1.02573 -0.00620779 0)
(1.02274 -0.00562542 0)
(1.02 -0.00506513 0)
(1.01752 -0.0045318 0)
(1.01526 -0.00402915 0)
(1.01325 -0.00356044 0)
(1.01143 -0.0031267 0)
(1.00985 -0.00273045 0)
(1.0084 -0.00236879 0)
(1.00721 -0.00204632 0)
(1.00605 -0.00175249 0)
(1.00524 -0.00150148 0)
(1.00425 -0.00126362 0)
(1.00382 -0.00108414 0)
(1.00284 -0.000872106 0)
(1.18905 -0.0102299 0)
(1.18549 -0.0104359 0)
(1.18182 -0.0106423 0)
(1.17802 -0.0108483 0)
(1.17409 -0.0110524 0)
(1.17005 -0.0112532 0)
(1.16587 -0.011449 0)
(1.16156 -0.011638 0)
(1.15713 -0.0118178 0)
(1.15257 -0.0119863 0)
(1.14789 -0.012141 0)
(1.14309 -0.012279 0)
(1.13817 -0.0123976 0)
(1.13314 -0.0124939 0)
(1.12801 -0.0125646 0)
(1.12279 -0.0126068 0)
(1.11748 -0.0126174 0)
(1.11211 -0.0125934 0)
(1.10668 -0.0125319 0)
(1.10122 -0.0124306 0)
(1.09573 -0.0122871 0)
(1.09025 -0.0120999 0)
(1.08479 -0.0118679 0)
(1.07937 -0.0115906 0)
(1.07402 -0.0112684 0)
(1.06876 -0.0109026 0)
(1.06362 -0.0104955 0)
(1.05861 -0.0100501 0)
(1.05377 -0.00957047 0)
(1.04911 -0.00906156 0)
(1.04465 -0.00852896 0)
(1.0404 -0.00797894 0)
(1.03639 -0.00741806 0)
(1.03263 -0.00685315 0)
(1.02911 -0.00629089 0)
(1.02585 -0.00573778 0)
(1.02285 -0.00519971 0)
(1.0201 -0.00468203 0)
(1.0176 -0.00418919 0)
(1.01533 -0.00372472 0)
(1.01331 -0.0032915 0)
(1.01149 -0.0028907 0)
(1.0099 -0.00252436 0)
(1.00845 -0.00219023 0)
(1.00725 -0.00189193 0)
(1.00609 -0.00162061 0)
(1.00526 -0.00138812 0)
(1.00428 -0.00116881 0)
(1.00384 -0.00100207 0)
(1.00286 -0.000806839 0)
(1.18934 -0.00936618 0)
(1.18579 -0.0095553 0)
(1.18212 -0.00974493 0)
(1.17832 -0.00993409 0)
(1.17441 -0.0101216 0)
(1.17036 -0.0103061 0)
(1.16619 -0.010486 0)
(1.16189 -0.0106597 0)
(1.15745 -0.010825 0)
(1.1529 -0.01098 0)
(1.14822 -0.0111223 0)
(1.14341 -0.0112494 0)
(1.13849 -0.0113587 0)
(1.13346 -0.0114475 0)
(1.12833 -0.0115129 0)
(1.1231 -0.0115522 0)
(1.1178 -0.0115625 0)
(1.11242 -0.0115411 0)
(1.10698 -0.0114855 0)
(1.10151 -0.0113932 0)
(1.09602 -0.0112623 0)
(1.09053 -0.0110913 0)
(1.08506 -0.0108791 0)
(1.07963 -0.0106255 0)
(1.07427 -0.0103306 0)
(1.069 -0.0099958 0)
(1.06384 -0.00962297 0)
(1.05882 -0.00921502 0)
(1.05397 -0.00877565 0)
(1.04929 -0.00830937 0)
(1.04482 -0.00782132 0)
(1.04056 -0.00731723 0)
(1.03654 -0.00680315 0)
(1.03276 -0.00628532 0)
(1.02923 -0.00576987 0)
(1.02596 -0.00526278 0)
(1.02295 -0.00476942 0)
(1.02019 -0.00429475 0)
(1.01768 -0.0038428 0)
(1.01541 -0.00341689 0)
(1.01338 -0.00301954 0)
(1.01154 -0.00265202 0)
(1.00995 -0.00231591 0)
(1.00849 -0.00200958 0)
(1.00729 -0.00173575 0)
(1.00612 -0.00148716 0)
(1.00529 -0.00127345 0)
(1.0043 -0.00107283 0)
(1.00386 -0.000919065 0)
(1.00288 -0.000740732 0)
(1.18961 -0.00849799 0)
(1.18606 -0.00867005 0)
(1.18239 -0.00884259 0)
(1.1786 -0.00901471 0)
(1.17469 -0.00918536 0)
(1.17065 -0.00935329 0)
(1.16648 -0.00951709 0)
(1.16218 -0.00967517 0)
(1.15775 -0.00982578 0)
(1.1532 -0.00996696 0)
(1.14851 -0.0100966 0)
(1.14371 -0.0102125 0)
(1.13879 -0.0103123 0)
(1.13376 -0.0103934 0)
(1.12862 -0.0104534 0)
(1.12339 -0.0104896 0)
(1.11808 -0.0104995 0)
(1.1127 -0.0104806 0)
(1.10726 -0.0104305 0)
(1.10178 -0.0103472 0)
(1.09628 -0.0102289 0)
(1.09078 -0.010074 0)
(1.0853 -0.00988181 0)
(1.07987 -0.00965185 0)
(1.0745 -0.00938446 0)
(1.06921 -0.0090807 0)
(1.06405 -0.00874239 0)
(1.05902 -0.00837213 0)
(1.05415 -0.00797328 0)
(1.04946 -0.00754993 0)
(1.04498 -0.00710677 0)
(1.04071 -0.00664899 0)
(1.03667 -0.00618209 0)
(1.03288 -0.00571174 0)
(1.02935 -0.00524352 0)
(1.02606 -0.00478286 0)
(1.02304 -0.00433464 0)
(1.02027 -0.00390339 0)
(1.01776 -0.00349272 0)
(1.01547 -0.00310574 0)
(1.01343 -0.00274463 0)
(1.01159 -0.00241071 0)
(1.00999 -0.00210516 0)
(1.00853 -0.0018269 0)
(1.00732 -0.00157781 0)
(1.00615 -0.00135216 0)
(1.00532 -0.0011575 0)
(1.00432 -0.000975692 0)
(1.00388 -0.000835148 0)
(1.00289 -0.000673802 0)
(1.18984 -0.00762521 0)
(1.1863 -0.00777999 0)
(1.18264 -0.00793521 0)
(1.17886 -0.00809007 0)
(1.17495 -0.00824361 0)
(1.17091 -0.00839472 0)
(1.16674 -0.00854215 0)
(1.16244 -0.00868445 0)
(1.15802 -0.00882005 0)
(1.15346 -0.00894721 0)
(1.14878 -0.00906404 0)
(1.14398 -0.00916852 0)
(1.13906 -0.00925851 0)
(1.13403 -0.00933179 0)
(1.12889 -0.00938607 0)
(1.12366 -0.00941901 0)
(1.11834 -0.00942833 0)
(1.11296 -0.00941178 0)
(1.10751 -0.00936726 0)
(1.10203 -0.00929287 0)
(1.09652 -0.00918697 0)
(1.09102 -0.0090483 0)
(1.08553 -0.00887602 0)
(1.08008 -0.00866983 0)
(1.0747 -0.00843 0)
(1.06941 -0.00815747 0)
(1.06423 -0.00785387 0)
(1.05919 -0.00752153 0)
(1.05431 -0.00716347 0)
(1.04962 -0.00678337 0)
(1.04512 -0.00638543 0)
(1.04084 -0.00597433 0)
(1.0368 -0.00555499 0)
(1.033 -0.00513253 0)
(1.02945 -0.00471194 0)
(1.02616 -0.00429812 0)
(1.02313 -0.00389544 0)
(1.02035 -0.00350801 0)
(1.01782 -0.00313902 0)
(1.01553 -0.00279134 0)
(1.01349 -0.00246682 0)
(1.01164 -0.00216683 0)
(1.01003 -0.00189216 0)
(1.00856 -0.00164223 0)
(1.00735 -0.00141818 0)
(1.00617 -0.00121565 0)
(1.00534 -0.00104029 0)
(1.00434 -0.000877426 0)
(1.0039 -0.000750347 0)
(1.0029 -0.000606066 0)
(1.19005 -0.00674772 0)
(1.18652 -0.006885 0)
(1.18286 -0.00702267 0)
(1.17908 -0.00716004 0)
(1.17517 -0.00729624 0)
(1.17114 -0.00743031 0)
(1.16697 -0.00756113 0)
(1.16268 -0.00768742 0)
(1.15826 -0.00780779 0)
(1.1537 -0.00792069 0)
(1.14902 -0.00802445 0)
(1.14422 -0.00811729 0)
(1.1393 -0.00819731 0)
(1.13427 -0.00826254 0)
(1.12913 -0.00831094 0)
(1.12389 -0.00834046 0)
(1.11858 -0.00834905 0)
(1.11318 -0.00833474 0)
(1.10774 -0.00829565 0)
(1.10225 -0.0082301 0)
(1.09674 -0.00813664 0)
(1.09122 -0.00801413 0)
(1.08573 -0.00786185 0)
(1.08027 -0.00767951 0)
(1.07489 -0.00746736 0)
(1.06959 -0.00722621 0)
(1.0644 -0.00695752 0)
(1.05935 -0.00666334 0)
(1.05446 -0.00634636 0)
(1.04975 -0.00600981 0)
(1.04525 -0.00565744 0)
(1.04096 -0.00529337 0)
(1.03691 -0.00492198 0)
(1.0331 -0.0045478 0)
(1.02954 -0.00417524 0)
(1.02624 -0.00380868 0)
(1.0232 -0.00345195 0)
(1.02041 -0.00310872 0)
(1.01788 -0.00278179 0)
(1.01558 -0.00247378 0)
(1.01353 -0.00218619 0)
(1.01168 -0.00192044 0)
(1.01007 -0.00167696 0)
(1.00859 -0.00145562 0)
(1.00738 -0.00125688 0)
(1.0062 -0.00107767 0)
(1.00536 -0.000921867 0)
(1.00436 -0.000778059 0)
(1.00391 -0.000664692 0)
(1.00291 -0.000537545 0)
(1.19024 -0.00586536 0)
(1.18671 -0.00598492 0)
(1.18305 -0.00610484 0)
(1.17928 -0.00622449 0)
(1.17537 -0.00634315 0)
(1.17134 -0.00645996 0)
(1.16718 -0.00657394 0)
(1.16289 -0.006684 0)
(1.15847 -0.00678891 0)
(1.15391 -0.00688733 0)
(1.14924 -0.00697782 0)
(1.14443 -0.00705882 0)
(1.13951 -0.00712867 0)
(1.13448 -0.00718566 0)
(1.12934 -0.00722802 0)
(1.1241 -0.00725396 0)
(1.11878 -0.0072617 0)
(1.11339 -0.00724951 0)
(1.10793 -0.00721577 0)
(1.10244 -0.00715901 0)
(1.09693 -0.00707796 0)
(1.09141 -0.00697164 0)
(1.0859 -0.0068394 0)
(1.08044 -0.006681 0)
(1.07505 -0.00649665 0)
(1.06974 -0.00628705 0)
(1.06455 -0.00605347 0)
(1.05949 -0.0057977 0)
(1.05459 -0.00552206 0)
(1.04988 -0.00522939 0)
(1.04536 -0.00492291 0)
(1.04107 -0.00460624 0)
(1.037 -0.00428317 0)
(1.03319 -0.00395767 0)
(1.02962 -0.00363354 0)
(1.02631 -0.00331463 0)
(1.02327 -0.00300424 0)
(1.02047 -0.00270561 0)
(1.01794 -0.00242111 0)
(1.01563 -0.00215311 0)
(1.01358 -0.00190282 0)
(1.01172 -0.00167161 0)
(1.0101 -0.00145963 0)
(1.00862 -0.00126712 0)
(1.0074 -0.00109397 0)
(1.00622 -0.000938259 0)
(1.00538 -0.00080227 0)
(1.00437 -0.000677621 0)
(1.00392 -0.000578213 0)
(1.00292 -0.000468258 0)
(1.1904 -0.00497797 0)
(1.18687 -0.00507962 0)
(1.18322 -0.00518158 0)
(1.17945 -0.00528331 0)
(1.17555 -0.00538421 0)
(1.17152 -0.00548354 0)
(1.16736 -0.00558048 0)
(1.16307 -0.00567409 0)
(1.15865 -0.00576334 0)
(1.1541 -0.00584709 0)
(1.14942 -0.0059241 0)
(1.14462 -0.00599306 0)
(1.1397 -0.00605256 0)
(1.13466 -0.00610114 0)
(1.12952 -0.00613731 0)
(1.12428 -0.00615953 0)
(1.11896 -0.00616629 0)
(1.11356 -0.00615614 0)
(1.10811 -0.00612768 0)
(1.10261 -0.00607966 0)
(1.09709 -0.00601102 0)
(1.09156 -0.00592091 0)
(1.08606 -0.00580877 0)
(1.08059 -0.00567441 0)
(1.07519 -0.00551799 0)
(1.06988 -0.00534012 0)
(1.06467 -0.00514186 0)
(1.05961 -0.00492474 0)
(1.05471 -0.00469073 0)
(1.04998 -0.00444223 0)
(1.04546 -0.00418199 0)
(1.04116 -0.00391308 0)
(1.03709 -0.00363871 0)
(1.03326 -0.00336226 0)
(1.02969 -0.00308697 0)
(1.02638 -0.00281609 0)
(1.02332 -0.00255243 0)
(1.02052 -0.00229878 0)
(1.01798 -0.00205708 0)
(1.01567 -0.00182945 0)
(1.01361 -0.00161677 0)
(1.01175 -0.0014204 0)
(1.01013 -0.00124023 0)
(1.00864 -0.00107679 0)
(1.00743 -0.000929499 0)
(1.00624 -0.000797457 0)
(1.00539 -0.000681537 0)
(1.00438 -0.000576141 0)
(1.00394 -0.000490944 0)
(1.00293 -0.000398225 0)
(1.19053 -0.00408538 0)
(1.18701 -0.00416893 0)
(1.18336 -0.00425273 0)
(1.17959 -0.00433635 0)
(1.17569 -0.00441928 0)
(1.17166 -0.00450094 0)
(1.16751 -0.00458063 0)
(1.16322 -0.0046576 0)
(1.1588 -0.004731 0)
(1.15425 -0.00479988 0)
(1.14957 -0.00486323 0)
(1.14477 -0.00491998 0)
(1.13985 -0.00496896 0)
(1.13481 -0.00500898 0)
(1.12967 -0.0050388 0)
(1.12443 -0.00505718 0)
(1.11911 -0.00506287 0)
(1.11371 -0.00505467 0)
(1.10825 -0.00503144 0)
(1.10275 -0.00499214 0)
(1.09723 -0.0049359 0)
(1.0917 -0.00486203 0)
(1.08619 -0.00477007 0)
(1.08072 -0.00465985 0)
(1.07531 -0.0045315 0)
(1.06999 -0.00438554 0)
(1.06478 -0.00422282 0)
(1.05971 -0.0040446 0)
(1.0548 -0.00385249 0)
(1.05007 -0.00364848 0)
(1.04554 -0.00343481 0)
(1.04123 -0.00321401 0)
(1.03716 -0.00298872 0)
(1.03333 -0.00276171 0)
(1.02975 -0.00253563 0)
(1.02643 -0.00231318 0)
(1.02337 -0.00209664 0)
(1.02057 -0.00188833 0)
(1.01802 -0.0016898 0)
(1.01571 -0.00150286 0)
(1.01364 -0.00132814 0)
(1.01177 -0.0011669 0)
(1.01015 -0.00101882 0)
(1.00866 -0.000884692 0)
(1.00744 -0.00076352 0)
(1.00625 -0.00065531 0)
(1.00541 -0.000559711 0)
(1.00439 -0.00047365 0)
(1.00395 -0.000402921 0)
(1.00294 -0.00032747 0)
(1.19064 -0.00318741 0)
(1.18712 -0.00325267 0)
(1.18347 -0.00331813 0)
(1.1797 -0.00338345 0)
(1.17581 -0.00344824 0)
(1.17178 -0.00351203 0)
(1.16763 -0.0035743 0)
(1.16334 -0.00363444 0)
(1.15892 -0.00369179 0)
(1.15437 -0.00374563 0)
(1.1497 -0.00379515 0)
(1.1449 -0.00383952 0)
(1.13997 -0.00387783 0)
(1.13494 -0.00390915 0)
(1.12979 -0.00393251 0)
(1.12455 -0.00394694 0)
(1.11923 -0.00395146 0)
(1.11383 -0.00394515 0)
(1.10837 -0.0039271 0)
(1.10286 -0.00389651 0)
(1.09734 -0.00385269 0)
(1.09181 -0.00379511 0)
(1.08629 -0.00372341 0)
(1.08082 -0.00363744 0)
(1.0754 -0.00353733 0)
(1.07008 -0.00342345 0)
(1.06487 -0.00329649 0)
(1.05979 -0.00315742 0)
(1.05488 -0.00300751 0)
(1.05014 -0.00284829 0)
(1.04561 -0.00268153 0)
(1.0413 -0.0025092 0)
(1.03722 -0.00233335 0)
(1.03338 -0.00215615 0)
(1.0298 -0.00197967 0)
(1.02647 -0.00180603 0)
(1.02341 -0.00163698 0)
(1.0206 -0.00147437 0)
(1.01805 -0.00131937 0)
(1.01573 -0.00117345 0)
(1.01367 -0.001037 0)
(1.0118 -0.00091118 0)
(1.01017 -0.000795477 0)
(1.00868 -0.000690886 0)
(1.00746 -0.000596085 0)
(1.00626 -0.000511874 0)
(1.00542 -0.000436826 0)
(1.0044 -0.000370198 0)
(1.00395 -0.000314157 0)
(1.00295 -0.00025603 0)
(1.19072 -0.00228386 0)
(1.1872 -0.00233066 0)
(1.18356 -0.0023776 0)
(1.17979 -0.00242445 0)
(1.17589 -0.00247092 0)
(1.17187 -0.00251668 0)
(1.16772 -0.00256134 0)
(1.16343 -0.00260448 0)
(1.15901 -0.00264563 0)
(1.15447 -0.00268425 0)
(1.14979 -0.00271979 0)
(1.14499 -0.00275163 0)
(1.14007 -0.00277913 0)
(1.13503 -0.00280162 0)
(1.12989 -0.00281841 0)
(1.12465 -0.0028288 0)
(1.11932 -0.00283209 0)
(1.11392 -0.00282761 0)
(1.10845 -0.00281472 0)
(1.10295 -0.00279284 0)
(1.09742 -0.00276148 0)
(1.09189 -0.00272025 0)
(1.08637 -0.00266889 0)
(1.08089 -0.00260732 0)
(1.07548 -0.00253559 0)
(1.07015 -0.002454 0)
(1.06493 -0.00236303 0)
(1.05986 -0.00226337 0)
(1.05494 -0.00215593 0)
(1.0502 -0.00204183 0)
(1.04566 -0.00192231 0)
(1.04134 -0.00179879 0)
(1.03726 -0.00167274 0)
(1.03342 -0.00154574 0)
(1.02984 -0.00141923 0)
(1.02651 -0.00129477 0)
(1.02344 -0.00117358 0)
(1.02063 -0.00105703 0)
(1.01808 -0.00094589 0)
(1.01575 -0.00084132 0)
(1.01369 -0.000743451 0)
(1.01181 -0.000653324 0)
(1.01019 -0.000570265 0)
(1.00869 -0.000495444 0)
(1.00747 -0.000427243 0)
(1.00627 -0.000367211 0)
(1.00542 -0.000312909 0)
(1.00441 -0.000265849 0)
(1.00396 -0.000224649 0)
(1.00295 -0.000183954 0)
(1.19077 -0.00137452 0)
(1.18725 -0.00140271 0)
(1.18361 -0.00143098 0)
(1.17985 -0.00145919 0)
(1.17595 -0.00148718 0)
(1.17193 -0.00151473 0)
(1.16778 -0.00154163 0)
(1.16349 -0.00156762 0)
(1.15908 -0.0015924 0)
(1.15453 -0.00161567 0)
(1.14985 -0.00163707 0)
(1.14505 -0.00165626 0)
(1.14013 -0.00167283 0)
(1.13509 -0.00168639 0)
(1.12995 -0.00169652 0)
(1.12471 -0.00170279 0)
(1.11938 -0.00170479 0)
(1.11398 -0.00170211 0)
(1.10851 -0.00169437 0)
(1.10301 -0.00168121 0)
(1.09748 -0.00166235 0)
(1.09194 -0.00163755 0)
(1.08642 -0.00160665 0)
(1.08094 -0.0015696 0)
(1.07553 -0.00152644 0)
(1.0702 -0.00147733 0)
(1.06498 -0.00142258 0)
(1.0599 -0.0013626 0)
(1.05498 -0.00129793 0)
(1.05024 -0.00122925 0)
(1.0457 -0.0011573 0)
(1.04138 -0.00108295 0)
(1.03729 -0.00100707 0)
(1.03345 -0.000930618 0)
(1.02986 -0.000854457 0)
(1.02653 -0.000779537 0)
(1.02346 -0.000706567 0)
(1.02065 -0.000636417 0)
(1.01809 -0.000569483 0)
(1.01577 -0.000506565 0)
(1.0137 -0.000447588 0)
(1.01182 -0.000393408 0)
(1.01019 -0.000343282 0)
(1.0087 -0.000298411 0)
(1.00748 -0.000257091 0)
(1.00628 -0.000221322 0)
(1.00543 -0.000188084 0)
(1.00441 -0.000160534 0)
(1.00396 -0.000134591 0)
(1.00295 -0.000111174 0)
(1.1908 -0.000459191 0)
(1.18728 -0.00046861 0)
(1.18364 -0.000478057 0)
(1.17988 -0.000487486 0)
(1.17598 -0.000496838 0)
(1.17196 -0.000506047 0)
(1.16781 -0.000515037 0)
(1.16352 -0.000523721 0)
(1.15911 -0.000532004 0)
(1.15456 -0.00053978 0)
(1.14988 -0.000546935 0)
(1.14508 -0.000553348 0)
(1.14016 -0.000558888 0)
(1.13513 -0.000563421 0)
(1.12998 -0.000566807 0)
(1.12474 -0.000568906 0)
(1.11941 -0.000569577 0)
(1.11401 -0.000568685 0)
(1.10854 -0.000566102 0)
(1.10304 -0.000561711 0)
(1.09751 -0.000555412 0)
(1.09197 -0.000547129 0)
(1.08645 -0.000536808 0)
(1.08097 -0.00052443 0)
(1.07555 -0.000510012 0)
(1.07022 -0.000493608 0)
(1.065 -0.000475316 0)
(1.05992 -0.000455277 0)
(1.055 -0.000433672 0)
(1.05025 -0.000410725 0)
(1.04571 -0.000386687 0)
(1.04139 -0.000361847 0)
(1.0373 -0.000336494 0)
(1.03346 -0.000310951 0)
(1.02987 -0.000285502 0)
(1.02654 -0.000260473 0)
(1.02347 -0.000236088 0)
(1.02066 -0.000212655 0)
(1.0181 -0.000190281 0)
(1.01578 -0.000169272 0)
(1.0137 -0.000149546 0)
(1.01183 -0.000131472 0)
(1.0102 -0.00011468 0)
(1.00871 -9.97496e-05 0)
(1.00748 -8.58521e-05 0)
(1.00628 -7.40327e-05 0)
(1.00543 -6.27344e-05 0)
(1.00442 -5.38061e-05 0)
(1.00397 -4.4735e-05 0)
(1.00296 -3.72936e-05 0)
)
;

boundaryField
{
    inlet
    {
        type            uniformFixedValue;
        uniformValue    constant (1 0 0);
        value           nonuniform 0();
    }
    outlet
    {
        type            pressureInletOutletVelocity;
        value           nonuniform List<vector> 
52
(
(1.00159 -0.00268155 0)
(1.00163 -0.0026532 0)
(1.00167 -0.00262395 0)
(1.00171 -0.00259381 0)
(1.00175 -0.00256275 0)
(1.00179 -0.00253078 0)
(1.00183 -0.00249789 0)
(1.00187 -0.00246407 0)
(1.00191 -0.00242931 0)
(1.00195 -0.00239361 0)
(1.00199 -0.00235695 0)
(1.00203 -0.00231934 0)
(1.00206 -0.00228078 0)
(1.0021 -0.00224124 0)
(1.00214 -0.00220074 0)
(1.00217 -0.00215926 0)
(1.00221 -0.00211681 0)
(1.00225 -0.00207338 0)
(1.00228 -0.00202897 0)
(1.00231 -0.00198357 0)
(1.00235 -0.00193719 0)
(1.00238 -0.00188982 0)
(1.00241 -0.00184147 0)
(1.00245 -0.00179213 0)
(1.00248 -0.00174181 0)
(1.00251 -0.00169051 0)
(1.00254 -0.00163823 0)
(1.00257 -0.00158498 0)
(1.00259 -0.00153075 0)
(1.00262 -0.00147556 0)
(1.00265 -0.0014194 0)
(1.00267 -0.00136229 0)
(1.0027 -0.00130424 0)
(1.00272 -0.00124524 0)
(1.00275 -0.00118531 0)
(1.00277 -0.00112447 0)
(1.00279 -0.00106271 0)
(1.00281 -0.00100006 0)
(1.00283 -0.000936516 0)
(1.00284 -0.000872106 0)
(1.00286 -0.000806839 0)
(1.00288 -0.000740732 0)
(1.00289 -0.000673802 0)
(1.0029 -0.000606066 0)
(1.00291 -0.000537545 0)
(1.00292 -0.000468258 0)
(1.00293 -0.000398225 0)
(1.00294 -0.00032747 0)
(1.00295 -0.00025603 0)
(1.00295 -0.000183954 0)
(1.00295 -0.000111174 0)
(1.00296 -3.72936e-05 0)
)
;
    }
    cylinder
    {
        type            fixedValue;
        value           nonuniform 0();
    }
    top
    {
        type            symmetryPlane;
    }
    bottom
    {
        type            symmetryPlane;
    }
    defaultFaces
    {
        type            empty;
    }
    procBoundary15to10
    {
        type            processor;
        value           nonuniform List<vector> 3((1.15974 -0.0393784 0) (1.16139 -0.0387055 0) (1.163 -0.0380267 0));
    }
    procBoundary15to11
    {
        type            processor;
        value           nonuniform List<vector> 
52
(
(1.09722 -0.0482058 0)
(1.09285 -0.0482649 0)
(1.08845 -0.0482148 0)
(1.08404 -0.0480455 0)
(1.07963 -0.0477473 0)
(1.07523 -0.0473116 0)
(1.07085 -0.0467307 0)
(1.06652 -0.0459987 0)
(1.06224 -0.0451114 0)
(1.05803 -0.0440669 0)
(1.0539 -0.0428657 0)
(1.04988 -0.0415114 0)
(1.04597 -0.0400102 0)
(1.04219 -0.0383718 0)
(1.03855 -0.0366088 0)
(1.03507 -0.0347371 0)
(1.03176 -0.0327748 0)
(1.02863 -0.030743 0)
(1.02569 -0.0286639 0)
(1.02293 -0.0265612 0)
(1.02037 -0.0244585 0)
(1.01801 -0.0223799 0)
(1.01585 -0.0203464 0)
(1.01387 -0.0183805 0)
(1.01209 -0.0164965 0)
(1.01048 -0.0147149 0)
(1.00904 -0.0130386 0)
(1.00778 -0.0114895 0)
(1.00665 -0.0100519 0)
(1.00567 -0.00875923 0)
(1.0048 -0.00756263 0)
(1.00408 -0.00653148 0)
(1.0034 -0.00555076 0)
(1.00292 -0.00477903 0)
(1.00235 -0.00396173 0)
(1.0021 -0.00345682 0)
(1.00155 -0.00270903 0)
(1.15456 -0.0406635 0)
(1.15101 -0.0412874 0)
(1.14739 -0.0419135 0)
(1.1437 -0.0425379 0)
(1.13993 -0.0431562 0)
(1.13609 -0.0437632 0)
(1.13218 -0.0443531 0)
(1.1282 -0.0449191 0)
(1.12415 -0.0454541 0)
(1.12004 -0.04595 0)
(1.11585 -0.0463983 0)
(1.11161 -0.0467898 0)
(1.10732 -0.0471148 0)
(1.10298 -0.0473633 0)
(1.10298 -0.0473633 0)
)
;
    }
    procBoundary15to14
    {
        type            processor;
        value           nonuniform List<vector> 
49
(
(1.16456 -0.037342 0)
(1.16609 -0.0366516 0)
(1.16758 -0.0359556 0)
(1.16902 -0.0352542 0)
(1.17042 -0.0345476 0)
(1.17179 -0.0338358 0)
(1.17311 -0.0331191 0)
(1.17439 -0.0323976 0)
(1.17563 -0.0316714 0)
(1.17684 -0.0309408 0)
(1.178 -0.0302057 0)
(1.17912 -0.0294663 0)
(1.18021 -0.0287228 0)
(1.18125 -0.0279753 0)
(1.18226 -0.0272238 0)
(1.18323 -0.0264686 0)
(1.18416 -0.0257096 0)
(1.18506 -0.024947 0)
(1.18592 -0.0241808 0)
(1.18674 -0.0234112 0)
(1.18753 -0.0226382 0)
(1.18828 -0.0218618 0)
(1.189 -0.0210822 0)
(1.18969 -0.0202992 0)
(1.19034 -0.0195131 0)
(1.19096 -0.0187237 0)
(1.19155 -0.0179311 0)
(1.19211 -0.0171354 0)
(1.19263 -0.0163364 0)
(1.19313 -0.0155341 0)
(1.1936 -0.0147286 0)
(1.19404 -0.0139197 0)
(1.19445 -0.0131075 0)
(1.19483 -0.0122918 0)
(1.19519 -0.0114725 0)
(1.19218 -0.0108683 0)
(1.19218 -0.0108683 0)
(1.19249 -0.0100254 0)
(1.19278 -0.00917836 0)
(1.19303 -0.00832711 0)
(1.19326 -0.00747151 0)
(1.19347 -0.0066114 0)
(1.19365 -0.00574664 0)
(1.19381 -0.00487704 0)
(1.19394 -0.00400243 0)
(1.19404 -0.00312262 0)
(1.19412 -0.00223739 0)
(1.19417 -0.00134654 0)
(1.1942 -0.000449841 0)
)
;
    }
}


// ************************************************************************* //
