/*--------------------------------*- C++ -*----------------------------------*\
  =========                 |
  \\      /  F ield         | OpenFOAM: The Open Source CFD Toolbox
   \\    /   O peration     | Website:  https://openfoam.org
    \\  /    A nd           | Version:  7
     \\/     M anipulation  |
\*---------------------------------------------------------------------------*/
FoamFile
{
    version     2.0;
    format      ascii;
    class       surfaceScalarField;
    location    "15";
    object      phi;
}
// * * * * * * * * * * * * * * * * * * * * * * * * * * * * * * * * * * * * * //

dimensions      [0 3 -1 0 0 0 0];

internalField   nonuniform List<scalar> 
5125
(
-0.00826857
-0.000375216
-0.00794723
-0.00820168
-0.000361614
-0.00762937
-0.000428752
-0.00788009
-0.00813139
-0.000344377
-0.00731476
-0.000411338
-0.0075624
-0.00048188
-0.00780955
-0.00805774
-0.000555532
-0.00032409
-0.00700256
-0.000390308
-0.00724854
-0.000460662
-0.00749205
-0.000534569
-0.00773565
-0.00798076
-0.000611546
-0.000301397
-0.00669109
-0.000366274
-0.00693768
-0.000435849
-0.00717896
-0.000509552
-0.00741835
-0.000586788
-0.00765841
-0.00790049
-0.000667059
-0.000276939
-0.00637786
-0.000339904
-0.00662813
-0.000408087
-0.0068695
-0.000480966
-0.00710609
-0.000557974
-0.00734134
-0.000638506
-0.00757788
-0.00781695
-0.000722042
-0.000311852
-0.00631731
-0.00037807
-0.00656191
-0.000449496
-0.00679807
-0.000525624
-0.00702996
-0.000605895
-0.00726107
-0.000689694
-0.00749408
-0.00773018
-0.000776472
-0.000282705
-0.00600203
-0.00034646
-0.00625356
-0.000415863
-0.00649251
-0.000490468
-0.00672347
-0.000569789
-0.00695064
-0.000653282
-0.00717758
-0.00074032
-0.00740704
-0.00764017
-0.000830322
-0.000252981
-0.00567861
-0.000313844
-0.00594117
-0.000380736
-0.00618667
-0.000453254
-0.00641999
-0.000530971
-0.00664575
-0.000613428
-0.00686818
-0.0007001
-0.0070909
-0.000790352
-0.00731679
-0.00754696
-0.000883567
-0.000280732
-0.00562101
-0.000344695
-0.0058772
-0.000414653
-0.00611671
-0.000490214
-0.00634443
-0.000570974
-0.00656499
-0.000656505
-0.00678265
-0.000746312
-0.0070011
-0.000839758
-0.00722334
-0.00745054
-0.000936182
-0.000247573
-0.00528913
-0.000308237
-0.00556035
-0.000375233
-0.00581021
-0.000448185
-0.00604376
-0.000526715
-0.0062659
-0.000610445
-0.00648126
-0.000698986
-0.00669411
-0.000791882
-0.0069082
-0.000888501
-0.00712672
-0.0073509
-0.000988141
-0.000271809
-0.00523211
-0.000335476
-0.00549668
-0.000405434
-0.00574025
-0.000481309
-0.00596788
-0.000562731
-0.00618448
-0.000649355
-0.00639464
-0.000740837
-0.00660262
-0.000836771
-0.00681227
-0.000936544
-0.00702695
-0.00724802
-0.00103942
-0.000235824
-0.00488832
-0.000295821
-0.00517211
-0.000362427
-0.00543008
-0.000435279
-0.0056674
-0.000514
-0.00588916
-0.000598238
-0.00610024
-0.000687677
-0.0063052
-0.000782024
-0.00650828
-0.000880936
-0.00671336
-0.000983847
-0.00692404
-0.00714188
-0.00108999
-0.000256683
-0.00483232
-0.000319591
-0.0051092
-0.000389071
-0.0053606
-0.000464745
-0.00559172
-0.000546239
-0.00580767
-0.000633214
-0.00601326
-0.000725383
-0.00621303
-0.000822511
-0.00641115
-0.000924336
-0.00661153
-0.00103036
-0.00681801
-0.00703242
-0.00113982
-0.000218473
-0.00447308
-0.000277342
-0.00477345
-0.0003431
-0.00504344
-0.000415387
-0.00528831
-0.000493814
-0.0055133
-0.000578007
-0.00572347
-0.000667637
-0.00592363
-0.000762449
-0.00611822
-0.000862267
-0.00631133
-0.000966923
-0.00650687
-0.00107604
-0.0067089
-0.00691957
-0.00118889
-0.0002361
-0.00441859
-0.000297782
-0.00471177
-0.000366329
-0.00497489
-0.000441358
-0.00521328
-0.00052247
-0.00543218
-0.000609286
-0.00563666
-0.000701491
-0.00583143
-0.000798855
-0.00602085
-0.000901261
-0.00620893
-0.00100865
-0.00639949
-0.00112081
-0.00659674
-0.00680323
-0.00123716
-0.000196303
-0.00404038
-0.000253549
-0.00436135
-0.000317988
-0.00464733
-0.000389262
-0.00490362
-0.000466968
-0.00513558
-0.000550694
-0.00534846
-0.000640061
-0.00554729
-0.00073476
-0.00573673
-0.000834584
-0.00592103
-0.000939467
-0.00610404
-0.00104947
-0.00628949
-0.00116462
-0.00648158
-0.00668326
-0.00128458
-0.000210854
-0.00398794
-0.000270804
-0.0043014
-0.000337943
-0.00458019
-0.000411883
-0.00482968
-0.0004922
-0.00505526
-0.000578473
-0.00526219
-0.000670319
-0.00545544
-0.000767432
-0.00563962
-0.000869622
-0.00581884
-0.000976864
-0.0059968
-0.00108932
-0.00617703
-0.00120737
-0.00636354
-0.0065595
-0.00133113
-0.000170183
-0.00358736
-0.000225249
-0.00393287
-0.000287851
-0.00423879
-0.000357633
-0.00451041
-0.000434177
-0.00475314
-0.00051704
-0.0049724
-0.000605792
-0.00517343
-0.000700046
-0.00536119
-0.000799499
-0.00554016
-0.000903964
-0.00571437
-0.00101344
-0.00588733
-0.00112818
-0.00606228
-0.00124898
-0.00624274
-0.00643175
-0.00137673
-0.000181836
-0.00353759
-0.000239476
-0.00387523
-0.000304676
-0.00417359
-0.000377042
-0.00443804
-0.000456128
-0.00467405
-0.000541473
-0.00488705
-0.000632638
-0.00508227
-0.000729234
-0.00526459
-0.000830952
-0.00543845
-0.000937606
-0.00560772
-0.00104919
-0.00577574
-0.00116601
-0.00594546
-0.0012893
-0.00611945
-0.00629989
-0.00142116
-0.000193356
-0.00348537
-0.000253522
-0.00381507
-0.000321266
-0.00410585
-0.000396156
-0.00436315
-0.000477722
-0.00459248
-0.000565487
-0.00479928
-0.000659
-0.00498876
-0.000757871
-0.00516572
-0.000861788
-0.00533453
-0.000970554
-0.00549895
-0.00108413
-0.00566217
-0.00120278
-0.00582681
-0.00132792
-0.00599431
-0.00616305
-0.00146476
-0.000151526
-0.00306504
-0.000206241
-0.00343065
-0.000268926
-0.00375238
-0.000339181
-0.0040356
-0.00041654
-0.00428579
-0.000500512
-0.00450851
-0.000590609
-0.00470919
-0.000686378
-0.00489299
-0.000787424
-0.00506468
-0.000893435
-0.00522852
-0.00100421
-0.00538818
-0.00111966
-0.00554672
-0.00123991
-0.00570656
-0.00136504
-0.00586918
-0.00603302
-0.00149507
-0.000160358
-0.00301636
-0.000217439
-0.00337357
-0.000282547
-0.00368727
-0.000355231
-0.00396291
-0.000434995
-0.00420603
-0.000521322
-0.00442218
-0.000613712
-0.0046168
-0.000711704
-0.004795
-0.000814901
-0.00496148
-0.000922993
-0.00512043
-0.00103576
-0.00527541
-0.0011531
-0.00542938
-0.00127505
-0.00558461
-0.00140167
-0.00574256
-0.00590235
-0.00153234
-0.000169073
-0.00296546
-0.000228474
-0.00331417
-0.00029595
-0.0036198
-0.000371007
-0.00388785
-0.000453115
-0.00412392
-0.000541735
-0.00433356
-0.000636354
-0.00452218
-0.000736508
-0.00469484
-0.000841798
-0.00485619
-0.000951914
-0.00501031
-0.00106664
-0.00516069
-0.00118585
-0.00531017
-0.00130954
-0.00546091
-0.00143782
-0.00561428
-0.00577021
-0.00156996
-0.000124597
-0.00252428
-0.000177662
-0.0029124
-0.000239333
-0.0032525
-0.000309124
-0.00355001
-0.000386496
-0.00381048
-0.000470887
-0.00403953
-0.000561738
-0.00424271
-0.000658526
-0.00442539
-0.00076078
-0.00459259
-0.000868105
-0.00474886
-0.000980191
-0.00489822
-0.00109682
-0.00504406
-0.00121787
-0.00518912
-0.00134331
-0.00533547
-0.00147319
-0.00548441
-0.00563642
-0.00160698
-0.000130924
-0.00247827
-0.000186115
-0.00285721
-0.000250008
-0.00318861
-0.000322059
-0.00347796
-0.000401687
-0.00373085
-0.0004883
-0.00395292
-0.00058132
-0.00414969
-0.000680214
-0.0043265
-0.000784509
-0.00448829
-0.000893811
-0.00463956
-0.00100781
-0.00478422
-0.0011263
-0.00492557
-0.00124915
-0.00506627
-0.00137632
-0.0052083
-0.00150779
-0.00535293
-0.00550105
-0.00164317
-0.000137152
-0.00243034
-0.000194426
-0.00279993
-0.000260489
-0.00312254
-0.000334745
-0.0034037
-0.00041657
-0.00364903
-0.000505343
-0.00386414
-0.000600471
-0.00405456
-0.00070141
-0.00422556
-0.000807685
-0.00438202
-0.000918906
-0.00452834
-0.00103477
-0.00466836
-0.00115507
-0.00480527
-0.00127967
-0.00494167
-0.00140853
-0.00507945
-0.00154159
-0.00521986
-0.00536408
-0.00167856
-0.000143275
-0.00238051
-0.000202586
-0.00274062
-0.000270768
-0.00305436
-0.000347171
-0.0033273
-0.000431133
-0.00356507
-0.000522006
-0.00377327
-0.00061918
-0.00395739
-0.000722102
-0.00412264
-0.000830299
-0.00427382
-0.00094338
-0.00441526
-0.00106105
-0.00455069
-0.00118311
-0.00468322
-0.00130942
-0.00481535
-0.00143992
-0.00494895
-0.00157456
-0.00508522
-0.00522554
-0.0017131
-9.76167e-05
-0.00192699
-0.000149286
-0.00232884
-0.000210586
-0.00267932
-0.000280834
-0.00298411
-0.000359327
-0.00324881
-0.000445367
-0.00347903
-0.000538279
-0.00368036
-0.000637436
-0.00385823
-0.000742282
-0.00401779
-0.00085234
-0.00416376
-0.000967225
-0.00430037
-0.00108665
-0.00443126
-0.00121041
-0.00455946
-0.00133838
-0.00468738
-0.00147049
-0.00481683
-0.00160668
-0.00494903
-0.00508545
-0.00174677
-0.000101705
-0.00188401
-0.00015518
-0.00227537
-0.000218421
-0.00261608
-0.00029068
-0.00291185
-0.000371206
-0.00316828
-0.000459263
-0.00339097
-0.000554151
-0.00358547
-0.000655231
-0.00375715
-0.000761939
-0.00391108
-0.000873799
-0.0040519
-0.000990431
-0.00418374
-0.00111155
-0.00431015
-0.00123696
-0.00443405
-0.00136654
-0.0045578
-0.00150022
-0.00468316
-0.00163793
-0.00481132
-0.00494384
-0.00177955
-0.000105714
-0.00183948
-0.000160951
-0.00222013
-0.000226083
-0.00255095
-0.000300298
-0.00283764
-0.000382798
-0.00308578
-0.000472811
-0.00330096
-0.000569614
-0.00348867
-0.000672556
-0.00365421
-0.000781065
-0.00380257
-0.000894669
-0.0039383
-0.00101299
-0.00406542
-0.00113575
-0.00418738
-0.00126276
-0.00430704
-0.0013939
-0.00442666
-0.0015291
-0.00454795
-0.0016683
-0.00467212
-0.00480072
-0.00181142
-0.000109637
-0.00179343
-0.000166592
-0.00216318
-0.000233563
-0.00248398
-0.00030968
-0.00276152
-0.000394095
-0.00300136
-0.000486002
-0.00320905
-0.000584659
-0.00339001
-0.000689401
-0.00354947
-0.000799652
-0.00369232
-0.000914941
-0.00382301
-0.0010349
-0.00394547
-0.00115924
-0.00406304
-0.0012878
-0.00417849
-0.00142045
-0.00429401
-0.00155714
-0.00441127
-0.0016978
-0.00453146
-0.00465613
-0.00184239
-0.000113471
-0.00174589
-0.000172098
-0.00210455
-0.000240857
-0.00241522
-0.000318818
-0.00268356
-0.000405088
-0.0029151
-0.000498829
-0.00311531
-0.000599278
-0.00328956
-0.000705758
-0.00344299
-0.000817692
-0.00358039
-0.000934608
-0.00370609
-0.00105614
-0.00382393
-0.00118202
-0.00393715
-0.00131208
-0.00404843
-0.0014462
-0.00415989
-0.00158432
-0.00427314
-0.00172641
-0.00438937
-0.0045101
-0.00187244
-6.8234e-05
-0.00129706
-0.000117212
-0.00169691
-0.000177464
-0.0020443
-0.000247958
-0.00234472
-0.000327705
-0.00260381
-0.000415769
-0.00282703
-0.000511283
-0.0030198
-0.000613462
-0.00318738
-0.00072162
-0.00333483
-0.000835176
-0.00346683
-0.000953662
-0.00358761
-0.00107672
-0.00370088
-0.00120408
-0.00380979
-0.00133558
-0.00391693
-0.00147112
-0.00402435
-0.00161065
-0.00413362
-0.00175413
-0.00424589
-0.00436265
-0.00190157
-7.04743e-05
-0.00125929
-0.000120855
-0.00164653
-0.000182684
-0.00198247
-0.000254859
-0.00227255
-0.000336334
-0.00252234
-0.000426133
-0.00273723
-0.000523357
-0.00292257
-0.000627204
-0.00308354
-0.000736979
-0.00322506
-0.000852098
-0.00335171
-0.000972096
-0.00346761
-0.00109662
-0.00357636
-0.00122541
-0.003681
-0.00135831
-0.00378403
-0.00149522
-0.00388744
-0.00163611
-0.00399273
-0.00178095
-0.00410105
-0.00421383
-0.00192977
-7.26546e-05
-0.0012204
-0.000124396
-0.00159479
-0.000187753
-0.00191911
-0.000261554
-0.00219875
-0.000344699
-0.00243919
-0.00043617
-0.00264576
-0.000535043
-0.0028237
-0.000640497
-0.00297808
-0.000751828
-0.00311373
-0.000868452
-0.00323509
-0.000989905
-0.00334616
-0.00111584
-0.00345043
-0.00124601
-0.00355083
-0.00138025
-0.00364978
-0.0015185
-0.00374919
-0.0016607
-0.00385053
-0.00180687
-0.00395488
-0.00406366
-0.00195704
-7.47723e-05
-0.00118043
-0.000127832
-0.00154173
-0.000192667
-0.00185428
-0.000268037
-0.00212338
-0.000352793
-0.00235444
-0.000445876
-0.00255268
-0.000546334
-0.00272324
-0.000653333
-0.00287108
-0.00076616
-0.0030009
-0.000884229
-0.00311702
-0.00100708
-0.00322331
-0.00113437
-0.00332313
-0.00126587
-0.00341934
-0.00140141
-0.00351423
-0.00154094
-0.00360967
-0.00168443
-0.00370704
-0.00183188
-0.00380743
-0.00391217
-0.00198336
-7.68249e-05
-0.00113942
-0.000131159
-0.0014874
-0.00019742
-0.00178802
-0.000274304
-0.00204649
-0.000360609
-0.00226813
-0.000455242
-0.00245804
-0.000557225
-0.00262126
-0.000665707
-0.0027626
-0.000779969
-0.00288664
-0.000899426
-0.00299756
-0.00102362
-0.00309911
-0.00115222
-0.00319454
-0.00128498
-0.00328657
-0.00142178
-0.00337743
-0.00156255
-0.0034689
-0.00170727
-0.00356232
-0.00185597
-0.00365873
-0.00375941
-0.00200873
-7.881e-05
-0.00109741
-0.000134374
-0.00143183
-0.000202008
-0.00172038
-0.000280348
-0.00196815
-0.000368143
-0.00218034
-0.000464263
-0.00236192
-0.000567708
-0.00251781
-0.000677611
-0.0026527
-0.000793249
-0.002771
-0.000914034
-0.00287678
-0.00103952
-0.00297363
-0.00116936
-0.00306469
-0.00130335
-0.00315258
-0.00144136
-0.00323943
-0.00158332
-0.00332694
-0.00172923
-0.0034164
-0.00187914
-0.00350883
-0.00360541
-0.00203314
-3.77359e-05
-0.000683476
-8.07253e-05
-0.00105442
-0.000137472
-0.00137509
-0.000206428
-0.00165142
-0.000286166
-0.00188842
-0.000375389
-0.00209111
-0.000472934
-0.00226438
-0.000577777
-0.00241297
-0.00068904
-0.00254143
-0.000805993
-0.00265405
-0.00092805
-0.00275472
-0.00105476
-0.00284692
-0.00118581
-0.00293365
-0.00132097
-0.00301742
-0.00146013
-0.00310027
-0.00160324
-0.00318383
-0.00175031
-0.00326934
-0.00190139
-0.00335775
-0.00345021
-0.00205658
-3.86444e-05
-0.000655307
-8.25686e-05
-0.00101049
-0.000140452
-0.0013172
-0.000210675
-0.0015812
-0.000291751
-0.00180734
-0.000382341
-0.00200052
-0.000481248
-0.00216547
-0.000587427
-0.00230679
-0.000699989
-0.00242887
-0.000818197
-0.00253584
-0.000941467
-0.00263145
-0.00106935
-0.00271903
-0.00120154
-0.00280146
-0.00133783
-0.00288113
-0.00147809
-0.00296
-0.00162231
-0.00303962
-0.00177049
-0.00312116
-0.00192269
-0.00320554
-0.00329386
-0.00207905
-3.95171e-05
-0.000626517
-8.43378e-05
-0.000965673
-0.00014331
-0.00125823
-0.000214744
-0.00150977
-0.0002971
-0.00172498
-0.000388994
-0.00190863
-0.000489201
-0.00206527
-0.000596653
-0.00219934
-0.000710451
-0.00231507
-0.000829855
-0.00241644
-0.00095428
-0.00250702
-0.00108329
-0.00259002
-0.00121657
-0.00266818
-0.00135392
-0.00274378
-0.00149525
-0.00281868
-0.00164052
-0.00289435
-0.00178976
-0.00297191
-0.00194305
-0.00305225
-0.00313638
-0.00210052
-4.0353e-05
-0.000597132
-8.6031e-05
-0.000919995
-0.000146043
-0.00119822
-0.000218633
-0.00143718
-0.000302208
-0.00164141
-0.000395345
-0.00181549
-0.000496786
-0.00196382
-0.00060545
-0.00209067
-0.000720423
-0.0022001
-0.000840962
-0.0022959
-0.000966485
-0.0023815
-0.00109656
-0.00245995
-0.00123087
-0.00253386
-0.00136925
-0.0026054
-0.00151159
-0.00267634
-0.00165787
-0.00274807
-0.00180813
-0.00282165
-0.00196246
-0.00289792
-0.00297784
-0.002121
-4.11509e-05
-0.00056718
-8.76462e-05
-0.0008735
-0.000148649
-0.00113722
-0.000222338
-0.00136349
-0.000307072
-0.00155668
-0.000401387
-0.00172118
-0.000504001
-0.00186121
-0.000613812
-0.00198086
-0.000729898
-0.00208402
-0.000851514
-0.00217428
-0.000978077
-0.00225494
-0.00110916
-0.00232887
-0.00124446
-0.00239856
-0.0013838
-0.00246606
-0.0015271
-0.00253304
-0.00167434
-0.00260082
-0.00182558
-0.00267042
-0.0019809
-0.0027426
-0.00281827
-0.00214047
-4.19101e-05
-0.000536687
-8.91819e-05
-0.000826228
-0.000151124
-0.00107528
-0.000225856
-0.00128876
-0.000311687
-0.00147084
-0.000407118
-0.00162575
-0.00051084
-0.00175749
-0.000621735
-0.00186997
-0.000738873
-0.00196688
-0.000861505
-0.00205165
-0.000989051
-0.00212739
-0.00112109
-0.00219684
-0.00125732
-0.00226232
-0.00139758
-0.0023258
-0.00154179
-0.00238883
-0.00168994
-0.00245267
-0.00184211
-0.00251825
-0.00199838
-0.00258633
-0.00265772
-0.00215892
-4.26295e-05
-0.000505683
-9.06362e-05
-0.000778221
-0.000153467
-0.00101244
-0.000229184
-0.00121304
-0.00031605
-0.00138398
-0.000412533
-0.00152927
-0.000517299
-0.00165272
-0.000629215
-0.00175805
-0.000747343
-0.00184875
-0.000870932
-0.00192806
-0.000999403
-0.00199892
-0.00113234
-0.0020639
-0.00126945
-0.00212521
-0.00141058
-0.00218467
-0.00155564
-0.00224376
-0.00170467
-0.00230365
-0.0018577
-0.00236522
-0.00201487
-0.00242916
-0.00249625
-0.00217635
-4.33083e-05
-0.000474197
-9.20076e-05
-0.000729522
-0.000155675
-0.000948778
-0.000232318
-0.0011364
-0.000320157
-0.00129614
-0.000417628
-0.0014318
-0.000523374
-0.00154698
-0.000636248
-0.00164518
-0.000755305
-0.00172969
-0.000879791
-0.00180357
-0.00100913
-0.00186958
-0.00114291
-0.00193013
-0.00128084
-0.00198727
-0.00142278
-0.00204273
-0.00156866
-0.00209788
-0.0017185
-0.00215381
-0.00187237
-0.00221135
-0.00203038
-0.00227114
-0.0023339
-0.00219274
-4.39458e-05
-0.000442257
-9.32948e-05
-0.000680173
-0.000157746
-0.000884327
-0.000235256
-0.00105888
-0.000324006
-0.00120739
-0.0004224
-0.0013334
-0.000529061
-0.00144032
-0.00064283
-0.00153141
-0.000762753
-0.00160977
-0.000888077
-0.00167825
-0.00101823
-0.00173943
-0.00115279
-0.00179556
-0.0012915
-0.00184857
-0.0014342
-0.00190003
-0.00158084
-0.00195125
-0.00173144
-0.00200321
-0.00188608
-0.0020567
-0.0020449
-0.00211232
-0.00217072
-0.00220808
-1.21787e-05
-0.000154975
-4.45411e-05
-0.000409895
-9.44962e-05
-0.000630218
-0.000159678
-0.000819145
-0.000237996
-0.000980566
-0.000327593
-0.00111779
-0.000426845
-0.00123415
-0.000534358
-0.0013328
-0.000648957
-0.00141681
-0.000769686
-0.00148904
-0.000895788
-0.00155215
-0.00102669
-0.00160853
-0.00116199
-0.00166027
-0.00130141
-0.00170914
-0.00144482
-0.00175662
-0.00159217
-0.0018039
-0.00174348
-0.0018519
-0.00189885
-0.00190133
-0.00205841
-0.00195276
-0.00200677
-0.00222236
-1.23388e-05
-0.000142636
-4.50938e-05
-0.00037714
-9.56108e-05
-0.000579701
-0.000161469
-0.000753286
-0.000240535
-0.0009015
-0.000330916
-0.00102741
-0.000430962
-0.0011341
-0.00053926
-0.00122451
-0.000654627
-0.00130144
-0.000776099
-0.00136757
-0.000902919
-0.00142533
-0.00103452
-0.00147693
-0.00117049
-0.00152429
-0.00131058
-0.00156905
-0.00145464
-0.00161256
-0.00160265
-0.0016559
-0.00175462
-0.00169992
-0.00191066
-0.00174529
-0.00207092
-0.0017925
-0.0018421
-0.00223559
-1.24864e-05
-0.00013015
-4.5603e-05
-0.000344023
-9.66373e-05
-0.000528667
-0.000163118
-0.000686805
-0.000242872
-0.000821747
-0.000333971
-0.000936312
-0.000434746
-0.00103333
-0.000543765
-0.00111549
-0.000659836
-0.00118537
-0.00078199
-0.00124541
-0.000909469
-0.00129785
-0.0010417
-0.0013447
-0.0011783
-0.0013877
-0.00131899
-0.00142835
-0.00146366
-0.00146789
-0.00161227
-0.00150729
-0.00176485
-0.00154734
-0.00192152
-0.00158863
-0.00208241
-0.00163161
-0.00167678
-0.00224774
-1.26214e-05
-0.000117528
-4.60683e-05
-0.000310576
-9.75747e-05
-0.00047716
-0.000164624
-0.000619756
-0.000245003
-0.000741368
-0.000336758
-0.000844557
-0.000438196
-0.000931891
-0.000547871
-0.00100581
-0.000664582
-0.00106866
-0.000787356
-0.00112264
-0.000915433
-0.00116977
-0.00104825
-0.00121188
-0.00118541
-0.00125054
-0.00132666
-0.0012871
-0.00147188
-0.00132267
-0.00162103
-0.00135814
-0.00177417
-0.0013942
-0.0019314
-0.00143139
-0.00209288
-0.00147013
-0.00151084
-0.00225881
-1.27437e-05
-0.000104785
-4.64892e-05
-0.000276831
-9.8422e-05
-0.000425227
-0.000165983
-0.000552195
-0.000246927
-0.000660424
-0.000339274
-0.000752211
-0.000441309
-0.000829856
-0.000551575
-0.000895544
-0.000668862
-0.000951372
-0.000792194
-0.000999307
-0.000920811
-0.00104116
-0.00105415
-0.00107854
-0.00119181
-0.00111288
-0.00133357
-0.00114535
-0.00147928
-0.00117696
-0.00162893
-0.00120849
-0.00178257
-0.00124056
-0.00194031
-0.00127365
-0.00210232
-0.00130812
-0.00134436
-0.0022688
-1.2853e-05
-9.19317e-05
-4.68652e-05
-0.000242819
-9.91785e-05
-0.000372914
-0.000167197
-0.000484176
-0.000248644
-0.000578977
-0.000341516
-0.000659339
-0.000444082
-0.00072729
-0.000554874
-0.000784752
-0.000672674
-0.000833572
-0.000796502
-0.000875479
-0.000925598
-0.000912062
-0.0010594
-0.000944741
-0.00119752
-0.000974757
-0.00133971
-0.00100316
-0.00148587
-0.00103081
-0.00163596
-0.0010584
-0.00179005
-0.00108648
-0.00194825
-0.00111545
-0.00211072
-0.00114564
-0.00117739
-0.00227769
-1.29492e-05
-7.89825e-05
-4.7196e-05
-0.000208572
-9.98433e-05
-0.000320267
-0.000168262
-0.000415757
-0.000250151
-0.000497089
-0.000343483
-0.000566006
-0.000446516
-0.000624257
-0.000557768
-0.0006735
-0.000676016
-0.000715324
-0.000800278
-0.000751217
-0.000929793
-0.000782546
-0.001064
-0.000810533
-0.00120252
-0.000836242
-0.0013451
-0.000860573
-0.00149164
-0.000884267
-0.00164212
-0.00090792
-0.0017966
-0.000931996
-0.0019552
-0.000956848
-0.00211809
-0.000982753
-0.00100999
-0.00228549
-1.30324e-05
-6.595e-05
-4.74812e-05
-0.000174123
-0.000100416
-0.000267332
-0.000169179
-0.000346994
-0.000251446
-0.000414822
-0.000345175
-0.000472278
-0.000448606
-0.000520826
-0.000560253
-0.000561853
-0.000678886
-0.000596691
-0.00080352
-0.000626583
-0.000933395
-0.000652671
-0.00106795
-0.000675977
-0.00120681
-0.000697387
-0.00134972
-0.000717654
-0.0014966
-0.000737396
-0.00164741
-0.000757109
-0.00180222
-0.000777179
-0.00196117
-0.000797902
-0.00212442
-0.000819506
-0.000842228
-0.00229218
-1.31025e-05
-5.28475e-05
-4.77205e-05
-0.000139505
-0.000100896
-0.000214157
-0.000169947
-0.000277943
-0.00025253
-0.000332238
-0.000346588
-0.000378219
-0.000450353
-0.000417061
-0.000562329
-0.000449878
-0.000681282
-0.000477738
-0.000806227
-0.000501639
-0.000936401
-0.000522496
-0.00107125
-0.00054113
-0.00121039
-0.000558249
-0.00135358
-0.000574457
-0.00150073
-0.000590249
-0.00165182
-0.00060602
-0.00180692
-0.000622081
-0.00196615
-0.000638667
-0.0021297
-0.000655962
-0.000674153
-0.00229777
-1.31594e-05
-3.96881e-05
-4.79138e-05
-0.000104751
-0.000101282
-0.000160789
-0.000170564
-0.000208661
-0.000253401
-0.000249402
-0.000347724
-0.000283897
-0.000451755
-0.00031303
-0.000563994
-0.000337639
-0.000683204
-0.000358528
-0.000808397
-0.000376446
-0.000938811
-0.000392082
-0.00107389
-0.00040605
-0.00121325
-0.000418885
-0.00135667
-0.000431038
-0.00150404
-0.00044288
-0.00165535
-0.000454709
-0.00181068
-0.000466758
-0.00197014
-0.000479202
-0.00213392
-0.00049218
-0.000505831
-0.00230225
-1.32031e-05
-2.6485e-05
-4.80609e-05
-6.98929e-05
-0.000101575
-0.000107275
-0.000171031
-0.000139205
-0.000254058
-0.000166374
-0.00034858
-0.000189375
-0.000452811
-0.000208798
-0.000565248
-0.000225203
-0.00068465
-0.000239125
-0.000810029
-0.000251067
-0.000940623
-0.000261488
-0.00107588
-0.000270797
-0.00121541
-0.000279351
-0.001359
-0.000287451
-0.00150653
-0.000295346
-0.00165801
-0.000303232
-0.0018135
-0.000311266
-0.00197314
-0.000319564
-0.0021371
-0.000328219
-0.000337323
-0.00230561
-1.32337e-05
-4.81617e-05
-0.000101774
-0.000171346
-0.000254501
-0.000349156
-0.000453521
-0.000566089
-0.000112634
-0.00068562
-0.000119595
-0.000811123
-0.000125565
-0.000941837
-0.000130774
-0.00107721
-0.000135427
-0.00121685
-0.000139704
-0.00136055
-0.000143753
-0.0015082
-0.0001477
-0.00165978
-0.000151644
-0.00181539
-0.000155661
-0.00197514
-0.000159811
-0.00213922
-0.000164139
-0.000168693
-0.00230785
-0.000566518
-0.000686112
-0.000811677
-0.000942451
-0.00107788
-0.00121758
-0.00136133
-0.00150904
-0.00166068
-0.00181634
-0.00197615
-0.00214029
-0.00230898
0.00223787
-0.00146632
-0.00223631
0.00224003
-0.00142332
0.00224234
-0.00137904
0.00224469
-0.00133347
0.00224712
-0.00128702
0.00224968
-0.00123971
0.00225238
-0.00119159
0.00225526
-0.0011427
0.00225832
-0.00109305
0.00226157
-0.00104268
0.00226504
-0.00099161
0.00226873
-0.000939869
0.00227264
-0.000887478
0.00227678
-0.00083446
0.00228115
-0.000780841
0.00228575
-0.000726643
0.00229058
-0.00067189
0.00229564
0.00230296
-0.00146736
-0.00230193
0.00230409
-0.00142445
0.00230539
-0.00138034
0.00230684
-0.00133492
0.00230848
-0.00128866
0.00231033
-0.00124156
0.0023124
-0.00119366
0.0023147
-0.00114499
0.00231723
-0.00109558
0.00232001
-0.00104546
0.00232304
-0.000994638
0.00232632
-0.00094315
0.00232986
-0.000891016
0.00233366
-0.000838257
0.00233771
-0.000784896
0.00234203
-0.000730957
0.00236932
-0.00146729
-0.00236938
0.00236944
-0.00142457
0.00236982
-0.00138072
0.00237046
-0.00133556
0.00237135
-0.00128955
0.00237253
-0.00124273
0.00237397
-0.00119511
0.0023757
-0.00114672
0.0023777
-0.00109759
0.00237999
-0.00104774
0.00238256
-0.000997209
0.00238542
-0.000946007
0.00238856
-0.000894159
0.00239199
-0.000841687
0.00239571
0.00243722
-0.00146625
-0.00243826
0.00243643
-0.00142378
0.00243596
-0.00138026
0.00243582
-0.00133541
0.00243599
-0.00128972
0.00243648
-0.00124323
0.00243729
-0.00119592
0.00243842
-0.00114785
0.00243987
-0.00109903
0.00244163
-0.00104951
0.00244371
-0.000999291
0.00244611
-0.000948405
0.00244882
0.00250682
-0.0014644
-0.00250867
0.00250522
-0.00142218
0.00250397
-0.00137901
0.00250307
-0.00133451
0.00250252
-0.00128917
0.00250232
-0.00124303
0.00250248
-0.00119608
0.00250299
-0.00114835
0.00250384
-0.00109989
0.00250505
-0.00105071
0.0025066
-0.00100085
0.0025781
-0.0014618
-0.00258071
0.00257576
-0.00141984
0.00257376
-0.00137701
0.00257214
-0.00133288
0.00257088
-0.00128791
0.00256999
-0.00124214
0.00256949
-0.00119557
0.00256936
-0.00114823
0.00256961
-0.00110014
0.00257023
0.00265109
-0.00145847
-0.00265442
0.00264803
-0.00141678
0.00264531
-0.00137429
0.00264297
-0.00133054
0.00264102
-0.00128596
0.00263945
-0.00124058
0.00263828
-0.0011944
0.00263751
-0.00114746
0.00272579
-0.00145442
-0.00272983
0.00272202
-0.00141302
0.00271861
-0.00137088
0.00271557
-0.00132751
0.00271293
-0.00128331
0.00271068
-0.00123834
0.00270885
0.00280222
-0.00144966
-0.00280698
0.00279776
-0.00140856
0.00279365
-0.00136677
0.00278993
-0.00132378
0.0027866
-0.00127999
0.00288042
-0.00144418
-0.00288589
0.00287526
-0.0014034
0.00287046
-0.00136196
0.00286605
0.0029604
-0.00143799
-0.0029666
0.00295455
-0.00139754
0.0030422
-0.00304912
0.00225716
5.12698e-05
-5.06367e-05
0.00225546
0.00014324
-0.000141539
0.00225285
0.000225073
-0.000222458
0.00224947
0.000298985
-0.000295606
0.00224544
0.000367295
-0.000363266
0.00224087
0.000431296
-0.00042673
0.00223587
0.00049208
-0.000487078
0.00223054
0.000550338
-0.000545003
0.00222497
0.000606578
-0.000601011
0.00221927
0.000661112
-0.000655415
0.00221355
0.000714124
-0.000708404
0.00220792
0.000765686
-0.000760053
0.00220249
0.000815786
-0.000810354
0.00219737
0.000864337
-0.000859223
0.0021927
0.000911193
-0.000906516
0.00218858
0.000956156
-0.000952037
0.00218514
0.000998984
-0.000995541
0.00218248
0.00103939
-0.00103674
0.00218072
0.00107707
-0.00107531
0.00217994
0.00111166
-0.00111088
0.0021802
0.00114278
-0.00114305
0.00218156
0.00117005
-0.00117141
0.00218402
0.00119304
-0.0011955
0.00218755
0.00121136
-0.00121489
0.00219211
0.00122459
-0.00122915
0.00219762
0.00123238
-0.00123788
0.00220403
0.00123439
-0.0012408
0.00221145
0.00123032
-0.00123774
0.00222071
0.00121957
-0.00122883
0.00120115
-0.00121674
0.00231086
5.18848e-05
0.00230919
0.000144916
0.0023066
0.000227654
0.00230327
0.000302319
0.0022993
0.000371265
0.00229481
0.000435788
0.0022899
0.000496988
0.00228468
0.000555558
0.00227926
0.000612004
0.00227373
0.000666638
0.00226821
0.000719641
0.00226282
0.000771081
0.00225766
0.000820941
0.00225287
0.000869132
0.00224855
0.000915506
0.00224484
0.000959866
0.00224186
0.00100197
0.00223971
0.00104155
0.00223849
0.00107828
0.00223831
0.00111185
0.00223921
0.00114188
0.00224125
0.00116801
0.00224443
0.00118986
0.00224874
0.00120705
0.00225414
0.0012192
0.00226058
0.00122593
0.0022681
0.00122687
0.00227693
0.00122148
0.00228774
0.00120876
0.00118696
0.00236583
5.24821e-05
0.00236419
0.000146562
0.00236165
0.000230192
0.00235837
0.000305599
0.00235447
0.000375165
0.00235007
0.000440191
0.00234527
0.000501786
0.00234018
0.000560644
0.00233491
0.000617271
0.00232958
0.000671975
0.00232428
0.000724935
0.00231915
0.000776215
0.00231429
0.000825796
0.00230984
0.000873584
0.00230592
0.000919432
0.00230264
0.000963143
0.00230013
0.00100448
0.0022985
0.00104317
0.00229786
0.00107893
0.00229828
0.00111142
0.00229984
0.00114032
0.00230257
0.00116528
0.00230649
0.00118594
0.00231158
0.00120196
0.00231782
0.00121296
0.00232519
0.00121857
0.00233374
0.00121833
0.00234366
0.00121156
0.0023553
0.00119713
0.00117287
0.00242211
5.30615e-05
0.0024205
0.000148173
0.00241801
0.00023268
0.0024148
0.000308813
0.00241098
0.000378982
0.00240668
0.000444492
0.00240201
0.00050646
0.00239707
0.00056558
0.00239198
0.000622359
0.00238686
0.000677101
0.00238181
0.000729983
0.00237696
0.000781066
0.00237243
0.000830326
0.00236834
0.00087767
0.00236483
0.000922948
0.00236201
0.000965964
0.00236
0.00100649
0.00235892
0.00104425
0.00235887
0.00107898
0.00235992
0.00111037
0.00236215
0.00113809
0.00236559
0.00116184
0.00237025
0.00118128
0.00237613
0.00119608
0.0023832
0.00120588
0.00239146
0.00121031
0.00240095
0.00120884
0.00241179
0.00120071
0.00242414
0.00118478
0.00115875
0.00247973
5.36222e-05
0.00247816
0.000149745
0.00247573
0.000235109
0.00247259
0.000311951
0.00246887
0.000382702
0.00246469
0.000448674
0.00246016
0.000510992
0.00245539
0.000570346
0.0024505
0.000627246
0.00244561
0.000681994
0.00244083
0.000734762
0.00243629
0.000785608
0.00243211
0.000834507
0.00242842
0.000881363
0.00242534
0.000926026
0.002423
0.000968303
0.00242152
0.00100797
0.002421
0.00104477
0.00242156
0.00107843
0.00242326
0.00110866
0.00242617
0.00113518
0.00243033
0.00115768
0.00243574
0.00117587
0.0024424
0.00118941
0.0024503
0.00119799
0.00245941
0.00120119
0.00246977
0.00119849
0.00248142
0.00118906
0.00249439
0.00117181
0.00114448
0.00253872
5.41634e-05
0.00253719
0.000151272
0.00253483
0.000237471
0.00253178
0.000315001
0.00252817
0.000386313
0.00252412
0.000452724
0.00251975
0.000515363
0.00251517
0.000574924
0.0025105
0.000631913
0.00250587
0.000686631
0.00250138
0.000739247
0.00249717
0.000789817
0.00249337
0.000838312
0.00249009
0.000884637
0.00248748
0.000928642
0.00248564
0.000970136
0.00248471
0.0010089
0.00248479
0.00104469
0.00248597
0.00107724
0.00248834
0.0011063
0.00249194
0.00113158
0.00249683
0.0011528
0.00250299
0.0011697
0.00251044
0.00118197
0.00251914
0.00118929
0.00252907
0.00119126
0.00254024
0.00118732
0.00255262
0.00117668
0.00256616
0.00115826
0.00112993
0.00259911
5.46841e-05
0.00259763
0.00015275
0.00259535
0.000239757
0.00259239
0.000317952
0.00258891
0.0003898
0.00258501
0.000456623
0.00258082
0.000519555
0.00257645
0.000579291
0.00257202
0.000636336
0.00256767
0.000690988
0.0025635
0.000743414
0.00255965
0.000793667
0.00255625
0.000841717
0.00255342
0.000887467
0.00255129
0.00093077
0.00254999
0.000971439
0.00254963
0.00100926
0.00255031
0.001044
0.00255214
0.00107542
0.00255519
0.00110325
0.0025595
0.00112726
0.00256512
0.00114719
0.00257204
0.00116277
0.00258026
0.00117375
0.00258974
0.0011798
0.00260047
0.00118054
0.00261239
0.0011754
0.00262545
0.00116362
0.00263954
0.00114417
0.00111505
0.00266094
5.5183e-05
0.00265951
0.000154172
0.00265731
0.000241958
0.00265447
0.000320792
0.00265113
0.000393148
0.00264739
0.000460355
0.0026434
0.00052355
0.00263926
0.000583428
0.0026351
0.000640494
0.00263105
0.000695042
0.00262723
0.000747238
0.00262376
0.000797132
0.00262078
0.000844694
0.00261842
0.000889826
0.00261681
0.000932384
0.00261606
0.000972186
0.0026163
0.00100903
0.00261762
0.00104268
0.00262011
0.00107292
0.00262385
0.00109951
0.00262888
0.00112223
0.00263523
0.00114084
0.00264291
0.0011551
0.00265189
0.00116477
0.00266214
0.00116955
0.00267362
0.00116906
0.00268626
0.00116277
0.00269996
0.00114992
0.00271457
0.00112955
0.00109979
0.00272423
5.56588e-05
0.00272287
0.000155533
0.00272077
0.000244065
0.00271805
0.000323507
0.00271486
0.000396342
0.00271131
0.000463902
0.00270753
0.000527328
0.00270365
0.000587313
0.00269978
0.000644362
0.00269605
0.000698768
0.0026926
0.000750693
0.00268954
0.000800187
0.00268702
0.000847218
0.00268516
0.000891689
0.00268408
0.00093346
0.00268391
0.000972354
0.00268476
0.00100817
0.00268673
0.00104071
0.00268991
0.00106975
0.00269435
0.00109507
0.00270011
0.00111647
0.0027072
0.00113374
0.00271563
0.00114667
0.00272536
0.00115503
0.00273637
0.00115855
0.00274857
0.00115686
0.00276189
0.00114945
0.0027762
0.00113561
0.00279133
0.00111442
0.00108413
0.00278904
5.61098e-05
0.00278774
0.000156828
0.00278574
0.000246068
0.00278316
0.000326087
0.00278014
0.000399367
0.00277679
0.000467247
0.00277325
0.000530867
0.00276964
0.000590924
0.00276609
0.000647918
0.00276271
0.000702141
0.00275965
0.000753754
0.00275703
0.000802804
0.00275499
0.000849261
0.00275365
0.00089303
0.00275314
0.000933972
0.00275357
0.00097192
0.00275506
0.00100669
0.0027577
0.00103807
0.00276157
0.00106588
0.00276673
0.00108991
0.00277322
0.00110998
0.00278106
0.00112591
0.00279023
0.0011375
0.00280071
0.00114455
0.00281244
0.00114682
0.00282534
0.00114395
0.00283932
0.00113547
0.00285421
0.00112072
0.00286983
0.0010988
0.00106807
0.00285538
5.65344e-05
0.00285416
0.000158052
0.00285227
0.000247958
0.00284984
0.000328517
0.002847
0.000402206
0.00284388
0.00047037
0.0028406
0.000534149
0.00283728
0.000594238
0.00283407
0.000651137
0.00283107
0.000705135
0.00282843
0.000756393
0.00282628
0.000804957
0.00282474
0.000850797
0.00282395
0.000893821
0.00282403
0.000933896
0.00282509
0.000970861
0.00282723
0.00100454
0.00283056
0.00103474
0.00283514
0.0010613
0.00284103
0.00108402
0.00284825
0.00110275
0.00285683
0.00111733
0.00286674
0.00112759
0.00287795
0.00113335
0.00289039
0.00113438
0.00290397
0.00113037
0.00291857
0.00112088
0.00293402
0.00110527
0.00295013
0.00108269
0.00105161
0.00292331
5.69306e-05
0.00292216
0.000159196
0.0029204
0.000249725
0.00291813
0.000330784
0.00291549
0.000404842
0.00291261
0.000473252
0.00290961
0.00053715
0.00290662
0.000597231
0.00290376
0.000653993
0.00290117
0.000707725
0.00289898
0.000758585
0.00289732
0.00080662
0.00289631
0.0008518
0.0028961
0.000894039
0.00289678
0.000933208
0.00289849
0.000969155
0.00290132
0.00100171
0.00290534
0.00103072
0.00291065
0.001056
0.00291727
0.0010774
0.00292524
0.00109478
0.00293455
0.00110801
0.0029452
0.00295712
0.00297025
0.00298448
0.00299969
0.00301568
0.00303226
0.00299285
0.00299179
0.00299016
0.00298807
0.00298565
0.00298302
0.00298033
0.00297768
0.00297521
0.00297305
0.00297133
0.00297019
0.00296974
0.00297012
0.00297145
0.00297382
0.00297734
0.00298209
0.00298813
0.00299549
0.0030042
0.00266862
-1.68717e-05
0.00268259
-1.39669e-05
0.00269388
-1.12884e-05
0.00270267
-8.79393e-06
0.00270912
-6.447e-06
0.00271334
-4.22191e-06
0.00271544
-2.09598e-06
0.00271549
-5.27853e-08
0.00271357
1.91592e-06
0.00270975
3.8258e-06
0.00270406
5.68292e-06
0.00269657
7.49272e-06
0.00268731
9.25962e-06
0.00267633
1.09866e-05
0.00266365
1.26752e-05
0.00264932
1.4326e-05
0.00263339
1.59382e-05
0.00261588
1.75097e-05
0.00259684
1.90371e-05
0.00257632
2.05152e-05
0.00255439
2.19369e-05
0.00253109
2.3293e-05
0.00250652
2.45718e-05
0.00248076
2.57589e-05
0.00245393
2.6837e-05
0.00242614
2.77856e-05
0.00239756
2.85813e-05
0.00236836
2.91974e-05
0.00233876
2.9605e-05
2.97749e-05
0.00266855
-3.36726e-05
0.00268245
-2.78654e-05
0.00269367
-2.25107e-05
0.0027024
-1.75241e-05
0.00270879
-1.28327e-05
0.00271295
-8.38486e-06
0.00271499
-4.13556e-06
0.00271499
-5.12435e-08
0.00271302
3.88368e-06
0.00270914
7.7014e-06
0.00270341
1.14135e-05
0.00269588
1.5031e-05
0.00268657
1.85627e-05
0.00267555
2.20145e-05
0.00266283
2.53898e-05
0.00264847
2.86893e-05
0.00263249
3.19117e-05
0.00261495
3.50527e-05
0.00259588
3.81053e-05
0.00257534
4.10591e-05
0.00255338
4.39002e-05
0.00253006
4.66099e-05
0.00250547
4.9165e-05
0.00247969
5.15366e-05
0.00245283
5.36899e-05
0.00242504
5.55842e-05
0.00239644
5.71727e-05
0.00236724
5.84018e-05
0.00233763
5.92143e-05
5.95519e-05
0.00266841
-5.03325e-05
0.00268217
-4.16272e-05
0.00269326
-3.3601e-05
0.00270187
-2.61271e-05
0.00270813
-1.90961e-05
0.00271217
-1.24303e-05
0.0027141
-6.0625e-06
0.00271399
5.80521e-08
0.00271192
5.95496e-06
0.00270795
1.16762e-05
0.00270212
1.72389e-05
0.00269449
2.26599e-05
0.0026851
2.79524e-05
0.00267399
3.31251e-05
0.0026612
3.81829e-05
0.00264676
4.31271e-05
0.00263072
4.79554e-05
0.00261311
5.26617e-05
0.00259398
5.72352e-05
0.00257338
6.16604e-05
0.00255136
6.59161e-05
0.002528
6.99745e-05
0.00250336
7.38007e-05
0.00247755
7.73513e-05
0.00245066
8.05743e-05
0.00242284
8.34085e-05
0.00239423
8.57838e-05
0.00236501
8.76203e-05
0.00233539
8.88321e-05
8.93331e-05
0.0026682
-6.67814e-05
0.00268176
-5.51846e-05
0.00269265
-4.44937e-05
0.00270106
-3.45398e-05
0.00270714
-2.51765e-05
0.00271101
-1.62998e-05
0.00271277
-7.82015e-06
0.0027125
3.27605e-07
0.00271027
8.18189e-06
0.00270615
1.57996e-05
0.00270018
2.32065e-05
0.00269242
3.04248e-05
0.0026829
3.74718e-05
0.00267166
4.43592e-05
0.00265875
5.10935e-05
0.0026442
5.76763e-05
0.00262805
6.41044e-05
0.00261035
7.03696e-05
0.00259112
7.64574e-05
0.00257044
8.23472e-05
0.00254834
8.80106e-05
0.00252491
9.34104e-05
0.00250021
9.85e-05
0.00247434
0.000103222
0.00244741
0.000107506
0.00241954
0.000111271
0.0023909
0.000114425
0.00236166
0.00011686
0.00233203
0.000118462
0.000119121
0.00266792
-8.2949e-05
0.0026812
-6.84696e-05
0.00269183
-5.51233e-05
0.00269999
-4.26991e-05
0.00270583
-3.10131e-05
0.00270946
-1.9935e-05
0.002711
-9.35322e-06
0.00271051
8.12351e-07
0.00270808
1.06152e-05
0.00270376
2.01208e-05
0.0026976
2.93633e-05
0.00268965
3.83705e-05
0.00267996
4.71639e-05
0.00266856
5.57579e-05
0.0026555
6.41605e-05
0.0026408
7.23738e-05
0.00262451
8.03935e-05
0.00260667
8.82091e-05
0.00258733
9.58027e-05
0.00256652
0.000103148
0.00254433
0.00011021
0.00252079
0.000116941
0.00249601
0.000123284
0.00247007
0.000129166
0.00244307
0.0001345
0.00241516
0.000139185
0.00238648
0.000143104
0.00235721
0.000146127
0.00232757
0.000148109
0.000148916
0.00266757
-9.87656e-05
0.00268051
-8.14145e-05
0.00269081
-6.54244e-05
0.00269866
-5.05418e-05
0.00270419
-3.65454e-05
0.00270753
-2.3278e-05
0.00270878
-1.06058e-05
0.00270803
1.56589e-06
0.00270534
1.3306e-05
0.00270077
2.46889e-05
0.00269438
3.57562e-05
0.00268621
4.6542e-05
0.0026763
5.70716e-05
0.00266469
6.7362e-05
0.00265143
7.74229e-05
0.00263655
8.72564e-05
0.00262009
9.68574e-05
0.00260208
0.000106213
0.00258258
0.000115301
0.00256164
0.000124091
0.00253931
0.00013254
0.00251566
0.00014059
0.00249077
0.000148173
0.00246474
0.000155202
0.00243766
0.000161572
0.00240969
0.000167162
0.00238096
0.000171833
0.00235166
0.000175428
0.00232199
0.000177776
0.000178722
0.00266715
-0.000114161
0.00267968
-9.39516e-05
0.00268959
-7.53315e-05
0.00269705
-5.80052e-05
0.00270222
-4.1713e-05
0.00270521
-2.62705e-05
0.00270613
-1.15223e-05
0.00270505
2.64153e-06
0.00270205
1.63057e-05
0.00269719
2.95526e-05
0.00269051
4.24322e-05
0.00268207
5.49841e-05
0.00267191
6.72375e-05
0.00266006
7.92124e-05
0.00264656
9.09194e-05
0.00263146
0.000102361
0.00261478
0.000113531
0.00259658
0.000124414
0.0025769
0.000134984
0.00255579
0.000145205
0.0025333
0.000155026
0.00250951
0.000164381
0.00248449
0.000173189
0.00245835
0.000181348
0.00243118
0.000188737
0.00240313
0.000195215
0.00237434
0.00020062
0.002345
0.00020477
0.00231531
0.000207468
0.000208539
0.00266665
-0.000129066
0.00267872
-0.000106014
0.00268817
-8.47797e-05
0.00269519
-6.50265e-05
0.00269993
-4.64556e-05
0.00270251
-2.8855e-05
0.00270304
-1.20471e-05
0.00270159
4.09244e-06
0.00269823
1.9665e-05
0.00269302
3.47609e-05
0.00268601
4.9438e-05
0.00267726
6.37414e-05
0.00266679
7.77045e-05
0.00265465
9.13495e-05
0.00264088
0.000104688
0.00262552
0.000117724
0.0026086
0.000130448
0.00259017
0.000142844
0.00257028
0.000154881
0.00254896
0.000166517
0.0025263
0.000177694
0.00250234
0.000188337
0.00247718
0.000198351
0.0024509
0.000207622
0.00242363
0.00021601
0.00239549
0.000223356
0.00236663
0.000229475
0.00233724
0.000234161
0.00230752
0.000237189
0.00023837
0.00266609
-0.000143411
0.00267761
-0.000117533
0.00268654
-9.37041e-05
0.00269306
-7.15434e-05
0.00269731
-5.07133e-05
0.00269943
-3.09738e-05
0.00269951
-1.21251e-05
0.00269763
5.97159e-06
0.00269386
2.34347e-05
0.00268826
4.03623e-05
0.00268088
5.68199e-05
0.00267176
7.28583e-05
0.00266095
8.85148e-05
0.00264849
0.000103814
0.00263441
0.000118769
0.00261875
0.000133382
0.00260155
0.000147644
0.00258286
0.000161535
0.00256272
0.000175022
0.00254118
0.000188055
0.00251831
0.000200569
0.00249416
0.00021248
0.00246883
0.000223681
0.00244241
0.000234042
0.00241502
0.000243408
0.00238677
0.000251597
0.00235784
0.000258407
0.0023284
0.000263605
0.00229864
0.000266941
0.000268217
0.00266547
-0.000157126
0.00267638
-0.000128443
0.00268471
-0.00010204
0.00269066
-7.74938e-05
0.00269437
-5.44263e-05
0.00269597
-3.25696e-05
0.00269555
-1.17013e-05
0.00269319
8.33162e-06
0.00268896
2.76653e-05
0.00268291
4.64051e-05
0.00267511
6.46242e-05
0.00266559
8.23791e-05
0.00265439
9.97106e-05
0.00264156
0.000116646
0.00262713
0.000133198
0.00261114
0.00014937
0.00259363
0.000165152
0.00257465
0.00018052
0.00255423
0.000195437
0.00253244
0.000209847
0.00250933
0.000223678
0.00248498
0.000236834
0.00245946
0.000249199
0.00243288
0.000260625
0.00240534
0.000270943
0.00237699
0.000279952
0.00234797
0.000287426
0.00231846
0.00029311
0.00228868
0.00029673
0.00029808
0.00266477
-0.000170144
0.002675
-0.000138677
0.00268268
-0.000109723
0.00268801
-8.28156e-05
0.00269112
-5.75353e-05
0.00269213
-3.35854e-05
0.00269115
-1.0721e-05
0.00268826
1.12249e-05
0.00268352
3.24068e-05
0.00267698
5.29373e-05
0.00266871
7.2897e-05
0.00265874
9.23478e-05
0.00264712
0.000111334
0.00263388
0.000129885
0.00261906
0.000148015
0.00260271
0.000165726
0.00258485
0.000183007
0.00256554
0.000199831
0.00254482
0.000216155
0.00252275
0.00023192
0.00249938
0.000247044
0.0024748
0.000261422
0.00244907
0.000274924
0.00242231
0.00028739
0.00239462
0.000298632
0.00236614
0.000308431
0.00233702
0.000316541
0.00230745
0.000322683
0.00227762
0.000326559
0.000327963
0.002664
-0.000182394
0.00267349
-0.000148169
0.00268046
-0.000116689
0.00268509
-8.74473e-05
0.00268754
-5.99812e-05
0.00268791
-3.39645e-05
0.00268632
-9.13002e-06
0.00268284
1.47036e-05
0.00267754
3.77092e-05
0.00267047
6.00068e-05
0.00266169
8.16839e-05
0.00265123
0.000102808
0.00263913
0.000123427
0.00262545
0.000143571
0.0026102
0.000163257
0.00259345
0.000182485
0.00257521
0.000201242
0.00255554
0.000219499
0.00253449
0.000237207
0.00251211
0.000254302
0.00248846
0.000270693
0.00246362
0.000286266
0.00243766
0.000300877
0.0024107
0.000314353
0.00238284
0.000326488
0.00235423
0.000337046
0.00232501
0.00034576
0.00229536
0.00035233
0.00226549
0.000356432
0.000357866
0.00266316
-0.000193808
0.00267185
-0.000156851
0.00267803
-0.000122875
0.00268191
-9.13279e-05
0.00268364
-6.17053e-05
0.00268332
-3.36507e-05
0.00268107
-6.87428e-06
0.00267695
1.88192e-05
0.00267104
4.36219e-05
0.00266339
6.76608e-05
0.00265404
9.10303e-05
0.00264304
0.000113803
0.00263044
0.00013603
0.00261627
0.000157744
0.00260056
0.000178961
0.00258337
0.000199682
0.00256472
0.000219891
0.00254466
0.000239555
0.00252325
0.000258622
0.00250053
0.000277019
0.00247657
0.00029465
0.00245145
0.000311387
0.00242525
0.000327077
0.00239807
0.000341531
0.00237003
0.000354527
0.00234127
0.000365809
0.00231194
0.000375093
0.00228221
0.000382056
0.00225229
0.000386352
0.000387792
0.00266226
-0.000204319
0.00267007
-0.00016466
0.00267541
-0.000128216
0.00267848
-9.43964e-05
0.00267942
-6.26493e-05
0.00267836
-3.2589e-05
0.00267539
-3.8991e-06
0.00267058
2.36229e-05
0.00266401
5.01943e-05
0.00265572
7.59466e-05
0.00264577
0.000100981
0.0026342
0.000125376
0.00262105
0.000149185
0.00260635
0.000172443
0.00259014
0.000195166
0.00257247
0.000217353
0.00255338
0.000238987
0.0025329
0.00026003
0.00251109
0.000280428
0.00248801
0.000300099
0.00246373
0.000318938
0.0024383
0.000336809
0.00241184
0.000353545
0.00238443
0.000368942
0.00235619
0.000382762
0.00232727
0.000394732
0.00229781
0.000404549
0.002268
0.000411869
0.00223803
0.000416324
0.000417742
0.00266129
-0.000213859
0.00266816
-0.000171528
0.00267259
-0.000132651
0.00267479
-9.65925e-05
0.00267489
-6.27546e-05
0.00267303
-3.07246e-05
0.00266928
-1.50718e-07
0.00266374
2.91644e-05
0.00265646
5.74754e-05
0.00264749
8.49109e-05
0.00263689
0.000111582
0.0026247
0.00013757
0.00261095
0.000162933
0.00259569
0.000187707
0.00257895
0.000211907
0.00256077
0.000235533
0.00254119
0.000258562
0.00252027
0.000280957
0.00249804
0.000302654
0.00247457
0.000323567
0.00244993
0.000343582
0.00242418
0.000362552
0.00239743
0.000380298
0.00236977
0.000396601
0.00234133
0.000411208
0.00231223
0.000423826
0.00228264
0.000434136
0.00225274
0.000441775
0.00222271
0.00044635
0.000447717
0.00266025
-0.00022236
0.00266611
-0.000177392
0.00266958
-0.000136117
0.00267084
-9.78562e-05
0.00267005
-6.19644e-05
0.00266733
-2.79965e-05
0.00266276
4.41199e-06
0.00265643
3.55004e-05
0.00264839
6.55133e-05
0.0026387
9.45999e-05
0.00262741
0.000122876
0.00261455
0.000150427
0.00260017
0.000177315
0.0025843
0.000203574
0.00256698
0.000229222
0.00254826
0.000254255
0.00252817
0.000278651
0.00250677
0.000302364
0.00248409
0.000325329
0.00246021
0.00034745
0.00243518
0.000368606
0.0024091
0.000388639
0.00238204
0.000407356
0.00235411
0.000424526
0.00232545
0.000439878
0.00229617
0.000453102
0.00226644
0.000463864
0.00223644
0.000471779
0.00220635
0.000476436
0.00047772
0.00265915
-0.000229755
0.00266394
-0.000182186
0.00266637
-0.000138551
0.00266665
-9.81282e-05
0.0026649
-6.02212e-05
0.00266126
-2.43561e-05
0.00265582
9.85265e-06
0.00264865
4.26747e-05
0.0026398
7.43561e-05
0.00262934
0.00010506
0.00261731
0.000134907
0.00260375
0.00016399
0.0025887
0.000192369
0.00257219
0.000220083
0.00255426
0.000247147
0.00253496
0.000273556
0.00251433
0.000299284
0.00249241
0.000324283
0.00246926
0.00034848
0.00244493
0.000371774
0.00241951
0.000394033
0.00239306
0.00041509
0.00236567
0.000434738
0.00233747
0.000452732
0.00230856
0.000468785
0.00227909
0.000482572
0.00224921
0.00049374
0.0022191
0.000501889
0.00218896
0.000506585
0.000507752
0.00265797
-0.000235978
0.00266163
-0.000185846
0.00266298
-0.000139892
0.0026622
-9.73496e-05
0.00265944
-5.74693e-05
0.00265484
-1.97485e-05
0.00264847
1.62224e-05
0.0026404
5.07371e-05
0.00263071
8.40508e-05
0.00261943
0.000116335
0.00260662
0.00014772
0.00259231
0.000178299
0.00257655
0.000208137
0.00255936
0.000237272
0.00254079
0.000265718
0.00252087
0.000293469
0.00249966
0.000320495
0.0024772
0.000346744
0.00245355
0.000372136
0.00242875
0.000396565
0.0024029
0.000419887
0.00237607
0.000441926
0.00234834
0.000462462
0.00231984
0.000481235
0.00229068
0.000497944
0.00226101
0.000512246
0.00223097
0.000523773
0.00220075
0.00053211
0.00217054
0.000536801
0.000537816
0.00265673
-0.000240962
0.0026592
-0.00018831
0.00265939
-0.00014008
0.0026575
-9.54622e-05
0.00265368
-5.36529e-05
0.00264805
-1.41198e-05
0.0026407
2.3571e-05
0.0026317
5.97374e-05
0.00262111
9.46442e-05
0.00260897
0.000128472
0.00259534
0.000161356
0.00258024
0.000193396
0.00256372
0.000224657
0.00254582
0.000255177
0.00252656
0.000284971
0.002506
0.000314028
0.00248418
0.000342315
0.00246115
0.000369776
0.00243696
0.000396325
0.00241168
0.000421847
0.00238538
0.00044619
0.00235814
0.000469167
0.00233005
0.000490545
0.00230124
0.000510051
0.00227181
0.000527367
0.00224192
0.000542135
0.00221173
0.000553973
0.00218139
0.000562449
0.0021511
0.000567088
0.000567914
0.00265543
-0.000244643
0.00265663
-0.000189514
0.00265561
-0.000139054
0.00265255
-9.24082e-05
0.00264762
-4.87176e-05
0.00264092
-7.41659e-06
0.00263254
3.19489e-05
0.00262255
6.97243e-05
0.00261101
0.000106183
0.00259797
0.000141513
0.00258347
0.000175859
0.00256754
0.000209322
0.00255023
0.000241969
0.00253157
0.000273838
0.0025116
0.000304941
0.00249036
0.000335266
0.0024679
0.000364776
0.00244427
0.000393409
0.00241952
0.000421073
0.00239372
0.000447646
0.00236695
0.000472966
0.00233928
0.000496834
0.00231082
0.000519007
0.00228167
0.000539195
0.00225197
0.000557067
0.00222186
0.00057225
0.00219148
0.000584346
0.00216102
0.000592912
0.00213066
0.000597451
0.000598048
0.00265406
-0.000246956
0.00265394
-0.000189395
0.00265164
-0.000136754
0.00264737
-8.81302e-05
0.00264126
-4.26091e-05
0.00263343
4.13414e-07
0.00262397
4.14053e-05
0.00261295
8.07457e-05
0.00260042
0.000118712
0.00258643
0.000155504
0.00257102
0.000191271
0.00255422
0.000226117
0.00253608
0.00026011
0.00251663
0.000293289
0.00249591
0.000325662
0.00247396
0.000357216
0.00245083
0.000387908
0.00242656
0.000417672
0.00240123
0.000446408
0.00237489
0.000473986
0.00234762
0.000500236
0.0023195
0.000524948
0.00229065
0.000547864
0.00226116
0.000568683
0.00223117
0.000587058
0.00220082
0.000602601
0.00217026
0.000614903
0.00213967
0.000623506
0.00210922
0.000627894
0.000628222
0.00265263
-0.000247834
0.00265113
-0.000187892
0.00264749
-0.000133121
0.00264193
-8.25722e-05
0.0026346
-3.52702e-05
0.00262559
9.41527e-06
0.00261501
5.19929e-05
0.0026029
9.28485e-05
0.00258934
0.000132278
0.00257435
0.000170487
0.00255799
0.000207633
0.00254029
0.00024382
0.00252128
0.00027912
0.002501
0.000313567
0.00247949
0.000347171
0.0024568
0.000379911
0.00243296
0.000411743
0.00240804
0.000442593
0.00238209
0.000472356
0.00235519
0.000500893
0.0023274
0.000528024
0.00229882
0.000553527
0.00226955
0.000577134
0.0022397
0.000598529
0.00220941
0.000617352
0.00217881
0.000633199
0.00214806
0.000645651
0.00211733
0.000654238
0.0020868
0.000658423
0.000658439
0.00265113
-0.000247216
0.00264818
-0.000184943
0.00264316
-0.000128097
0.00263627
-7.56783e-05
0.00262765
-2.6651e-05
0.00261742
1.96462e-05
0.00260565
6.37567e-05
0.00259242
0.000106079
0.00257777
0.000146924
0.00256176
0.000186506
0.0025444
0.000224986
0.00252575
0.000262472
0.00250584
0.000299035
0.00248469
0.000334709
0.00246236
0.0003695
0.00243889
0.000403385
0.00241432
0.000436312
0.00238871
0.000468203
0.00236212
0.000498945
0.00233463
0.00052839
0.0023063
0.00055635
0.00227724
0.000582592
0.00224754
0.000606834
0.00221732
0.000628749
0.00218671
0.000647961
0.00215585
0.000664055
0.0021249
0.0006766
0.00209403
0.000685115
0.00206341
0.000689043
0.000688703
0.00264957
-0.000245037
0.00264512
-0.000180489
0.00263864
-0.000121624
0.00263036
-6.73939e-05
0.00262041
-1.66986e-05
0.0026089
3.11561e-05
0.00259591
7.67448e-05
0.0025815
0.000120484
0.00256573
0.000162695
0.00254864
0.000203602
0.00253025
0.00024337
0.00251062
0.000282111
0.00248976
0.000319893
0.00246772
0.00035675
0.00244453
0.000392685
0.00242025
0.000427668
0.00239492
0.000461645
0.00236859
0.000494529
0.00234133
0.0005262
0.00231322
0.000556502
0.00228434
0.000585237
0.00225477
0.000612161
0.00222462
0.000636981
0.00219401
0.000659356
0.00216307
0.000678899
0.00213195
0.00069518
0.00210079
0.000707757
0.00206976
0.000716144
0.00203905
0.00071976
0.000719018
0.00264795
-0.000241235
0.00264193
-0.000174469
0.00263395
-0.000113646
0.00262422
-5.7665e-05
0.00261288
-5.3611e-06
0.00260005
4.39933e-05
0.00258579
9.10049e-05
0.00257016
0.000136107
0.00255322
0.000179633
0.00253501
0.000221817
0.00251555
0.000262826
0.00249489
0.000302774
0.00247305
0.000341731
0.00245008
0.000379726
0.002426
0.000416757
0.00240088
0.000452793
0.00237475
0.000487772
0.00234768
0.000521599
0.00231973
0.000554148
0.00229098
0.000585253
0.00226151
0.000614707
0.00223142
0.000642255
0.00220081
0.000667592
0.0021698
0.000690366
0.00213852
0.000710177
0.00210712
0.000726582
0.00207574
0.000739133
0.00204455
0.000747333
0.00201373
0.00075058
0.00074939
0.00264626
-0.000235748
0.00263862
-0.000166825
0.00262908
-0.000104106
0.00261785
-4.64383e-05
0.00260508
7.41179e-06
0.00259087
5.82065e-05
0.00257529
0.000106583
0.0025584
0.000152994
0.00254025
0.000197783
0.00252088
0.000241191
0.00250031
0.000283392
0.00247858
0.000324501
0.00245573
0.000364584
0.00243179
0.00040367
0.00240679
0.000441752
0.00238079
0.000478792
0.00235384
0.000514722
0.002326
0.000549442
0.00229733
0.000582815
0.00226792
0.000614667
0.00223784
0.000644781
0.00220721
0.000672892
0.00217612
0.000698684
0.00214469
0.000721793
0.00211306
0.000741808
0.00208136
0.000758275
0.00204976
0.000770736
0.0020184
0.00077869
0.00198747
0.000781512
0.000779824
0.00264452
-0.000228514
0.00263519
-0.000157497
0.00262403
-9.29502e-05
0.00261126
-3.36613e-05
0.002597
2.16701e-05
0.00258136
7.38433e-05
0.00256442
0.000123526
0.00254622
0.000171187
0.00252682
0.000217184
0.00250625
0.000261765
0.00248453
0.000305108
0.00246171
0.000347328
0.0024378
0.000388489
0.00241285
0.000428617
0.0023869
0.000467701
0.00236
0.000505696
0.0023322
0.000542527
0.00230355
0.000578085
0.00227414
0.000612227
0.00224404
0.000644768
0.00221334
0.000675481
0.00218214
0.000704092
0.00215055
0.000730274
0.00211869
0.000753652
0.00208669
0.000773804
0.0020547
0.000790267
0.00202286
0.000802576
0.00199133
0.000810224
0.00196028
0.000812562
0.000810328
0.00264271
-0.000219474
0.00263164
-0.00014643
0.00261882
-8.01232e-05
0.00260444
-1.92826e-05
0.00258864
3.74633e-05
0.00257154
9.09504e-05
0.00255319
0.000141877
0.00253364
0.00019073
0.00251295
0.000237879
0.00249113
0.000283579
0.00246823
0.000328012
0.00244427
0.000371291
0.00241927
0.000413481
0.00239329
0.000454602
0.00236635
0.000494638
0.00233851
0.000533537
0.00230982
0.000571216
0.00228035
0.000607558
0.00225017
0.000642411
0.00221935
0.00067558
0.00218801
0.00070683
0.00215622
0.000735875
0.00212412
0.000762379
0.00209181
0.000785957
0.00205944
0.000806178
0.00202714
0.000822571
0.00199505
0.000834663
0.00196333
0.000841944
0.00193215
0.000843739
0.000840908
0.00264084
-0.000208567
0.00262798
-0.000133566
0.00261343
-6.55723e-05
0.0025974
-3.25162e-06
0.00258002
5.48394e-05
0.0025614
0.000109574
0.00254159
0.000161681
0.00252066
0.000211665
0.00249863
0.000259908
0.00247554
0.000306671
0.00245141
0.00035214
0.00242627
0.000396427
0.00240016
0.000439595
0.0023731
0.000481658
0.00234515
0.000522594
0.00231634
0.000562345
0.00228674
0.000600818
0.00225641
0.000637889
0.00222543
0.000673393
0.00219388
0.000707129
0.00216186
0.00073885
0.00212947
0.00076826
0.00209683
0.000795016
0.00206407
0.000818724
0.0020313
0.000838943
0.00199868
0.000855196
0.00196634
0.000867005
0.00193442
0.000873859
0.00190311
0.000875052
0.000871574
0.00263892
-0.000195735
0.0026242
-0.000118851
0.00260788
-4.9245e-05
0.00259014
1.4481e-05
0.00257114
7.38457e-05
0.00255095
0.000129759
0.00252965
0.000182981
0.00250728
0.000234034
0.00248388
0.00028331
0.00245947
0.00033108
0.00243408
0.000377529
0.00240774
0.000422771
0.00238047
0.000466864
0.00235231
0.000509818
0.0023233
0.000551602
0.00229349
0.000592151
0.00226295
0.000631364
0.00223173
0.000669105
0.00219993
0.000705201
0.00216762
0.000739439
0.0021349
0.000771563
0.00210189
0.00080127
0.0020687
0.000828204
0.00203546
0.000851966
0.00200229
0.000872111
0.00196934
0.000888153
0.00193673
0.000899613
0.00190461
0.000905978
0.00187315
0.000906511
0.000902333
0.00263693
-0.00018092
0.00262031
-0.000102229
0.00260216
-3.10903e-05
0.00258268
3.39641e-05
0.00256199
9.45286e-05
0.0025402
0.000151549
0.00251736
0.000205819
0.00249352
0.000257875
0.00246871
0.000308125
0.00244294
0.000356843
0.00241626
0.000404217
0.00238867
0.000450359
0.00236021
0.000495323
0.00233091
0.000539114
0.00230082
0.000581694
0.00226999
0.000622987
0.00223847
0.000662883
0.00220634
0.000701236
0.00217368
0.000737861
0.00214058
0.000772537
0.00210715
0.000804995
0.00207349
0.000834924
0.00203974
0.000861962
0.002006
0.000885702
0.00197242
0.000905696
0.00193912
0.000921454
0.00190623
0.000932497
0.0018739
0.000938311
0.00184228
0.000938126
0.000933196
0.00263489
-0.000164064
0.00261631
-8.36484e-05
0.00259628
-1.10579e-05
0.002575
5.52455e-05
0.0025526
0.000116933
0.00252916
0.000174989
0.00250474
0.000230236
0.00247938
0.000283231
0.00245312
0.00033439
0.00242597
0.000383996
0.00239794
0.000432237
0.00236908
0.000479224
0.0023394
0.000525006
0.00230893
0.00056958
0.00227772
0.000612901
0.00224583
0.000654884
0.0022133
0.000695406
0.00218023
0.00073431
0.00214669
0.000771403
0.00211278
0.000806448
0.0020786
0.000839169
0.00204428
0.000869245
0.00200993
0.000896308
0.00197569
0.000919946
0.00194168
0.00093971
0.00190802
0.000955108
0.00187485
0.000965664
0.0018423
0.000970866
0.00181052
0.000969905
0.00096417
0.0026328
-0.000145114
0.00261221
-6.30557e-05
0.00259025
1.09013e-05
0.00256712
7.83717e-05
0.00254295
0.000141104
0.00251782
0.000200119
0.00249178
0.000256273
0.00246488
0.000310138
0.00243712
0.000362143
0.00240854
0.000412576
0.00237915
0.000461625
0.00234898
0.0005094
0.00231804
0.000555944
0.00228637
0.000601248
0.00225402
0.000645256
0.00222103
0.000687872
0.00218747
0.000728963
0.00215342
0.00076836
0.00211897
0.000805855
0.00208422
0.000841202
0.00204927
0.000874113
0.00201426
0.000904259
0.0019793
0.000931265
0.00194453
0.000954718
0.00191007
0.000974166
0.00187606
0.000989126
0.0018426
0.000999122
0.00180982
0.00100365
0.00177786
0.00100186
0.000995266
0.00263065
-0.000124012
0.00260799
-4.04005e-05
0.00258406
3.48353e-05
0.00255904
0.000103388
0.00253306
0.000167085
0.0025062
0.000226983
0.0024785
0.000283969
0.00245001
0.000338635
0.00242073
0.000391421
0.00239069
0.000442617
0.0023599
0.000492415
0.00232838
0.000540921
0.00229615
0.000588171
0.00226325
0.000634149
0.00222971
0.000678789
0.0021956
0.000721983
0.00216098
0.000763586
0.00212593
0.000803414
0.00209053
0.000841247
0.00205491
0.000876828
0.00201916
0.000909856
0.00198343
0.000939992
0.00194784
0.000966857
0.00191252
0.000990035
0.00187761
0.00100908
0.00184322
0.00102351
0.00180947
0.00103288
0.00177645
0.00103666
0.00174432
0.00103399
0.00102649
0.00262845
-0.000100707
0.00260368
-1.56328e-05
0.00257772
6.0791e-05
0.00255077
0.00013034
0.00252294
0.000194917
0.0024943
0.000255619
0.00246491
0.000313364
0.00243478
0.00036876
0.00240395
0.000422258
0.00237241
0.000474154
0.00234018
0.00052464
0.00230729
0.000573818
0.00227374
0.000621719
0.00223957
0.000668316
0.00220483
0.000713533
0.00216956
0.000757249
0.00213384
0.000799306
0.00209775
0.000839505
0.00206138
0.000877613
0.00202485
0.000913358
0.00198828
0.000946427
0.0019518
0.000976472
0.00191555
0.00100311
0.00187966
0.00102592
0.00184428
0.00104447
0.00180951
0.00105828
0.00177546
0.00106692
0.00174222
0.0010699
0.00170991
0.0010663
0.00105784
0.00262619
-7.51468e-05
0.00259926
1.12956e-05
0.00257124
8.88141e-05
0.00254231
0.00015927
0.00251258
0.000224643
0.00248213
0.000286067
0.002451
0.000344493
0.00241922
0.000400546
0.00238679
0.000454689
0.00235372
0.00050722
0.00232003
0.000558333
0.00228572
0.000608124
0.00225082
0.000656619
0.00221536
0.000703779
0.00217937
0.000749518
0.00214292
0.000793701
0.00210607
0.000836154
0.00206891
0.000876666
0.00203154
0.000914985
0.00199407
0.000950824
0.00195664
0.00098386
0.00191938
0.00101373
0.00188244
0.00104005
0.00184596
0.0010624
0.00181009
0.00108034
0.00177494
0.00109343
0.0017406
0.00110126
0.00170715
0.00110335
0.00167467
0.00109878
0.00108934
0.00262388
-4.72798e-05
0.00259475
4.04322e-05
0.00256461
0.00011895
0.00253366
0.000190221
0.002502
0.000256302
0.0024697
0.000318366
0.0024368
0.000377395
0.00240331
0.000434031
0.00236926
0.000488748
0.00233463
0.000541849
0.00229943
0.000593526
0.00226369
0.000643871
0.0022274
0.000692902
0.00219061
0.00074057
0.00215336
0.000786776
0.00211568
0.000831371
0.00207767
0.000874165
0.00203941
0.00091493
0.002001
0.000953397
0.00196256
0.000989264
0.00192423
0.00102219
0.00188615
0.00105181
0.00184849
0.00107771
0.0018114
0.00109949
0.00177502
0.00111672
0.00173949
0.00112897
0.00170489
0.00113586
0.00167127
0.00113697
0.00163864
0.00113141
0.00112101
0.00262153
-1.70574e-05
0.00259014
7.18229e-05
0.00255784
0.000151241
0.00252483
0.000223236
0.0024912
0.000289936
0.00245701
0.000352555
0.0024223
0.000412107
0.00238708
0.000469252
0.00235135
0.000524472
0.00231512
0.000578076
0.0022784
0.000630254
0.00224117
0.000681095
0.00220347
0.000730606
0.00216531
0.000778729
0.00212673
0.000825349
0.0020878
0.000870304
0.00204858
0.000913385
0.00200917
0.000954347
0.00196966
0.000992902
0.0019302
0.00102873
0.00189091
0.00106147
0.00185197
0.00109075
0.00181354
0.00111614
0.00177579
0.00113724
0.00173889
0.00115362
0.00170298
0.00116488
0.00166815
0.00117069
0.00163442
0.0011707
0.00160172
0.00116411
0.00115277
0.00261913
1.5567e-05
0.00258544
0.000105512
0.00255095
0.000185732
0.00251583
0.000258354
0.00248018
0.000325582
0.00244407
0.00038867
0.00240751
0.000448664
0.00237052
0.00050624
0.0023331
0.000561892
0.00229524
0.000615933
0.00225695
0.000668551
0.00221821
0.000719829
0.00217905
0.000769766
0.00213949
0.000818291
0.00209957
0.000865276
0.00205933
0.000910541
0.00201885
0.00095386
0.00197823
0.000994967
0.00193758
0.00103355
0.00189703
0.00106928
0.00185673
0.00110177
0.00181685
0.00113062
0.00177758
0.00115541
0.00173912
0.00117571
0.00170164
0.00119109
0.00166533
0.00120119
0.00163032
0.0012057
0.00159662
0.0012044
0.00156389
0.00119685
0.00118431
0.00261668
0.00258065
0.00254393
0.00250668
0.00246899
0.00243093
0.00239252
0.00235375
0.00231464
0.00227515
0.0022353
0.00219508
0.00215449
0.00211356
0.00207232
0.00203082
0.00198914
0.00194737
0.00190561
0.00186402
0.00182274
0.00178195
0.00174186
0.00170268
0.00166462
0.00162793
0.00159283
0.00155949
0.0015275
)
;

boundaryField
{
    inlet
    {
        type            calculated;
        value           nonuniform List<scalar> 
53
(
-0.0022578
-0.00231148
-0.00236643
-0.00242269
-0.00248029
-0.00253926
-0.00259963
-0.00266144
-0.00272471
-0.00278949
-0.00285581
-0.0029237
-0.00299321
-0.00265175
-0.00265175
-0.00265175
-0.00265175
-0.00265175
-0.00265175
-0.00265175
-0.00265175
-0.00265175
-0.00265175
-0.00265175
-0.00265175
-0.00265175
-0.00265175
-0.00265175
-0.00265175
-0.00265175
-0.00265175
-0.00265175
-0.00265175
-0.00265175
-0.00265175
-0.00265175
-0.00265175
-0.00265175
-0.00265175
-0.00265175
-0.00265175
-0.00265175
-0.00265175
-0.00265175
-0.00265175
-0.00265175
-0.00265175
-0.00265175
-0.00265175
-0.00265175
-0.00265175
-0.00265175
-0.00265175
)
;
    }
    outlet
    {
        type            calculated;
        value           nonuniform 0();
    }
    cylinder
    {
        type            calculated;
        value           uniform 0;
    }
    top
    {
        type            symmetryPlane;
        value           nonuniform 0();
    }
    bottom
    {
        type            symmetryPlane;
        value           nonuniform 0();
    }
    defaultFaces
    {
        type            empty;
        value           nonuniform 0();
    }
    procBoundary8to4
    {
        type            processor;
        value           nonuniform List<scalar> 
51
(
-1.32512e-05
-3.49649e-05
-5.36625e-05
-6.96319e-05
-8.32194e-05
-9.4721e-05
-0.000104433
0.000453883
-3.70606e-12
-4.55141e-12
-5.63201e-12
-6.88832e-12
-8.26859e-12
-9.71731e-12
-1.11821e-11
-1.26008e-11
-1.39293e-11
-1.51119e-11
-1.61129e-11
-1.68983e-11
-1.74449e-11
-1.08387e-12
-2.86234e-12
-4.54448e-12
-6.10418e-12
-7.54406e-12
-8.80273e-12
-9.99068e-12
-1.09541e-11
-1.17861e-11
-1.24759e-11
-1.30472e-11
-1.34824e-11
-1.37992e-11
-1.40078e-11
-1.41186e-11
-1.41409e-11
-1.40809e-11
-1.39506e-11
-1.37538e-11
-1.34968e-11
-1.31922e-11
-1.28399e-11
-1.24549e-11
-1.20398e-11
-1.16098e-11
-1.11687e-11
-1.07312e-11
-1.03042e-11
-9.89597e-12
-9.51833e-12
)
;
    }
    procBoundary8to9
    {
        type            processor;
        value           nonuniform List<scalar> 
69
(
0.00833202
0.000321302
0.00801093
0.000311521
0.00769289
0.00029809
0.00737757
0.000281569
0.00706407
0.000262581
0.00675074
0.000241752
0.00643514
0.000219666
0.000251304
0.00605972
0.00022501
0.00573308
0.000198515
0.000223134
0.00534313
0.000193575
0.000214781
0.00494139
0.000182749
0.000200684
0.00452477
0.000166789
0.00018161
0.00409016
0.000146525
0.000158409
0.00363463
0.000122913
0.000132067
0.00014113
0.00311147
0.000105096
0.000111676
0.000118179
0.00256832
8.0553e-05
8.49156e-05
8.92171e-05
9.34524e-05
0.00196837
5.62319e-05
5.87291e-05
6.11809e-05
6.35844e-05
6.59364e-05
0.00133369
3.16011e-05
3.26984e-05
3.37676e-05
3.48073e-05
3.58161e-05
3.67927e-05
0.000710998
1.0214e-05
1.04756e-05
1.0727e-05
1.0968e-05
1.11983e-05
1.14176e-05
1.16255e-05
1.18218e-05
1.20063e-05
0.000167154
)
;
    }
    procBoundary8to12
    {
        type            processor;
        value           nonuniform List<scalar> 
65
(
-0.000384749
-0.000442106
-0.000499043
-0.000616607
0.00230093
-0.00056082
0.0023466
-0.000676461
-0.000788613
0.00239971
-0.000734958
-0.000896873
0.00245185
-0.000844716
0.00250851
-0.000950306
-0.00105134
0.00257123
-0.00100185
0.00263714
-0.00109977
-0.00119257
0.00270743
-0.00114604
0.00278369
-0.00123542
-0.00131937
0.00286204
-0.00127598
0.00294905
-0.00135646
-0.00143107
0.00303562
-0.00139097
0.00111694
0.00112142
0.00112125
0.00111614
0.00110568
0.00108928
0.00106611
0.00103475
5.72965e-05
0.000160257
0.000251358
0.000332873
0.000407261
0.000475875
0.000539849
0.00059988
0.000656463
0.000709884
0.000760302
0.000807764
0.000852244
0.000893657
0.000931883
0.000966779
0.000998193
0.00102597
0.00104996
0.00107004
0.00108607
0.00301426
0.00109796
)
;
    }
}


// ************************************************************************* //
