/*--------------------------------*- C++ -*----------------------------------*\
  =========                 |
  \\      /  F ield         | OpenFOAM: The Open Source CFD Toolbox
   \\    /   O peration     | Website:  https://openfoam.org
    \\  /    A nd           | Version:  7
     \\/     M anipulation  |
\*---------------------------------------------------------------------------*/
FoamFile
{
    version     2.0;
    format      ascii;
    class       volVectorField;
    location    "20";
    object      U;
}
// * * * * * * * * * * * * * * * * * * * * * * * * * * * * * * * * * * * * * //

dimensions      [0 1 -1 0 0 0 0];

internalField   nonuniform List<vector> 
2625
(
(1.2337 0.000199518 0)
(1.23239 0.000198624 0)
(1.23107 0.00019769 0)
(1.22974 0.000196726 0)
(1.22839 0.000195743 0)
(1.22704 0.000194752 0)
(1.22567 0.00019376 0)
(1.22429 0.000192776 0)
(1.2229 0.000191808 0)
(1.22149 0.000190863 0)
(1.22007 0.000189948 0)
(1.21864 0.000189069 0)
(1.2172 0.000188232 0)
(1.21574 0.000187442 0)
(1.21426 0.000186704 0)
(1.21278 0.000186024 0)
(1.21127 0.000185405 0)
(1.20975 0.000184853 0)
(1.20821 0.000184372 0)
(1.20666 0.000183965 0)
(1.20508 0.000183639 0)
(1.20349 0.000183396 0)
(1.20187 0.000183242 0)
(1.20024 0.000183182 0)
(1.19858 0.000183222 0)
(1.19689 0.000183365 0)
(1.19519 0.000183623 0)
(1.19345 0.000183993 0)
(1.19168 0.000184497 0)
(1.18989 0.000185121 0)
(1.18806 0.000185907 0)
(1.1862 0.000186814 0)
(1.1843 0.000187928 0)
(1.18237 0.000189145 0)
(1.18038 0.00019065 0)
(1.17837 0.000192192 0)
(1.17629 0.000194176 0)
(1.17418 0.000196028 0)
(1.17199 0.000198629 0)
(1.16979 0.000200708 0)
(1.16745 0.000204152 0)
(1.16516 0.000206233 0)
(1.16262 0.000210912 0)
(1.16028 0.0002125 0)
(1.15745 0.000219112 0)
(1.15515 0.000219218 0)
(1.15185 0.000228976 0)
(1.14981 0.000225829 0)
(1.14567 0.00024051 0)
(1.1444 0.000231522 0)
(1.13862 0.000248227 0)
(1.23365 0.000596463 0)
(1.23234 0.000593786 0)
(1.23102 0.000590988 0)
(1.22968 0.000588103 0)
(1.22834 0.000585162 0)
(1.22698 0.000582193 0)
(1.22561 0.000579224 0)
(1.22423 0.000576278 0)
(1.22284 0.000573381 0)
(1.22143 0.000570552 0)
(1.22001 0.000567812 0)
(1.21858 0.00056518 0)
(1.21713 0.000562673 0)
(1.21567 0.000560307 0)
(1.2142 0.000558097 0)
(1.21271 0.000556058 0)
(1.2112 0.000554204 0)
(1.20968 0.000552548 0)
(1.20814 0.000551104 0)
(1.20658 0.000549883 0)
(1.20501 0.000548901 0)
(1.20341 0.00054817 0)
(1.2018 0.000547705 0)
(1.20016 0.000547518 0)
(1.1985 0.000547631 0)
(1.19681 0.000548053 0)
(1.1951 0.000548815 0)
(1.19337 0.000549917 0)
(1.1916 0.000551413 0)
(1.1898 0.000553276 0)
(1.18798 0.000555611 0)
(1.18611 0.000558324 0)
(1.18421 0.000561633 0)
(1.18228 0.000565283 0)
(1.1803 0.000569741 0)
(1.17828 0.000574389 0)
(1.1762 0.00058024 0)
(1.17409 0.000585877 0)
(1.1719 0.000593478 0)
(1.1697 0.000599928 0)
(1.16736 0.000609847 0)
(1.16507 0.000616597 0)
(1.16254 0.00062978 0)
(1.1602 0.000635673 0)
(1.15737 0.000653743 0)
(1.15507 0.000656494 0)
(1.15177 0.000682114 0)
(1.14973 0.000677793 0)
(1.14558 0.000714361 0)
(1.14431 0.000698004 0)
(1.13853 0.000737999 0)
(1.23355 0.000989469 0)
(1.23224 0.000985015 0)
(1.23092 0.000980361 0)
(1.22958 0.000975563 0)
(1.22823 0.000970671 0)
(1.22687 0.000965733 0)
(1.2255 0.000960794 0)
(1.22411 0.000955895 0)
(1.22272 0.000951074 0)
(1.22131 0.000946368 0)
(1.21989 0.000941809 0)
(1.21845 0.000937429 0)
(1.217 0.000933255 0)
(1.21554 0.000929315 0)
(1.21406 0.000925634 0)
(1.21257 0.000922236 0)
(1.21106 0.000919145 0)
(1.20954 0.000916381 0)
(1.208 0.000913967 0)
(1.20644 0.000911925 0)
(1.20486 0.000910278 0)
(1.20326 0.000909045 0)
(1.20164 0.000908254 0)
(1.2 0.000907925 0)
(1.19834 0.000908091 0)
(1.19665 0.000908771 0)
(1.19494 0.000910011 0)
(1.1932 0.000911818 0)
(1.19144 0.000914273 0)
(1.18964 0.000917345 0)
(1.18781 0.000921185 0)
(1.18595 0.000925674 0)
(1.18404 0.000931115 0)
(1.18211 0.000937175 0)
(1.18013 0.000944491 0)
(1.17811 0.000952249 0)
(1.17603 0.000961807 0)
(1.17392 0.000971302 0)
(1.17173 0.000983615 0)
(1.16953 0.000994674 0)
(1.16719 0.00101051 0)
(1.1649 0.00102253 0)
(1.16236 0.0010431 0)
(1.16002 0.00105469 0)
(1.1572 0.00108192 0)
(1.1549 0.00109036 0)
(1.1516 0.00112716 0)
(1.14956 0.0011281 0)
(1.14541 0.00117709 0)
(1.14415 0.00116661 0)
(1.13837 0.00121708 0)
(1.23341 0.00137901 0)
(1.2321 0.00137278 0)
(1.23077 0.00136627 0)
(1.22943 0.00135955 0)
(1.22807 0.00135271 0)
(1.22671 0.0013458 0)
(1.22533 0.00133889 0)
(1.22394 0.00133204 0)
(1.22254 0.00132529 0)
(1.22113 0.0013187 0)
(1.2197 0.00131232 0)
(1.21826 0.00130619 0)
(1.21681 0.00130034 0)
(1.21534 0.00129482 0)
(1.21386 0.00128966 0)
(1.21237 0.00128489 0)
(1.21086 0.00128055 0)
(1.20933 0.00127666 0)
(1.20778 0.00127326 0)
(1.20622 0.00127038 0)
(1.20464 0.00126805 0)
(1.20304 0.00126629 0)
(1.20142 0.00126515 0)
(1.19977 0.00126465 0)
(1.19811 0.00126484 0)
(1.19642 0.00126574 0)
(1.19471 0.00126742 0)
(1.19296 0.0012699 0)
(1.19119 0.00127327 0)
(1.1894 0.0012775 0)
(1.18756 0.0012828 0)
(1.1857 0.00128901 0)
(1.1838 0.00129652 0)
(1.18186 0.00130494 0)
(1.17987 0.00131503 0)
(1.17785 0.00132585 0)
(1.17577 0.00133901 0)
(1.17367 0.00135232 0)
(1.17147 0.0013692 0)
(1.16927 0.00138486 0)
(1.16693 0.00140639 0)
(1.16465 0.00142377 0)
(1.16211 0.00145133 0)
(1.15977 0.0014689 0)
(1.15694 0.00150459 0)
(1.15465 0.00151944 0)
(1.15135 0.00156607 0)
(1.14931 0.00157387 0)
(1.14517 0.00163274 0)
(1.14391 0.00163131 0)
(1.13814 0.00168887 0)
(1.23323 0.00176554 0)
(1.23191 0.00175751 0)
(1.23057 0.00174913 0)
(1.22923 0.00174049 0)
(1.22787 0.00173169 0)
(1.2265 0.0017228 0)
(1.22511 0.00171391 0)
(1.22372 0.00170509 0)
(1.22231 0.0016964 0)
(1.22089 0.00168792 0)
(1.21946 0.00167971 0)
(1.21802 0.0016718 0)
(1.21656 0.00166427 0)
(1.21509 0.00165715 0)
(1.2136 0.00165049 0)
(1.2121 0.00164433 0)
(1.21058 0.00163871 0)
(1.20905 0.00163368 0)
(1.2075 0.00162927 0)
(1.20594 0.00162552 0)
(1.20435 0.00162247 0)
(1.20275 0.00162016 0)
(1.20112 0.00161863 0)
(1.19947 0.00161792 0)
(1.19781 0.00161809 0)
(1.19611 0.00161917 0)
(1.19439 0.00162125 0)
(1.19265 0.00162434 0)
(1.19088 0.00162857 0)
(1.18908 0.00163392 0)
(1.18724 0.0016406 0)
(1.18537 0.00164848 0)
(1.18347 0.00165799 0)
(1.18153 0.00166869 0)
(1.17954 0.00168149 0)
(1.17752 0.00169528 0)
(1.17544 0.00171195 0)
(1.17333 0.001729 0)
(1.17114 0.00175032 0)
(1.16894 0.00177052 0)
(1.1666 0.00179757 0)
(1.16431 0.00182026 0)
(1.16178 0.00185458 0)
(1.15944 0.00187817 0)
(1.15661 0.00192195 0)
(1.15432 0.0019434 0)
(1.15102 0.00199925 0)
(1.14899 0.0020144 0)
(1.14485 0.00208221 0)
(1.14359 0.00209067 0)
(1.13783 0.00215411 0)
(1.233 0.00214945 0)
(1.23167 0.00213961 0)
(1.23033 0.00212934 0)
(1.22898 0.00211876 0)
(1.22761 0.00210798 0)
(1.22623 0.00209709 0)
(1.22484 0.0020862 0)
(1.22344 0.00207539 0)
(1.22203 0.00206475 0)
(1.2206 0.00205436 0)
(1.21917 0.00204428 0)
(1.21771 0.00203459 0)
(1.21625 0.00202534 0)
(1.21477 0.0020166 0)
(1.21328 0.00200841 0)
(1.21177 0.00200083 0)
(1.21025 0.00199392 0)
(1.20871 0.0019877 0)
(1.20716 0.00198225 0)
(1.20559 0.00197759 0)
(1.204 0.00197378 0)
(1.20239 0.00197087 0)
(1.20076 0.00196891 0)
(1.1991 0.00196794 0)
(1.19743 0.00196805 0)
(1.19573 0.00196926 0)
(1.19401 0.00197167 0)
(1.19226 0.00197532 0)
(1.19049 0.00198035 0)
(1.18868 0.00198674 0)
(1.18684 0.00199475 0)
(1.18497 0.00200421 0)
(1.18307 0.00201564 0)
(1.18113 0.00202855 0)
(1.17914 0.00204395 0)
(1.17712 0.00206064 0)
(1.17503 0.00208071 0)
(1.17292 0.00210141 0)
(1.17073 0.00212704 0)
(1.16853 0.00215169 0)
(1.16619 0.00218409 0)
(1.1639 0.00221206 0)
(1.16137 0.00225287 0)
(1.15903 0.00228253 0)
(1.15621 0.00233396 0)
(1.15392 0.00236227 0)
(1.15062 0.00242661 0)
(1.1486 0.00244978 0)
(1.14446 0.00252527 0)
(1.1432 0.0025449 0)
(1.13745 0.00261259 0)
(1.23273 0.00253113 0)
(1.23139 0.00251945 0)
(1.23004 0.00250727 0)
(1.22868 0.00249472 0)
(1.22731 0.00248193 0)
(1.22592 0.00246902 0)
(1.22452 0.0024561 0)
(1.22311 0.00244328 0)
(1.22169 0.00243066 0)
(1.22026 0.00241833 0)
(1.21881 0.00240636 0)
(1.21736 0.00239485 0)
(1.21588 0.00238386 0)
(1.2144 0.00237345 0)
(1.2129 0.0023637 0)
(1.21139 0.00235467 0)
(1.20986 0.00234641 0)
(1.20831 0.00233898 0)
(1.20675 0.00233243 0)
(1.20517 0.00232682 0)
(1.20358 0.00232221 0)
(1.20196 0.00231864 0)
(1.20032 0.0023162 0)
(1.19867 0.00231492 0)
(1.19699 0.00231489 0)
(1.19529 0.00231617 0)
(1.19356 0.00231886 0)
(1.19181 0.002323 0)
(1.19003 0.00232875 0)
(1.18822 0.00233611 0)
(1.18638 0.00234535 0)
(1.1845 0.00235633 0)
(1.18259 0.00236958 0)
(1.18065 0.00238461 0)
(1.17866 0.00240251 0)
(1.17663 0.00242201 0)
(1.17455 0.00244535 0)
(1.17244 0.00246961 0)
(1.17024 0.0024994 0)
(1.16804 0.00252843 0)
(1.1657 0.00256597 0)
(1.16342 0.00259919 0)
(1.16089 0.00264619 0)
(1.15855 0.002682 0)
(1.15573 0.00274061 0)
(1.15344 0.00277609 0)
(1.15015 0.00284808 0)
(1.14813 0.00288004 0)
(1.14399 0.0029618 0)
(1.14274 0.00299407 0)
(1.137 0.00306417 0)
(1.23242 0.00291092 0)
(1.23107 0.00289738 0)
(1.22971 0.00288325 0)
(1.22834 0.00286869 0)
(1.22695 0.00285386 0)
(1.22556 0.0028389 0)
(1.22415 0.00282392 0)
(1.22274 0.00280906 0)
(1.22131 0.00279442 0)
(1.21986 0.00278011 0)
(1.21841 0.00276622 0)
(1.21694 0.00275284 0)
(1.21546 0.00274007 0)
(1.21397 0.00272797 0)
(1.21246 0.00271661 0)
(1.21094 0.00270608 0)
(1.2094 0.00269642 0)
(1.20785 0.00268772 0)
(1.20628 0.00268003 0)
(1.2047 0.00267342 0)
(1.20309 0.00266794 0)
(1.20147 0.00266367 0)
(1.19983 0.00266068 0)
(1.19816 0.00265903 0)
(1.19648 0.0026588 0)
(1.19477 0.00266008 0)
(1.19304 0.00266297 0)
(1.19128 0.00266752 0)
(1.1895 0.00267392 0)
(1.18768 0.00268215 0)
(1.18584 0.00269255 0)
(1.18396 0.00270494 0)
(1.18205 0.00271993 0)
(1.1801 0.00273697 0)
(1.17811 0.00275727 0)
(1.17608 0.00277946 0)
(1.174 0.00280595 0)
(1.17189 0.00283367 0)
(1.16969 0.00286746 0)
(1.16749 0.00290079 0)
(1.16515 0.00294326 0)
(1.16286 0.00298168 0)
(1.16033 0.00303458 0)
(1.158 0.00307659 0)
(1.15518 0.0031419 0)
(1.1529 0.00318482 0)
(1.14961 0.00326367 0)
(1.14759 0.00330511 0)
(1.14346 0.00339181 0)
(1.14221 0.00343807 0)
(1.13649 0.00350884 0)
(1.23206 0.00328916 0)
(1.2307 0.0032737 0)
(1.22933 0.00325758 0)
(1.22795 0.00324098 0)
(1.22656 0.00322407 0)
(1.22515 0.00320701 0)
(1.22374 0.00318994 0)
(1.22231 0.00317299 0)
(1.22087 0.00315629 0)
(1.21942 0.00313996 0)
(1.21795 0.0031241 0)
(1.21648 0.00310882 0)
(1.21499 0.00309422 0)
(1.21348 0.00308037 0)
(1.21197 0.00306736 0)
(1.21044 0.00305527 0)
(1.20889 0.00304417 0)
(1.20733 0.00303415 0)
(1.20575 0.00302526 0)
(1.20416 0.00301757 0)
(1.20255 0.00301118 0)
(1.20092 0.00300613 0)
(1.19927 0.00300252 0)
(1.1976 0.00300042 0)
(1.19591 0.00299993 0)
(1.19419 0.00300112 0)
(1.19246 0.00300413 0)
(1.19069 0.00300901 0)
(1.1889 0.00301597 0)
(1.18708 0.003025 0)
(1.18523 0.00303645 0)
(1.18335 0.00305016 0)
(1.18143 0.00306676 0)
(1.17948 0.00308573 0)
(1.17749 0.00310829 0)
(1.17546 0.00313308 0)
(1.17337 0.00316258 0)
(1.17126 0.00319365 0)
(1.16906 0.00323127 0)
(1.16686 0.0032688 0)
(1.16452 0.00331599 0)
(1.16224 0.00335955 0)
(1.15971 0.00341804 0)
(1.15738 0.0034663 0)
(1.15457 0.00353784 0)
(1.15229 0.00358845 0)
(1.149 0.00367339 0)
(1.14699 0.00372495 0)
(1.14287 0.00381532 0)
(1.14162 0.00387679 0)
(1.13591 0.00394658 0)
(1.23166 0.00366611 0)
(1.23029 0.0036487 0)
(1.22891 0.00363055 0)
(1.22752 0.00361186 0)
(1.22611 0.00359283 0)
(1.2247 0.00357362 0)
(1.22327 0.0035544 0)
(1.22183 0.00353532 0)
(1.22038 0.00351651 0)
(1.21892 0.00349811 0)
(1.21744 0.00348024 0)
(1.21596 0.00346301 0)
(1.21446 0.00344652 0)
(1.21294 0.00343087 0)
(1.21142 0.00341615 0)
(1.20988 0.00340245 0)
(1.20832 0.00338985 0)
(1.20675 0.00337843 0)
(1.20516 0.00336828 0)
(1.20356 0.00335946 0)
(1.20194 0.00335207 0)
(1.2003 0.00334618 0)
(1.19865 0.00334188 0)
(1.19697 0.00333925 0)
(1.19527 0.00333841 0)
(1.19355 0.00333944 0)
(1.19181 0.00334247 0)
(1.19004 0.00334759 0)
(1.18824 0.00335501 0)
(1.18642 0.00336474 0)
(1.18456 0.00337714 0)
(1.18268 0.00339206 0)
(1.18076 0.00341018 0)
(1.1788 0.00343095 0)
(1.1768 0.00345566 0)
(1.17477 0.00348292 0)
(1.17268 0.00351528 0)
(1.17057 0.00354959 0)
(1.16837 0.00359087 0)
(1.16617 0.00363249 0)
(1.16383 0.00368419 0)
(1.16155 0.00373283 0)
(1.15902 0.00379661 0)
(1.1567 0.00385113 0)
(1.15388 0.00392845 0)
(1.15161 0.00398695 0)
(1.14833 0.00407724 0)
(1.14632 0.0041395 0)
(1.14221 0.00423233 0)
(1.14096 0.00431014 0)
(1.13527 0.00437739 0)
(1.23123 0.00404206 0)
(1.22984 0.00402263 0)
(1.22845 0.0040024 0)
(1.22704 0.00398157 0)
(1.22563 0.00396036 0)
(1.2242 0.00393896 0)
(1.22276 0.00391754 0)
(1.22131 0.00389628 0)
(1.21984 0.00387531 0)
(1.21837 0.00385479 0)
(1.21688 0.00383485 0)
(1.21538 0.0038156 0)
(1.21387 0.00379717 0)
(1.21235 0.00377966 0)
(1.21081 0.00376317 0)
(1.20926 0.00374779 0)
(1.2077 0.00373362 0)
(1.20612 0.00372075 0)
(1.20452 0.00370926 0)
(1.20291 0.00369924 0)
(1.20128 0.00369078 0)
(1.19963 0.00368396 0)
(1.19797 0.00367889 0)
(1.19628 0.00367565 0)
(1.19458 0.00367437 0)
(1.19285 0.00367514 0)
(1.1911 0.00367812 0)
(1.18932 0.00368338 0)
(1.18752 0.00369116 0)
(1.18569 0.00370147 0)
(1.18383 0.00371472 0)
(1.18194 0.00373075 0)
(1.18001 0.00375025 0)
(1.17806 0.00377271 0)
(1.17605 0.00379943 0)
(1.17402 0.00382904 0)
(1.17193 0.00386412 0)
(1.16981 0.00390154 0)
(1.16762 0.00394631 0)
(1.16541 0.0039919 0)
(1.16308 0.00404788 0)
(1.1608 0.00410152 0)
(1.15827 0.00417029 0)
(1.15595 0.00423107 0)
(1.15314 0.00431373 0)
(1.15087 0.00438032 0)
(1.14759 0.00447523 0)
(1.14559 0.00454873 0)
(1.14149 0.00464287 0)
(1.14025 0.00473804 0)
(1.13457 0.00480126 0)
(1.23075 0.00441724 0)
(1.22935 0.00439574 0)
(1.22794 0.00437336 0)
(1.22652 0.00435034 0)
(1.22509 0.0043269 0)
(1.22365 0.00430324 0)
(1.2222 0.00427957 0)
(1.22073 0.00425606 0)
(1.21926 0.00423288 0)
(1.21777 0.00421018 0)
(1.21627 0.0041881 0)
(1.21476 0.00416678 0)
(1.21324 0.00414635 0)
(1.2117 0.00412691 0)
(1.21015 0.00410858 0)
(1.20859 0.00409146 0)
(1.20702 0.00407565 0)
(1.20543 0.00406125 0)
(1.20382 0.00404835 0)
(1.2022 0.00403704 0)
(1.20056 0.00402743 0)
(1.1989 0.0040196 0)
(1.19723 0.00401367 0)
(1.19553 0.00400974 0)
(1.19382 0.00400793 0)
(1.19208 0.00400834 0)
(1.19033 0.00401116 0)
(1.18854 0.00401645 0)
(1.18673 0.00402449 0)
(1.1849 0.00403529 0)
(1.18303 0.00404926 0)
(1.18114 0.00406627 0)
(1.17921 0.00408705 0)
(1.17725 0.00411106 0)
(1.17524 0.00413967 0)
(1.17321 0.0041715 0)
(1.17111 0.00420914 0)
(1.169 0.00424954 0)
(1.1668 0.00429761 0)
(1.1646 0.00434706 0)
(1.16226 0.00440711 0)
(1.15998 0.00446564 0)
(1.15746 0.00453911 0)
(1.15514 0.00460615 0)
(1.15234 0.00469369 0)
(1.15007 0.00476853 0)
(1.1468 0.00486737 0)
(1.14481 0.00495259 0)
(1.14071 0.00504694 0)
(1.13948 0.00516044 0)
(1.13382 0.00521818 0)
(1.23023 0.00479187 0)
(1.22881 0.00476823 0)
(1.22739 0.00474364 0)
(1.22596 0.00471836 0)
(1.22451 0.00469262 0)
(1.22306 0.00466666 0)
(1.22159 0.00464067 0)
(1.22011 0.00461485 0)
(1.21862 0.00458939 0)
(1.21712 0.00456444 0)
(1.21561 0.00454017 0)
(1.21409 0.00451671 0)
(1.21255 0.0044942 0)
(1.21101 0.00447277 0)
(1.20945 0.00445252 0)
(1.20787 0.00443359 0)
(1.20628 0.00441606 0)
(1.20468 0.00440005 0)
(1.20306 0.00438566 0)
(1.20143 0.00437299 0)
(1.19978 0.00436214 0)
(1.19812 0.00435321 0)
(1.19643 0.00434634 0)
(1.19473 0.00434161 0)
(1.19301 0.00433917 0)
(1.19126 0.00433913 0)
(1.1895 0.00434168 0)
(1.18771 0.00434691 0)
(1.18589 0.00435509 0)
(1.18405 0.00436626 0)
(1.18218 0.00438084 0)
(1.18028 0.00439872 0)
(1.17834 0.00442063 0)
(1.17638 0.00444607 0)
(1.17437 0.00447641 0)
(1.17233 0.00451033 0)
(1.17024 0.00455038 0)
(1.16812 0.00459362 0)
(1.16592 0.00464482 0)
(1.16372 0.004698 0)
(1.16138 0.00476188 0)
(1.15911 0.00482522 0)
(1.15659 0.00490308 0)
(1.15427 0.00497635 0)
(1.15147 0.00506835 0)
(1.14921 0.00515157 0)
(1.14595 0.00525366 0)
(1.14396 0.00535106 0)
(1.13988 0.00544455 0)
(1.13865 0.00557726 0)
(1.13301 0.00562815 0)
(1.22966 0.00516612 0)
(1.22824 0.00514028 0)
(1.2268 0.00511341 0)
(1.22535 0.00508581 0)
(1.22389 0.00505771 0)
(1.22242 0.00502936 0)
(1.22094 0.00500099 0)
(1.21945 0.00497281 0)
(1.21794 0.00494499 0)
(1.21643 0.00491773 0)
(1.2149 0.00489119 0)
(1.21337 0.00486552 0)
(1.21182 0.00484087 0)
(1.21026 0.00481736 0)
(1.20868 0.00479513 0)
(1.2071 0.0047743 0)
(1.2055 0.00475498 0)
(1.20388 0.00473728 0)
(1.20226 0.00472131 0)
(1.20061 0.00470718 0)
(1.19895 0.00469501 0)
(1.19728 0.00468489 0)
(1.19558 0.00467697 0)
(1.19387 0.00467135 0)
(1.19214 0.00466818 0)
(1.19038 0.00466759 0)
(1.18861 0.00466976 0)
(1.18681 0.00467481 0)
(1.18499 0.00468302 0)
(1.18314 0.00469444 0)
(1.18126 0.00470951 0)
(1.17936 0.00472812 0)
(1.17742 0.00475104 0)
(1.17545 0.00477779 0)
(1.17344 0.00480971 0)
(1.1714 0.00484558 0)
(1.1693 0.00488787 0)
(1.16718 0.00493381 0)
(1.16498 0.00498795 0)
(1.16278 0.00504472 0)
(1.16045 0.00511221 0)
(1.15818 0.00518026 0)
(1.15566 0.00526222 0)
(1.15335 0.00534169 0)
(1.15055 0.00543772 0)
(1.1483 0.00552944 0)
(1.14504 0.00563412 0)
(1.14306 0.00574411 0)
(1.13899 0.00583572 0)
(1.13776 0.00598847 0)
(1.13216 0.00603118 0)
(1.22906 0.00554018 0)
(1.22762 0.00551205 0)
(1.22616 0.00548284 0)
(1.2247 0.00545284 0)
(1.22322 0.00542231 0)
(1.22174 0.00539151 0)
(1.22024 0.00536069 0)
(1.21873 0.00533006 0)
(1.21722 0.00529983 0)
(1.21569 0.00527018 0)
(1.21415 0.00524129 0)
(1.2126 0.00521334 0)
(1.21103 0.00518646 0)
(1.20946 0.00516081 0)
(1.20787 0.00513651 0)
(1.20627 0.0051137 0)
(1.20466 0.0050925 0)
(1.20303 0.00507302 0)
(1.20139 0.00505539 0)
(1.19974 0.00503972 0)
(1.19807 0.00502612 0)
(1.19638 0.00501472 0)
(1.19468 0.00500566 0)
(1.19295 0.00499904 0)
(1.19121 0.00499504 0)
(1.18945 0.00499378 0)
(1.18767 0.00499547 0)
(1.18586 0.00500023 0)
(1.18403 0.00500835 0)
(1.18218 0.00501989 0)
(1.18029 0.00503531 0)
(1.17838 0.00505454 0)
(1.17644 0.00507832 0)
(1.17447 0.00510624 0)
(1.17245 0.00513961 0)
(1.17041 0.00517728 0)
(1.16831 0.00522165 0)
(1.16619 0.00527014 0)
(1.16399 0.00532703 0)
(1.16179 0.00538726 0)
(1.15946 0.00545813 0)
(1.15719 0.00553077 0)
(1.15467 0.00561653 0)
(1.15237 0.00570216 0)
(1.14958 0.00580179 0)
(1.14733 0.00590213 0)
(1.14408 0.00600876 0)
(1.14211 0.0061317 0)
(1.13805 0.00622046 0)
(1.13683 0.006394 0)
(1.13125 0.00642728 0)
(1.22842 0.00591417 0)
(1.22696 0.00588369 0)
(1.22549 0.00585206 0)
(1.22401 0.00581958 0)
(1.22251 0.00578654 0)
(1.22101 0.00575323 0)
(1.2195 0.00571987 0)
(1.21798 0.00568673 0)
(1.21644 0.005654 0)
(1.2149 0.00562189 0)
(1.21334 0.00559058 0)
(1.21178 0.00556026 0)
(1.2102 0.00553109 0)
(1.20861 0.0055032 0)
(1.20701 0.00547676 0)
(1.2054 0.00545188 0)
(1.20377 0.00542871 0)
(1.20213 0.00540737 0)
(1.20048 0.00538798 0)
(1.19881 0.00537067 0)
(1.19713 0.00535555 0)
(1.19543 0.00534277 0)
(1.19372 0.00533246 0)
(1.19199 0.00532474 0)
(1.19023 0.0053198 0)
(1.18846 0.00531777 0)
(1.18667 0.00531886 0)
(1.18486 0.0053232 0)
(1.18302 0.00533111 0)
(1.18116 0.00534265 0)
(1.17927 0.00535831 0)
(1.17735 0.00537801 0)
(1.1754 0.00540252 0)
(1.17343 0.00543146 0)
(1.17141 0.00546612 0)
(1.16936 0.00550546 0)
(1.16726 0.00555174 0)
(1.16514 0.00560264 0)
(1.16294 0.00566209 0)
(1.16074 0.00572563 0)
(1.15841 0.00579966 0)
(1.15615 0.00587676 0)
(1.15363 0.00596603 0)
(1.15133 0.00605776 0)
(1.14855 0.00616059 0)
(1.14631 0.00626962 0)
(1.14307 0.00637759 0)
(1.14111 0.00651382 0)
(1.13706 0.00659879 0)
(1.13585 0.00679382 0)
(1.13029 0.00681645 0)
(1.22773 0.00628824 0)
(1.22625 0.00625532 0)
(1.22477 0.00622118 0)
(1.22327 0.00618615 0)
(1.22176 0.00615053 0)
(1.22024 0.00611461 0)
(1.21871 0.00607865 0)
(1.21717 0.00604291 0)
(1.21562 0.0060076 0)
(1.21406 0.00597295 0)
(1.21249 0.00593915 0)
(1.21091 0.00590638 0)
(1.20932 0.00587482 0)
(1.20772 0.00584462 0)
(1.2061 0.00581594 0)
(1.20447 0.00578892 0)
(1.20284 0.00576369 0)
(1.20118 0.00574039 0)
(1.19952 0.00571915 0)
(1.19784 0.00570009 0)
(1.19614 0.00568337 0)
(1.19443 0.0056691 0)
(1.19271 0.00565743 0)
(1.19097 0.00564851 0)
(1.1892 0.00564252 0)
(1.18742 0.00563959 0)
(1.18562 0.00563996 0)
(1.1838 0.00564378 0)
(1.18196 0.00565135 0)
(1.18009 0.00566277 0)
(1.17819 0.00567852 0)
(1.17627 0.00569856 0)
(1.17432 0.00572366 0)
(1.17234 0.00575348 0)
(1.17031 0.00578928 0)
(1.16827 0.00583013 0)
(1.16616 0.00587815 0)
(1.16404 0.00593131 0)
(1.16184 0.00599312 0)
(1.15965 0.00605983 0)
(1.15732 0.00613679 0)
(1.15505 0.00621824 0)
(1.15255 0.00631073 0)
(1.15025 0.00640849 0)
(1.14747 0.00651412 0)
(1.14524 0.0066319 0)
(1.14201 0.00674061 0)
(1.14006 0.00689045 0)
(1.13603 0.00697073 0)
(1.13481 0.00718789 0)
(1.12929 0.0071987 0)
(1.227 0.00666247 0)
(1.22551 0.00662703 0)
(1.224 0.00659031 0)
(1.22249 0.00655264 0)
(1.22096 0.00651435 0)
(1.21942 0.00647575 0)
(1.21788 0.00643711 0)
(1.21632 0.00639868 0)
(1.21476 0.00636072 0)
(1.21318 0.00632345 0)
(1.21159 0.00628707 0)
(1.21 0.00625177 0)
(1.20839 0.00621774 0)
(1.20677 0.00618514 0)
(1.20514 0.00615413 0)
(1.2035 0.00612486 0)
(1.20185 0.00609748 0)
(1.20018 0.00607213 0)
(1.19851 0.00604894 0)
(1.19681 0.00602805 0)
(1.19511 0.00600961 0)
(1.19339 0.00599374 0)
(1.19165 0.00598062 0)
(1.18989 0.00597038 0)
(1.18812 0.00596322 0)
(1.18633 0.00595929 0)
(1.18452 0.00595883 0)
(1.18269 0.00596199 0)
(1.18084 0.00596909 0)
(1.17896 0.00598026 0)
(1.17706 0.00599597 0)
(1.17514 0.00601622 0)
(1.17318 0.00604176 0)
(1.17119 0.00607232 0)
(1.16917 0.0061091 0)
(1.16712 0.00615131 0)
(1.16501 0.00620091 0)
(1.16289 0.00625617 0)
(1.16069 0.00632016 0)
(1.1585 0.00638989 0)
(1.15617 0.00646954 0)
(1.15391 0.00655522 0)
(1.15141 0.00665063 0)
(1.14912 0.00675436 0)
(1.14635 0.00686239 0)
(1.14412 0.00698898 0)
(1.14091 0.00709785 0)
(1.13896 0.00726156 0)
(1.13495 0.00733629 0)
(1.13374 0.00757618 0)
(1.12824 0.00757406 0)
(1.22624 0.00703696 0)
(1.22472 0.00699892 0)
(1.2232 0.00695952 0)
(1.22166 0.00691913 0)
(1.22012 0.00687809 0)
(1.21857 0.00683672 0)
(1.217 0.0067953 0)
(1.21543 0.00675412 0)
(1.21385 0.00671342 0)
(1.21225 0.00667343 0)
(1.21065 0.00663438 0)
(1.20904 0.00659647 0)
(1.20742 0.00655988 0)
(1.20578 0.00652479 0)
(1.20414 0.00649137 0)
(1.20248 0.00645977 0)
(1.20081 0.00643014 0)
(1.19914 0.00640264 0)
(1.19744 0.0063774 0)
(1.19574 0.00635457 0)
(1.19402 0.0063343 0)
(1.19229 0.00631674 0)
(1.19054 0.00630205 0)
(1.18877 0.00629039 0)
(1.18699 0.00628195 0)
(1.18519 0.00627689 0)
(1.18337 0.00627547 0)
(1.18154 0.00627785 0)
(1.17967 0.00628436 0)
(1.17779 0.00629515 0)
(1.17588 0.00631068 0)
(1.17395 0.00633101 0)
(1.17199 0.00635684 0)
(1.17 0.006388 0)
(1.16797 0.00642561 0)
(1.16592 0.00646903 0)
(1.16381 0.00652002 0)
(1.16169 0.00657723 0)
(1.15949 0.00664321 0)
(1.1573 0.0067158 0)
(1.15498 0.00679793 0)
(1.15272 0.00688769 0)
(1.15022 0.00698575 0)
(1.14794 0.00709537 0)
(1.14518 0.00720541 0)
(1.14296 0.00734084 0)
(1.13976 0.00744931 0)
(1.13781 0.00762715 0)
(1.13382 0.0076955 0)
(1.13262 0.00795866 0)
(1.12715 0.00794253 0)
(1.22543 0.00741178 0)
(1.22389 0.00737103 0)
(1.22235 0.00732887 0)
(1.2208 0.00728567 0)
(1.21923 0.00724179 0)
(1.21766 0.00719757 0)
(1.21608 0.0071533 0)
(1.21449 0.00710927 0)
(1.21289 0.00706574 0)
(1.21128 0.00702296 0)
(1.20966 0.00698115 0)
(1.20803 0.00694053 0)
(1.20639 0.00690129 0)
(1.20474 0.00686362 0)
(1.20308 0.00682769 0)
(1.20141 0.00679366 0)
(1.19973 0.00676169 0)
(1.19804 0.00673194 0)
(1.19633 0.00670455 0)
(1.19462 0.00667969 0)
(1.19289 0.00665749 0)
(1.19114 0.00663812 0)
(1.18938 0.00662175 0)
(1.1876 0.00660855 0)
(1.18581 0.00659871 0)
(1.184 0.00659241 0)
(1.18218 0.00658991 0)
(1.18033 0.00659139 0)
(1.17846 0.00659718 0)
(1.17657 0.00660745 0)
(1.17466 0.00662267 0)
(1.17272 0.00664293 0)
(1.17075 0.00666891 0)
(1.16876 0.00670052 0)
(1.16673 0.00673879 0)
(1.16467 0.00678328 0)
(1.16257 0.0068355 0)
(1.16044 0.0068945 0)
(1.15825 0.00696227 0)
(1.15606 0.00703757 0)
(1.15373 0.00712195 0)
(1.15148 0.00721567 0)
(1.14899 0.0073161 0)
(1.14671 0.00743151 0)
(1.14396 0.0075432 0)
(1.14175 0.00768748 0)
(1.13856 0.00779502 0)
(1.13663 0.00798719 0)
(1.13265 0.00804839 0)
(1.13146 0.00833531 0)
(1.12602 0.00830415 0)
(1.22457 0.00778697 0)
(1.22302 0.00774342 0)
(1.22146 0.0076984 0)
(1.21989 0.00765231 0)
(1.21831 0.0076055 0)
(1.21671 0.00755834 0)
(1.21512 0.00751112 0)
(1.21351 0.00746415 0)
(1.21189 0.00741771 0)
(1.21026 0.00737205 0)
(1.20863 0.0073274 0)
(1.20698 0.00728398 0)
(1.20533 0.007242 0)
(1.20366 0.00720166 0)
(1.20199 0.00716312 0)
(1.2003 0.00712656 0)
(1.1986 0.00709216 0)
(1.1969 0.00706005 0)
(1.19518 0.00703042 0)
(1.19345 0.00700341 0)
(1.1917 0.00697918 0)
(1.18995 0.00695789 0)
(1.18817 0.00693974 0)
(1.18639 0.00692487 0)
(1.18459 0.00691352 0)
(1.18277 0.00690586 0)
(1.18093 0.00690216 0)
(1.17907 0.00690261 0)
(1.1772 0.00690755 0)
(1.1753 0.00691717 0)
(1.17338 0.00693195 0)
(1.17144 0.00695199 0)
(1.16947 0.00697798 0)
(1.16747 0.00700989 0)
(1.16544 0.00704868 0)
(1.16338 0.00709406 0)
(1.16127 0.00714734 0)
(1.15915 0.00720798 0)
(1.15695 0.00727735 0)
(1.15477 0.00735521 0)
(1.15245 0.00744162 0)
(1.1502 0.00753915 0)
(1.14772 0.00764167 0)
(1.14545 0.00776279 0)
(1.1427 0.00787575 0)
(1.1405 0.0080289 0)
(1.13732 0.00813498 0)
(1.1354 0.00834168 0)
(1.13145 0.00839497 0)
(1.13025 0.00870612 0)
(1.12485 0.00865894 0)
(1.22368 0.00816257 0)
(1.22211 0.00811613 0)
(1.22053 0.00806816 0)
(1.21893 0.00801907 0)
(1.21733 0.00796925 0)
(1.21572 0.00791905 0)
(1.21411 0.0078688 0)
(1.21248 0.00781881 0)
(1.21084 0.00776936 0)
(1.2092 0.00772072 0)
(1.20755 0.00767314 0)
(1.20588 0.00762683 0)
(1.20421 0.00758202 0)
(1.20253 0.0075389 0)
(1.20084 0.00749767 0)
(1.19914 0.00745849 0)
(1.19743 0.00742154 0)
(1.19571 0.00738699 0)
(1.19398 0.007355 0)
(1.19223 0.00732574 0)
(1.19047 0.00729937 0)
(1.18871 0.00727606 0)
(1.18692 0.007256 0)
(1.18512 0.00723937 0)
(1.18331 0.00722638 0)
(1.18148 0.00721724 0)
(1.17964 0.00721221 0)
(1.17777 0.00721151 0)
(1.17589 0.00721547 0)
(1.17399 0.00722431 0)
(1.17206 0.0072385 0)
(1.17011 0.0072582 0)
(1.16814 0.00728404 0)
(1.16614 0.00731611 0)
(1.1641 0.00735525 0)
(1.16204 0.00740139 0)
(1.15994 0.00745556 0)
(1.15781 0.00751768 0)
(1.15562 0.00758845 0)
(1.15343 0.00766872 0)
(1.15112 0.00775693 0)
(1.14888 0.00785814 0)
(1.1464 0.00796248 0)
(1.14414 0.0080892 0)
(1.1414 0.00820309 0)
(1.13921 0.00836509 0)
(1.13605 0.00846922 0)
(1.13413 0.00869061 0)
(1.1302 0.00873527 0)
(1.12901 0.00907105 0)
(1.12365 0.00900692 0)
(1.22274 0.0085386 0)
(1.22115 0.00848917 0)
(1.21955 0.00843815 0)
(1.21794 0.00838598 0)
(1.21632 0.00833304 0)
(1.21469 0.00827972 0)
(1.21305 0.00822634 0)
(1.21141 0.00817323 0)
(1.20976 0.00812069 0)
(1.20809 0.00806899 0)
(1.20642 0.00801837 0)
(1.20474 0.00796909 0)
(1.20306 0.00792135 0)
(1.20136 0.00787537 0)
(1.19965 0.00783134 0)
(1.19794 0.00778944 0)
(1.19621 0.00774985 0)
(1.19448 0.00771275 0)
(1.19273 0.0076783 0)
(1.19097 0.00764668 0)
(1.1892 0.00761806 0)
(1.18742 0.00759262 0)
(1.18563 0.00757055 0)
(1.18382 0.00755203 0)
(1.18199 0.00753729 0)
(1.18016 0.00752655 0)
(1.1783 0.00752007 0)
(1.17643 0.00751808 0)
(1.17454 0.00752094 0)
(1.17263 0.00752887 0)
(1.1707 0.00754233 0)
(1.16874 0.00756154 0)
(1.16676 0.0075871 0)
(1.16476 0.00761917 0)
(1.16272 0.00765851 0)
(1.16066 0.00770525 0)
(1.15856 0.00776014 0)
(1.15644 0.00782358 0)
(1.15424 0.00789557 0)
(1.15206 0.00797809 0)
(1.14975 0.00806789 0)
(1.14751 0.00817263 0)
(1.14504 0.00827853 0)
(1.14279 0.00841075 0)
(1.14006 0.00852522 0)
(1.13788 0.00869605 0)
(1.13473 0.00879775 0)
(1.13283 0.00903397 0)
(1.12892 0.00906932 0)
(1.12773 0.00943011 0)
(1.12241 0.00934813 0)
(1.22177 0.00891506 0)
(1.22015 0.00886254 0)
(1.21853 0.00880838 0)
(1.2169 0.00875302 0)
(1.21526 0.00869688 0)
(1.21361 0.00864034 0)
(1.21196 0.00858374 0)
(1.2103 0.00852743 0)
(1.20862 0.0084717 0)
(1.20694 0.00841683 0)
(1.20526 0.0083631 0)
(1.20356 0.00831074 0)
(1.20185 0.00825998 0)
(1.20014 0.00821104 0)
(1.19842 0.00816411 0)
(1.19669 0.0081194 0)
(1.19495 0.00807707 0)
(1.1932 0.00803732 0)
(1.19144 0.00800031 0)
(1.18967 0.00796623 0)
(1.18788 0.00793525 0)
(1.18609 0.00790756 0)
(1.18428 0.00788336 0)
(1.18247 0.00786284 0)
(1.18063 0.00784624 0)
(1.17878 0.00783377 0)
(1.17692 0.00782572 0)
(1.17504 0.00782233 0)
(1.17314 0.00782394 0)
(1.17123 0.00783082 0)
(1.16929 0.00784343 0)
(1.16733 0.00786201 0)
(1.16535 0.00788714 0)
(1.16334 0.00791908 0)
(1.1613 0.00795846 0)
(1.15924 0.00800565 0)
(1.15713 0.00806108 0)
(1.15501 0.00812569 0)
(1.15282 0.00819872 0)
(1.15064 0.00828333 0)
(1.14834 0.0083745 0)
(1.14611 0.00848262 0)
(1.14365 0.00858983 0)
(1.1414 0.00872744 0)
(1.13869 0.00884215 0)
(1.13651 0.00902178 0)
(1.13338 0.00912058 0)
(1.13149 0.00937175 0)
(1.1276 0.00939714 0)
(1.12642 0.00978329 0)
(1.12113 0.0096826 0)
(1.22075 0.00929195 0)
(1.21911 0.00923623 0)
(1.21747 0.00917883 0)
(1.21582 0.0091202 0)
(1.21416 0.00906076 0)
(1.2125 0.0090009 0)
(1.21082 0.00894099 0)
(1.20914 0.00888138 0)
(1.20745 0.00882236 0)
(1.20575 0.00876425 0)
(1.20404 0.0087073 0)
(1.20233 0.00865177 0)
(1.20061 0.0085979 0)
(1.19888 0.0085459 0)
(1.19714 0.00849598 0)
(1.1954 0.00844835 0)
(1.19364 0.00840318 0)
(1.19188 0.00836067 0)
(1.1901 0.008321 0)
(1.18832 0.00828435 0)
(1.18652 0.00825091 0)
(1.18472 0.00822086 0)
(1.1829 0.00819442 0)
(1.18107 0.00817179 0)
(1.17923 0.0081532 0)
(1.17737 0.00813889 0)
(1.1755 0.00812915 0)
(1.17361 0.00812422 0)
(1.17171 0.00812447 0)
(1.16978 0.00813017 0)
(1.16784 0.00814178 0)
(1.16588 0.0081596 0)
(1.16389 0.00818415 0)
(1.16188 0.00821581 0)
(1.15984 0.00825508 0)
(1.15778 0.00830257 0)
(1.15567 0.00835839 0)
(1.15356 0.008424 0)
(1.15137 0.00849788 0)
(1.14919 0.00858442 0)
(1.14689 0.00867676 0)
(1.14467 0.00878812 0)
(1.14221 0.00889638 0)
(1.13997 0.00903926 0)
(1.13727 0.0091539 0)
(1.13511 0.00934228 0)
(1.132 0.00943775 0)
(1.13011 0.00970396 0)
(1.12625 0.00971878 0)
(1.12508 0.0101306 0)
(1.11983 0.0100104 0)
(1.21969 0.00966924 0)
(1.21803 0.00961024 0)
(1.21637 0.00954949 0)
(1.2147 0.00948748 0)
(1.21302 0.00942464 0)
(1.21133 0.00936138 0)
(1.20964 0.00929806 0)
(1.20794 0.00923505 0)
(1.20623 0.00917267 0)
(1.20451 0.0091112 0)
(1.20279 0.00905095 0)
(1.20106 0.00899216 0)
(1.19932 0.00893507 0)
(1.19758 0.00887992 0)
(1.19582 0.00882691 0)
(1.19406 0.00877626 0)
(1.19229 0.00872816 0)
(1.19051 0.00868279 0)
(1.18873 0.00864035 0)
(1.18693 0.00860103 0)
(1.18512 0.00856501 0)
(1.1833 0.0085325 0)
(1.18147 0.00850371 0)
(1.17963 0.00847885 0)
(1.17778 0.00845816 0)
(1.17591 0.00844189 0)
(1.17403 0.00843033 0)
(1.17214 0.00842374 0)
(1.17023 0.00842249 0)
(1.1683 0.00842689 0)
(1.16635 0.00843737 0)
(1.16438 0.00845429 0)
(1.16239 0.00847813 0)
(1.16038 0.00850936 0)
(1.15834 0.00854837 0)
(1.15628 0.008596 0)
(1.15417 0.00865204 0)
(1.15206 0.00871851 0)
(1.14987 0.00879305 0)
(1.1477 0.00888138 0)
(1.14541 0.00897468 0)
(1.14319 0.00908913 0)
(1.14074 0.00919819 0)
(1.13851 0.00934622 0)
(1.13583 0.00946047 0)
(1.13367 0.00965756 0)
(1.13058 0.00974928 0)
(1.1287 0.0100306 0)
(1.12486 0.0100343 0)
(1.1237 0.010472 0)
(1.11849 0.0103315 0)
(1.21858 0.0100469 0)
(1.21691 0.00998451 0)
(1.21522 0.00992032 0)
(1.21353 0.00985484 0)
(1.21183 0.00978851 0)
(1.21013 0.00972174 0)
(1.20842 0.00965492 0)
(1.2067 0.00958842 0)
(1.20497 0.00952257 0)
(1.20324 0.00945767 0)
(1.2015 0.00939401 0)
(1.19975 0.00933186 0)
(1.19799 0.00927147 0)
(1.19623 0.00921306 0)
(1.19446 0.00915687 0)
(1.19269 0.00910311 0)
(1.1909 0.00905196 0)
(1.18911 0.00900364 0)
(1.18731 0.00895833 0)
(1.1855 0.00891622 0)
(1.18368 0.00887753 0)
(1.18185 0.00884245 0)
(1.18001 0.0088112 0)
(1.17816 0.00878399 0)
(1.17629 0.00876109 0)
(1.17442 0.00874274 0)
(1.17253 0.00872924 0)
(1.17063 0.00872087 0)
(1.16871 0.008718 0)
(1.16678 0.00872097 0)
(1.16482 0.00873018 0)
(1.16285 0.00874606 0)
(1.16086 0.00876904 0)
(1.15884 0.00879971 0)
(1.1568 0.00883831 0)
(1.15474 0.00888594 0)
(1.15264 0.00894203 0)
(1.15052 0.0090092 0)
(1.14834 0.00908424 0)
(1.14618 0.00917418 0)
(1.14389 0.00926824 0)
(1.14168 0.00938563 0)
(1.13924 0.00949526 0)
(1.13702 0.00964832 0)
(1.13435 0.00976188 0)
(1.1322 0.0099676 0)
(1.12912 0.0100552 0)
(1.12726 0.0103517 0)
(1.12345 0.0103436 0)
(1.12229 0.0108074 0)
(1.11712 0.010646 0)
(1.21744 0.0104249 0)
(1.21574 0.010359 0)
(1.21404 0.0102913 0)
(1.21233 0.0102222 0)
(1.21061 0.0101523 0)
(1.20888 0.0100819 0)
(1.20715 0.0100115 0)
(1.20541 0.00994144 0)
(1.20367 0.00987202 0)
(1.20192 0.00980359 0)
(1.20016 0.00973644 0)
(1.19839 0.00967083 0)
(1.19662 0.00960704 0)
(1.19484 0.00954529 0)
(1.19306 0.00948582 0)
(1.19127 0.00942884 0)
(1.18947 0.00937456 0)
(1.18766 0.00932317 0)
(1.18585 0.00927489 0)
(1.18402 0.00922991 0)
(1.18219 0.00918843 0)
(1.18035 0.00915067 0)
(1.1785 0.00911684 0)
(1.17664 0.00908718 0)
(1.17477 0.00906195 0)
(1.17288 0.0090414 0)
(1.17099 0.00902584 0)
(1.16908 0.00901558 0)
(1.16715 0.00901096 0)
(1.16521 0.00901236 0)
(1.16326 0.00902019 0)
(1.16128 0.0090349 0)
(1.15929 0.00905688 0)
(1.15727 0.00908684 0)
(1.15523 0.00912488 0)
(1.15317 0.00917236 0)
(1.15106 0.00922835 0)
(1.14895 0.00929607 0)
(1.14678 0.00937142 0)
(1.14462 0.00946284 0)
(1.14234 0.00955746 0)
(1.14013 0.00967764 0)
(1.13771 0.00978761 0)
(1.1355 0.00994556 0)
(1.13284 0.0100582 0)
(1.1307 0.0102724 0)
(1.12764 0.0103555 0)
(1.12579 0.0106671 0)
(1.12201 0.0106469 0)
(1.12086 0.0111371 0)
(1.11573 0.0109539 0)
(1.21625 0.0108032 0)
(1.21453 0.0107337 0)
(1.21281 0.0106623 0)
(1.21108 0.0105896 0)
(1.20934 0.010516 0)
(1.2076 0.0104419 0)
(1.20584 0.0103678 0)
(1.20409 0.0102941 0)
(1.20232 0.010221 0)
(1.20055 0.0101489 0)
(1.19878 0.0100782 0)
(1.197 0.010009 0)
(1.19521 0.00994174 0)
(1.19342 0.00987656 0)
(1.19162 0.00981371 0)
(1.18981 0.00975342 0)
(1.188 0.0096959 0)
(1.18618 0.00964135 0)
(1.18435 0.00958999 0)
(1.18251 0.00954203 0)
(1.18067 0.00949766 0)
(1.17882 0.00945711 0)
(1.17696 0.0094206 0)
(1.17508 0.00938838 0)
(1.1732 0.00936071 0)
(1.17131 0.00933785 0)
(1.16941 0.00932012 0)
(1.16749 0.00930783 0)
(1.16556 0.00930135 0)
(1.16362 0.00930106 0)
(1.16165 0.00930736 0)
(1.15968 0.00932077 0)
(1.15768 0.00934162 0)
(1.15566 0.00937073 0)
(1.15362 0.00940807 0)
(1.15156 0.00945526 0)
(1.14946 0.00951099 0)
(1.14735 0.00957911 0)
(1.14518 0.0096546 0)
(1.14302 0.00974734 0)
(1.14075 0.00984232 0)
(1.13856 0.00996515 0)
(1.13614 0.0100752 0)
(1.13394 0.0102379 0)
(1.13129 0.0103493 0)
(1.12917 0.010572 0)
(1.12613 0.0106502 0)
(1.12429 0.0109771 0)
(1.12054 0.0109441 0)
(1.11939 0.0114608 0)
(1.11431 0.0112553 0)
(1.21502 0.0111817 0)
(1.21329 0.0111085 0)
(1.21154 0.0110334 0)
(1.20979 0.0109569 0)
(1.20803 0.0108795 0)
(1.20627 0.0108016 0)
(1.2045 0.0107237 0)
(1.20272 0.0106462 0)
(1.20094 0.0105694 0)
(1.19915 0.0104936 0)
(1.19736 0.0104192 0)
(1.19556 0.0103464 0)
(1.19376 0.0102755 0)
(1.19195 0.0102068 0)
(1.19013 0.0101405 0)
(1.18831 0.0100768 0)
(1.18648 0.0100159 0)
(1.18465 0.00995813 0)
(1.18281 0.00990359 0)
(1.18096 0.00985254 0)
(1.17911 0.00980518 0)
(1.17724 0.00976174 0)
(1.17537 0.00972245 0)
(1.17349 0.00968755 0)
(1.1716 0.00965732 0)
(1.1697 0.00963204 0)
(1.16779 0.00961202 0)
(1.16587 0.0095976 0)
(1.16393 0.00958912 0)
(1.16198 0.00958702 0)
(1.16002 0.00959167 0)
(1.15804 0.00960365 0)
(1.15604 0.00962323 0)
(1.15402 0.00965137 0)
(1.15198 0.00968786 0)
(1.14992 0.00973462 0)
(1.14782 0.00978993 0)
(1.14572 0.0098583 0)
(1.14355 0.00993377 0)
(1.1414 0.0100277 0)
(1.13914 0.0101228 0)
(1.13695 0.0102482 0)
(1.13454 0.0103581 0)
(1.13235 0.0105255 0)
(1.12972 0.0106353 0)
(1.12762 0.0108664 0)
(1.1246 0.0109394 0)
(1.12277 0.0112814 0)
(1.11904 0.0112353 0)
(1.1179 0.0117786 0)
(1.11287 0.0115501 0)
(1.21375 0.0115604 0)
(1.212 0.0114834 0)
(1.21023 0.0114044 0)
(1.20846 0.011324 0)
(1.20668 0.0112427 0)
(1.2049 0.011161 0)
(1.20311 0.0110792 0)
(1.20131 0.0109978 0)
(1.19951 0.0109172 0)
(1.19771 0.0108376 0)
(1.1959 0.0107594 0)
(1.19409 0.0106829 0)
(1.19227 0.0106083 0)
(1.19044 0.010536 0)
(1.18861 0.0104661 0)
(1.18678 0.0103989 0)
(1.18493 0.0103346 0)
(1.18309 0.0102734 0)
(1.18123 0.0102156 0)
(1.17937 0.0101614 0)
(1.17751 0.0101109 0)
(1.17563 0.0100645 0)
(1.17375 0.0100223 0)
(1.17186 0.00998464 0)
(1.16996 0.00995175 0)
(1.16806 0.00992394 0)
(1.16614 0.00990151 0)
(1.16421 0.00988483 0)
(1.16227 0.00987425 0)
(1.16031 0.00987022 0)
(1.15835 0.0098731 0)
(1.15636 0.00988352 0)
(1.15436 0.0099017 0)
(1.15234 0.00992873 0)
(1.1503 0.00996423 0)
(1.14825 0.0100104 0)
(1.14615 0.0100652 0)
(1.14405 0.0101336 0)
(1.14189 0.0102089 0)
(1.13975 0.0103038 0)
(1.13749 0.010399 0)
(1.13531 0.0105267 0)
(1.13292 0.0106363 0)
(1.13074 0.0108082 0)
(1.12813 0.0109163 0)
(1.12603 0.0111556 0)
(1.12304 0.011223 0)
(1.12122 0.0115803 0)
(1.11752 0.0115205 0)
(1.11639 0.0120906 0)
(1.1114 0.0118386 0)
(1.21244 0.0119391 0)
(1.21066 0.0118582 0)
(1.20888 0.0117753 0)
(1.20709 0.0116909 0)
(1.20529 0.0116057 0)
(1.20349 0.01152 0)
(1.20168 0.0114342 0)
(1.19987 0.0113489 0)
(1.19805 0.0112643 0)
(1.19623 0.0111808 0)
(1.1944 0.0110987 0)
(1.19257 0.0110184 0)
(1.19074 0.0109401 0)
(1.1889 0.010864 0)
(1.18705 0.0107904 0)
(1.1852 0.0107196 0)
(1.18335 0.0106518 0)
(1.18149 0.0105872 0)
(1.17962 0.0105261 0)
(1.17775 0.0104685 0)
(1.17587 0.0104149 0)
(1.17399 0.0103653 0)
(1.1721 0.0103202 0)
(1.1702 0.0102796 0)
(1.16829 0.010244 0)
(1.16638 0.0102135 0)
(1.16445 0.0101886 0)
(1.16252 0.0101695 0)
(1.16057 0.0101567 0)
(1.15861 0.0101506 0)
(1.15664 0.0101516 0)
(1.15466 0.0101603 0)
(1.15265 0.010177 0)
(1.15064 0.0102028 0)
(1.1486 0.0102372 0)
(1.14654 0.0102826 0)
(1.14445 0.0103367 0)
(1.14236 0.0104051 0)
(1.1402 0.0104801 0)
(1.13807 0.0105758 0)
(1.13582 0.0106708 0)
(1.13365 0.0108007 0)
(1.13127 0.0109098 0)
(1.1291 0.011086 0)
(1.12651 0.0111921 0)
(1.12442 0.0114397 0)
(1.12145 0.0115012 0)
(1.11964 0.0118735 0)
(1.11598 0.0117998 0)
(1.11486 0.0123967 0)
(1.10992 0.0121207 0)
(1.21109 0.0123179 0)
(1.20929 0.0122329 0)
(1.20749 0.0121459 0)
(1.20567 0.0120575 0)
(1.20386 0.0119682 0)
(1.20204 0.0118784 0)
(1.20021 0.0117886 0)
(1.19838 0.0116992 0)
(1.19655 0.0116106 0)
(1.19471 0.0115231 0)
(1.19286 0.0114371 0)
(1.19102 0.0113529 0)
(1.18917 0.0112707 0)
(1.18731 0.0111908 0)
(1.18545 0.0111135 0)
(1.18359 0.011039 0)
(1.18172 0.0109676 0)
(1.17985 0.0108994 0)
(1.17797 0.0108348 0)
(1.17609 0.0107739 0)
(1.1742 0.010717 0)
(1.1723 0.0106642 0)
(1.1704 0.010616 0)
(1.1685 0.0105724 0)
(1.16658 0.0105339 0)
(1.16466 0.0105007 0)
(1.16273 0.0104731 0)
(1.16079 0.0104516 0)
(1.15884 0.0104364 0)
(1.15688 0.0104282 0)
(1.15491 0.0104272 0)
(1.15292 0.0104341 0)
(1.15092 0.0104491 0)
(1.1489 0.0104735 0)
(1.14686 0.0105066 0)
(1.14481 0.0105513 0)
(1.14272 0.0106045 0)
(1.14064 0.0106727 0)
(1.13849 0.0107472 0)
(1.13636 0.0108437 0)
(1.13412 0.0109383 0)
(1.13196 0.0110702 0)
(1.12959 0.0111786 0)
(1.12744 0.011359 0)
(1.12486 0.0114629 0)
(1.12279 0.0117185 0)
(1.11984 0.0117739 0)
(1.11804 0.0121613 0)
(1.11442 0.0120732 0)
(1.1133 0.012697 0)
(1.10841 0.0123965 0)
(1.2097 0.0126965 0)
(1.20788 0.0126074 0)
(1.20605 0.0125163 0)
(1.20422 0.0124238 0)
(1.20239 0.0123303 0)
(1.20055 0.0122363 0)
(1.1987 0.0121424 0)
(1.19686 0.0120489 0)
(1.195 0.0119561 0)
(1.19315 0.0118646 0)
(1.19129 0.0117745 0)
(1.18943 0.0116863 0)
(1.18756 0.0116001 0)
(1.18569 0.0115163 0)
(1.18382 0.0114352 0)
(1.18194 0.0113569 0)
(1.18006 0.0112818 0)
(1.17817 0.01121 0)
(1.17628 0.0111418 0)
(1.17439 0.0110774 0)
(1.17249 0.0110171 0)
(1.17059 0.0109611 0)
(1.16868 0.0109096 0)
(1.16677 0.010863 0)
(1.16484 0.0108215 0)
(1.16292 0.0107854 0)
(1.16098 0.0107551 0)
(1.15903 0.010731 0)
(1.15708 0.0107134 0)
(1.15512 0.0107029 0)
(1.15314 0.0106997 0)
(1.15115 0.0107048 0)
(1.14915 0.010718 0)
(1.14714 0.0107409 0)
(1.1451 0.0107726 0)
(1.14305 0.0108163 0)
(1.14097 0.0108685 0)
(1.13889 0.0109364 0)
(1.13674 0.0110102 0)
(1.13462 0.0111073 0)
(1.1324 0.0112014 0)
(1.13025 0.0113352 0)
(1.1279 0.0114428 0)
(1.12575 0.0116272 0)
(1.12319 0.0117287 0)
(1.12113 0.0119922 0)
(1.11821 0.0120411 0)
(1.11643 0.0124436 0)
(1.11283 0.0123408 0)
(1.11172 0.0129915 0)
(1.10688 0.0126659 0)
(1.20827 0.013075 0)
(1.20643 0.0129817 0)
(1.20458 0.0128863 0)
(1.20273 0.0127895 0)
(1.20088 0.0126918 0)
(1.19902 0.0125936 0)
(1.19716 0.0124954 0)
(1.19529 0.0123976 0)
(1.19342 0.0123007 0)
(1.19155 0.012205 0)
(1.18968 0.0121108 0)
(1.1878 0.0120184 0)
(1.18592 0.0119283 0)
(1.18403 0.0118405 0)
(1.18215 0.0117554 0)
(1.18026 0.0116733 0)
(1.17836 0.0115944 0)
(1.17647 0.0115188 0)
(1.17457 0.011447 0)
(1.17266 0.0113791 0)
(1.17075 0.0113152 0)
(1.16884 0.0112558 0)
(1.16692 0.0112011 0)
(1.165 0.0111513 0)
(1.16307 0.0111067 0)
(1.16114 0.0110677 0)
(1.1592 0.0110345 0)
(1.15725 0.0110077 0)
(1.15529 0.0109876 0)
(1.15332 0.0109747 0)
(1.15135 0.0109693 0)
(1.14936 0.0109723 0)
(1.14736 0.0109836 0)
(1.14534 0.0110049 0)
(1.14331 0.0110351 0)
(1.14127 0.0110777 0)
(1.13919 0.0111288 0)
(1.13711 0.0111963 0)
(1.13498 0.0112692 0)
(1.13287 0.0113668 0)
(1.13065 0.0114602 0)
(1.12851 0.0115958 0)
(1.12617 0.0117022 0)
(1.12404 0.0118906 0)
(1.1215 0.0119894 0)
(1.11945 0.0122607 0)
(1.11656 0.012303 0)
(1.11479 0.0127203 0)
(1.11123 0.0126025 0)
(1.11012 0.0132802 0)
(1.10533 0.0129292 0)
(1.2068 0.0134532 0)
(1.20494 0.0133555 0)
(1.20307 0.0132559 0)
(1.2012 0.0131547 0)
(1.19933 0.0130526 0)
(1.19745 0.01295 0)
(1.19557 0.0128475 0)
(1.19369 0.0127455 0)
(1.19181 0.0126443 0)
(1.18992 0.0125443 0)
(1.18803 0.0124459 0)
(1.18613 0.0123494 0)
(1.18424 0.0122551 0)
(1.18234 0.0121632 0)
(1.18044 0.0120741 0)
(1.17854 0.0119881 0)
(1.17663 0.0119052 0)
(1.17472 0.0118259 0)
(1.17281 0.0117503 0)
(1.1709 0.0116787 0)
(1.16898 0.0116113 0)
(1.16706 0.0115485 0)
(1.16513 0.0114903 0)
(1.1632 0.0114372 0)
(1.16127 0.0113895 0)
(1.15933 0.0113474 0)
(1.15738 0.0113113 0)
(1.15543 0.0112818 0)
(1.15347 0.0112589 0)
(1.1515 0.0112435 0)
(1.14952 0.0112358 0)
(1.14754 0.0112366 0)
(1.14554 0.0112459 0)
(1.14353 0.0112655 0)
(1.14149 0.0112941 0)
(1.13945 0.0113354 0)
(1.13738 0.0113852 0)
(1.13531 0.0114522 0)
(1.13319 0.0115242 0)
(1.13108 0.011622 0)
(1.12888 0.0117146 0)
(1.12675 0.0118518 0)
(1.12443 0.011957 0)
(1.12231 0.0121492 0)
(1.11979 0.0122451 0)
(1.11776 0.0125241 0)
(1.11488 0.0125595 0)
(1.11313 0.0129916 0)
(1.10961 0.0128585 0)
(1.10851 0.0135632 0)
(1.10377 0.0131864 0)
(1.20528 0.013831 0)
(1.2034 0.0137289 0)
(1.20152 0.0136248 0)
(1.19963 0.0135192 0)
(1.19774 0.0134127 0)
(1.19585 0.0133057 0)
(1.19395 0.0131988 0)
(1.19205 0.0130923 0)
(1.19015 0.0129867 0)
(1.18825 0.0128824 0)
(1.18634 0.0127797 0)
(1.18443 0.0126789 0)
(1.18253 0.0125804 0)
(1.18061 0.0124844 0)
(1.1787 0.0123912 0)
(1.17679 0.0123011 0)
(1.17487 0.0122143 0)
(1.17295 0.0121311 0)
(1.17103 0.0120517 0)
(1.1691 0.0119764 0)
(1.16718 0.0119053 0)
(1.16525 0.0118389 0)
(1.16331 0.0117773 0)
(1.16138 0.0117208 0)
(1.15944 0.0116698 0)
(1.15749 0.0116246 0)
(1.15554 0.0115855 0)
(1.15359 0.011553 0)
(1.15162 0.0115274 0)
(1.14966 0.0115094 0)
(1.14768 0.0114992 0)
(1.14569 0.0114978 0)
(1.14369 0.011505 0)
(1.14168 0.0115227 0)
(1.13965 0.0115495 0)
(1.13762 0.0115895 0)
(1.13555 0.011638 0)
(1.13349 0.0117042 0)
(1.13137 0.0117751 0)
(1.12928 0.0118731 0)
(1.12709 0.0119647 0)
(1.12497 0.0121034 0)
(1.12266 0.0122072 0)
(1.12056 0.012403 0)
(1.11806 0.0124959 0)
(1.11604 0.0127823 0)
(1.1132 0.0128107 0)
(1.11145 0.0132575 0)
(1.10797 0.0131088 0)
(1.10688 0.0138404 0)
(1.10219 0.0134374 0)
(1.20373 0.0142083 0)
(1.20183 0.0141017 0)
(1.19993 0.0139931 0)
(1.19803 0.0138829 0)
(1.19612 0.0137719 0)
(1.19421 0.0136604 0)
(1.19229 0.0135489 0)
(1.19038 0.013438 0)
(1.18846 0.013328 0)
(1.18654 0.0132193 0)
(1.18462 0.0131122 0)
(1.1827 0.0130071 0)
(1.18078 0.0129043 0)
(1.17885 0.012804 0)
(1.17693 0.0127067 0)
(1.175 0.0126125 0)
(1.17307 0.0125216 0)
(1.17114 0.0124344 0)
(1.16921 0.0123511 0)
(1.16728 0.0122719 0)
(1.16534 0.0121971 0)
(1.16341 0.012127 0)
(1.16147 0.0120618 0)
(1.15952 0.0120019 0)
(1.15758 0.0119475 0)
(1.15563 0.0118991 0)
(1.15367 0.0118569 0)
(1.15172 0.0118214 0)
(1.14975 0.011793 0)
(1.14778 0.0117723 0)
(1.1458 0.0117595 0)
(1.14382 0.0117557 0)
(1.14182 0.0117607 0)
(1.13981 0.0117765 0)
(1.13779 0.0118014 0)
(1.13576 0.01184 0)
(1.1337 0.0118869 0)
(1.13165 0.0119522 0)
(1.12954 0.012022 0)
(1.12746 0.01212 0)
(1.12528 0.0122105 0)
(1.12317 0.0123505 0)
(1.12088 0.0124528 0)
(1.11879 0.012652 0)
(1.11631 0.0127418 0)
(1.11431 0.0130355 0)
(1.11149 0.0130567 0)
(1.10976 0.0135179 0)
(1.10631 0.0133535 0)
(1.10523 0.0141119 0)
(1.1006 0.0136825 0)
(1.20215 0.0145849 0)
(1.20023 0.0144738 0)
(1.19831 0.0143605 0)
(1.19638 0.0142458 0)
(1.19446 0.0141301 0)
(1.19253 0.014014 0)
(1.1906 0.013898 0)
(1.18867 0.0137825 0)
(1.18674 0.013668 0)
(1.1848 0.0135547 0)
(1.18287 0.0134432 0)
(1.18093 0.0133337 0)
(1.179 0.0132265 0)
(1.17706 0.013122 0)
(1.17512 0.0130204 0)
(1.17318 0.0129219 0)
(1.17124 0.012827 0)
(1.1693 0.0127357 0)
(1.16736 0.0126484 0)
(1.16542 0.0125653 0)
(1.16348 0.0124867 0)
(1.16153 0.0124128 0)
(1.15959 0.012344 0)
(1.15764 0.0122805 0)
(1.15569 0.0122227 0)
(1.15374 0.0121709 0)
(1.15178 0.0121255 0)
(1.14982 0.012087 0)
(1.14785 0.0120556 0)
(1.14588 0.0120321 0)
(1.1439 0.0120166 0)
(1.14192 0.0120104 0)
(1.13993 0.0120131 0)
(1.13792 0.0120268 0)
(1.13591 0.0120497 0)
(1.13388 0.0120867 0)
(1.13183 0.012132 0)
(1.12978 0.0121964 0)
(1.12769 0.0122648 0)
(1.12561 0.0123627 0)
(1.12345 0.012452 0)
(1.12136 0.0125932 0)
(1.11908 0.0126937 0)
(1.11701 0.0128963 0)
(1.11454 0.0129827 0)
(1.11256 0.0132836 0)
(1.10977 0.0132973 0)
(1.10805 0.013773 0)
(1.10464 0.0135926 0)
(1.10357 0.0143777 0)
(1.099 0.0139215 0)
(1.20052 0.0149609 0)
(1.19858 0.0148451 0)
(1.19664 0.0147271 0)
(1.1947 0.0146077 0)
(1.19276 0.0144873 0)
(1.19081 0.0143665 0)
(1.18887 0.0142459 0)
(1.18692 0.0141257 0)
(1.18497 0.0140066 0)
(1.18303 0.0138888 0)
(1.18108 0.0137727 0)
(1.17913 0.0136587 0)
(1.17718 0.0135471 0)
(1.17523 0.0134381 0)
(1.17328 0.0133322 0)
(1.17133 0.0132295 0)
(1.16939 0.0131303 0)
(1.16744 0.0130349 0)
(1.16549 0.0129435 0)
(1.16354 0.0128564 0)
(1.16159 0.0127739 0)
(1.15964 0.0126963 0)
(1.15768 0.0126237 0)
(1.15573 0.0125566 0)
(1.15378 0.0124953 0)
(1.15182 0.0124401 0)
(1.14986 0.0123913 0)
(1.1479 0.0123496 0)
(1.14593 0.0123152 0)
(1.14396 0.0122888 0)
(1.14198 0.0122706 0)
(1.14 0.0122618 0)
(1.13801 0.012262 0)
(1.13601 0.0122736 0)
(1.134 0.0122945 0)
(1.13198 0.0123297 0)
(1.12994 0.0123733 0)
(1.1279 0.0124366 0)
(1.12581 0.0125036 0)
(1.12375 0.0126013 0)
(1.1216 0.0126891 0)
(1.11952 0.0128314 0)
(1.11726 0.01293 0)
(1.1152 0.0131358 0)
(1.11276 0.0132187 0)
(1.1108 0.0135267 0)
(1.10803 0.0135328 0)
(1.10633 0.0140226 0)
(1.10296 0.0138261 0)
(1.1019 0.0146379 0)
(1.09738 0.0141547 0)
(1.19885 0.0153361 0)
(1.1969 0.0152155 0)
(1.19494 0.0150927 0)
(1.19298 0.0149685 0)
(1.19103 0.0148433 0)
(1.18906 0.0147178 0)
(1.1871 0.0145924 0)
(1.18514 0.0144675 0)
(1.18318 0.0143437 0)
(1.18122 0.0142212 0)
(1.17926 0.0141006 0)
(1.1773 0.013982 0)
(1.17534 0.0138659 0)
(1.17337 0.0137525 0)
(1.17141 0.0136421 0)
(1.16946 0.0135351 0)
(1.1675 0.0134316 0)
(1.16554 0.013332 0)
(1.16358 0.0132365 0)
(1.16162 0.0131453 0)
(1.15967 0.0130588 0)
(1.15771 0.0129772 0)
(1.15575 0.0129009 0)
(1.15379 0.0128301 0)
(1.15184 0.0127651 0)
(1.14988 0.0127064 0)
(1.14791 0.0126543 0)
(1.14595 0.0126093 0)
(1.14398 0.0125718 0)
(1.14201 0.0125424 0)
(1.14004 0.0125214 0)
(1.13806 0.0125099 0)
(1.13607 0.0125076 0)
(1.13408 0.0125169 0)
(1.13207 0.0125356 0)
(1.13006 0.012569 0)
(1.12803 0.0126107 0)
(1.126 0.0126729 0)
(1.12392 0.0127383 0)
(1.12187 0.0128356 0)
(1.11973 0.012922 0)
(1.11767 0.0130651 0)
(1.11543 0.0131618 0)
(1.11339 0.0133706 0)
(1.11097 0.0134499 0)
(1.10902 0.0137647 0)
(1.10629 0.0137631 0)
(1.1046 0.014267 0)
(1.10127 0.0140541 0)
(1.10021 0.0148924 0)
(1.09575 0.0143821 0)
(1.19715 0.0157103 0)
(1.19518 0.0155848 0)
(1.19321 0.0154572 0)
(1.19123 0.0153281 0)
(1.18926 0.0151981 0)
(1.18728 0.0150677 0)
(1.18531 0.0149375 0)
(1.18333 0.0148079 0)
(1.18135 0.0146793 0)
(1.17938 0.0145521 0)
(1.1774 0.0144267 0)
(1.17543 0.0143035 0)
(1.17346 0.0141828 0)
(1.17149 0.0140649 0)
(1.16952 0.01395 0)
(1.16755 0.0138386 0)
(1.16558 0.0137307 0)
(1.16361 0.0136268 0)
(1.16165 0.0135271 0)
(1.15968 0.0134318 0)
(1.15772 0.0133412 0)
(1.15576 0.0132557 0)
(1.1538 0.0131755 0)
(1.15183 0.0131009 0)
(1.14987 0.0130322 0)
(1.14791 0.0129699 0)
(1.14595 0.0129144 0)
(1.14398 0.0128661 0)
(1.14202 0.0128253 0)
(1.14005 0.0127929 0)
(1.13808 0.0127689 0)
(1.1361 0.0127547 0)
(1.13412 0.0127497 0)
(1.13213 0.0127567 0)
(1.13013 0.0127731 0)
(1.12813 0.0128046 0)
(1.1261 0.0128444 0)
(1.12408 0.0129052 0)
(1.12202 0.0129689 0)
(1.11998 0.0130658 0)
(1.11785 0.0131505 0)
(1.11581 0.0132944 0)
(1.11358 0.0133891 0)
(1.11155 0.0136007 0)
(1.10916 0.0136763 0)
(1.10723 0.0139977 0)
(1.10453 0.0139883 0)
(1.10285 0.014506 0)
(1.09956 0.0142767 0)
(1.09851 0.0151414 0)
(1.09411 0.0146038 0)
(1.19542 0.0160835 0)
(1.19343 0.015953 0)
(1.19144 0.0158205 0)
(1.18945 0.0156864 0)
(1.18745 0.0155515 0)
(1.18546 0.0154162 0)
(1.18347 0.0152811 0)
(1.18148 0.0151466 0)
(1.17949 0.0150131 0)
(1.17751 0.0148812 0)
(1.17552 0.0147511 0)
(1.17353 0.0146231 0)
(1.17155 0.0144978 0)
(1.16957 0.0143752 0)
(1.16759 0.0142559 0)
(1.16561 0.0141399 0)
(1.16363 0.0140277 0)
(1.16166 0.0139194 0)
(1.15969 0.0138154 0)
(1.15772 0.0137159 0)
(1.15575 0.0136212 0)
(1.15378 0.0135316 0)
(1.15181 0.0134474 0)
(1.14985 0.0133689 0)
(1.14788 0.0132965 0)
(1.14592 0.0132306 0)
(1.14396 0.0131715 0)
(1.14199 0.0131198 0)
(1.14003 0.0130757 0)
(1.13806 0.0130401 0)
(1.13609 0.0130131 0)
(1.13412 0.0129961 0)
(1.13214 0.0129884 0)
(1.13016 0.0129929 0)
(1.12817 0.0130069 0)
(1.12617 0.0130365 0)
(1.12416 0.0130742 0)
(1.12215 0.0131336 0)
(1.1201 0.0131955 0)
(1.11807 0.0132918 0)
(1.11596 0.0133748 0)
(1.11393 0.0135194 0)
(1.11172 0.0136118 0)
(1.10971 0.0138262 0)
(1.10734 0.0138978 0)
(1.10542 0.0142258 0)
(1.10275 0.0142084 0)
(1.1011 0.0147397 0)
(1.09785 0.0144939 0)
(1.09681 0.0153849 0)
(1.09246 0.0148197 0)
(1.19364 0.0164554 0)
(1.19164 0.01632 0)
(1.18963 0.0161824 0)
(1.18762 0.0160433 0)
(1.18562 0.0159034 0)
(1.18361 0.0157631 0)
(1.18161 0.015623 0)
(1.17961 0.0154836 0)
(1.1776 0.0153453 0)
(1.1756 0.0152084 0)
(1.17361 0.0150735 0)
(1.17161 0.0149408 0)
(1.16962 0.0148107 0)
(1.16762 0.0146835 0)
(1.16563 0.0145595 0)
(1.16365 0.014439 0)
(1.16166 0.0143223 0)
(1.15968 0.0142096 0)
(1.1577 0.0141012 0)
(1.15573 0.0139974 0)
(1.15375 0.0138986 0)
(1.15178 0.0138049 0)
(1.14981 0.0137166 0)
(1.14784 0.0136342 0)
(1.14588 0.013558 0)
(1.14391 0.0134884 0)
(1.14195 0.0134256 0)
(1.13998 0.0133704 0)
(1.13802 0.013323 0)
(1.13606 0.0132842 0)
(1.13409 0.0132541 0)
(1.13212 0.0132341 0)
(1.13015 0.0132237 0)
(1.12817 0.0132256 0)
(1.12619 0.0132371 0)
(1.1242 0.0132646 0)
(1.1222 0.0133001 0)
(1.1202 0.0133581 0)
(1.11816 0.0134181 0)
(1.11615 0.0135137 0)
(1.11405 0.0135948 0)
(1.11204 0.0137399 0)
(1.10985 0.01383 0)
(1.10786 0.0140469 0)
(1.10551 0.0141147 0)
(1.10361 0.0144489 0)
(1.10097 0.0144235 0)
(1.09933 0.0149682 0)
(1.09613 0.0147058 0)
(1.09509 0.0156229 0)
(1.09081 0.0150301 0)
(1.19184 0.0168261 0)
(1.18981 0.0166856 0)
(1.18779 0.0165429 0)
(1.18577 0.0163987 0)
(1.18375 0.0162537 0)
(1.18173 0.0161084 0)
(1.17971 0.0159633 0)
(1.1777 0.0158188 0)
(1.17568 0.0156755 0)
(1.17367 0.0155338 0)
(1.17166 0.015394 0)
(1.16965 0.0152565 0)
(1.16765 0.0151216 0)
(1.16565 0.0149896 0)
(1.16365 0.014861 0)
(1.16166 0.0147358 0)
(1.15967 0.0146145 0)
(1.15768 0.0144974 0)
(1.15569 0.0143846 0)
(1.15371 0.0142765 0)
(1.15173 0.0141733 0)
(1.14976 0.0140754 0)
(1.14778 0.0139831 0)
(1.14581 0.0138967 0)
(1.14385 0.0138166 0)
(1.14188 0.0137431 0)
(1.13992 0.0136767 0)
(1.13795 0.0136179 0)
(1.13599 0.013567 0)
(1.13403 0.0135249 0)
(1.13207 0.0134917 0)
(1.13011 0.0134687 0)
(1.12814 0.0134554 0)
(1.12617 0.0134547 0)
(1.12419 0.0134637 0)
(1.12222 0.013489 0)
(1.12022 0.0135222 0)
(1.11824 0.0135786 0)
(1.11621 0.0136366 0)
(1.11421 0.0137314 0)
(1.11213 0.0138105 0)
(1.11013 0.013956 0)
(1.10797 0.0140437 0)
(1.10599 0.0142631 0)
(1.10367 0.0143268 0)
(1.10179 0.0146671 0)
(1.09918 0.0146336 0)
(1.09755 0.0151916 0)
(1.09439 0.0149124 0)
(1.09337 0.0158555 0)
(1.08914 0.0152349 0)
(1.18999 0.0171954 0)
(1.18796 0.0170497 0)
(1.18592 0.0169018 0)
(1.18388 0.0167525 0)
(1.18185 0.0166023 0)
(1.17982 0.0164519 0)
(1.17779 0.0163017 0)
(1.17576 0.0161522 0)
(1.17373 0.0160039 0)
(1.17171 0.0158571 0)
(1.16969 0.0157124 0)
(1.16767 0.0155699 0)
(1.16566 0.0154302 0)
(1.16365 0.0152935 0)
(1.16164 0.0151601 0)
(1.15964 0.0150303 0)
(1.15764 0.0149044 0)
(1.15565 0.0147826 0)
(1.15366 0.0146654 0)
(1.15167 0.0145529 0)
(1.14969 0.0144454 0)
(1.14771 0.0143433 0)
(1.14573 0.0142468 0)
(1.14376 0.0141563 0)
(1.14179 0.0140722 0)
(1.13983 0.0139949 0)
(1.13787 0.0139248 0)
(1.13591 0.0138623 0)
(1.13395 0.0138079 0)
(1.13199 0.0137625 0)
(1.13003 0.0137259 0)
(1.12808 0.0136999 0)
(1.12611 0.0136836 0)
(1.12415 0.0136802 0)
(1.12219 0.0136866 0)
(1.12022 0.0137096 0)
(1.11824 0.0137405 0)
(1.11626 0.0137952 0)
(1.11425 0.0138511 0)
(1.11226 0.0139449 0)
(1.1102 0.014022 0)
(1.10822 0.0141678 0)
(1.10607 0.014253 0)
(1.10411 0.0144746 0)
(1.10182 0.0145342 0)
(1.09995 0.0148804 0)
(1.09738 0.0148388 0)
(1.09577 0.0154097 0)
(1.09266 0.0151138 0)
(1.09164 0.0160827 0)
(1.08747 0.0154343 0)
(1.18812 0.0175632 0)
(1.18607 0.0174122 0)
(1.18402 0.0172591 0)
(1.18197 0.0171045 0)
(1.17992 0.0169491 0)
(1.17787 0.0167935 0)
(1.17583 0.0166381 0)
(1.17379 0.0164835 0)
(1.17175 0.0163301 0)
(1.16972 0.0161783 0)
(1.16769 0.0160286 0)
(1.16566 0.0158812 0)
(1.16364 0.0157366 0)
(1.16162 0.015595 0)
(1.15961 0.0154568 0)
(1.1576 0.0153223 0)
(1.1556 0.0151917 0)
(1.1536 0.0150653 0)
(1.1516 0.0149436 0)
(1.14961 0.0148266 0)
(1.14762 0.0147147 0)
(1.14564 0.0146083 0)
(1.14367 0.0145076 0)
(1.14169 0.014413 0)
(1.13973 0.0143249 0)
(1.13776 0.0142437 0)
(1.1358 0.0141697 0)
(1.13384 0.0141036 0)
(1.13189 0.0140456 0)
(1.12993 0.0139967 0)
(1.12798 0.0139568 0)
(1.12603 0.0139277 0)
(1.12408 0.0139084 0)
(1.12212 0.0139022 0)
(1.12017 0.0139058 0)
(1.11821 0.0139265 0)
(1.11624 0.013955 0)
(1.11427 0.0140078 0)
(1.11228 0.0140615 0)
(1.11031 0.0141544 0)
(1.10826 0.0142293 0)
(1.10629 0.0143753 0)
(1.10417 0.0144578 0)
(1.10223 0.0146816 0)
(1.09996 0.014737 0)
(1.09811 0.0150889 0)
(1.09558 0.0150391 0)
(1.09398 0.0156227 0)
(1.09091 0.01531 0)
(1.0899 0.0163045 0)
(1.0858 0.0156284 0)
(1.18621 0.0179294 0)
(1.18415 0.017773 0)
(1.18208 0.0176146 0)
(1.18002 0.0174547 0)
(1.17796 0.0172941 0)
(1.1759 0.0171332 0)
(1.17384 0.0169726 0)
(1.17179 0.0168128 0)
(1.16975 0.0166543 0)
(1.1677 0.0164974 0)
(1.16566 0.0163426 0)
(1.16363 0.0161902 0)
(1.1616 0.0160406 0)
(1.15957 0.0158941 0)
(1.15755 0.015751 0)
(1.15554 0.0156117 0)
(1.15353 0.0154764 0)
(1.15152 0.0153454 0)
(1.14952 0.015219 0)
(1.14753 0.0150976 0)
(1.14554 0.0149813 0)
(1.14356 0.0148705 0)
(1.14158 0.0147655 0)
(1.13961 0.0146668 0)
(1.13764 0.0145746 0)
(1.13567 0.0144894 0)
(1.13372 0.0144115 0)
(1.13176 0.0143416 0)
(1.12981 0.01428 0)
(1.12786 0.0142276 0)
(1.12591 0.0141843 0)
(1.12397 0.014152 0)
(1.12202 0.0141296 0)
(1.12008 0.0141205 0)
(1.11813 0.0141213 0)
(1.11619 0.0141396 0)
(1.11423 0.0141656 0)
(1.11228 0.0142166 0)
(1.11029 0.014268 0)
(1.10834 0.0143597 0)
(1.10631 0.0144325 0)
(1.10436 0.0145784 0)
(1.10226 0.0146583 0)
(1.10034 0.014884 0)
(1.0981 0.0149351 0)
(1.09627 0.0152926 0)
(1.09376 0.0152346 0)
(1.09218 0.0158307 0)
(1.08916 0.0155012 0)
(1.08816 0.0165211 0)
(1.08412 0.0158171 0)
(1.18427 0.0182938 0)
(1.18219 0.018132 0)
(1.18011 0.0179682 0)
(1.17804 0.017803 0)
(1.17597 0.017637 0)
(1.1739 0.0174708 0)
(1.17183 0.017305 0)
(1.16977 0.0171399 0)
(1.16771 0.0169762 0)
(1.16566 0.0168141 0)
(1.16361 0.0166542 0)
(1.16157 0.0164968 0)
(1.15953 0.0163421 0)
(1.1575 0.0161907 0)
(1.15547 0.0160428 0)
(1.15345 0.0158986 0)
(1.15144 0.0157585 0)
(1.14943 0.0156228 0)
(1.14742 0.0154918 0)
(1.14543 0.0153657 0)
(1.14344 0.015245 0)
(1.14145 0.0151298 0)
(1.13947 0.0150205 0)
(1.1375 0.0149175 0)
(1.13553 0.0148212 0)
(1.13357 0.0147319 0)
(1.13162 0.0146501 0)
(1.12966 0.0145764 0)
(1.12772 0.0145111 0)
(1.12577 0.0144551 0)
(1.12383 0.0144084 0)
(1.1219 0.0143728 0)
(1.11996 0.0143472 0)
(1.11803 0.0143352 0)
(1.11609 0.0143332 0)
(1.11415 0.0143489 0)
(1.11221 0.0143723 0)
(1.11027 0.0144214 0)
(1.1083 0.0144705 0)
(1.10636 0.014561 0)
(1.10436 0.0146314 0)
(1.10242 0.0147773 0)
(1.10034 0.0148544 0)
(1.09844 0.0150819 0)
(1.09623 0.0151287 0)
(1.09441 0.0154915 0)
(1.09195 0.0154253 0)
(1.09038 0.0160336 0)
(1.08741 0.0156873 0)
(1.08642 0.0167324 0)
(1.08243 0.0160006 0)
(1.1823 0.0186563 0)
(1.18021 0.0184891 0)
(1.17812 0.0183198 0)
(1.17603 0.0181492 0)
(1.17395 0.0179778 0)
(1.17187 0.0178063 0)
(1.16979 0.0176351 0)
(1.16772 0.0174648 0)
(1.16565 0.0172958 0)
(1.16359 0.0171285 0)
(1.16153 0.0169634 0)
(1.15948 0.0168009 0)
(1.15744 0.0166412 0)
(1.1554 0.0164848 0)
(1.15337 0.0163319 0)
(1.15134 0.0161828 0)
(1.14932 0.0160379 0)
(1.14731 0.0158974 0)
(1.1453 0.0157617 0)
(1.14331 0.0156311 0)
(1.14131 0.0155057 0)
(1.13933 0.0153861 0)
(1.13735 0.0152725 0)
(1.13538 0.0151652 0)
(1.13341 0.0150647 0)
(1.13145 0.0149713 0)
(1.1295 0.0148855 0)
(1.12755 0.014808 0)
(1.12561 0.0147389 0)
(1.12367 0.0146793 0)
(1.12174 0.0146291 0)
(1.11981 0.0145901 0)
(1.11788 0.0145613 0)
(1.11596 0.0145463 0)
(1.11403 0.0145413 0)
(1.11211 0.0145545 0)
(1.11018 0.0145753 0)
(1.10825 0.0146223 0)
(1.1063 0.0146689 0)
(1.10438 0.0147581 0)
(1.10239 0.0148262 0)
(1.10048 0.0149718 0)
(1.09842 0.0150461 0)
(1.09653 0.0152753 0)
(1.09435 0.0153178 0)
(1.09256 0.0156857 0)
(1.09012 0.0156113 0)
(1.08857 0.0162315 0)
(1.08565 0.0158684 0)
(1.08467 0.0169385 0)
(1.08075 0.016179 0)
(1.1803 0.0190169 0)
(1.1782 0.0188442 0)
(1.17609 0.0186694 0)
(1.17399 0.0184933 0)
(1.1719 0.0183165 0)
(1.16981 0.0181395 0)
(1.16772 0.0179629 0)
(1.16564 0.0177873 0)
(1.16357 0.017613 0)
(1.1615 0.0174405 0)
(1.15943 0.0172702 0)
(1.15738 0.0171024 0)
(1.15532 0.0169377 0)
(1.15328 0.0167762 0)
(1.15124 0.0166183 0)
(1.14921 0.0164643 0)
(1.14719 0.0163145 0)
(1.14518 0.0161693 0)
(1.14317 0.0160288 0)
(1.14117 0.0158935 0)
(1.13917 0.0157636 0)
(1.13719 0.0156394 0)
(1.13521 0.0155214 0)
(1.13324 0.0154098 0)
(1.13128 0.015305 0)
(1.12932 0.0152075 0)
(1.12737 0.0151177 0)
(1.12543 0.0150362 0)
(1.12349 0.0149633 0)
(1.12156 0.0149001 0)
(1.11964 0.0148463 0)
(1.11772 0.014804 0)
(1.1158 0.0147718 0)
(1.11388 0.0147538 0)
(1.11197 0.0147458 0)
(1.11006 0.0147563 0)
(1.10814 0.0147744 0)
(1.10623 0.0148193 0)
(1.1043 0.0148635 0)
(1.10239 0.0149512 0)
(1.10042 0.0150168 0)
(1.09852 0.0151622 0)
(1.09649 0.0152336 0)
(1.09462 0.0154643 0)
(1.09247 0.0155024 0)
(1.0907 0.0158753 0)
(1.0883 0.0157926 0)
(1.08677 0.0164245 0)
(1.08389 0.0160447 0)
(1.08291 0.0171396 0)
(1.07906 0.0163524 0)
(1.17827 0.0193754 0)
(1.17616 0.0191971 0)
(1.17404 0.0190168 0)
(1.17193 0.0188351 0)
(1.16982 0.0186528 0)
(1.16772 0.0184704 0)
(1.16563 0.0182884 0)
(1.16354 0.0181073 0)
(1.16146 0.0179277 0)
(1.15938 0.0177499 0)
(1.15731 0.0175743 0)
(1.15525 0.0174014 0)
(1.15319 0.0172315 0)
(1.15114 0.0170649 0)
(1.1491 0.0169019 0)
(1.14706 0.016743 0)
(1.14504 0.0165883 0)
(1.14302 0.0164382 0)
(1.14101 0.016293 0)
(1.13901 0.016153 0)
(1.13702 0.0160184 0)
(1.13503 0.0158897 0)
(1.13306 0.0157672 0)
(1.13109 0.0156513 0)
)
;

boundaryField
{
    inlet
    {
        type            uniformFixedValue;
        uniformValue    constant (1 0 0);
        value           nonuniform 0();
    }
    outlet
    {
        type            pressureInletOutletVelocity;
        value           nonuniform List<vector> 
51
(
(1.13862 0.000248227 0)
(1.13853 0.000737999 0)
(1.13837 0.00121708 0)
(1.13814 0.00168887 0)
(1.13783 0.00215411 0)
(1.13745 0.00261259 0)
(1.137 0.00306417 0)
(1.13649 0.00350884 0)
(1.13591 0.00394658 0)
(1.13527 0.00437739 0)
(1.13457 0.00480126 0)
(1.13382 0.00521818 0)
(1.13301 0.00562815 0)
(1.13216 0.00603118 0)
(1.13125 0.00642728 0)
(1.13029 0.00681645 0)
(1.12929 0.0071987 0)
(1.12824 0.00757406 0)
(1.12715 0.00794253 0)
(1.12602 0.00830415 0)
(1.12485 0.00865894 0)
(1.12365 0.00900692 0)
(1.12241 0.00934813 0)
(1.12113 0.0096826 0)
(1.11983 0.0100104 0)
(1.11849 0.0103315 0)
(1.11712 0.010646 0)
(1.11573 0.0109539 0)
(1.11431 0.0112553 0)
(1.11287 0.0115501 0)
(1.1114 0.0118386 0)
(1.10992 0.0121207 0)
(1.10841 0.0123965 0)
(1.10688 0.0126659 0)
(1.10533 0.0129292 0)
(1.10377 0.0131864 0)
(1.10219 0.0134374 0)
(1.1006 0.0136825 0)
(1.099 0.0139215 0)
(1.09738 0.0141547 0)
(1.09575 0.0143821 0)
(1.09411 0.0146038 0)
(1.09246 0.0148197 0)
(1.09081 0.0150301 0)
(1.08914 0.0152349 0)
(1.08747 0.0154343 0)
(1.0858 0.0156284 0)
(1.08412 0.0158171 0)
(1.08243 0.0160006 0)
(1.08075 0.016179 0)
(1.07906 0.0163524 0)
)
;
    }
    cylinder
    {
        type            fixedValue;
        value           nonuniform 0();
    }
    top
    {
        type            symmetryPlane;
    }
    bottom
    {
        type            symmetryPlane;
    }
    defaultFaces
    {
        type            empty;
    }
    procBoundary3to2
    {
        type            processor;
        value           nonuniform List<vector> 
47
(
(1.23499 0.000200361 0)
(1.23494 0.000598985 0)
(1.23485 0.000993665 0)
(1.23472 0.00138489 0)
(1.23454 0.0017731 0)
(1.23432 0.00215872 0)
(1.23405 0.00254214 0)
(1.23375 0.00292372 0)
(1.23341 0.00330376 0)
(1.23302 0.00368259 0)
(1.2326 0.00406046 0)
(1.23213 0.00443762 0)
(1.23162 0.00481428 0)
(1.23108 0.00519065 0)
(1.23049 0.00556689 0)
(1.22986 0.00594316 0)
(1.2292 0.00631958 0)
(1.22849 0.00669625 0)
(1.22774 0.00707327 0)
(1.22695 0.00745071 0)
(1.22612 0.00782862 0)
(1.22524 0.00820704 0)
(1.22433 0.00858599 0)
(1.22337 0.00896547 0)
(1.22237 0.00934549 0)
(1.22133 0.00972602 0)
(1.22025 0.010107 0)
(1.21913 0.0104885 0)
(1.21796 0.0108703 0)
(1.21676 0.0112525 0)
(1.21551 0.0116349 0)
(1.21422 0.0120175 0)
(1.21289 0.0124003 0)
(1.21152 0.012783 0)
(1.2101 0.0131656 0)
(1.20865 0.0135481 0)
(1.20716 0.0139303 0)
(1.20563 0.0143121 0)
(1.20406 0.0146933 0)
(1.20245 0.015074 0)
(1.20081 0.0154539 0)
(1.19912 0.015833 0)
(1.1974 0.0162111 0)
(1.19565 0.0165881 0)
(1.19386 0.016964 0)
(1.19203 0.0173384 0)
(1.19017 0.0177115 0)
)
;
    }
    procBoundary3to6
    {
        type            processor;
        value           nonuniform List<vector> 5((1.18828 0.018083 0) (1.18636 0.0184528 0) (1.1844 0.0188208 0) (1.18241 0.019187 0) (1.1804 0.0195511 0));
    }
    procBoundary3to7
    {
        type            processor;
        value           nonuniform List<vector> 
52
(
(1.12913 0.0155422 0)
(1.12718 0.0154405 0)
(1.12523 0.0153466 0)
(1.12329 0.0152612 0)
(1.12136 0.0151844 0)
(1.11944 0.0151174 0)
(1.11752 0.0150601 0)
(1.11561 0.0150143 0)
(1.1137 0.0149788 0)
(1.1118 0.0149577 0)
(1.1099 0.0149466 0)
(1.108 0.0149544 0)
(1.10609 0.0149697 0)
(1.1042 0.0150124 0)
(1.10228 0.015054 0)
(1.10039 0.0151403 0)
(1.09845 0.0152034 0)
(1.09657 0.0153483 0)
(1.09456 0.0154168 0)
(1.09271 0.0156489 0)
(1.09058 0.0156826 0)
(1.08883 0.0160601 0)
(1.08647 0.0159693 0)
(1.08495 0.0166125 0)
(1.08212 0.0162161 0)
(1.08116 0.0173355 0)
(1.07737 0.0165208 0)
(1.17622 0.0197318 0)
(1.17409 0.0195478 0)
(1.17196 0.0193618 0)
(1.16984 0.0191746 0)
(1.16772 0.0189867 0)
(1.16561 0.0187988 0)
(1.16351 0.0186113 0)
(1.16141 0.0184249 0)
(1.15932 0.0182398 0)
(1.15724 0.0180567 0)
(1.15516 0.0178758 0)
(1.15309 0.0176977 0)
(1.15103 0.0175225 0)
(1.14898 0.0173508 0)
(1.14693 0.0171828 0)
(1.1449 0.0170188 0)
(1.14287 0.0168592 0)
(1.14085 0.0167042 0)
(1.13884 0.0165542 0)
(1.13684 0.0164094 0)
(1.13485 0.0162702 0)
(1.13286 0.016137 0)
(1.13089 0.0160099 0)
(1.12913 0.0155422 0)
(1.12892 0.0158896 0)
)
;
    }
}


// ************************************************************************* //
