/*--------------------------------*- C++ -*----------------------------------*\
  =========                 |
  \\      /  F ield         | OpenFOAM: The Open Source CFD Toolbox
   \\    /   O peration     | Website:  https://openfoam.org
    \\  /    A nd           | Version:  7
     \\/     M anipulation  |
\*---------------------------------------------------------------------------*/
FoamFile
{
    version     2.0;
    format      ascii;
    class       faceList;
    location    "constant/polyMesh";
    object      faces;
}
// * * * * * * * * * * * * * * * * * * * * * * * * * * * * * * * * * * * * * //


2686
(
4(1 5 71 67)
4(4 70 71 5)
4(5 71 72 6)
4(4 9 75 70)
4(8 74 75 9)
4(5 10 76 71)
4(9 75 76 10)
4(10 76 77 11)
4(8 13 79 74)
4(12 78 79 13)
4(9 14 80 75)
4(13 79 80 14)
4(10 15 81 76)
4(14 80 81 15)
4(15 81 82 16)
4(13 19 85 79)
4(18 84 85 19)
4(14 20 86 80)
4(19 85 86 20)
4(15 21 87 81)
4(20 86 87 21)
4(21 87 88 22)
4(16 22 88 82)
4(18 24 90 84)
4(23 89 90 24)
4(19 25 91 85)
4(24 90 91 25)
4(20 26 92 86)
4(25 91 92 26)
4(21 27 93 87)
4(26 92 93 27)
4(27 93 94 28)
4(22 28 94 88)
4(24 31 97 90)
4(30 96 97 31)
4(25 32 98 91)
4(31 97 98 32)
4(26 33 99 92)
4(32 98 99 33)
4(27 34 100 93)
4(33 99 100 34)
4(34 100 101 35)
4(28 35 101 94)
4(30 37 103 96)
4(36 102 103 37)
4(31 38 104 97)
4(37 103 104 38)
4(32 39 105 98)
4(38 104 105 39)
4(33 40 106 99)
4(39 105 106 40)
4(34 41 107 100)
4(40 106 107 41)
4(41 107 108 42)
4(35 42 108 101)
4(37 44 110 103)
4(43 109 110 44)
4(38 45 111 104)
4(44 110 111 45)
4(39 46 112 105)
4(45 111 112 46)
4(40 47 113 106)
4(46 112 113 47)
4(41 48 114 107)
4(47 113 114 48)
4(48 114 115 49)
4(42 49 115 108)
4(44 52 118 110)
4(51 117 118 52)
4(45 53 119 111)
4(52 118 119 53)
4(46 54 120 112)
4(53 119 120 54)
4(47 55 121 113)
4(54 120 121 55)
4(48 56 122 114)
4(55 121 122 56)
4(56 122 123 57)
4(49 57 123 115)
4(51 59 125 117)
4(58 124 125 59)
4(52 60 126 118)
4(59 125 126 60)
4(53 61 127 119)
4(60 126 127 61)
4(54 62 128 120)
4(61 127 128 62)
4(55 63 129 121)
4(62 128 129 63)
4(56 64 130 122)
4(63 129 130 64)
4(64 130 131 65)
4(57 65 131 123)
4(59 133 317 125)
4(132 316 317 133)
4(60 134 318 126)
4(133 317 318 134)
4(61 135 319 127)
4(134 318 319 135)
4(62 136 320 128)
4(135 319 320 136)
4(63 137 321 129)
4(136 320 321 137)
4(64 138 322 130)
4(137 321 322 138)
4(138 322 323 139)
4(65 139 323 131)
4(133 141 325 317)
4(140 324 325 141)
4(134 142 326 318)
4(141 325 326 142)
4(135 143 327 319)
4(142 326 327 143)
4(136 144 328 320)
4(143 327 328 144)
4(137 145 329 321)
4(144 328 329 145)
4(138 146 330 322)
4(145 329 330 146)
4(146 330 331 147)
4(139 147 331 323)
4(141 149 333 325)
4(148 332 333 149)
4(142 150 334 326)
4(149 333 334 150)
4(143 151 335 327)
4(150 334 335 151)
4(144 152 336 328)
4(151 335 336 152)
4(145 153 337 329)
4(152 336 337 153)
4(146 154 338 330)
4(153 337 338 154)
4(154 338 339 155)
4(147 155 339 331)
4(149 158 342 333)
4(157 341 342 158)
4(150 159 343 334)
4(158 342 343 159)
4(151 160 344 335)
4(159 343 344 160)
4(152 161 345 336)
4(160 344 345 161)
4(153 162 346 337)
4(161 345 346 162)
4(154 163 347 338)
4(162 346 347 163)
4(163 347 348 164)
4(155 164 348 339)
4(157 166 350 341)
4(165 349 350 166)
4(158 167 351 342)
4(166 350 351 167)
4(159 168 352 343)
4(167 351 352 168)
4(160 169 353 344)
4(168 352 353 169)
4(161 170 354 345)
4(169 353 354 170)
4(162 171 355 346)
4(170 354 355 171)
4(163 172 356 347)
4(171 355 356 172)
4(172 356 357 173)
4(164 173 357 348)
4(166 175 359 350)
4(174 358 359 175)
4(167 176 360 351)
4(175 359 360 176)
4(168 177 361 352)
4(176 360 361 177)
4(169 178 362 353)
4(177 361 362 178)
4(170 179 363 354)
4(178 362 363 179)
4(171 180 364 355)
4(179 363 364 180)
4(172 181 365 356)
4(180 364 365 181)
4(181 365 366 182)
4(173 182 366 357)
4(175 184 368 359)
4(183 367 368 184)
4(176 185 369 360)
4(184 368 369 185)
4(177 186 370 361)
4(185 369 370 186)
4(178 187 371 362)
4(186 370 371 187)
4(179 188 372 363)
4(187 371 372 188)
4(180 189 373 364)
4(188 372 373 189)
4(181 190 374 365)
4(189 373 374 190)
4(190 374 375 191)
4(182 191 375 366)
4(184 193 377 368)
4(192 376 377 193)
4(185 194 378 369)
4(193 377 378 194)
4(186 195 379 370)
4(194 378 379 195)
4(187 196 380 371)
4(195 379 380 196)
4(188 197 381 372)
4(196 380 381 197)
4(189 198 382 373)
4(197 381 382 198)
4(190 199 383 374)
4(198 382 383 199)
4(199 383 384 200)
4(191 200 384 375)
4(193 202 386 377)
4(201 385 386 202)
4(194 203 387 378)
4(202 386 387 203)
4(195 204 388 379)
4(203 387 388 204)
4(196 205 389 380)
4(204 388 389 205)
4(197 206 390 381)
4(205 389 390 206)
4(198 207 391 382)
4(206 390 391 207)
4(199 208 392 383)
4(207 391 392 208)
4(208 392 393 209)
4(200 209 393 384)
4(202 211 395 386)
4(210 394 395 211)
4(203 212 396 387)
4(211 395 396 212)
4(204 213 397 388)
4(212 396 397 213)
4(205 214 398 389)
4(213 397 398 214)
4(206 215 399 390)
4(214 398 399 215)
4(207 216 400 391)
4(215 399 400 216)
4(208 217 401 392)
4(216 400 401 217)
4(217 401 402 218)
4(209 218 402 393)
4(211 220 404 395)
4(219 403 404 220)
4(212 221 405 396)
4(220 404 405 221)
4(213 222 406 397)
4(221 405 406 222)
4(214 223 407 398)
4(222 406 407 223)
4(215 224 408 399)
4(223 407 408 224)
4(216 225 409 400)
4(224 408 409 225)
4(217 226 410 401)
4(225 409 410 226)
4(226 410 411 227)
4(218 227 411 402)
4(220 230 414 404)
4(229 413 414 230)
4(221 231 415 405)
4(230 414 415 231)
4(222 232 416 406)
4(231 415 416 232)
4(223 233 417 407)
4(232 416 417 233)
4(224 234 418 408)
4(233 417 418 234)
4(225 235 419 409)
4(234 418 419 235)
4(226 236 420 410)
4(235 419 420 236)
4(236 420 421 237)
4(227 237 421 411)
4(229 239 423 413)
4(238 422 423 239)
4(230 240 424 414)
4(239 423 424 240)
4(231 241 425 415)
4(240 424 425 241)
4(232 242 426 416)
4(241 425 426 242)
4(233 243 427 417)
4(242 426 427 243)
4(234 244 428 418)
4(243 427 428 244)
4(235 245 429 419)
4(244 428 429 245)
4(236 246 430 420)
4(245 429 430 246)
4(246 430 431 247)
4(237 247 431 421)
4(239 249 433 423)
4(248 432 433 249)
4(240 250 434 424)
4(249 433 434 250)
4(241 251 435 425)
4(250 434 435 251)
4(242 252 436 426)
4(251 435 436 252)
4(243 253 437 427)
4(252 436 437 253)
4(244 254 438 428)
4(253 437 438 254)
4(245 255 439 429)
4(254 438 439 255)
4(246 256 440 430)
4(255 439 440 256)
4(256 440 441 257)
4(247 257 441 431)
4(249 259 443 433)
4(258 442 443 259)
4(250 260 444 434)
4(259 443 444 260)
4(251 261 445 435)
4(260 444 445 261)
4(252 262 446 436)
4(261 445 446 262)
4(253 263 447 437)
4(262 446 447 263)
4(254 264 448 438)
4(263 447 448 264)
4(255 265 449 439)
4(264 448 449 265)
4(256 266 450 440)
4(265 449 450 266)
4(266 450 451 267)
4(257 267 451 441)
4(259 269 453 443)
4(268 452 453 269)
4(260 270 454 444)
4(269 453 454 270)
4(261 271 455 445)
4(270 454 455 271)
4(262 272 456 446)
4(271 455 456 272)
4(263 273 457 447)
4(272 456 457 273)
4(264 274 458 448)
4(273 457 458 274)
4(265 275 459 449)
4(274 458 459 275)
4(266 276 460 450)
4(275 459 460 276)
4(276 460 461 277)
4(267 277 461 451)
4(269 279 463 453)
4(278 462 463 279)
4(270 280 464 454)
4(279 463 464 280)
4(271 281 465 455)
4(280 464 465 281)
4(272 282 466 456)
4(281 465 466 282)
4(273 283 467 457)
4(282 466 467 283)
4(274 284 468 458)
4(283 467 468 284)
4(275 285 469 459)
4(284 468 469 285)
4(276 286 470 460)
4(285 469 470 286)
4(286 470 471 287)
4(277 287 471 461)
4(279 289 473 463)
4(288 472 473 289)
4(280 290 474 464)
4(289 473 474 290)
4(281 291 475 465)
4(290 474 475 291)
4(282 292 476 466)
4(291 475 476 292)
4(283 293 477 467)
4(292 476 477 293)
4(284 294 478 468)
4(293 477 478 294)
4(285 295 479 469)
4(294 478 479 295)
4(286 296 480 470)
4(295 479 480 296)
4(296 480 481 297)
4(287 297 481 471)
4(289 299 483 473)
4(290 300 484 474)
4(291 301 485 475)
4(300 484 485 301)
4(292 302 486 476)
4(301 485 486 302)
4(293 303 487 477)
4(302 486 487 303)
4(294 304 488 478)
4(303 487 488 304)
4(295 305 489 479)
4(304 488 489 305)
4(296 306 490 480)
4(305 489 490 306)
4(306 490 491 307)
4(297 307 491 481)
4(301 309 493 485)
4(302 310 494 486)
4(303 311 495 487)
4(304 312 496 488)
4(305 313 497 489)
4(306 314 498 490)
4(307 315 499 491)
4(57 501 536 123)
4(500 535 536 501)
4(65 131 535 500)
4(49 502 537 115)
4(501 536 537 502)
4(42 503 538 108)
4(502 537 538 503)
4(35 504 539 101)
4(503 538 539 504)
4(28 505 540 94)
4(504 539 540 505)
4(22 506 541 88)
4(505 540 541 506)
4(501 509 544 536)
4(508 543 544 509)
4(500 535 543 508)
4(502 510 545 537)
4(509 544 545 510)
4(503 511 546 538)
4(510 545 546 511)
4(504 512 547 539)
4(511 546 547 512)
4(505 513 548 540)
4(512 547 548 513)
4(509 516 551 544)
4(515 550 551 516)
4(508 543 550 515)
4(510 517 552 545)
4(516 551 552 517)
4(511 518 553 546)
4(517 552 553 518)
4(512 519 554 547)
4(518 553 554 519)
4(516 522 557 551)
4(521 556 557 522)
4(515 550 556 521)
4(517 523 558 552)
4(522 557 558 523)
4(518 524 559 553)
4(523 558 559 524)
4(522 527 562 557)
4(526 561 562 527)
4(521 556 561 526)
4(523 528 563 558)
4(527 562 563 528)
4(527 531 566 562)
4(530 565 566 531)
4(526 561 565 530)
4(530 565 568 533)
4(571 586 720 705)
4(585 719 720 586)
4(570 571 705 704)
4(572 587 721 706)
4(586 720 721 587)
4(571 572 706 705)
4(573 588 722 707)
4(587 721 722 588)
4(572 573 707 706)
4(574 589 723 708)
4(588 722 723 589)
4(573 574 708 707)
4(575 590 724 709)
4(589 723 724 590)
4(574 575 709 708)
4(576 591 725 710)
4(590 724 725 591)
4(575 576 710 709)
4(577 592 726 711)
4(591 725 726 592)
4(576 577 711 710)
4(578 593 727 712)
4(592 726 727 593)
4(577 578 712 711)
4(579 594 728 713)
4(593 727 728 594)
4(578 579 713 712)
4(580 595 729 714)
4(594 728 729 595)
4(579 580 714 713)
4(581 596 730 715)
4(595 729 730 596)
4(580 581 715 714)
4(582 597 731 716)
4(596 730 731 597)
4(581 582 716 715)
4(583 598 732 717)
4(597 731 732 598)
4(582 583 717 716)
4(584 599 733 718)
4(598 732 733 599)
4(583 584 718 717)
4(599 733 535 500)
4(584 65 131 718)
4(586 601 735 720)
4(600 734 735 601)
4(587 602 736 721)
4(601 735 736 602)
4(588 603 737 722)
4(602 736 737 603)
4(589 604 738 723)
4(603 737 738 604)
4(590 605 739 724)
4(604 738 739 605)
4(591 606 740 725)
4(605 739 740 606)
4(592 607 741 726)
4(606 740 741 607)
4(593 608 742 727)
4(607 741 742 608)
4(594 609 743 728)
4(608 742 743 609)
4(595 610 744 729)
4(609 743 744 610)
4(596 611 745 730)
4(610 744 745 611)
4(597 612 746 731)
4(611 745 746 612)
4(598 613 747 732)
4(612 746 747 613)
4(599 614 748 733)
4(613 747 748 614)
4(614 748 543 508)
4(601 616 750 735)
4(615 749 750 616)
4(602 617 751 736)
4(616 750 751 617)
4(603 618 752 737)
4(617 751 752 618)
4(604 619 753 738)
4(618 752 753 619)
4(605 620 754 739)
4(619 753 754 620)
4(606 621 755 740)
4(620 754 755 621)
4(607 622 756 741)
4(621 755 756 622)
4(608 623 757 742)
4(622 756 757 623)
4(609 624 758 743)
4(623 757 758 624)
4(610 625 759 744)
4(624 758 759 625)
4(611 626 760 745)
4(625 759 760 626)
4(612 627 761 746)
4(626 760 761 627)
4(613 628 762 747)
4(627 761 762 628)
4(614 629 763 748)
4(628 762 763 629)
4(629 763 550 515)
4(616 631 765 750)
4(630 764 765 631)
4(617 632 766 751)
4(631 765 766 632)
4(618 633 767 752)
4(632 766 767 633)
4(619 634 768 753)
4(633 767 768 634)
4(620 635 769 754)
4(634 768 769 635)
4(621 636 770 755)
4(635 769 770 636)
4(622 637 771 756)
4(636 770 771 637)
4(623 638 772 757)
4(637 771 772 638)
4(624 639 773 758)
4(638 772 773 639)
4(625 640 774 759)
4(639 773 774 640)
4(626 641 775 760)
4(640 774 775 641)
4(627 642 776 761)
4(641 775 776 642)
4(628 643 777 762)
4(642 776 777 643)
4(629 644 778 763)
4(643 777 778 644)
4(644 778 556 521)
4(631 646 780 765)
4(645 779 780 646)
4(632 647 781 766)
4(646 780 781 647)
4(633 648 782 767)
4(647 781 782 648)
4(634 649 783 768)
4(648 782 783 649)
4(635 650 784 769)
4(649 783 784 650)
4(636 651 785 770)
4(650 784 785 651)
4(637 652 786 771)
4(651 785 786 652)
4(638 653 787 772)
4(652 786 787 653)
4(639 654 788 773)
4(653 787 788 654)
4(640 655 789 774)
4(654 788 789 655)
4(641 656 790 775)
4(655 789 790 656)
4(642 657 791 776)
4(656 790 791 657)
4(643 658 792 777)
4(657 791 792 658)
4(644 659 793 778)
4(658 792 793 659)
4(659 793 561 526)
4(646 661 795 780)
4(660 794 795 661)
4(647 662 796 781)
4(661 795 796 662)
4(648 663 797 782)
4(662 796 797 663)
4(649 664 798 783)
4(663 797 798 664)
4(650 665 799 784)
4(664 798 799 665)
4(651 666 800 785)
4(665 799 800 666)
4(652 667 801 786)
4(666 800 801 667)
4(653 668 802 787)
4(667 801 802 668)
4(654 669 803 788)
4(668 802 803 669)
4(655 670 804 789)
4(669 803 804 670)
4(656 671 805 790)
4(670 804 805 671)
4(657 672 806 791)
4(671 805 806 672)
4(658 673 807 792)
4(672 806 807 673)
4(659 674 808 793)
4(673 807 808 674)
4(674 808 565 530)
4(661 676 810 795)
4(675 809 810 676)
4(662 677 811 796)
4(676 810 811 677)
4(663 678 812 797)
4(677 811 812 678)
4(664 679 813 798)
4(678 812 813 679)
4(665 680 814 799)
4(679 813 814 680)
4(666 681 815 800)
4(680 814 815 681)
4(667 682 816 801)
4(681 815 816 682)
4(668 683 817 802)
4(682 816 817 683)
4(669 684 818 803)
4(683 817 818 684)
4(670 685 819 804)
4(684 818 819 685)
4(671 686 820 805)
4(685 819 820 686)
4(672 687 821 806)
4(686 820 821 687)
4(673 688 822 807)
4(687 821 822 688)
4(674 689 823 808)
4(676 691 825 810)
4(677 692 826 811)
4(678 693 827 812)
4(679 694 828 813)
4(680 695 829 814)
4(681 696 830 815)
4(682 697 831 816)
4(683 698 832 817)
4(684 699 833 818)
4(685 700 834 819)
4(686 701 835 820)
4(687 702 836 821)
4(839 854 1154 1139)
4(853 1153 1154 854)
4(840 855 1155 1140)
4(854 1154 1155 855)
4(841 856 1156 1141)
4(855 1155 1156 856)
4(842 857 1157 1142)
4(856 1156 1157 857)
4(843 858 1158 1143)
4(857 1157 1158 858)
4(844 859 1159 1144)
4(858 1158 1159 859)
4(845 860 1160 1145)
4(859 1159 1160 860)
4(846 861 1161 1146)
4(860 1160 1161 861)
4(847 862 1162 1147)
4(861 1161 1162 862)
4(848 863 1163 1148)
4(862 1162 1163 863)
4(849 864 1164 1149)
4(863 1163 1164 864)
4(850 865 1165 1150)
4(864 1164 1165 865)
4(851 866 1166 1151)
4(865 1165 1166 866)
4(852 867 1167 1152)
4(866 1166 1167 867)
4(867 1167 491 307)
4(854 869 1169 1154)
4(868 1168 1169 869)
4(855 870 1170 1155)
4(869 1169 1170 870)
4(856 871 1171 1156)
4(870 1170 1171 871)
4(857 872 1172 1157)
4(871 1171 1172 872)
4(858 873 1173 1158)
4(872 1172 1173 873)
4(859 874 1174 1159)
4(873 1173 1174 874)
4(860 875 1175 1160)
4(874 1174 1175 875)
4(861 876 1176 1161)
4(875 1175 1176 876)
4(862 877 1177 1162)
4(876 1176 1177 877)
4(863 878 1178 1163)
4(877 1177 1178 878)
4(864 879 1179 1164)
4(878 1178 1179 879)
4(865 880 1180 1165)
4(879 1179 1180 880)
4(866 881 1181 1166)
4(880 1180 1181 881)
4(867 882 1182 1167)
4(881 1181 1182 882)
4(882 1182 481 297)
4(869 884 1184 1169)
4(883 1183 1184 884)
4(870 885 1185 1170)
4(884 1184 1185 885)
4(871 886 1186 1171)
4(885 1185 1186 886)
4(872 887 1187 1172)
4(886 1186 1187 887)
4(873 888 1188 1173)
4(887 1187 1188 888)
4(874 889 1189 1174)
4(888 1188 1189 889)
4(875 890 1190 1175)
4(889 1189 1190 890)
4(876 891 1191 1176)
4(890 1190 1191 891)
4(877 892 1192 1177)
4(891 1191 1192 892)
4(878 893 1193 1178)
4(892 1192 1193 893)
4(879 894 1194 1179)
4(893 1193 1194 894)
4(880 895 1195 1180)
4(894 1194 1195 895)
4(881 896 1196 1181)
4(895 1195 1196 896)
4(882 897 1197 1182)
4(896 1196 1197 897)
4(897 1197 471 287)
4(884 899 1199 1184)
4(898 1198 1199 899)
4(885 900 1200 1185)
4(899 1199 1200 900)
4(886 901 1201 1186)
4(900 1200 1201 901)
4(887 902 1202 1187)
4(901 1201 1202 902)
4(888 903 1203 1188)
4(902 1202 1203 903)
4(889 904 1204 1189)
4(903 1203 1204 904)
4(890 905 1205 1190)
4(904 1204 1205 905)
4(891 906 1206 1191)
4(905 1205 1206 906)
4(892 907 1207 1192)
4(906 1206 1207 907)
4(893 908 1208 1193)
4(907 1207 1208 908)
4(894 909 1209 1194)
4(908 1208 1209 909)
4(895 910 1210 1195)
4(909 1209 1210 910)
4(896 911 1211 1196)
4(910 1210 1211 911)
4(897 912 1212 1197)
4(911 1211 1212 912)
4(912 1212 461 277)
4(899 914 1214 1199)
4(913 1213 1214 914)
4(900 915 1215 1200)
4(914 1214 1215 915)
4(901 916 1216 1201)
4(915 1215 1216 916)
4(902 917 1217 1202)
4(916 1216 1217 917)
4(903 918 1218 1203)
4(917 1217 1218 918)
4(904 919 1219 1204)
4(918 1218 1219 919)
4(905 920 1220 1205)
4(919 1219 1220 920)
4(906 921 1221 1206)
4(920 1220 1221 921)
4(907 922 1222 1207)
4(921 1221 1222 922)
4(908 923 1223 1208)
4(922 1222 1223 923)
4(909 924 1224 1209)
4(923 1223 1224 924)
4(910 925 1225 1210)
4(924 1224 1225 925)
4(911 926 1226 1211)
4(925 1225 1226 926)
4(912 927 1227 1212)
4(926 1226 1227 927)
4(927 1227 451 267)
4(914 929 1229 1214)
4(928 1228 1229 929)
4(915 930 1230 1215)
4(929 1229 1230 930)
4(916 931 1231 1216)
4(930 1230 1231 931)
4(917 932 1232 1217)
4(931 1231 1232 932)
4(918 933 1233 1218)
4(932 1232 1233 933)
4(919 934 1234 1219)
4(933 1233 1234 934)
4(920 935 1235 1220)
4(934 1234 1235 935)
4(921 936 1236 1221)
4(935 1235 1236 936)
4(922 937 1237 1222)
4(936 1236 1237 937)
4(923 938 1238 1223)
4(937 1237 1238 938)
4(924 939 1239 1224)
4(938 1238 1239 939)
4(925 940 1240 1225)
4(939 1239 1240 940)
4(926 941 1241 1226)
4(940 1240 1241 941)
4(927 942 1242 1227)
4(941 1241 1242 942)
4(942 1242 441 257)
4(929 944 1244 1229)
4(943 1243 1244 944)
4(930 945 1245 1230)
4(944 1244 1245 945)
4(931 946 1246 1231)
4(945 1245 1246 946)
4(932 947 1247 1232)
4(946 1246 1247 947)
4(933 948 1248 1233)
4(947 1247 1248 948)
4(934 949 1249 1234)
4(948 1248 1249 949)
4(935 950 1250 1235)
4(949 1249 1250 950)
4(936 951 1251 1236)
4(950 1250 1251 951)
4(937 952 1252 1237)
4(951 1251 1252 952)
4(938 953 1253 1238)
4(952 1252 1253 953)
4(939 954 1254 1239)
4(953 1253 1254 954)
4(940 955 1255 1240)
4(954 1254 1255 955)
4(941 956 1256 1241)
4(955 1255 1256 956)
4(942 957 1257 1242)
4(956 1256 1257 957)
4(957 1257 431 247)
4(944 959 1259 1244)
4(958 1258 1259 959)
4(945 960 1260 1245)
4(959 1259 1260 960)
4(946 961 1261 1246)
4(960 1260 1261 961)
4(947 962 1262 1247)
4(961 1261 1262 962)
4(948 963 1263 1248)
4(962 1262 1263 963)
4(949 964 1264 1249)
4(963 1263 1264 964)
4(950 965 1265 1250)
4(964 1264 1265 965)
4(951 966 1266 1251)
4(965 1265 1266 966)
4(952 967 1267 1252)
4(966 1266 1267 967)
4(953 968 1268 1253)
4(967 1267 1268 968)
4(954 969 1269 1254)
4(968 1268 1269 969)
4(955 970 1270 1255)
4(969 1269 1270 970)
4(956 971 1271 1256)
4(970 1270 1271 971)
4(957 972 1272 1257)
4(971 1271 1272 972)
4(972 1272 421 237)
4(959 974 1274 1259)
4(973 1273 1274 974)
4(960 975 1275 1260)
4(974 1274 1275 975)
4(961 976 1276 1261)
4(975 1275 1276 976)
4(962 977 1277 1262)
4(976 1276 1277 977)
4(963 978 1278 1263)
4(977 1277 1278 978)
4(964 979 1279 1264)
4(978 1278 1279 979)
4(965 980 1280 1265)
4(979 1279 1280 980)
4(966 981 1281 1266)
4(980 1280 1281 981)
4(967 982 1282 1267)
4(981 1281 1282 982)
4(968 983 1283 1268)
4(982 1282 1283 983)
4(969 984 1284 1269)
4(983 1283 1284 984)
4(970 985 1285 1270)
4(984 1284 1285 985)
4(971 986 1286 1271)
4(985 1285 1286 986)
4(972 987 1287 1272)
4(986 1286 1287 987)
4(987 1287 411 227)
4(974 989 1289 1274)
4(988 1288 1289 989)
4(975 990 1290 1275)
4(989 1289 1290 990)
4(976 991 1291 1276)
4(990 1290 1291 991)
4(977 992 1292 1277)
4(991 1291 1292 992)
4(978 993 1293 1278)
4(992 1292 1293 993)
4(979 994 1294 1279)
4(993 1293 1294 994)
4(980 995 1295 1280)
4(994 1294 1295 995)
4(981 996 1296 1281)
4(995 1295 1296 996)
4(982 997 1297 1282)
4(996 1296 1297 997)
4(983 998 1298 1283)
4(997 1297 1298 998)
4(984 999 1299 1284)
4(998 1298 1299 999)
4(985 1000 1300 1285)
4(999 1299 1300 1000)
4(986 1001 1301 1286)
4(1000 1300 1301 1001)
4(987 1002 1302 1287)
4(1001 1301 1302 1002)
4(1002 1302 402 218)
4(989 1004 1304 1289)
4(1003 1303 1304 1004)
4(990 1005 1305 1290)
4(1004 1304 1305 1005)
4(991 1006 1306 1291)
4(1005 1305 1306 1006)
4(992 1007 1307 1292)
4(1006 1306 1307 1007)
4(993 1008 1308 1293)
4(1007 1307 1308 1008)
4(994 1009 1309 1294)
4(1008 1308 1309 1009)
4(995 1010 1310 1295)
4(1009 1309 1310 1010)
4(996 1011 1311 1296)
4(1010 1310 1311 1011)
4(997 1012 1312 1297)
4(1011 1311 1312 1012)
4(998 1013 1313 1298)
4(1012 1312 1313 1013)
4(999 1014 1314 1299)
4(1013 1313 1314 1014)
4(1000 1015 1315 1300)
4(1014 1314 1315 1015)
4(1001 1016 1316 1301)
4(1015 1315 1316 1016)
4(1002 1017 1317 1302)
4(1016 1316 1317 1017)
4(1017 1317 393 209)
4(1004 1019 1319 1304)
4(1018 1318 1319 1019)
4(1005 1020 1320 1305)
4(1019 1319 1320 1020)
4(1006 1021 1321 1306)
4(1020 1320 1321 1021)
4(1007 1022 1322 1307)
4(1021 1321 1322 1022)
4(1008 1023 1323 1308)
4(1022 1322 1323 1023)
4(1009 1024 1324 1309)
4(1023 1323 1324 1024)
4(1010 1025 1325 1310)
4(1024 1324 1325 1025)
4(1011 1026 1326 1311)
4(1025 1325 1326 1026)
4(1012 1027 1327 1312)
4(1026 1326 1327 1027)
4(1013 1028 1328 1313)
4(1027 1327 1328 1028)
4(1014 1029 1329 1314)
4(1028 1328 1329 1029)
4(1015 1030 1330 1315)
4(1029 1329 1330 1030)
4(1016 1031 1331 1316)
4(1030 1330 1331 1031)
4(1017 1032 1332 1317)
4(1031 1331 1332 1032)
4(1032 1332 384 200)
4(1019 1034 1334 1319)
4(1033 1333 1334 1034)
4(1020 1035 1335 1320)
4(1034 1334 1335 1035)
4(1021 1036 1336 1321)
4(1035 1335 1336 1036)
4(1022 1037 1337 1322)
4(1036 1336 1337 1037)
4(1023 1038 1338 1323)
4(1037 1337 1338 1038)
4(1024 1039 1339 1324)
4(1038 1338 1339 1039)
4(1025 1040 1340 1325)
4(1039 1339 1340 1040)
4(1026 1041 1341 1326)
4(1040 1340 1341 1041)
4(1027 1042 1342 1327)
4(1041 1341 1342 1042)
4(1028 1043 1343 1328)
4(1042 1342 1343 1043)
4(1029 1044 1344 1329)
4(1043 1343 1344 1044)
4(1030 1045 1345 1330)
4(1044 1344 1345 1045)
4(1031 1046 1346 1331)
4(1045 1345 1346 1046)
4(1032 1047 1347 1332)
4(1046 1346 1347 1047)
4(1047 1347 375 191)
4(1034 1049 1349 1334)
4(1048 1348 1349 1049)
4(1035 1050 1350 1335)
4(1049 1349 1350 1050)
4(1036 1051 1351 1336)
4(1050 1350 1351 1051)
4(1037 1052 1352 1337)
4(1051 1351 1352 1052)
4(1038 1053 1353 1338)
4(1052 1352 1353 1053)
4(1039 1054 1354 1339)
4(1053 1353 1354 1054)
4(1040 1055 1355 1340)
4(1054 1354 1355 1055)
4(1041 1056 1356 1341)
4(1055 1355 1356 1056)
4(1042 1057 1357 1342)
4(1056 1356 1357 1057)
4(1043 1058 1358 1343)
4(1057 1357 1358 1058)
4(1044 1059 1359 1344)
4(1058 1358 1359 1059)
4(1045 1060 1360 1345)
4(1059 1359 1360 1060)
4(1046 1061 1361 1346)
4(1060 1360 1361 1061)
4(1047 1062 1362 1347)
4(1061 1361 1362 1062)
4(1062 1362 366 182)
4(1049 1064 1364 1349)
4(1063 1363 1364 1064)
4(1050 1065 1365 1350)
4(1064 1364 1365 1065)
4(1051 1066 1366 1351)
4(1065 1365 1366 1066)
4(1052 1067 1367 1352)
4(1066 1366 1367 1067)
4(1053 1068 1368 1353)
4(1067 1367 1368 1068)
4(1054 1069 1369 1354)
4(1068 1368 1369 1069)
4(1055 1070 1370 1355)
4(1069 1369 1370 1070)
4(1056 1071 1371 1356)
4(1070 1370 1371 1071)
4(1057 1072 1372 1357)
4(1071 1371 1372 1072)
4(1058 1073 1373 1358)
4(1072 1372 1373 1073)
4(1059 1074 1374 1359)
4(1073 1373 1374 1074)
4(1060 1075 1375 1360)
4(1074 1374 1375 1075)
4(1061 1076 1376 1361)
4(1075 1375 1376 1076)
4(1062 1077 1377 1362)
4(1076 1376 1377 1077)
4(1077 1377 357 173)
4(1064 1079 1379 1364)
4(1078 1378 1379 1079)
4(1065 1080 1380 1365)
4(1079 1379 1380 1080)
4(1066 1081 1381 1366)
4(1080 1380 1381 1081)
4(1067 1082 1382 1367)
4(1081 1381 1382 1082)
4(1068 1083 1383 1368)
4(1082 1382 1383 1083)
4(1069 1084 1384 1369)
4(1083 1383 1384 1084)
4(1070 1085 1385 1370)
4(1084 1384 1385 1085)
4(1071 1086 1386 1371)
4(1085 1385 1386 1086)
4(1072 1087 1387 1372)
4(1086 1386 1387 1087)
4(1073 1088 1388 1373)
4(1087 1387 1388 1088)
4(1074 1089 1389 1374)
4(1088 1388 1389 1089)
4(1075 1090 1390 1375)
4(1089 1389 1390 1090)
4(1076 1091 1391 1376)
4(1090 1390 1391 1091)
4(1077 1092 1392 1377)
4(1091 1391 1392 1092)
4(1092 1392 348 164)
4(1079 1094 1394 1379)
4(1093 1393 1394 1094)
4(1080 1095 1395 1380)
4(1094 1394 1395 1095)
4(1081 1096 1396 1381)
4(1095 1395 1396 1096)
4(1082 1097 1397 1382)
4(1096 1396 1397 1097)
4(1083 1098 1398 1383)
4(1097 1397 1398 1098)
4(1084 1099 1399 1384)
4(1098 1398 1399 1099)
4(1085 1100 1400 1385)
4(1099 1399 1400 1100)
4(1086 1101 1401 1386)
4(1100 1400 1401 1101)
4(1087 1102 1402 1387)
4(1101 1401 1402 1102)
4(1088 1103 1403 1388)
4(1102 1402 1403 1103)
4(1089 1104 1404 1389)
4(1103 1403 1404 1104)
4(1090 1105 1405 1390)
4(1104 1404 1405 1105)
4(1091 1106 1406 1391)
4(1105 1405 1406 1106)
4(1092 1107 1407 1392)
4(1106 1406 1407 1107)
4(1107 1407 339 155)
4(1094 1109 1409 1394)
4(1108 1408 1409 1109)
4(1095 1110 1410 1395)
4(1109 1409 1410 1110)
4(1096 1111 1411 1396)
4(1110 1410 1411 1111)
4(1097 1112 1412 1397)
4(1111 1411 1412 1112)
4(1098 1113 1413 1398)
4(1112 1412 1413 1113)
4(1099 1114 1414 1399)
4(1113 1413 1414 1114)
4(1100 1115 1415 1400)
4(1114 1414 1415 1115)
4(1101 1116 1416 1401)
4(1115 1415 1416 1116)
4(1102 1117 1417 1402)
4(1116 1416 1417 1117)
4(1103 1118 1418 1403)
4(1117 1417 1418 1118)
4(1104 1119 1419 1404)
4(1118 1418 1419 1119)
4(1105 1120 1420 1405)
4(1119 1419 1420 1120)
4(1106 1121 1421 1406)
4(1120 1420 1421 1121)
4(1107 1122 1422 1407)
4(1121 1421 1422 1122)
4(1122 1422 331 147)
4(1109 1124 1424 1409)
4(1123 1423 1424 1124)
4(1110 1125 1425 1410)
4(1124 1424 1425 1125)
4(1111 1126 1426 1411)
4(1125 1425 1426 1126)
4(1112 1127 1427 1412)
4(1126 1426 1427 1127)
4(1113 1128 1428 1413)
4(1127 1427 1428 1128)
4(1114 1129 1429 1414)
4(1128 1428 1429 1129)
4(1115 1130 1430 1415)
4(1129 1429 1430 1130)
4(1116 1131 1431 1416)
4(1130 1430 1431 1131)
4(1117 1132 1432 1417)
4(1131 1431 1432 1132)
4(1118 1133 1433 1418)
4(1132 1432 1433 1133)
4(1119 1134 1434 1419)
4(1133 1433 1434 1134)
4(1120 1135 1435 1420)
4(1134 1434 1435 1135)
4(1121 1136 1436 1421)
4(1135 1435 1436 1136)
4(1122 1137 1437 1422)
4(1136 1436 1437 1137)
4(1137 1437 323 139)
4(1124 571 705 1424)
4(1125 572 706 1425)
4(1126 573 707 1426)
4(1127 574 708 1427)
4(1128 575 709 1428)
4(1129 576 710 1429)
4(1130 577 711 1430)
4(1131 578 712 1431)
4(1132 579 713 1432)
4(1133 580 714 1433)
4(1134 581 715 1434)
4(1135 582 716 1435)
4(1136 583 717 1436)
4(1137 584 718 1437)
4(570 704 719 585)
4(585 719 734 600)
4(600 734 749 615)
4(615 749 764 630)
4(630 764 779 645)
4(645 779 794 660)
4(660 794 809 675)
4(675 809 824 690)
4(838 1138 1153 853)
4(853 1153 1168 868)
4(868 1168 1183 883)
4(883 1183 1198 898)
4(898 1198 1213 913)
4(913 1213 1228 928)
4(928 1228 1243 943)
4(943 1243 1258 958)
4(958 1258 1273 973)
4(973 1273 1288 988)
4(988 1288 1303 1003)
4(1003 1303 1318 1018)
4(1018 1318 1333 1033)
4(1033 1333 1348 1048)
4(1048 1348 1363 1063)
4(1063 1363 1378 1078)
4(1078 1378 1393 1093)
4(1093 1393 1408 1108)
4(1108 1408 1423 1123)
4(1123 1423 704 570)
4(50 58 59 51)
4(29 36 37 30)
4(36 43 44 37)
4(43 51 52 44)
4(51 59 60 52)
4(17 23 24 18)
4(23 30 31 24)
4(30 37 38 31)
4(37 44 45 38)
4(44 52 53 45)
4(52 60 61 53)
4(7 12 13 8)
4(12 18 19 13)
4(18 24 25 19)
4(24 31 32 25)
4(31 38 39 32)
4(38 45 46 39)
4(45 53 54 46)
4(53 61 62 54)
4(3 8 9 4)
4(8 13 14 9)
4(13 19 20 14)
4(19 25 26 20)
4(25 32 33 26)
4(32 39 40 33)
4(39 46 47 40)
4(46 54 55 47)
4(54 62 63 55)
4(0 4 5 1)
4(4 9 10 5)
4(9 14 15 10)
4(14 20 21 15)
4(20 26 27 21)
4(26 33 34 27)
4(33 40 41 34)
4(40 47 48 41)
4(47 55 56 48)
4(55 63 64 56)
4(1 5 6 2)
4(5 10 11 6)
4(10 15 16 11)
4(15 21 22 16)
4(21 27 28 22)
4(27 34 35 28)
4(34 41 42 35)
4(41 48 49 42)
4(48 56 57 49)
4(56 64 65 57)
4(116 117 125 124)
4(95 96 103 102)
4(102 103 110 109)
4(109 110 118 117)
4(117 118 126 125)
4(83 84 90 89)
4(89 90 97 96)
4(96 97 104 103)
4(103 104 111 110)
4(110 111 119 118)
4(118 119 127 126)
4(73 74 79 78)
4(78 79 85 84)
4(84 85 91 90)
4(90 91 98 97)
4(97 98 105 104)
4(104 105 112 111)
4(111 112 120 119)
4(119 120 128 127)
4(69 70 75 74)
4(74 75 80 79)
4(79 80 86 85)
4(85 86 92 91)
4(91 92 99 98)
4(98 99 106 105)
4(105 106 113 112)
4(112 113 121 120)
4(120 121 129 128)
4(66 67 71 70)
4(70 71 76 75)
4(75 76 81 80)
4(80 81 87 86)
4(86 87 93 92)
4(92 93 100 99)
4(99 100 107 106)
4(106 107 114 113)
4(113 114 122 121)
4(121 122 130 129)
4(67 68 72 71)
4(71 72 77 76)
4(76 77 82 81)
4(81 82 88 87)
4(87 88 94 93)
4(93 94 101 100)
4(100 101 108 107)
4(107 108 115 114)
4(114 115 123 122)
4(122 123 131 130)
4(228 238 239 229)
4(238 248 249 239)
4(248 258 259 249)
4(258 268 269 259)
4(268 278 279 269)
4(278 288 289 279)
4(288 298 299 289)
4(156 165 166 157)
4(165 174 175 166)
4(174 183 184 175)
4(183 192 193 184)
4(192 201 202 193)
4(201 210 211 202)
4(210 219 220 211)
4(219 229 230 220)
4(229 239 240 230)
4(239 249 250 240)
4(249 259 260 250)
4(259 269 270 260)
4(269 279 280 270)
4(279 289 290 280)
4(289 299 300 290)
4(58 132 133 59)
4(132 140 141 133)
4(140 148 149 141)
4(148 157 158 149)
4(157 166 167 158)
4(166 175 176 167)
4(175 184 185 176)
4(184 193 194 185)
4(193 202 203 194)
4(202 211 212 203)
4(211 220 221 212)
4(220 230 231 221)
4(230 240 241 231)
4(240 250 251 241)
4(250 260 261 251)
4(260 270 271 261)
4(270 280 281 271)
4(280 290 291 281)
4(290 300 301 291)
4(300 308 309 301)
4(59 133 134 60)
4(133 141 142 134)
4(141 149 150 142)
4(149 158 159 150)
4(158 167 168 159)
4(167 176 177 168)
4(176 185 186 177)
4(185 194 195 186)
4(194 203 204 195)
4(203 212 213 204)
4(212 221 222 213)
4(221 231 232 222)
4(231 241 242 232)
4(241 251 252 242)
4(251 261 262 252)
4(261 271 272 262)
4(271 281 282 272)
4(281 291 292 282)
4(291 301 302 292)
4(301 309 310 302)
4(60 134 135 61)
4(134 142 143 135)
4(142 150 151 143)
4(150 159 160 151)
4(159 168 169 160)
4(168 177 178 169)
4(177 186 187 178)
4(186 195 196 187)
4(195 204 205 196)
4(204 213 214 205)
4(213 222 223 214)
4(222 232 233 223)
4(232 242 243 233)
4(242 252 253 243)
4(252 262 263 253)
4(262 272 273 263)
4(272 282 283 273)
4(282 292 293 283)
4(292 302 303 293)
4(302 310 311 303)
4(61 135 136 62)
4(135 143 144 136)
4(143 151 152 144)
4(151 160 161 152)
4(160 169 170 161)
4(169 178 179 170)
4(178 187 188 179)
4(187 196 197 188)
4(196 205 206 197)
4(205 214 215 206)
4(214 223 224 215)
4(223 233 234 224)
4(233 243 244 234)
4(243 253 254 244)
4(253 263 264 254)
4(263 273 274 264)
4(273 283 284 274)
4(283 293 294 284)
4(293 303 304 294)
4(303 311 312 304)
4(62 136 137 63)
4(136 144 145 137)
4(144 152 153 145)
4(152 161 162 153)
4(161 170 171 162)
4(170 179 180 171)
4(179 188 189 180)
4(188 197 198 189)
4(197 206 207 198)
4(206 215 216 207)
4(215 224 225 216)
4(224 234 235 225)
4(234 244 245 235)
4(244 254 255 245)
4(254 264 265 255)
4(264 274 275 265)
4(274 284 285 275)
4(284 294 295 285)
4(294 304 305 295)
4(304 312 313 305)
4(63 137 138 64)
4(137 145 146 138)
4(145 153 154 146)
4(153 162 163 154)
4(162 171 172 163)
4(171 180 181 172)
4(180 189 190 181)
4(189 198 199 190)
4(198 207 208 199)
4(207 216 217 208)
4(216 225 226 217)
4(225 235 236 226)
4(235 245 246 236)
4(245 255 256 246)
4(255 265 266 256)
4(265 275 276 266)
4(275 285 286 276)
4(285 295 296 286)
4(295 305 306 296)
4(305 313 314 306)
4(64 138 139 65)
4(138 146 147 139)
4(146 154 155 147)
4(154 163 164 155)
4(163 172 173 164)
4(172 181 182 173)
4(181 190 191 182)
4(190 199 200 191)
4(199 208 209 200)
4(208 217 218 209)
4(217 226 227 218)
4(226 236 237 227)
4(236 246 247 237)
4(246 256 257 247)
4(256 266 267 257)
4(266 276 277 267)
4(276 286 287 277)
4(286 296 297 287)
4(296 306 307 297)
4(306 314 315 307)
4(412 413 423 422)
4(422 423 433 432)
4(432 433 443 442)
4(442 443 453 452)
4(452 453 463 462)
4(462 463 473 472)
4(472 473 483 482)
4(340 341 350 349)
4(349 350 359 358)
4(358 359 368 367)
4(367 368 377 376)
4(376 377 386 385)
4(385 386 395 394)
4(394 395 404 403)
4(403 404 414 413)
4(413 414 424 423)
4(423 424 434 433)
4(433 434 444 443)
4(443 444 454 453)
4(453 454 464 463)
4(463 464 474 473)
4(473 474 484 483)
4(124 125 317 316)
4(316 317 325 324)
4(324 325 333 332)
4(332 333 342 341)
4(341 342 351 350)
4(350 351 360 359)
4(359 360 369 368)
4(368 369 378 377)
4(377 378 387 386)
4(386 387 396 395)
4(395 396 405 404)
4(404 405 415 414)
4(414 415 425 424)
4(424 425 435 434)
4(434 435 445 444)
4(444 445 455 454)
4(454 455 465 464)
4(464 465 475 474)
4(474 475 485 484)
4(484 485 493 492)
4(125 126 318 317)
4(317 318 326 325)
4(325 326 334 333)
4(333 334 343 342)
4(342 343 352 351)
4(351 352 361 360)
4(360 361 370 369)
4(369 370 379 378)
4(378 379 388 387)
4(387 388 397 396)
4(396 397 406 405)
4(405 406 416 415)
4(415 416 426 425)
4(425 426 436 435)
4(435 436 446 445)
4(445 446 456 455)
4(455 456 466 465)
4(465 466 476 475)
4(475 476 486 485)
4(485 486 494 493)
4(126 127 319 318)
4(318 319 327 326)
4(326 327 335 334)
4(334 335 344 343)
4(343 344 353 352)
4(352 353 362 361)
4(361 362 371 370)
4(370 371 380 379)
4(379 380 389 388)
4(388 389 398 397)
4(397 398 407 406)
4(406 407 417 416)
4(416 417 427 426)
4(426 427 437 436)
4(436 437 447 446)
4(446 447 457 456)
4(456 457 467 466)
4(466 467 477 476)
4(476 477 487 486)
4(486 487 495 494)
4(127 128 320 319)
4(319 320 328 327)
4(327 328 336 335)
4(335 336 345 344)
4(344 345 354 353)
4(353 354 363 362)
4(362 363 372 371)
4(371 372 381 380)
4(380 381 390 389)
4(389 390 399 398)
4(398 399 408 407)
4(407 408 418 417)
4(417 418 428 427)
4(427 428 438 437)
4(437 438 448 447)
4(447 448 458 457)
4(457 458 468 467)
4(467 468 478 477)
4(477 478 488 487)
4(487 488 496 495)
4(128 129 321 320)
4(320 321 329 328)
4(328 329 337 336)
4(336 337 346 345)
4(345 346 355 354)
4(354 355 364 363)
4(363 364 373 372)
4(372 373 382 381)
4(381 382 391 390)
4(390 391 400 399)
4(399 400 409 408)
4(408 409 419 418)
4(418 419 429 428)
4(428 429 439 438)
4(438 439 449 448)
4(448 449 459 458)
4(458 459 469 468)
4(468 469 479 478)
4(478 479 489 488)
4(488 489 497 496)
4(129 130 322 321)
4(321 322 330 329)
4(329 330 338 337)
4(337 338 347 346)
4(346 347 356 355)
4(355 356 365 364)
4(364 365 374 373)
4(373 374 383 382)
4(382 383 392 391)
4(391 392 401 400)
4(400 401 410 409)
4(409 410 420 419)
4(419 420 430 429)
4(429 430 440 439)
4(439 440 450 449)
4(449 450 460 459)
4(459 460 470 469)
4(469 470 480 479)
4(479 480 490 489)
4(489 490 498 497)
4(130 131 323 322)
4(322 323 331 330)
4(330 331 339 338)
4(338 339 348 347)
4(347 348 357 356)
4(356 357 366 365)
4(365 366 375 374)
4(374 375 384 383)
4(383 384 393 392)
4(392 393 402 401)
4(401 402 411 410)
4(410 411 421 420)
4(420 421 431 430)
4(430 431 441 440)
4(440 441 451 450)
4(450 451 461 460)
4(460 461 471 470)
4(470 471 481 480)
4(480 481 491 490)
4(490 491 499 498)
4(65 500 501 57)
4(500 508 509 501)
4(508 515 516 509)
4(515 521 522 516)
4(521 526 527 522)
4(526 530 531 527)
4(530 533 534 531)
4(57 501 502 49)
4(501 509 510 502)
4(509 516 517 510)
4(516 522 523 517)
4(522 527 528 523)
4(527 531 532 528)
4(49 502 503 42)
4(502 510 511 503)
4(510 517 518 511)
4(517 523 524 518)
4(523 528 529 524)
4(42 503 504 35)
4(503 511 512 504)
4(511 518 519 512)
4(518 524 525 519)
4(35 504 505 28)
4(504 512 513 505)
4(512 519 520 513)
4(28 505 506 22)
4(505 513 514 506)
4(22 506 507 16)
4(131 123 536 535)
4(535 536 544 543)
4(543 544 551 550)
4(550 551 557 556)
4(556 557 562 561)
4(561 562 566 565)
4(565 566 569 568)
4(123 115 537 536)
4(536 537 545 544)
4(544 545 552 551)
4(551 552 558 557)
4(557 558 563 562)
4(562 563 567 566)
4(115 108 538 537)
4(537 538 546 545)
4(545 546 553 552)
4(552 553 559 558)
4(558 559 564 563)
4(108 101 539 538)
4(538 539 547 546)
4(546 547 554 553)
4(553 554 560 559)
4(101 94 540 539)
4(539 540 548 547)
4(547 548 555 554)
4(94 88 541 540)
4(540 541 549 548)
4(88 82 542 541)
4(570 585 586 571)
4(585 600 601 586)
4(600 615 616 601)
4(615 630 631 616)
4(630 645 646 631)
4(645 660 661 646)
4(660 675 676 661)
4(675 690 691 676)
4(571 586 587 572)
4(586 601 602 587)
4(601 616 617 602)
4(616 631 632 617)
4(631 646 647 632)
4(646 661 662 647)
4(661 676 677 662)
4(676 691 692 677)
4(572 587 588 573)
4(587 602 603 588)
4(602 617 618 603)
4(617 632 633 618)
4(632 647 648 633)
4(647 662 663 648)
4(662 677 678 663)
4(677 692 693 678)
4(573 588 589 574)
4(588 603 604 589)
4(603 618 619 604)
4(618 633 634 619)
4(633 648 649 634)
4(648 663 664 649)
4(663 678 679 664)
4(678 693 694 679)
4(574 589 590 575)
4(589 604 605 590)
4(604 619 620 605)
4(619 634 635 620)
4(634 649 650 635)
4(649 664 665 650)
4(664 679 680 665)
4(679 694 695 680)
4(575 590 591 576)
4(590 605 606 591)
4(605 620 621 606)
4(620 635 636 621)
4(635 650 651 636)
4(650 665 666 651)
4(665 680 681 666)
4(680 695 696 681)
4(576 591 592 577)
4(591 606 607 592)
4(606 621 622 607)
4(621 636 637 622)
4(636 651 652 637)
4(651 666 667 652)
4(666 681 682 667)
4(681 696 697 682)
4(577 592 593 578)
4(592 607 608 593)
4(607 622 623 608)
4(622 637 638 623)
4(637 652 653 638)
4(652 667 668 653)
4(667 682 683 668)
4(682 697 698 683)
4(578 593 594 579)
4(593 608 609 594)
4(608 623 624 609)
4(623 638 639 624)
4(638 653 654 639)
4(653 668 669 654)
4(668 683 684 669)
4(683 698 699 684)
4(579 594 595 580)
4(594 609 610 595)
4(609 624 625 610)
4(624 639 640 625)
4(639 654 655 640)
4(654 669 670 655)
4(669 684 685 670)
4(684 699 700 685)
4(580 595 596 581)
4(595 610 611 596)
4(610 625 626 611)
4(625 640 641 626)
4(640 655 656 641)
4(655 670 671 656)
4(670 685 686 671)
4(685 700 701 686)
4(581 596 597 582)
4(596 611 612 597)
4(611 626 627 612)
4(626 641 642 627)
4(641 656 657 642)
4(656 671 672 657)
4(671 686 687 672)
4(686 701 702 687)
4(582 597 598 583)
4(597 612 613 598)
4(612 627 628 613)
4(627 642 643 628)
4(642 657 658 643)
4(657 672 673 658)
4(672 687 688 673)
4(687 702 703 688)
4(583 598 599 584)
4(598 613 614 599)
4(613 628 629 614)
4(628 643 644 629)
4(643 658 659 644)
4(658 673 674 659)
4(673 688 689 674)
4(584 599 500 65)
4(599 614 508 500)
4(614 629 515 508)
4(629 644 521 515)
4(644 659 526 521)
4(659 674 530 526)
4(674 689 533 530)
4(704 705 720 719)
4(719 720 735 734)
4(734 735 750 749)
4(749 750 765 764)
4(764 765 780 779)
4(779 780 795 794)
4(794 795 810 809)
4(809 810 825 824)
4(705 706 721 720)
4(720 721 736 735)
4(735 736 751 750)
4(750 751 766 765)
4(765 766 781 780)
4(780 781 796 795)
4(795 796 811 810)
4(810 811 826 825)
4(706 707 722 721)
4(721 722 737 736)
4(736 737 752 751)
4(751 752 767 766)
4(766 767 782 781)
4(781 782 797 796)
4(796 797 812 811)
4(811 812 827 826)
4(707 708 723 722)
4(722 723 738 737)
4(737 738 753 752)
4(752 753 768 767)
4(767 768 783 782)
4(782 783 798 797)
4(797 798 813 812)
4(812 813 828 827)
4(708 709 724 723)
4(723 724 739 738)
4(738 739 754 753)
4(753 754 769 768)
4(768 769 784 783)
4(783 784 799 798)
4(798 799 814 813)
4(813 814 829 828)
4(709 710 725 724)
4(724 725 740 739)
4(739 740 755 754)
4(754 755 770 769)
4(769 770 785 784)
4(784 785 800 799)
4(799 800 815 814)
4(814 815 830 829)
4(710 711 726 725)
4(725 726 741 740)
4(740 741 756 755)
4(755 756 771 770)
4(770 771 786 785)
4(785 786 801 800)
4(800 801 816 815)
4(815 816 831 830)
4(711 712 727 726)
4(726 727 742 741)
4(741 742 757 756)
4(756 757 772 771)
4(771 772 787 786)
4(786 787 802 801)
4(801 802 817 816)
4(816 817 832 831)
4(712 713 728 727)
4(727 728 743 742)
4(742 743 758 757)
4(757 758 773 772)
4(772 773 788 787)
4(787 788 803 802)
4(802 803 818 817)
4(817 818 833 832)
4(713 714 729 728)
4(728 729 744 743)
4(743 744 759 758)
4(758 759 774 773)
4(773 774 789 788)
4(788 789 804 803)
4(803 804 819 818)
4(818 819 834 833)
4(714 715 730 729)
4(729 730 745 744)
4(744 745 760 759)
4(759 760 775 774)
4(774 775 790 789)
4(789 790 805 804)
4(804 805 820 819)
4(819 820 835 834)
4(715 716 731 730)
4(730 731 746 745)
4(745 746 761 760)
4(760 761 776 775)
4(775 776 791 790)
4(790 791 806 805)
4(805 806 821 820)
4(820 821 836 835)
4(716 717 732 731)
4(731 732 747 746)
4(746 747 762 761)
4(761 762 777 776)
4(776 777 792 791)
4(791 792 807 806)
4(806 807 822 821)
4(821 822 837 836)
4(717 718 733 732)
4(732 733 748 747)
4(747 748 763 762)
4(762 763 778 777)
4(777 778 793 792)
4(792 793 808 807)
4(807 808 823 822)
4(718 131 535 733)
4(733 535 543 748)
4(748 543 550 763)
4(763 550 556 778)
4(778 556 561 793)
4(793 561 565 808)
4(808 565 568 823)
4(838 853 854 839)
4(853 868 869 854)
4(868 883 884 869)
4(883 898 899 884)
4(898 913 914 899)
4(913 928 929 914)
4(928 943 944 929)
4(943 958 959 944)
4(958 973 974 959)
4(973 988 989 974)
4(988 1003 1004 989)
4(1003 1018 1019 1004)
4(1018 1033 1034 1019)
4(1033 1048 1049 1034)
4(1048 1063 1064 1049)
4(1063 1078 1079 1064)
4(1078 1093 1094 1079)
4(1093 1108 1109 1094)
4(1108 1123 1124 1109)
4(1123 570 571 1124)
4(839 854 855 840)
4(854 869 870 855)
4(869 884 885 870)
4(884 899 900 885)
4(899 914 915 900)
4(914 929 930 915)
4(929 944 945 930)
4(944 959 960 945)
4(959 974 975 960)
4(974 989 990 975)
4(989 1004 1005 990)
4(1004 1019 1020 1005)
4(1019 1034 1035 1020)
4(1034 1049 1050 1035)
4(1049 1064 1065 1050)
4(1064 1079 1080 1065)
4(1079 1094 1095 1080)
4(1094 1109 1110 1095)
4(1109 1124 1125 1110)
4(1124 571 572 1125)
4(840 855 856 841)
4(855 870 871 856)
4(870 885 886 871)
4(885 900 901 886)
4(900 915 916 901)
4(915 930 931 916)
4(930 945 946 931)
4(945 960 961 946)
4(960 975 976 961)
4(975 990 991 976)
4(990 1005 1006 991)
4(1005 1020 1021 1006)
4(1020 1035 1036 1021)
4(1035 1050 1051 1036)
4(1050 1065 1066 1051)
4(1065 1080 1081 1066)
4(1080 1095 1096 1081)
4(1095 1110 1111 1096)
4(1110 1125 1126 1111)
4(1125 572 573 1126)
4(841 856 857 842)
4(856 871 872 857)
4(871 886 887 872)
4(886 901 902 887)
4(901 916 917 902)
4(916 931 932 917)
4(931 946 947 932)
4(946 961 962 947)
4(961 976 977 962)
4(976 991 992 977)
4(991 1006 1007 992)
4(1006 1021 1022 1007)
4(1021 1036 1037 1022)
4(1036 1051 1052 1037)
4(1051 1066 1067 1052)
4(1066 1081 1082 1067)
4(1081 1096 1097 1082)
4(1096 1111 1112 1097)
4(1111 1126 1127 1112)
4(1126 573 574 1127)
4(842 857 858 843)
4(857 872 873 858)
4(872 887 888 873)
4(887 902 903 888)
4(902 917 918 903)
4(917 932 933 918)
4(932 947 948 933)
4(947 962 963 948)
4(962 977 978 963)
4(977 992 993 978)
4(992 1007 1008 993)
4(1007 1022 1023 1008)
4(1022 1037 1038 1023)
4(1037 1052 1053 1038)
4(1052 1067 1068 1053)
4(1067 1082 1083 1068)
4(1082 1097 1098 1083)
4(1097 1112 1113 1098)
4(1112 1127 1128 1113)
4(1127 574 575 1128)
4(843 858 859 844)
4(858 873 874 859)
4(873 888 889 874)
4(888 903 904 889)
4(903 918 919 904)
4(918 933 934 919)
4(933 948 949 934)
4(948 963 964 949)
4(963 978 979 964)
4(978 993 994 979)
4(993 1008 1009 994)
4(1008 1023 1024 1009)
4(1023 1038 1039 1024)
4(1038 1053 1054 1039)
4(1053 1068 1069 1054)
4(1068 1083 1084 1069)
4(1083 1098 1099 1084)
4(1098 1113 1114 1099)
4(1113 1128 1129 1114)
4(1128 575 576 1129)
4(844 859 860 845)
4(859 874 875 860)
4(874 889 890 875)
4(889 904 905 890)
4(904 919 920 905)
4(919 934 935 920)
4(934 949 950 935)
4(949 964 965 950)
4(964 979 980 965)
4(979 994 995 980)
4(994 1009 1010 995)
4(1009 1024 1025 1010)
4(1024 1039 1040 1025)
4(1039 1054 1055 1040)
4(1054 1069 1070 1055)
4(1069 1084 1085 1070)
4(1084 1099 1100 1085)
4(1099 1114 1115 1100)
4(1114 1129 1130 1115)
4(1129 576 577 1130)
4(845 860 861 846)
4(860 875 876 861)
4(875 890 891 876)
4(890 905 906 891)
4(905 920 921 906)
4(920 935 936 921)
4(935 950 951 936)
4(950 965 966 951)
4(965 980 981 966)
4(980 995 996 981)
4(995 1010 1011 996)
4(1010 1025 1026 1011)
4(1025 1040 1041 1026)
4(1040 1055 1056 1041)
4(1055 1070 1071 1056)
4(1070 1085 1086 1071)
4(1085 1100 1101 1086)
4(1100 1115 1116 1101)
4(1115 1130 1131 1116)
4(1130 577 578 1131)
4(846 861 862 847)
4(861 876 877 862)
4(876 891 892 877)
4(891 906 907 892)
4(906 921 922 907)
4(921 936 937 922)
4(936 951 952 937)
4(951 966 967 952)
4(966 981 982 967)
4(981 996 997 982)
4(996 1011 1012 997)
4(1011 1026 1027 1012)
4(1026 1041 1042 1027)
4(1041 1056 1057 1042)
4(1056 1071 1072 1057)
4(1071 1086 1087 1072)
4(1086 1101 1102 1087)
4(1101 1116 1117 1102)
4(1116 1131 1132 1117)
4(1131 578 579 1132)
4(847 862 863 848)
4(862 877 878 863)
4(877 892 893 878)
4(892 907 908 893)
4(907 922 923 908)
4(922 937 938 923)
4(937 952 953 938)
4(952 967 968 953)
4(967 982 983 968)
4(982 997 998 983)
4(997 1012 1013 998)
4(1012 1027 1028 1013)
4(1027 1042 1043 1028)
4(1042 1057 1058 1043)
4(1057 1072 1073 1058)
4(1072 1087 1088 1073)
4(1087 1102 1103 1088)
4(1102 1117 1118 1103)
4(1117 1132 1133 1118)
4(1132 579 580 1133)
4(848 863 864 849)
4(863 878 879 864)
4(878 893 894 879)
4(893 908 909 894)
4(908 923 924 909)
4(923 938 939 924)
4(938 953 954 939)
4(953 968 969 954)
4(968 983 984 969)
4(983 998 999 984)
4(998 1013 1014 999)
4(1013 1028 1029 1014)
4(1028 1043 1044 1029)
4(1043 1058 1059 1044)
4(1058 1073 1074 1059)
4(1073 1088 1089 1074)
4(1088 1103 1104 1089)
4(1103 1118 1119 1104)
4(1118 1133 1134 1119)
4(1133 580 581 1134)
4(849 864 865 850)
4(864 879 880 865)
4(879 894 895 880)
4(894 909 910 895)
4(909 924 925 910)
4(924 939 940 925)
4(939 954 955 940)
4(954 969 970 955)
4(969 984 985 970)
4(984 999 1000 985)
4(999 1014 1015 1000)
4(1014 1029 1030 1015)
4(1029 1044 1045 1030)
4(1044 1059 1060 1045)
4(1059 1074 1075 1060)
4(1074 1089 1090 1075)
4(1089 1104 1105 1090)
4(1104 1119 1120 1105)
4(1119 1134 1135 1120)
4(1134 581 582 1135)
4(850 865 866 851)
4(865 880 881 866)
4(880 895 896 881)
4(895 910 911 896)
4(910 925 926 911)
4(925 940 941 926)
4(940 955 956 941)
4(955 970 971 956)
4(970 985 986 971)
4(985 1000 1001 986)
4(1000 1015 1016 1001)
4(1015 1030 1031 1016)
4(1030 1045 1046 1031)
4(1045 1060 1061 1046)
4(1060 1075 1076 1061)
4(1075 1090 1091 1076)
4(1090 1105 1106 1091)
4(1105 1120 1121 1106)
4(1120 1135 1136 1121)
4(1135 582 583 1136)
4(851 866 867 852)
4(866 881 882 867)
4(881 896 897 882)
4(896 911 912 897)
4(911 926 927 912)
4(926 941 942 927)
4(941 956 957 942)
4(956 971 972 957)
4(971 986 987 972)
4(986 1001 1002 987)
4(1001 1016 1017 1002)
4(1016 1031 1032 1017)
4(1031 1046 1047 1032)
4(1046 1061 1062 1047)
4(1061 1076 1077 1062)
4(1076 1091 1092 1077)
4(1091 1106 1107 1092)
4(1106 1121 1122 1107)
4(1121 1136 1137 1122)
4(1136 583 584 1137)
4(852 867 307 315)
4(867 882 297 307)
4(882 897 287 297)
4(897 912 277 287)
4(912 927 267 277)
4(927 942 257 267)
4(942 957 247 257)
4(957 972 237 247)
4(972 987 227 237)
4(987 1002 218 227)
4(1002 1017 209 218)
4(1017 1032 200 209)
4(1032 1047 191 200)
4(1047 1062 182 191)
4(1062 1077 173 182)
4(1077 1092 164 173)
4(1092 1107 155 164)
4(1107 1122 147 155)
4(1122 1137 139 147)
4(1137 584 65 139)
4(1138 1139 1154 1153)
4(1153 1154 1169 1168)
4(1168 1169 1184 1183)
4(1183 1184 1199 1198)
4(1198 1199 1214 1213)
4(1213 1214 1229 1228)
4(1228 1229 1244 1243)
4(1243 1244 1259 1258)
4(1258 1259 1274 1273)
4(1273 1274 1289 1288)
4(1288 1289 1304 1303)
4(1303 1304 1319 1318)
4(1318 1319 1334 1333)
4(1333 1334 1349 1348)
4(1348 1349 1364 1363)
4(1363 1364 1379 1378)
4(1378 1379 1394 1393)
4(1393 1394 1409 1408)
4(1408 1409 1424 1423)
4(1423 1424 705 704)
4(1139 1140 1155 1154)
4(1154 1155 1170 1169)
4(1169 1170 1185 1184)
4(1184 1185 1200 1199)
4(1199 1200 1215 1214)
4(1214 1215 1230 1229)
4(1229 1230 1245 1244)
4(1244 1245 1260 1259)
4(1259 1260 1275 1274)
4(1274 1275 1290 1289)
4(1289 1290 1305 1304)
4(1304 1305 1320 1319)
4(1319 1320 1335 1334)
4(1334 1335 1350 1349)
4(1349 1350 1365 1364)
4(1364 1365 1380 1379)
4(1379 1380 1395 1394)
4(1394 1395 1410 1409)
4(1409 1410 1425 1424)
4(1424 1425 706 705)
4(1140 1141 1156 1155)
4(1155 1156 1171 1170)
4(1170 1171 1186 1185)
4(1185 1186 1201 1200)
4(1200 1201 1216 1215)
4(1215 1216 1231 1230)
4(1230 1231 1246 1245)
4(1245 1246 1261 1260)
4(1260 1261 1276 1275)
4(1275 1276 1291 1290)
4(1290 1291 1306 1305)
4(1305 1306 1321 1320)
4(1320 1321 1336 1335)
4(1335 1336 1351 1350)
4(1350 1351 1366 1365)
4(1365 1366 1381 1380)
4(1380 1381 1396 1395)
4(1395 1396 1411 1410)
4(1410 1411 1426 1425)
4(1425 1426 707 706)
4(1141 1142 1157 1156)
4(1156 1157 1172 1171)
4(1171 1172 1187 1186)
4(1186 1187 1202 1201)
4(1201 1202 1217 1216)
4(1216 1217 1232 1231)
4(1231 1232 1247 1246)
4(1246 1247 1262 1261)
4(1261 1262 1277 1276)
4(1276 1277 1292 1291)
4(1291 1292 1307 1306)
4(1306 1307 1322 1321)
4(1321 1322 1337 1336)
4(1336 1337 1352 1351)
4(1351 1352 1367 1366)
4(1366 1367 1382 1381)
4(1381 1382 1397 1396)
4(1396 1397 1412 1411)
4(1411 1412 1427 1426)
4(1426 1427 708 707)
4(1142 1143 1158 1157)
4(1157 1158 1173 1172)
4(1172 1173 1188 1187)
4(1187 1188 1203 1202)
4(1202 1203 1218 1217)
4(1217 1218 1233 1232)
4(1232 1233 1248 1247)
4(1247 1248 1263 1262)
4(1262 1263 1278 1277)
4(1277 1278 1293 1292)
4(1292 1293 1308 1307)
4(1307 1308 1323 1322)
4(1322 1323 1338 1337)
4(1337 1338 1353 1352)
4(1352 1353 1368 1367)
4(1367 1368 1383 1382)
4(1382 1383 1398 1397)
4(1397 1398 1413 1412)
4(1412 1413 1428 1427)
4(1427 1428 709 708)
4(1143 1144 1159 1158)
4(1158 1159 1174 1173)
4(1173 1174 1189 1188)
4(1188 1189 1204 1203)
4(1203 1204 1219 1218)
4(1218 1219 1234 1233)
4(1233 1234 1249 1248)
4(1248 1249 1264 1263)
4(1263 1264 1279 1278)
4(1278 1279 1294 1293)
4(1293 1294 1309 1308)
4(1308 1309 1324 1323)
4(1323 1324 1339 1338)
4(1338 1339 1354 1353)
4(1353 1354 1369 1368)
4(1368 1369 1384 1383)
4(1383 1384 1399 1398)
4(1398 1399 1414 1413)
4(1413 1414 1429 1428)
4(1428 1429 710 709)
4(1144 1145 1160 1159)
4(1159 1160 1175 1174)
4(1174 1175 1190 1189)
4(1189 1190 1205 1204)
4(1204 1205 1220 1219)
4(1219 1220 1235 1234)
4(1234 1235 1250 1249)
4(1249 1250 1265 1264)
4(1264 1265 1280 1279)
4(1279 1280 1295 1294)
4(1294 1295 1310 1309)
4(1309 1310 1325 1324)
4(1324 1325 1340 1339)
4(1339 1340 1355 1354)
4(1354 1355 1370 1369)
4(1369 1370 1385 1384)
4(1384 1385 1400 1399)
4(1399 1400 1415 1414)
4(1414 1415 1430 1429)
4(1429 1430 711 710)
4(1145 1146 1161 1160)
4(1160 1161 1176 1175)
4(1175 1176 1191 1190)
4(1190 1191 1206 1205)
4(1205 1206 1221 1220)
4(1220 1221 1236 1235)
4(1235 1236 1251 1250)
4(1250 1251 1266 1265)
4(1265 1266 1281 1280)
4(1280 1281 1296 1295)
4(1295 1296 1311 1310)
4(1310 1311 1326 1325)
4(1325 1326 1341 1340)
4(1340 1341 1356 1355)
4(1355 1356 1371 1370)
4(1370 1371 1386 1385)
4(1385 1386 1401 1400)
4(1400 1401 1416 1415)
4(1415 1416 1431 1430)
4(1430 1431 712 711)
4(1146 1147 1162 1161)
4(1161 1162 1177 1176)
4(1176 1177 1192 1191)
4(1191 1192 1207 1206)
4(1206 1207 1222 1221)
4(1221 1222 1237 1236)
4(1236 1237 1252 1251)
4(1251 1252 1267 1266)
4(1266 1267 1282 1281)
4(1281 1282 1297 1296)
4(1296 1297 1312 1311)
4(1311 1312 1327 1326)
4(1326 1327 1342 1341)
4(1341 1342 1357 1356)
4(1356 1357 1372 1371)
4(1371 1372 1387 1386)
4(1386 1387 1402 1401)
4(1401 1402 1417 1416)
4(1416 1417 1432 1431)
4(1431 1432 713 712)
4(1147 1148 1163 1162)
4(1162 1163 1178 1177)
4(1177 1178 1193 1192)
4(1192 1193 1208 1207)
4(1207 1208 1223 1222)
4(1222 1223 1238 1237)
4(1237 1238 1253 1252)
4(1252 1253 1268 1267)
4(1267 1268 1283 1282)
4(1282 1283 1298 1297)
4(1297 1298 1313 1312)
4(1312 1313 1328 1327)
4(1327 1328 1343 1342)
4(1342 1343 1358 1357)
4(1357 1358 1373 1372)
4(1372 1373 1388 1387)
4(1387 1388 1403 1402)
4(1402 1403 1418 1417)
4(1417 1418 1433 1432)
4(1432 1433 714 713)
4(1148 1149 1164 1163)
4(1163 1164 1179 1178)
4(1178 1179 1194 1193)
4(1193 1194 1209 1208)
4(1208 1209 1224 1223)
4(1223 1224 1239 1238)
4(1238 1239 1254 1253)
4(1253 1254 1269 1268)
4(1268 1269 1284 1283)
4(1283 1284 1299 1298)
4(1298 1299 1314 1313)
4(1313 1314 1329 1328)
4(1328 1329 1344 1343)
4(1343 1344 1359 1358)
4(1358 1359 1374 1373)
4(1373 1374 1389 1388)
4(1388 1389 1404 1403)
4(1403 1404 1419 1418)
4(1418 1419 1434 1433)
4(1433 1434 715 714)
4(1149 1150 1165 1164)
4(1164 1165 1180 1179)
4(1179 1180 1195 1194)
4(1194 1195 1210 1209)
4(1209 1210 1225 1224)
4(1224 1225 1240 1239)
4(1239 1240 1255 1254)
4(1254 1255 1270 1269)
4(1269 1270 1285 1284)
4(1284 1285 1300 1299)
4(1299 1300 1315 1314)
4(1314 1315 1330 1329)
4(1329 1330 1345 1344)
4(1344 1345 1360 1359)
4(1359 1360 1375 1374)
4(1374 1375 1390 1389)
4(1389 1390 1405 1404)
4(1404 1405 1420 1419)
4(1419 1420 1435 1434)
4(1434 1435 716 715)
4(1150 1151 1166 1165)
4(1165 1166 1181 1180)
4(1180 1181 1196 1195)
4(1195 1196 1211 1210)
4(1210 1211 1226 1225)
4(1225 1226 1241 1240)
4(1240 1241 1256 1255)
4(1255 1256 1271 1270)
4(1270 1271 1286 1285)
4(1285 1286 1301 1300)
4(1300 1301 1316 1315)
4(1315 1316 1331 1330)
4(1330 1331 1346 1345)
4(1345 1346 1361 1360)
4(1360 1361 1376 1375)
4(1375 1376 1391 1390)
4(1390 1391 1406 1405)
4(1405 1406 1421 1420)
4(1420 1421 1436 1435)
4(1435 1436 717 716)
4(1151 1152 1167 1166)
4(1166 1167 1182 1181)
4(1181 1182 1197 1196)
4(1196 1197 1212 1211)
4(1211 1212 1227 1226)
4(1226 1227 1242 1241)
4(1241 1242 1257 1256)
4(1256 1257 1272 1271)
4(1271 1272 1287 1286)
4(1286 1287 1302 1301)
4(1301 1302 1317 1316)
4(1316 1317 1332 1331)
4(1331 1332 1347 1346)
4(1346 1347 1362 1361)
4(1361 1362 1377 1376)
4(1376 1377 1392 1391)
4(1391 1392 1407 1406)
4(1406 1407 1422 1421)
4(1421 1422 1437 1436)
4(1436 1437 718 717)
4(1152 499 491 1167)
4(1167 491 481 1182)
4(1182 481 471 1197)
4(1197 471 461 1212)
4(1212 461 451 1227)
4(1227 451 441 1242)
4(1242 441 431 1257)
4(1257 431 421 1272)
4(1272 421 411 1287)
4(1287 411 402 1302)
4(1302 402 393 1317)
4(1317 393 384 1332)
4(1332 384 375 1347)
4(1347 375 366 1362)
4(1362 366 357 1377)
4(1377 357 348 1392)
4(1392 348 339 1407)
4(1407 339 331 1422)
4(1422 331 323 1437)
4(1437 323 131 718)
4(298 482 483 299)
4(299 483 484 300)
4(300 484 492 308)
4(308 492 493 309)
4(309 493 494 310)
4(310 494 495 311)
4(311 495 496 312)
4(312 496 497 313)
4(313 497 498 314)
4(314 498 499 315)
4(838 839 1139 1138)
4(839 840 1140 1139)
4(840 841 1141 1140)
4(841 842 1142 1141)
4(842 843 1143 1142)
4(843 844 1144 1143)
4(844 845 1145 1144)
4(845 846 1146 1145)
4(846 847 1147 1146)
4(847 848 1148 1147)
4(848 849 1149 1148)
4(849 850 1150 1149)
4(850 851 1151 1150)
4(851 852 1152 1151)
4(852 315 499 1152)
4(0 1 67 66)
4(0 66 70 4)
4(3 4 70 69)
4(3 69 74 8)
4(7 8 74 73)
4(7 73 78 12)
4(12 78 84 18)
4(17 18 84 83)
4(17 83 89 23)
4(23 89 96 30)
4(29 30 96 95)
4(29 95 102 36)
4(36 102 109 43)
4(43 109 117 51)
4(50 51 117 116)
4(50 116 124 58)
4(58 124 316 132)
4(132 316 324 140)
4(140 324 332 148)
4(148 332 341 157)
4(156 157 341 340)
4(156 340 349 165)
4(165 349 358 174)
4(174 358 367 183)
4(183 367 376 192)
4(192 376 385 201)
4(201 385 394 210)
4(210 394 403 219)
4(219 403 413 229)
4(228 229 413 412)
4(228 412 422 238)
4(238 422 432 248)
4(248 432 442 258)
4(258 442 452 268)
4(268 452 462 278)
4(278 462 472 288)
4(288 472 482 298)
4(1 2 68 67)
4(2 6 72 68)
4(6 11 77 72)
4(11 16 82 77)
4(16 507 542 82)
4(506 541 542 507)
4(506 514 549 541)
4(513 548 549 514)
4(513 520 555 548)
4(519 554 555 520)
4(519 525 560 554)
4(524 559 560 525)
4(524 529 564 559)
4(528 563 564 529)
4(528 532 567 563)
4(531 566 567 532)
4(531 534 569 566)
4(533 568 569 534)
4(688 822 823 689)
4(689 823 568 533)
4(690 824 825 691)
4(691 825 826 692)
4(692 826 827 693)
4(693 827 828 694)
4(694 828 829 695)
4(695 829 830 696)
4(696 830 831 697)
4(697 831 832 698)
4(698 832 833 699)
4(699 833 834 700)
4(700 834 835 701)
4(701 835 836 702)
4(688 703 837 822)
4(702 836 837 703)
)


// ************************************************************************* //
