/*--------------------------------*- C++ -*----------------------------------*\
  =========                 |
  \\      /  F ield         | OpenFOAM: The Open Source CFD Toolbox
   \\    /   O peration     | Website:  https://openfoam.org
    \\  /    A nd           | Version:  7
     \\/     M anipulation  |
\*---------------------------------------------------------------------------*/
FoamFile
{
    version     2.0;
    format      ascii;
    class       volVectorField;
    location    "10";
    object      U;
}
// * * * * * * * * * * * * * * * * * * * * * * * * * * * * * * * * * * * * * //

dimensions      [0 1 -1 0 0 0 0];

internalField   nonuniform List<vector> 
2625
(
(1.13516 -0.00267355 -1.142e-21)
(1.13694 -0.00266496 3.36171e-22)
(1.13873 -0.00265626 -2.06147e-22)
(1.14052 -0.00264745 7.55419e-22)
(1.1423 -0.00263853 1.36568e-22)
(1.14409 -0.00262949 -8.1239e-22)
(1.14587 -0.00262033 6.21353e-22)
(1.14765 -0.00261105 -1.39649e-22)
(1.14944 -0.00260164 -5.09027e-22)
(1.15121 -0.0025921 1.89593e-22)
(1.15299 -0.00258242 3.74649e-23)
(1.15476 -0.00257259 1.38216e-22)
(1.15653 -0.00256262 1.04602e-22)
(1.15829 -0.00255247 -2.33326e-22)
(1.16005 -0.00254216 1.45282e-22)
(1.1618 -0.00253169 2.90937e-23)
(1.16354 -0.00252105 -6.43973e-23)
(1.16528 -0.00251023 3.91655e-24)
(1.16701 -0.00249923 3.15299e-24)
(1.13527 -0.00798915 -3.30051e-22)
(1.13707 -0.00796155 6.36048e-22)
(1.13886 -0.00793357 -7.48238e-22)
(1.14065 -0.00790519 3.39342e-22)
(1.14244 -0.00787643 -1.72193e-22)
(1.14423 -0.00784728 -2.23822e-22)
(1.14602 -0.00781773 2.29385e-22)
(1.14781 -0.00778779 -2.10817e-22)
(1.1496 -0.00775744 2.53056e-22)
(1.15138 -0.00772669 -1.11456e-23)
(1.15317 -0.00769553 -1.70696e-22)
(1.15494 -0.00766395 4.53277e-23)
(1.15672 -0.00763194 1.418e-23)
(1.15848 -0.00759949 -7.84573e-23)
(1.16025 -0.00756659 5.04404e-23)
(1.162 -0.00753325 1.03354e-22)
(1.16376 -0.00749945 -2.85344e-23)
(1.1655 -0.00746518 -5.92111e-24)
(1.16723 -0.00743044 6.47646e-24)
(1.1355 -0.0131941 -1.34859e-22)
(1.1373 -0.0131473 6.12595e-22)
(1.1391 -0.0131 3.81634e-22)
(1.14091 -0.013052 -5.48557e-22)
(1.14271 -0.0130034 -4.47289e-23)
(1.14451 -0.0129541 -1.72615e-22)
(1.14631 -0.0129043 1.37768e-22)
(1.14811 -0.0128538 -1.06673e-22)
(1.14991 -0.0128026 1.40236e-22)
(1.15171 -0.0127508 5.87319e-23)
(1.1535 -0.0126984 1.43759e-23)
(1.15529 -0.0126453 -6.22016e-23)
(1.15707 -0.0125916 8.50124e-23)
(1.15885 -0.0125372 -1.35971e-22)
(1.16062 -0.0124821 1.20766e-22)
(1.16239 -0.0124263 4.91507e-23)
(1.16415 -0.0123698 -5.81141e-23)
(1.16591 -0.0123125 -1.15468e-23)
(1.16765 -0.0122545 4.24717e-24)
(1.13584 -0.0183144 1.90923e-22)
(1.13765 -0.0182484 5.26235e-23)
(1.13946 -0.0181814 -5.26515e-22)
(1.14128 -0.0181135 1.53511e-22)
(1.1431 -0.0180448 2.9551e-22)
(1.14491 -0.0179752 -1.88663e-22)
(1.14673 -0.0179047 9.21314e-23)
(1.14854 -0.0178333 -2.30882e-22)
(1.15036 -0.017761 6.14913e-23)
(1.15217 -0.0176879 -1.32849e-22)
(1.15397 -0.0176138 1.77778e-22)
(1.15578 -0.0175389 -3.68849e-23)
(1.15757 -0.017463 5.66915e-23)
(1.15937 -0.0173863 -4.81212e-23)
(1.16116 -0.0173086 2.67846e-23)
(1.16294 -0.0172299 -3.66118e-23)
(1.16472 -0.0171503 2.22378e-23)
(1.16649 -0.0170697 1.69716e-23)
(1.16825 -0.0169881 -1.07976e-23)
(1.13627 -0.0233585 4.46707e-22)
(1.1381 -0.0232732 -4.33198e-22)
(1.13993 -0.0231867 -2.37845e-22)
(1.14176 -0.023099 4.75108e-22)
(1.1436 -0.0230101 1.10716e-22)
(1.14543 -0.0229201 -1.29455e-22)
(1.14726 -0.0228289 5.58847e-22)
(1.14909 -0.0227366 -4.7826e-22)
(1.15092 -0.0226431 -4.72025e-23)
(1.15275 -0.0225485 1.53724e-22)
(1.15458 -0.0224527 -2.06718e-22)
(1.1564 -0.0223558 1.18089e-22)
(1.15822 -0.0222577 -2.44139e-22)
(1.16003 -0.0221584 6.4219e-23)
(1.16184 -0.0220579 4.16986e-23)
(1.16364 -0.0219563 -1.00719e-23)
(1.16544 -0.0218534 -1.63231e-23)
(1.16723 -0.0217493 -3.76176e-24)
(1.16901 -0.0216439 -9.96185e-25)
(1.13679 -0.0283373 -4.12279e-22)
(1.13864 -0.0282329 -9.55057e-23)
(1.14049 -0.028127 1.30203e-22)
(1.14234 -0.0280195 4.90253e-23)
(1.1442 -0.0279106 -4.84195e-22)
(1.14605 -0.0278002 4.0138e-23)
(1.1479 -0.0276883 1.23851e-22)
(1.14976 -0.0275749 -4.13076e-22)
(1.15161 -0.0274602 1.30622e-22)
(1.15346 -0.027344 -9.29603e-23)
(1.1553 -0.0272263 2.17102e-22)
(1.15715 -0.0271073 -9.20402e-23)
(1.15899 -0.0269868 -7.26973e-23)
(1.16082 -0.0268648 5.00268e-23)
(1.16265 -0.0267414 -5.27785e-24)
(1.16448 -0.0266165 1.04712e-22)
(1.1663 -0.0264901 -1.96326e-23)
(1.16811 -0.0263622 -1.26715e-23)
(1.16992 -0.0262328 -3.8161e-24)
(1.1374 -0.0332597 1.22532e-21)
(1.13927 -0.0331363 -3.09064e-22)
(1.14115 -0.0330111 5.00967e-22)
(1.14302 -0.032884 -3.72917e-22)
(1.14489 -0.032755 7.47286e-22)
(1.14677 -0.0326242 -5.09059e-22)
(1.14865 -0.0324917 -3.81523e-22)
(1.15052 -0.0323573 2.80846e-22)
(1.1524 -0.0322213 -2.86179e-22)
(1.15427 -0.0320834 2.5718e-22)
(1.15614 -0.0319438 3.36585e-23)
(1.15801 -0.0318025 -9.9609e-23)
(1.15988 -0.0316594 3.01108e-22)
(1.16174 -0.0315146 -1.3577e-22)
(1.16359 -0.0313681 -1.46082e-23)
(1.16544 -0.0312197 -2.69674e-23)
(1.16729 -0.0310696 6.1513e-23)
(1.16913 -0.0309177 2.09082e-24)
(1.17096 -0.030764 1.18127e-23)
(1.13809 -0.0381336 1.00191e-21)
(1.13998 -0.0379915 -7.48796e-22)
(1.14188 -0.0378471 8.67607e-22)
(1.14378 -0.0377004 -5.16223e-22)
(1.14568 -0.0375515 6.8591e-22)
(1.14758 -0.0374004 -3.57235e-22)
(1.14948 -0.0372471 8.71187e-23)
(1.15139 -0.0370918 -1.20273e-22)
(1.15329 -0.0369343 1.93205e-22)
(1.15519 -0.0367747 -6.3191e-23)
(1.15709 -0.0366131 1.65813e-22)
(1.15898 -0.0364494 -1.36523e-22)
(1.16087 -0.0362836 -9.73868e-23)
(1.16276 -0.0361158 -3.40041e-24)
(1.16465 -0.0359459 4.06879e-23)
(1.16653 -0.0357739 -5.11604e-23)
(1.1684 -0.0355998 -2.80323e-23)
(1.17027 -0.0354236 2.78659e-24)
(1.17213 -0.0352453 3.6394e-24)
(1.13885 -0.0429664 2.34721e-22)
(1.14077 -0.0428056 -4.56009e-22)
(1.14269 -0.042642 -7.48636e-23)
(1.14461 -0.0424758 3.97428e-23)
(1.14654 -0.042307 -2.8427e-22)
(1.14847 -0.0421356 -2.22213e-22)
(1.1504 -0.0419617 1.97007e-22)
(1.15233 -0.0417853 1.03309e-22)
(1.15426 -0.0416064 -3.7253e-22)
(1.15619 -0.041425 -1.0823e-22)
(1.15812 -0.0412412 3.04226e-22)
(1.16005 -0.041055 -1.52043e-23)
(1.16197 -0.0408663 3.08162e-23)
(1.16389 -0.0406753 1.9707e-24)
(1.16581 -0.0404818 8.1927e-23)
(1.16772 -0.0402859 -3.67533e-23)
(1.16962 -0.0400875 -1.40334e-23)
(1.17152 -0.0398868 9.16503e-24)
(1.17341 -0.0396835 2.55481e-24)
(1.13966 -0.0477645 1.13813e-22)
(1.14161 -0.0475851 1.12355e-21)
(1.14356 -0.0474025 -9.87508e-23)
(1.14552 -0.0472168 -2.47679e-22)
(1.14747 -0.0470281 -2.91184e-22)
(1.14943 -0.0468364 3.23328e-22)
(1.1514 -0.0466418 -1.84095e-22)
(1.15336 -0.0464442 -5.22219e-22)
(1.15532 -0.0462438 3.0447e-22)
(1.15728 -0.0460405 1.75765e-22)
(1.15924 -0.0458344 -2.49563e-22)
(1.1612 -0.0456254 3.37816e-22)
(1.16316 -0.0454137 -1.57275e-22)
(1.16511 -0.0451992 -2.9051e-23)
(1.16706 -0.0449819 -9.15196e-23)
(1.169 -0.0447618 6.93464e-23)
(1.17094 -0.0445389 -1.12601e-23)
(1.17288 -0.0443132 1.46709e-23)
(1.1748 -0.0440847 -3.8614e-24)
(1.14053 -0.0525338 3.92178e-22)
(1.14251 -0.0523358 -7.38627e-22)
(1.14449 -0.0521343 -8.67763e-23)
(1.14648 -0.0519291 5.99342e-22)
(1.14847 -0.0517205 -4.53522e-23)
(1.15046 -0.0515084 -1.03915e-23)
(1.15246 -0.051293 2.17663e-22)
(1.15445 -0.0510742 -6.35885e-23)
(1.15645 -0.0508521 -1.87323e-23)
(1.15845 -0.0506267 -1.52336e-22)
(1.16044 -0.0503981 3.78365e-23)
(1.16244 -0.0501663 -3.77665e-23)
(1.16443 -0.0499312 -1.31304e-22)
(1.16642 -0.049693 -3.7404e-23)
(1.1684 -0.0494516 7.5826e-23)
(1.17038 -0.049207 -4.58727e-23)
(1.17236 -0.0489593 1.79489e-23)
(1.17433 -0.0487083 -1.15204e-23)
(1.17629 -0.0484542 1.11037e-24)
(1.14144 -0.0572796 1.23783e-21)
(1.14345 -0.0570632 2.14052e-22)
(1.14547 -0.0568426 -3.25573e-22)
(1.14749 -0.056618 -1.75818e-22)
(1.14952 -0.0563894 -8.37974e-23)
(1.15155 -0.0561568 -5.5213e-22)
(1.15358 -0.0559205 2.15534e-23)
(1.15561 -0.0556803 -2.01165e-22)
(1.15764 -0.0554364 2.61003e-22)
(1.15968 -0.0551887 -1.2921e-22)
(1.16171 -0.0549374 2.84624e-22)
(1.16374 -0.0546824 3.8052e-23)
(1.16577 -0.0544238 -8.42539e-23)
(1.1678 -0.0541616 4.90162e-23)
(1.16982 -0.0538958 6.19739e-23)
(1.17184 -0.0536264 -1.16128e-22)
(1.17386 -0.0533534 -1.22477e-23)
(1.17587 -0.0530768 3.48199e-23)
(1.17787 -0.0527966 -1.09462e-23)
(1.14443 -0.0617718 -1.4477e-21)
(1.14649 -0.0615322 3.2762e-22)
(1.14855 -0.061288 3.36912e-22)
(1.15061 -0.0610393 3.42374e-22)
(1.15268 -0.0607863 -4.91716e-22)
(1.15475 -0.0605289 5.67916e-22)
(1.15682 -0.0602671 -4.32333e-22)
(1.15889 -0.0600012 -2.34066e-22)
(1.16097 -0.0597311 -3.05557e-23)
(1.16304 -0.0594568 1.00405e-22)
(1.16511 -0.0591784 -6.96598e-23)
(1.16718 -0.0588959 1.29726e-22)
(1.16925 -0.0586094 7.19467e-23)
(1.17132 -0.0583188 -9.97887e-23)
(1.17338 -0.0580241 6.59831e-23)
(1.17543 -0.0577255 -4.07756e-23)
(1.17748 -0.0574228 -1.22155e-23)
(1.17953 -0.0571161 3.02927e-24)
(1.14545 -0.066466 7.10067e-22)
(1.14754 -0.0662073 1.23584e-22)
(1.14964 -0.0659435 -7.41596e-22)
(1.15175 -0.0656747 -1.29277e-22)
(1.15385 -0.0654009 7.80803e-22)
(1.15597 -0.0651223 3.24476e-23)
(1.15808 -0.0648388 -3.24825e-23)
(1.16019 -0.0645506 4.39025e-22)
(1.16231 -0.0642577 -6.23402e-23)
(1.16442 -0.0639602 -2.92518e-22)
(1.16654 -0.0636581 -2.1038e-22)
(1.16865 -0.0633514 -9.95051e-23)
(1.17076 -0.0630401 2.22595e-23)
(1.17287 -0.0627244 -7.28159e-23)
(1.17498 -0.0624041 -5.38779e-23)
(1.17708 -0.0620794 1.12907e-23)
(1.17917 -0.0617501 2.1834e-23)
(1.18126 -0.0614163 -1.40836e-24)
(1.14649 -0.0711497 -6.19012e-22)
(1.14862 -0.0708718 -5.27479e-22)
(1.15077 -0.0705883 -4.8142e-23)
(1.15291 -0.0702991 1.02916e-21)
(1.15506 -0.0700045 -2.58586e-22)
(1.15722 -0.0697044 1.97632e-22)
(1.15938 -0.069399 4.38167e-22)
(1.16154 -0.0690883 -2.65388e-22)
(1.1637 -0.0687724 -9.66179e-23)
(1.16586 -0.0684513 -4.5325e-23)
(1.16802 -0.0681251 1.73314e-22)
(1.17018 -0.0677938 1.70982e-22)
(1.17233 -0.0674575 1.11108e-22)
(1.17449 -0.0671161 -2.91986e-23)
(1.17664 -0.0667698 3.07594e-23)
(1.17879 -0.0664184 3.85508e-24)
(1.18093 -0.0660621 -1.64993e-23)
(1.18307 -0.0657007 -1.35653e-24)
(1.14754 -0.0758262 1.98333e-22)
(1.14972 -0.0755291 -1.36074e-23)
(1.15191 -0.0752257 8.73431e-22)
(1.1541 -0.0749161 -1.39543e-22)
(1.1563 -0.0746004 -6.20681e-22)
(1.1585 -0.0742787 2.62002e-22)
(1.16071 -0.0739511 2.17752e-22)
(1.16291 -0.0736176 7.00679e-22)
(1.16512 -0.0732783 3.13628e-23)
(1.16733 -0.0729333 2.05005e-22)
(1.16954 -0.0725826 2.91928e-24)
(1.17174 -0.0722263 -1.82026e-22)
(1.17395 -0.0718645 -1.21112e-22)
(1.17615 -0.0714971 4.13836e-23)
(1.17835 -0.0711241 1.36417e-23)
(1.18055 -0.0707456 9.39368e-24)
(1.18274 -0.0703616 -3.3208e-24)
(1.18493 -0.0699721 3.45475e-24)
(1.14861 -0.0804987 4.66403e-22)
(1.15084 -0.0801822 5.40004e-23)
(1.15307 -0.0798589 -6.59738e-22)
(1.15532 -0.0795286 2.66878e-22)
(1.15756 -0.0791917 -4.15184e-22)
(1.15981 -0.0788481 -3.82021e-22)
(1.16207 -0.078498 -2.13373e-22)
(1.16432 -0.0781414 -1.09297e-22)
(1.16658 -0.0777784 1.43178e-22)
(1.16884 -0.0774091 -2.43621e-22)
(1.17109 -0.0770335 -2.99484e-22)
(1.17335 -0.0766518 1.5188e-22)
(1.17561 -0.0762639 -6.30203e-23)
(1.17786 -0.07587 2.08901e-24)
(1.18011 -0.0754699 2.67975e-24)
(1.18236 -0.0750637 -2.74662e-24)
(1.1846 -0.0746514 -7.67854e-24)
(1.18684 -0.0742332 -4.69742e-25)
(1.14968 -0.0851699 3.61477e-22)
(1.15196 -0.084834 2.94356e-22)
(1.15425 -0.0844905 -7.22646e-22)
(1.15654 -0.0841395 4.94647e-22)
(1.15884 -0.0837811 -7.05838e-23)
(1.16114 -0.0834154 4.58862e-22)
(1.16345 -0.0830425 -1.33334e-22)
(1.16575 -0.0826625 3.74346e-24)
(1.16806 -0.0822756 2.81853e-23)
(1.17037 -0.0818818 5.01497e-22)
(1.17268 -0.0814811 9.62258e-23)
(1.17499 -0.0810733 8.45756e-23)
(1.1773 -0.0806587 1.22077e-22)
(1.17961 -0.0802374 6.68996e-23)
(1.18192 -0.0798096 1.14187e-23)
(1.18422 -0.079375 -2.77705e-23)
(1.18651 -0.0789339 -2.09359e-24)
(1.18881 -0.0784861 -3.79057e-25)
(1.15075 -0.0898422 -5.27751e-22)
(1.15309 -0.0894868 -9.68267e-22)
(1.15543 -0.089123 3.55155e-22)
(1.15777 -0.088751 4.5828e-22)
(1.16013 -0.0883709 -1.28953e-22)
(1.16248 -0.0879828 2.38049e-23)
(1.16484 -0.0875868 -7.6317e-22)
(1.1672 -0.087183 -1.8794e-22)
(1.16957 -0.0867716 -2.58507e-24)
(1.17193 -0.0863526 -6.00981e-22)
(1.1743 -0.0859261 -1.82187e-24)
(1.17667 -0.0854919 -1.32243e-22)
(1.17903 -0.0850503 -2.8815e-23)
(1.18139 -0.0846014 -5.92415e-23)
(1.18375 -0.0841451 -4.86658e-23)
(1.18611 -0.0836817 -7.76034e-24)
(1.18846 -0.0832109 1.02778e-23)
(1.19081 -0.082733 4.70779e-25)
(1.15182 -0.094518 3.661e-22)
(1.15421 -0.094143 2.19077e-21)
(1.15661 -0.0937587 -4.66694e-22)
(1.15901 -0.0933655 1.5568e-22)
(1.16142 -0.0929634 -7.04393e-22)
(1.16383 -0.0925526 5.40419e-22)
(1.16625 -0.0921331 -4.01955e-22)
(1.16867 -0.0917051 3.58624e-22)
(1.17109 -0.0912687 -1.78479e-22)
(1.17352 -0.0908239 1.94527e-22)
(1.17594 -0.0903709 9.72821e-23)
(1.17836 -0.0899099 -2.13309e-23)
(1.18079 -0.0894409 1.01352e-22)
(1.18321 -0.0889637 -2.21138e-23)
(1.18562 -0.0884786 2.85165e-23)
(1.18804 -0.0879855 1.97715e-23)
(1.19045 -0.0874844 8.24108e-25)
(1.19286 -0.0869754 -3.14979e-24)
(1.15287 -0.0991993 7.44904e-23)
(1.15532 -0.0988044 1.54052e-22)
(1.15778 -0.0983996 1.51415e-22)
(1.16025 -0.097985 -3.59024e-22)
(1.16271 -0.0975607 2.54547e-22)
(1.16519 -0.0971268 -7.35639e-22)
(1.16767 -0.0966836 -3.02896e-24)
(1.17015 -0.096231 6.23975e-23)
(1.17263 -0.0957693 -5.61301e-24)
(1.17511 -0.0952985 2.4367e-22)
(1.1776 -0.0948187 -2.63781e-22)
(1.18008 -0.0943301 1.41665e-22)
(1.18256 -0.0938328 -1.53568e-23)
(1.18504 -0.0933266 -4.14987e-24)
(1.18752 -0.0928117 -8.96862e-24)
(1.19 -0.0922882 -1.4249e-23)
(1.19247 -0.091756 2.48943e-24)
(1.19494 -0.0912151 3.47353e-24)
(1.15392 -0.103888 -7.86424e-23)
(1.15643 -0.103473 -1.82167e-21)
(1.15895 -0.103048 1.31124e-21)
(1.16148 -0.102611 3.2191e-22)
(1.16401 -0.102164 -7.18667e-23)
(1.16654 -0.101707 -1.99635e-22)
(1.16908 -0.10124 5.32015e-23)
(1.17163 -0.100762 4.39511e-22)
(1.17417 -0.100275 5.5751e-23)
(1.17672 -0.0997775 -1.67339e-23)
(1.17926 -0.0992703 9.05972e-23)
(1.18181 -0.0987536 -1.65754e-22)
(1.18436 -0.0982272 3.00165e-23)
(1.1869 -0.0976914 2.12543e-23)
(1.18944 -0.097146 5.08782e-25)
(1.19198 -0.0965912 -1.93545e-24)
(1.19452 -0.096027 2.85319e-25)
(1.19704 -0.0954533 2.61019e-24)
(1.15494 -0.108585 -8.05854e-22)
(1.15752 -0.10815 1.07684e-21)
(1.1601 -0.107704 -7.67642e-22)
(1.1627 -0.107246 3.43762e-22)
(1.16529 -0.106776 3.29224e-22)
(1.1679 -0.106296 2.73435e-22)
(1.1705 -0.105804 5.18603e-22)
(1.17311 -0.105301 -5.20678e-22)
(1.17572 -0.104787 -2.08059e-22)
(1.17833 -0.104262 3.47176e-22)
(1.18094 -0.103727 -8.5593e-23)
(1.18356 -0.103182 3.57444e-23)
(1.18617 -0.102626 -6.17487e-24)
(1.18878 -0.102059 2.22925e-23)
(1.19138 -0.101483 1.12765e-23)
(1.19399 -0.100896 -1.8417e-24)
(1.19659 -0.100299 -1.73046e-24)
(1.19918 -0.0996911 -1.02011e-23)
(1.15594 -0.113293 -4.95465e-22)
(1.15859 -0.112838 -8.67916e-22)
(1.16124 -0.112371 -5.58926e-22)
(1.1639 -0.111891 -9.78485e-22)
(1.16657 -0.111398 3.48029e-22)
(1.16924 -0.110893 9.79587e-23)
(1.17191 -0.110376 -2.74994e-22)
(1.17459 -0.109848 1.29648e-22)
(1.17727 -0.109307 3.74787e-22)
(1.17995 -0.108755 -2.05099e-22)
(1.18263 -0.108191 -8.84321e-24)
(1.18531 -0.107616 -2.87119e-23)
(1.18799 -0.10703 -4.6589e-23)
(1.19067 -0.106432 -3.38456e-23)
(1.19334 -0.105823 -3.54656e-24)
(1.19601 -0.105203 -2.46127e-24)
(1.19868 -0.104572 1.95945e-23)
(1.20134 -0.103929 1.33062e-25)
(1.15692 -0.118012 6.711e-22)
(1.15964 -0.117537 1.04387e-21)
(1.16236 -0.117049 1.20355e-21)
(1.1651 -0.116546 -1.18413e-21)
(1.16783 -0.116031 -7.45033e-22)
(1.17058 -0.115502 -1.08982e-22)
(1.17332 -0.114959 3.11176e-22)
(1.17607 -0.114404 -3.41235e-22)
(1.17882 -0.113837 -4.19194e-22)
(1.18157 -0.113256 -6.30136e-23)
(1.18432 -0.112663 2.52406e-22)
(1.18707 -0.112058 -1.55865e-24)
(1.18982 -0.11144 3.67245e-23)
(1.19257 -0.11081 2.77308e-23)
(1.19531 -0.110168 -1.16289e-23)
(1.19805 -0.109514 1.08163e-23)
(1.20079 -0.108848 -2.22834e-23)
(1.20352 -0.108169 7.51051e-24)
(1.15787 -0.122744 -3.83686e-22)
(1.16066 -0.12225 -1.06564e-21)
(1.16346 -0.12174 -7.02009e-22)
(1.16627 -0.121215 7.00187e-22)
(1.16908 -0.120676 1.54569e-21)
(1.1719 -0.120122 2.14612e-22)
(1.17472 -0.119554 -3.39414e-22)
(1.17754 -0.118972 3.39128e-23)
(1.18036 -0.118377 4.60875e-22)
(1.18319 -0.117767 -1.14316e-23)
(1.18601 -0.117144 8.50754e-23)
(1.18884 -0.116508 4.67913e-23)
(1.19166 -0.115859 -2.61678e-23)
(1.19448 -0.115196 -9.21224e-24)
(1.1973 -0.114519 -7.5379e-24)
(1.20011 -0.11383 1.72371e-23)
(1.20292 -0.113127 -1.44556e-23)
(1.20572 -0.11241 8.46771e-24)
(1.15878 -0.127491 1.96466e-21)
(1.16166 -0.126976 1.20896e-21)
(1.16454 -0.126445 2.55156e-22)
(1.16742 -0.125898 -6.22871e-22)
(1.17031 -0.125335 -6.67973e-22)
(1.17321 -0.124756 -2.03084e-22)
(1.1761 -0.124162 1.46671e-22)
(1.179 -0.123553 3.76146e-22)
(1.1819 -0.122929 -3.24252e-22)
(1.1848 -0.12229 1.87905e-22)
(1.18771 -0.121636 -2.58892e-22)
(1.19061 -0.120968 1.67181e-23)
(1.1935 -0.120285 -1.36925e-24)
(1.1964 -0.119588 8.20337e-24)
(1.19929 -0.118876 4.37313e-24)
(1.20218 -0.11815 2.7707e-24)
(1.20506 -0.117409 2.58523e-24)
(1.20793 -0.116653 -1.54636e-23)
(1.15967 -0.132252 -2.03153e-21)
(1.16262 -0.131717 -5.02174e-22)
(1.16558 -0.131165 -1.53686e-21)
(1.16855 -0.130595 1.46484e-21)
(1.17152 -0.130008 -6.27237e-22)
(1.1745 -0.129404 -4.74546e-22)
(1.17747 -0.128784 -7.09175e-23)
(1.18045 -0.128147 1.6839e-22)
(1.18344 -0.127494 4.90816e-22)
(1.18642 -0.126824 -2.70734e-22)
(1.1894 -0.126139 5.78325e-23)
(1.19237 -0.125439 -9.37813e-23)
(1.19535 -0.124722 -1.7084e-24)
(1.19832 -0.123989 -3.80959e-23)
(1.20129 -0.123241 1.75211e-23)
(1.20426 -0.122476 8.32792e-24)
(1.20721 -0.121696 7.06736e-24)
(1.21016 -0.120899 -7.23363e-24)
(1.16051 -0.13703 1.20466e-21)
(1.16355 -0.136475 -1.40287e-21)
(1.1666 -0.135901 1.90215e-21)
(1.16965 -0.135309 -1.7566e-21)
(1.17271 -0.134698 6.2929e-22)
(1.17577 -0.134069 -8.14429e-23)
(1.17883 -0.133421 -1.09591e-22)
(1.1819 -0.132756 -5.45102e-22)
(1.18496 -0.132072 -8.67035e-23)
(1.18802 -0.131371 1.5414e-22)
(1.19108 -0.130654 -1.07351e-23)
(1.19414 -0.12992 5.20376e-23)
(1.1972 -0.129168 5.50702e-24)
(1.20025 -0.128399 3.31262e-23)
(1.2033 -0.127612 3.64604e-23)
(1.20634 -0.126808 -7.9498e-23)
(1.20938 -0.125986 6.48146e-23)
(1.2124 -0.125147 1.48442e-23)
(1.16132 -0.141825 -8.67001e-24)
(1.16445 -0.14125 1.3991e-21)
(1.16759 -0.140655 -5.43785e-22)
(1.17073 -0.14004 1.50449e-21)
(1.17388 -0.139405 -1.44263e-21)
(1.17702 -0.13875 1.08403e-21)
(1.18017 -0.138076 4.53347e-22)
(1.18332 -0.137382 3.08125e-22)
(1.18648 -0.13667 -4.84382e-22)
(1.18962 -0.135941 2.96991e-23)
(1.19277 -0.135188 5.14685e-23)
(1.19591 -0.134416 -2.3298e-23)
(1.19905 -0.133627 -1.64682e-23)
(1.20219 -0.132819 -4.10498e-23)
(1.20532 -0.131992 -1.0619e-22)
(1.20844 -0.131146 1.1404e-22)
(1.21156 -0.130281 -3.22266e-23)
(1.21466 -0.129396 -3.89646e-23)
(1.1621 -0.146638 3.92162e-23)
(1.16532 -0.146044 -1.27117e-21)
(1.16855 -0.145428 4.72834e-22)
(1.17178 -0.14479 -7.91665e-22)
(1.17502 -0.14413 1.1235e-21)
(1.17826 -0.143449 -7.1666e-22)
(1.18149 -0.142747 1.87646e-23)
(1.18473 -0.142024 2.28661e-22)
(1.18797 -0.141281 1.28523e-22)
(1.19121 -0.140518 3.60613e-23)
(1.19445 -0.139731 3.7336e-23)
(1.19768 -0.138924 2.42089e-23)
(1.20091 -0.138096 -8.10415e-23)
(1.20413 -0.137249 1.02808e-22)
(1.20734 -0.13638 6.58905e-23)
(1.21055 -0.13549 -1.58164e-23)
(1.21374 -0.134579 -4.69356e-23)
(1.21693 -0.133646 3.67553e-23)
(1.16283 -0.151471 -2.31092e-21)
(1.16615 -0.150858 1.05286e-21)
(1.16947 -0.15022 -7.93195e-22)
(1.1728 -0.149559 3.45342e-22)
(1.17613 -0.148875 2.98017e-22)
(1.17947 -0.148167 6.23062e-22)
(1.1828 -0.147436 1.45959e-22)
(1.18614 -0.146683 -2.20849e-22)
(1.18947 -0.145906 2.71812e-23)
(1.1928 -0.145106 -2.08823e-22)
(1.19613 -0.144286 -2.02937e-23)
(1.19945 -0.143443 -1.80175e-23)
(1.20277 -0.142577 9.59874e-23)
(1.20607 -0.141688 -7.24487e-23)
(1.20937 -0.140776 -1.34988e-22)
(1.21266 -0.13984 -8.92795e-24)
(1.21594 -0.13888 9.48507e-24)
(1.21921 -0.137897 1.32436e-23)
(1.16352 -0.156324 1.56995e-21)
(1.16694 -0.155692 3.9336e-22)
(1.17037 -0.155034 4.63009e-22)
(1.1738 -0.15435 6.43664e-22)
(1.17723 -0.153641 -7.83586e-22)
(1.18066 -0.152906 2.62776e-22)
(1.18409 -0.152147 -4.57483e-22)
(1.18752 -0.151362 -1.66253e-22)
(1.19095 -0.150553 -1.31255e-22)
(1.19438 -0.149719 9.40106e-23)
(1.1978 -0.148861 1.73105e-23)
(1.20122 -0.147979 -9.23017e-24)
(1.20462 -0.147071 1.26845e-25)
(1.20802 -0.146138 1.4863e-23)
(1.21141 -0.145179 2.4975e-22)
(1.21479 -0.144195 -4.28969e-23)
(1.21815 -0.143184 -2.62158e-23)
(1.22149 -0.142146 -1.85521e-23)
(1.16417 -0.161199 -7.5272e-22)
(1.1677 -0.160549 -5.74979e-22)
(1.17123 -0.15987 -2.90681e-23)
(1.17476 -0.159163 -1.22939e-21)
(1.1783 -0.158429 -3.91246e-22)
(1.18183 -0.157667 -5.24941e-23)
(1.18537 -0.156878 -4.38519e-23)
(1.1889 -0.156063 2.71607e-22)
(1.19243 -0.15522 2.32144e-22)
(1.19595 -0.15435 -2.06297e-23)
(1.19947 -0.153453 -8.91601e-23)
(1.20298 -0.152529 1.13203e-22)
(1.20648 -0.151577 1.05696e-22)
(1.20997 -0.150598 1.77531e-22)
(1.21345 -0.14959 -3.47188e-23)
(1.21692 -0.148554 7.06789e-24)
(1.22036 -0.147488 4.53956e-23)
(1.22379 -0.146392 -2.32618e-23)
(1.16478 -0.166098 2.36099e-21)
(1.16842 -0.165429 -1.57028e-22)
(1.17206 -0.16473 -9.47874e-22)
(1.1757 -0.164 1.66045e-22)
(1.17934 -0.163241 -5.06155e-22)
(1.18298 -0.162452 -2.197e-22)
(1.18662 -0.161633 2.16112e-22)
(1.19026 -0.160784 -6.87135e-23)
(1.19389 -0.159906 -5.13593e-23)
(1.19752 -0.158999 7.79762e-24)
(1.20114 -0.158061 -4.60321e-24)
(1.20475 -0.157094 -1.33473e-22)
(1.20835 -0.156096 -1.37864e-22)
(1.21193 -0.155068 -2.55489e-22)
(1.2155 -0.154008 -1.50386e-22)
(1.21906 -0.152916 1.8455e-22)
(1.22259 -0.151792 -1.8315e-22)
(1.2261 -0.150634 1.39633e-23)
(1.16535 -0.171021 -1.92253e-21)
(1.1691 -0.170334 1.2076e-21)
(1.17285 -0.169615 5.01389e-22)
(1.17661 -0.168862 -7.63821e-22)
(1.18036 -0.168078 1.16449e-21)
(1.18412 -0.16726 7.58599e-22)
(1.18787 -0.166411 -1.247e-22)
(1.19161 -0.165529 -2.58159e-22)
(1.19535 -0.164614 6.46294e-23)
(1.19908 -0.163667 8.48383e-24)
(1.20281 -0.162687 7.11208e-23)
(1.20652 -0.161674 6.64349e-23)
(1.21021 -0.160627 1.58987e-22)
(1.2139 -0.159547 1.23742e-22)
(1.21756 -0.158431 7.60969e-23)
(1.2212 -0.15728 -3.71179e-22)
(1.22482 -0.156092 5.08377e-23)
(1.22841 -0.154868 3.53295e-23)
(1.16588 -0.175969 2.39832e-22)
(1.16975 -0.175266 -1.14609e-21)
(1.17362 -0.174527 2.98212e-22)
(1.17749 -0.173752 1.95754e-21)
(1.18137 -0.172941 -4.42016e-22)
(1.18523 -0.172095 -7.92187e-22)
(1.1891 -0.171214 -1.03992e-22)
(1.19296 -0.170297 -1.13414e-23)
(1.19681 -0.169344 -3.59494e-23)
(1.20065 -0.168355 -4.29674e-23)
(1.20447 -0.167331 8.78365e-23)
(1.20829 -0.166269 -1.67155e-22)
(1.21209 -0.16517 -5.64011e-22)
(1.21587 -0.164033 -5.82404e-23)
(1.21962 -0.162858 2.51143e-22)
(1.22336 -0.161643 -5.26756e-23)
(1.22706 -0.160388 2.6821e-22)
(1.23074 -0.159091 -6.76584e-23)
(1.16637 -0.180946 -4.36848e-23)
(1.17036 -0.180226 1.26857e-21)
(1.17436 -0.179467 2.60687e-22)
(1.17835 -0.178669 -8.21042e-22)
(1.18235 -0.177833 -1.96969e-22)
(1.18633 -0.176957 -1.80521e-22)
(1.19032 -0.176043 1.17909e-22)
(1.19429 -0.175089 6.59004e-23)
(1.19825 -0.174095 -3.25066e-23)
(1.20221 -0.173063 -8.79921e-24)
(1.20614 -0.171991 2.59297e-23)
(1.21006 -0.170878 4.58201e-22)
(1.21396 -0.169723 6.40224e-22)
(1.21784 -0.168526 -7.30632e-23)
(1.22169 -0.167287 -8.44392e-23)
(1.22552 -0.166004 1.04462e-22)
(1.22931 -0.164675 -1.16109e-22)
(1.23306 -0.163301 1.72273e-23)
(1.16682 -0.185952 2.06167e-21)
(1.17095 -0.185216 -2.80104e-21)
(1.17507 -0.184438 -8.84019e-22)
(1.17919 -0.183617 6.52074e-22)
(1.18331 -0.182753 6.19246e-22)
(1.18742 -0.181847 -6.05931e-23)
(1.19153 -0.180898 -2.97104e-22)
(1.19562 -0.179906 -8.75494e-24)
(1.1997 -0.17887 -4.8555e-23)
(1.20376 -0.177791 4.44099e-23)
(1.20781 -0.176668 -1.39575e-22)
(1.21184 -0.1755 -3.22582e-23)
(1.21585 -0.174285 2.87224e-23)
(1.21982 -0.173024 2.25622e-22)
(1.22377 -0.171715 -4.59334e-23)
(1.22768 -0.170358 5.26466e-22)
(1.23156 -0.168951 -2.38211e-22)
(1.23539 -0.167492 3.39188e-23)
(1.16724 -0.190989 -1.63049e-21)
(1.1715 -0.190238 2.15657e-22)
(1.17576 -0.18944 1.27603e-21)
(1.18001 -0.188595 -1.50635e-21)
(1.18426 -0.187704 -7.52957e-22)
(1.1885 -0.186767 2.95193e-22)
(1.19273 -0.185782 3.84107e-22)
(1.19695 -0.18475 1.10343e-22)
(1.20114 -0.183672 8.80512e-23)
(1.20533 -0.182541 -7.18398e-23)
(1.20949 -0.181362 2.09625e-22)
(1.21363 -0.180133 -2.81211e-22)
(1.21773 -0.178854 -2.94447e-22)
(1.22181 -0.177524 -1.02537e-22)
(1.22585 -0.176141 -3.47115e-22)
(1.22986 -0.174703 -2.33392e-22)
(1.23381 -0.173211 3.16673e-22)
(1.23772 -0.171662 1.58341e-23)
(1.16763 -0.19606 2.45111e-21)
(1.17203 -0.195293 7.79155e-22)
(1.17642 -0.194475 -6.72745e-22)
(1.18081 -0.193607 9.94525e-22)
(1.1852 -0.192687 1.3075e-21)
(1.18957 -0.191715 -2.78923e-22)
(1.19392 -0.190692 -1.37672e-22)
(1.19827 -0.189617 -9.80676e-24)
(1.20259 -0.188491 -5.25761e-23)
(1.20689 -0.187306 2.3522e-23)
(1.21117 -0.186069 -2.09465e-22)
(1.21542 -0.184776 -4.09372e-22)
(1.21963 -0.183428 -1.12354e-22)
(1.22381 -0.182023 3.9244e-22)
(1.22794 -0.180559 4.19634e-22)
(1.23203 -0.179035 -2.91568e-22)
(1.23607 -0.17745 -3.03708e-23)
(1.24005 -0.175803 -1.4417e-22)
(1.16799 -0.201166 -3.46089e-21)
(1.17253 -0.200383 1.00859e-21)
(1.17707 -0.199545 2.22675e-22)
(1.1816 -0.198651 -5.06981e-22)
(1.18612 -0.197701 -6.31504e-22)
(1.19063 -0.196694 3.08334e-22)
(1.19512 -0.19563 -2.26941e-22)
(1.19959 -0.194507 -5.14906e-23)
(1.20404 -0.193326 3.519e-23)
(1.20846 -0.192087 -4.44153e-23)
(1.21285 -0.190787 3.81169e-22)
(1.21721 -0.189426 3.73473e-22)
(1.22153 -0.188003 -3.60755e-22)
(1.2258 -0.186517 -6.57275e-22)
(1.23003 -0.184966 -5.83354e-22)
(1.2342 -0.183349 -3.40773e-22)
(1.23832 -0.181665 2.21838e-23)
(1.24236 -0.179912 1.59418e-24)
(1.16832 -0.206308 1.26317e-21)
(1.17302 -0.20551 -7.91734e-22)
(1.1777 -0.204651 -2.4579e-22)
(1.18238 -0.203731 -4.64974e-22)
(1.18704 -0.202748 -5.75869e-23)
(1.19169 -0.201703 -2.87151e-23)
(1.19631 -0.200595 1.43381e-22)
(1.20091 -0.199422 6.31989e-23)
(1.20549 -0.198185 5.27555e-23)
(1.21003 -0.196884 1.16955e-22)
(1.21454 -0.195516 -3.66399e-22)
(1.21901 -0.19408 -3.74525e-22)
(1.22343 -0.192576 -4.87439e-23)
(1.2278 -0.191002 4.6385e-22)
(1.23212 -0.189358 8.99809e-22)
(1.23637 -0.18764 6.80696e-22)
(1.24056 -0.185849 4.3437e-23)
(1.24467 -0.183982 8.02963e-23)
(1.16864 -0.211489 9.62885e-22)
(1.17348 -0.210675 7.68228e-22)
(1.17832 -0.209794 -5.45447e-22)
(1.18315 -0.208845 2.87826e-22)
(1.18795 -0.207828 -4.67769e-22)
(1.19274 -0.206742 2.75024e-22)
(1.19751 -0.205586 -6.50676e-23)
(1.20224 -0.20436 2.39801e-22)
(1.20694 -0.203063 -4.25853e-22)
(1.21161 -0.201694 2.49929e-23)
(1.21623 -0.200252 -4.93906e-22)
(1.22081 -0.198735 5.19511e-22)
(1.22534 -0.197143 1.36075e-21)
(1.2298 -0.195475 -1.29458e-21)
(1.2342 -0.193729 -2.25232e-22)
(1.23853 -0.191903 -5.49756e-22)
(1.24278 -0.189996 4.25344e-23)
(1.24695 -0.188007 1.34029e-23)
(1.16893 -0.21671 1.94815e-22)
(1.17394 -0.215878 -1.12946e-21)
(1.17893 -0.214973 1.03995e-21)
(1.18391 -0.213994 5.55014e-22)
(1.18887 -0.212939 4.96846e-23)
(1.1938 -0.211809 7.18745e-23)
(1.1987 -0.210601 -6.04281e-23)
(1.20357 -0.209317 -3.25233e-22)
(1.2084 -0.207954 7.52781e-22)
(1.21319 -0.206512 1.61144e-22)
(1.21793 -0.20499 1.05748e-21)
(1.22261 -0.203386 -1.78863e-22)
(1.22724 -0.2017 -1.59307e-21)
(1.23179 -0.199929 1.07716e-21)
(1.23628 -0.198074 -7.39809e-22)
(1.24068 -0.196131 1.21202e-22)
(1.24499 -0.194101 -1.84741e-22)
(1.24921 -0.19198 7.85711e-23)
(1.16921 -0.221971 -1.05564e-21)
(1.17438 -0.221121 1.0823e-21)
(1.17953 -0.22019 5.57371e-23)
(1.18467 -0.219177 -7.10932e-22)
(1.18978 -0.218081 5.48201e-22)
(1.19486 -0.216902 -2.46531e-22)
(1.1999 -0.215639 2.21231e-22)
(1.2049 -0.21429 -7.97327e-23)
(1.20986 -0.212856 -6.75352e-22)
(1.21477 -0.211335 2.09223e-22)
(1.21962 -0.209727 -3.37465e-22)
(1.22441 -0.208028 -4.72403e-22)
(1.22913 -0.20624 8.96099e-22)
(1.23378 -0.20436 6.90206e-22)
(1.23834 -0.202387 -9.89898e-23)
(1.24281 -0.200319 4.16442e-23)
(1.24717 -0.198156 -1.86297e-22)
(1.25143 -0.195895 -1.20657e-22)
(1.16948 -0.227273 2.26058e-21)
(1.17482 -0.226403 2.84347e-22)
(1.18013 -0.225442 -1.33432e-21)
(1.18543 -0.224392 9.42612e-22)
(1.19069 -0.223252 5.8703e-23)
(1.19591 -0.22202 1.66311e-23)
(1.2011 -0.220695 -1.19925e-22)
(1.20624 -0.219277 5.48608e-22)
(1.21132 -0.217766 6.68214e-22)
(1.21635 -0.216159 5.7674e-22)
(1.22132 -0.214456 -1.43578e-22)
(1.22621 -0.212656 2.41424e-22)
(1.23102 -0.210758 9.66155e-22)
(1.23575 -0.20876 -1.75755e-21)
(1.24038 -0.206661 2.55376e-22)
(1.2449 -0.20446 -1.07658e-22)
(1.24932 -0.202155 1.12263e-22)
(1.25361 -0.199745 1.36416e-23)
(1.16974 -0.232617 6.39983e-24)
(1.17525 -0.231722 -1.25521e-21)
(1.18073 -0.23073 1.43659e-21)
(1.18619 -0.229638 -8.75426e-22)
(1.1916 -0.228448 -3.9555e-22)
(1.19698 -0.227158 1.23143e-23)
(1.2023 -0.225767 1.19901e-23)
(1.20757 -0.224274 -4.00612e-22)
(1.21278 -0.222678 -9.0978e-22)
(1.21793 -0.220978 -2.0886e-21)
(1.223 -0.219174 -1.16337e-22)
(1.22799 -0.217264 5.28515e-22)
(1.23289 -0.215248 -1.30663e-22)
(1.23769 -0.213124 1.58255e-21)
(1.24239 -0.210891 5.87334e-22)
(1.24697 -0.208547 8.44242e-23)
(1.25142 -0.206091 9.26805e-23)
(1.25574 -0.203523 -2.18352e-22)
(1.17569 -0.237078 -1.3893e-21)
(1.18134 -0.236049 -2.77073e-22)
(1.18695 -0.234912 1.85161e-22)
(1.19252 -0.233666 1.5448e-22)
(1.19804 -0.232312 -9.33327e-23)
(1.2035 -0.230848 -3.03909e-22)
(1.20891 -0.229274 -4.11738e-23)
(1.21424 -0.227586 1.82541e-22)
(1.2195 -0.225786 1.99781e-21)
(1.22467 -0.223873 -2.56521e-22)
(1.22975 -0.221846 -7.72093e-22)
(1.23474 -0.219703 -1.57017e-21)
(1.23961 -0.217444 -6.41156e-22)
(1.24436 -0.215068 -6.33289e-22)
(1.24899 -0.212573 -3.24979e-22)
(1.25347 -0.209958 -1.42815e-22)
(1.25781 -0.207222 5.74866e-23)
(1.19343 -0.238902 9.70993e-23)
(1.1991 -0.237477 2.24744e-22)
(1.2047 -0.235933 3.34546e-22)
(1.21023 -0.234269 -1.5016e-22)
(1.21569 -0.232483 -4.87727e-22)
(1.22105 -0.230576 -1.75688e-21)
(1.22632 -0.228546 8.66011e-22)
(1.23149 -0.226394 5.27461e-22)
(1.23655 -0.224117 -3.68266e-22)
(1.24149 -0.221715 5.15878e-22)
(1.24629 -0.219186 8.0544e-22)
(1.25095 -0.216531 8.3758e-22)
(1.25546 -0.213748 6.01042e-22)
(1.2598 -0.210835 2.1247e-22)
(1.21712 -0.237364 1.13207e-21)
(1.22259 -0.235341 2.25402e-21)
(1.22795 -0.233187 3.1127e-23)
(1.2332 -0.230901 -1.37139e-21)
(1.23832 -0.228481 2.60167e-21)
(1.24332 -0.225927 7.85226e-22)
(1.24816 -0.223239 -4.17565e-22)
(1.25285 -0.220415 -1.0528e-21)
(1.25737 -0.217455 -2.12733e-22)
(1.26172 -0.214357 -1.99588e-22)
(1.2592 -0.221073 -1.94556e-24)
(1.26353 -0.217782 9.77913e-23)
(1.16873 -0.00248804 3.59668e-24)
(1.17045 -0.00247665 9.20536e-25)
(1.17215 -0.00246505 -2.68761e-23)
(1.17385 -0.00245325 1.75983e-23)
(1.17553 -0.00244122 3.06378e-23)
(1.17721 -0.00242897 -3.91188e-23)
(1.17887 -0.00241649 1.31377e-23)
(1.18052 -0.00240377 -2.3417e-24)
(1.18216 -0.0023908 -8.67077e-24)
(1.18379 -0.00237758 -3.10229e-23)
(1.18541 -0.0023641 7.10789e-23)
(1.18701 -0.00235036 3.44747e-23)
(1.18859 -0.00233634 -1.53279e-22)
(1.19017 -0.00232205 1.98526e-22)
(1.19173 -0.00230748 -2.81138e-23)
(1.19327 -0.00229262 -2.35309e-22)
(1.1948 -0.00227746 2.9338e-23)
(1.19631 -0.00226201 -1.03538e-22)
(1.19781 -0.00224625 -1.64984e-23)
(1.19928 -0.00223018 1.40894e-22)
(1.20075 -0.0022138 2.60759e-22)
(1.20219 -0.00219709 -4.33271e-22)
(1.20362 -0.00218005 2.59179e-22)
(1.20503 -0.00216267 -2.1542e-22)
(1.20642 -0.00214495 3.9035e-22)
(1.20779 -0.00212687 3.64677e-23)
(1.20914 -0.00210841 -2.18456e-22)
(1.21048 -0.00208956 -2.44933e-22)
(1.21179 -0.0020703 5.25198e-22)
(1.21309 -0.00205057 -1.36365e-22)
(1.21437 -0.00203035 3.1552e-22)
(1.21562 -0.00200958 -3.2712e-22)
(1.21686 -0.00198817 -2.43442e-23)
(1.21807 -0.00196601 2.62417e-22)
(1.21927 -0.00194298 -1.33324e-22)
(1.22044 -0.00191888 1.81103e-22)
(1.22159 -0.00189349 1.85256e-22)
(1.16896 -0.0073952 3.80903e-24)
(1.17068 -0.00735946 -2.43125e-24)
(1.17239 -0.00732319 -1.30566e-23)
(1.17409 -0.00728639 3.06217e-23)
(1.17579 -0.00724905 2.93626e-24)
(1.17747 -0.00721114 -1.66825e-23)
(1.17913 -0.00717265 -3.37679e-24)
(1.18079 -0.00713358 -5.48422e-24)
(1.18244 -0.0070939 5.78585e-24)
(1.18407 -0.0070536 2.68485e-25)
(1.18569 -0.00701266 -4.77119e-23)
(1.1873 -0.00697108 3.12915e-23)
(1.18889 -0.00692884 -5.01814e-23)
(1.19047 -0.00688591 3.89679e-23)
(1.19203 -0.0068423 6.71168e-23)
(1.19358 -0.00679798 -1.46511e-22)
(1.19511 -0.00675295 2.95439e-22)
(1.19663 -0.00670717 -2.66069e-22)
(1.19813 -0.00666065 -2.30032e-23)
(1.19961 -0.00661337 1.13735e-22)
(1.20108 -0.0065653 1.88202e-22)
(1.20252 -0.00651644 -1.22616e-22)
(1.20396 -0.00646676 -2.07107e-22)
(1.20537 -0.00641623 5.19502e-23)
(1.20676 -0.00636484 -8.80235e-24)
(1.20814 -0.00631254 -2.9286e-22)
(1.2095 -0.00625928 1.49669e-22)
(1.21084 -0.00620502 3.75095e-22)
(1.21215 -0.00614967 -5.99306e-23)
(1.21345 -0.00609312 -3.34795e-22)
(1.21473 -0.00603525 -3.92638e-22)
(1.21599 -0.00597588 4.85844e-22)
(1.21723 -0.00591475 -9.23275e-24)
(1.21845 -0.00585153 -7.00066e-22)
(1.21965 -0.0057858 5.14225e-23)
(1.22082 -0.00571695 2.53127e-22)
(1.16939 -0.0121957 3.43425e-24)
(1.17112 -0.0121362 -1.41648e-24)
(1.17285 -0.0120758 -2.70793e-23)
(1.17456 -0.0120146 1.43071e-23)
(1.17626 -0.0119526 2.92877e-23)
(1.17795 -0.0118897 -1.6144e-23)
(1.17963 -0.0118259 1.79389e-24)
(1.1813 -0.0117611 -3.44393e-25)
(1.18295 -0.0116955 -6.94342e-25)
(1.1846 -0.0116288 -4.48865e-24)
(1.18623 -0.0115612 -1.36251e-23)
(1.18784 -0.0114925 6.03604e-23)
(1.18944 -0.0114228 -2.9778e-23)
(1.19103 -0.0113521 2.81561e-23)
(1.1926 -0.0112803 1.31846e-23)
(1.19416 -0.0112073 1.30643e-22)
(1.1957 -0.0111333 -1.00884e-22)
(1.19723 -0.0110581 -1.82232e-22)
(1.19874 -0.0109816 8.4612e-23)
(1.20023 -0.010904 -1.00483e-22)
(1.20171 -0.0108252 -1.87537e-22)
(1.20316 -0.0107451 5.11394e-22)
(1.2046 -0.0106637 1.1008e-22)
(1.20603 -0.0105809 -3.10076e-22)
(1.20743 -0.0104968 3.06526e-22)
(1.20881 -0.0104112 -3.32667e-22)
(1.21018 -0.0103241 3.65644e-22)
(1.21153 -0.0102354 -3.22613e-22)
(1.21285 -0.0101449 -8.5313e-23)
(1.21416 -0.0100525 -1.91156e-22)
(1.21545 -0.009958 3.65037e-22)
(1.21671 -0.009861 1.32801e-22)
(1.21796 -0.00976112 -3.45798e-22)
(1.21919 -0.00965782 6.29797e-22)
(1.22039 -0.00955033 -1.60742e-22)
(1.22157 -0.00943765 -2.61617e-22)
(1.17001 -0.0169055 -7.50796e-24)
(1.17175 -0.0168219 2.33294e-24)
(1.17349 -0.0167371 1.77715e-23)
(1.17522 -0.0166513 2.55173e-24)
(1.17693 -0.0165643 5.55714e-24)
(1.17864 -0.0164761 -9.59771e-24)
(1.18033 -0.0163868 -1.42861e-24)
(1.18202 -0.0162962 -4.50747e-25)
(1.18369 -0.0162044 -2.12032e-23)
(1.18534 -0.0161113 1.74255e-23)
(1.18699 -0.0160168 -9.89158e-25)
(1.18862 -0.0159211 2.60572e-24)
(1.19024 -0.0158239 -9.58251e-25)
(1.19184 -0.0157253 1.71854e-22)
(1.19343 -0.0156253 -9.22279e-23)
(1.195 -0.0155238 6.80985e-23)
(1.19655 -0.0154208 1.63029e-22)
(1.19809 -0.0153163 -2.49016e-23)
(1.19962 -0.0152102 -9.14643e-23)
(1.20112 -0.0151025 3.09882e-22)
(1.20261 -0.0149932 -1.70116e-22)
(1.20408 -0.0148821 -1.79206e-24)
(1.20554 -0.0147693 2.841e-22)
(1.20697 -0.0146548 -4.46366e-22)
(1.20839 -0.0145384 5.28052e-22)
(1.20979 -0.01442 3.17097e-22)
(1.21116 -0.0142996 -2.11237e-22)
(1.21252 -0.014177 -2.68175e-22)
(1.21386 -0.0140521 3.98683e-23)
(1.21518 -0.0139245 2.39228e-22)
(1.21648 -0.0137941 -3.97872e-22)
(1.21776 -0.0136602 4.28404e-22)
(1.21902 -0.0135225 -3.96384e-22)
(1.22026 -0.0133799 6.97506e-22)
(1.22147 -0.0132316 -3.13069e-22)
(1.22267 -0.0130761 3.27425e-22)
(1.17078 -0.0215373 8.79034e-25)
(1.17255 -0.0214293 6.79349e-24)
(1.1743 -0.02132 -1.6582e-23)
(1.17605 -0.0212093 -3.60096e-24)
(1.17779 -0.0210971 6.43108e-24)
(1.17951 -0.0209836 -2.86863e-24)
(1.18123 -0.0208685 1.31878e-24)
(1.18293 -0.0207519 -4.42401e-24)
(1.18462 -0.0206337 4.49904e-24)
(1.1863 -0.020514 -2.20213e-23)
(1.18796 -0.0203926 -3.73126e-23)
(1.18961 -0.0202696 1.83044e-22)
(1.19125 -0.0201448 -1.34661e-22)
(1.19287 -0.0200183 1.35539e-23)
(1.19447 -0.01989 1.36808e-22)
(1.19606 -0.0197599 -2.52953e-22)
(1.19764 -0.0196279 -1.52664e-23)
(1.1992 -0.0194941 1.5142e-22)
(1.20074 -0.0193582 1.10058e-22)
(1.20226 -0.0192204 7.1167e-23)
(1.20377 -0.0190805 -5.99646e-22)
(1.20526 -0.0189386 -1.39101e-22)
(1.20673 -0.0187945 4.90886e-22)
(1.20818 -0.0186481 -3.14002e-22)
(1.20962 -0.0184995 -9.02712e-23)
(1.21103 -0.0183484 -3.56609e-22)
(1.21243 -0.0181948 4.76528e-24)
(1.21381 -0.0180385 1.71836e-22)
(1.21516 -0.0178792 2.49518e-23)
(1.2165 -0.0177166 5.09531e-22)
(1.21782 -0.0175504 -7.03031e-22)
(1.21911 -0.0173799 5.00661e-22)
(1.22039 -0.0172044 6.77648e-22)
(1.22164 -0.0170228 -4.35293e-22)
(1.22287 -0.0168339 4.00108e-23)
(1.22408 -0.0166357 3.24052e-22)
(1.17171 -0.0261019 -1.88165e-24)
(1.1735 -0.0259693 -1.22498e-23)
(1.17528 -0.0258351 8.90025e-24)
(1.17705 -0.0256992 2.39516e-23)
(1.17881 -0.0255616 -4.47261e-24)
(1.18056 -0.0254223 -3.36639e-24)
(1.18229 -0.0252812 -3.77973e-24)
(1.18402 -0.0251383 1.45572e-23)
(1.18573 -0.0249935 -4.33705e-25)
(1.18743 -0.0248468 -3.28508e-23)
(1.18912 -0.0246982 -2.13373e-23)
(1.19079 -0.0245475 -1.30913e-23)
(1.19245 -0.0243949 6.36695e-24)
(1.1941 -0.0242401 -3.33226e-23)
(1.19573 -0.0240832 -1.15865e-22)
(1.19734 -0.0239242 1.88383e-23)
(1.19894 -0.0237629 -1.52154e-22)
(1.20052 -0.0235993 1.65766e-22)
(1.20208 -0.0234335 -1.51843e-22)
(1.20363 -0.0232652 -1.68837e-22)
(1.20516 -0.0230946 3.66667e-22)
(1.20667 -0.0229214 -5.68213e-23)
(1.20816 -0.0227457 2.07673e-22)
(1.20964 -0.0225673 2.07176e-22)
(1.2111 -0.0223861 -5.36155e-22)
(1.21253 -0.0222021 -5.67141e-23)
(1.21395 -0.022015 -2.54435e-22)
(1.21535 -0.0218247 8.3561e-22)
(1.21673 -0.0216308 -1.05296e-21)
(1.21809 -0.0214329 6.13215e-22)
(1.21942 -0.0212307 5.3145e-22)
(1.22074 -0.0210232 -4.96421e-22)
(1.22204 -0.0208098 6.20776e-22)
(1.22331 -0.020589 -4.78115e-22)
(1.22456 -0.0203593 -3.71919e-22)
(1.22579 -0.0201183 -4.54411e-22)
(1.17278 -0.0306084 1.346e-24)
(1.1746 -0.0304509 -4.09071e-24)
(1.1764 -0.0302916 1.04444e-24)
(1.1782 -0.0301302 -1.9179e-23)
(1.17998 -0.0299668 -3.19247e-24)
(1.18176 -0.0298014 1.53678e-24)
(1.18352 -0.0296339 -5.64073e-24)
(1.18528 -0.0294643 8.91401e-24)
(1.18701 -0.0292925 -3.79403e-23)
(1.18874 -0.0291184 -6.27119e-24)
(1.19046 -0.0289421 8.00359e-24)
(1.19216 -0.0287635 4.7097e-23)
(1.19384 -0.0285825 -4.67481e-23)
(1.19551 -0.0283991 1.41527e-22)
(1.19717 -0.0282131 -2.05691e-22)
(1.19881 -0.0280247 2.65982e-22)
(1.20043 -0.0278337 -1.69016e-22)
(1.20204 -0.02764 1.49303e-22)
(1.20363 -0.0274436 2.24802e-22)
(1.20521 -0.0272445 -6.52334e-22)
(1.20676 -0.0270426 1.33319e-22)
(1.2083 -0.0268377 4.45904e-22)
(1.20982 -0.0266298 -5.5558e-22)
(1.21132 -0.0264189 1.30085e-22)
(1.2128 -0.0262047 3.782e-22)
(1.21427 -0.0259872 1.54997e-22)
(1.21571 -0.0257661 -2.09779e-22)
(1.21713 -0.0255411 -3.60061e-22)
(1.21854 -0.025312 -5.07587e-22)
(1.21992 -0.0250783 9.57811e-22)
(1.22128 -0.0248394 -3.57768e-22)
(1.22263 -0.0245945 -1.05953e-21)
(1.22395 -0.0243424 -7.52974e-22)
(1.22525 -0.0240818 2.68969e-22)
(1.22652 -0.0238106 6.89816e-22)
(1.22778 -0.0235261 -5.25816e-23)
(1.17398 -0.0350648 4.14319e-24)
(1.17582 -0.0348821 -2.12614e-24)
(1.17766 -0.0346972 5.69559e-24)
(1.17948 -0.03451 -2.31042e-25)
(1.1813 -0.0343204 -4.25337e-24)
(1.1831 -0.0341285 3.90819e-24)
(1.1849 -0.0339342 1.24964e-23)
(1.18668 -0.0337374 2.43716e-24)
(1.18845 -0.0335381 -2.59387e-23)
(1.19021 -0.0333363 -4.71272e-23)
(1.19195 -0.0331318 9.67126e-23)
(1.19368 -0.0329247 3.19961e-23)
(1.1954 -0.0327149 4.468e-23)
(1.1971 -0.0325022 9.15345e-23)
(1.19879 -0.0322868 -2.44867e-22)
(1.20046 -0.0320684 1.54384e-22)
(1.20211 -0.031847 -7.37202e-24)
(1.20375 -0.0316227 4.40919e-22)
(1.20537 -0.0313952 -6.64489e-23)
(1.20697 -0.0311646 2.93174e-22)
(1.20856 -0.0309307 -3.92257e-23)
(1.21013 -0.0306934 -3.16486e-22)
(1.21168 -0.0304527 5.55219e-22)
(1.21321 -0.0302085 -4.6241e-23)
(1.21472 -0.0299606 2.32348e-22)
(1.21622 -0.0297087 -2.30782e-22)
(1.21769 -0.0294528 4.95422e-22)
(1.21914 -0.0291924 -6.3651e-22)
(1.22058 -0.0289273 -3.74321e-22)
(1.22199 -0.0286568 4.55008e-23)
(1.22338 -0.0283803 7.74171e-22)
(1.22475 -0.0280968 -3.51814e-22)
(1.2261 -0.0278052 2.18496e-23)
(1.22743 -0.0275036 1.0264e-21)
(1.22873 -0.0271899 -6.44233e-22)
(1.23001 -0.0268608 7.83027e-22)
(1.1753 -0.0394778 -2.69065e-24)
(1.17717 -0.0392695 2.16405e-24)
(1.17904 -0.0390587 -1.14963e-23)
(1.1809 -0.0388452 -6.22864e-25)
(1.18275 -0.0386291 1.12681e-23)
(1.18458 -0.0384103 7.29927e-24)
(1.18641 -0.0381887 -2.46871e-24)
(1.18823 -0.0379643 3.75385e-23)
(1.19003 -0.037737 -8.46482e-23)
(1.19182 -0.0375068 7.11201e-23)
(1.1936 -0.0372737 -1.08861e-22)
(1.19536 -0.0370375 -6.814e-23)
(1.19711 -0.0367982 3.3416e-23)
(1.19885 -0.0365558 7.9363e-23)
(1.20057 -0.0363101 3.04858e-22)
(1.20227 -0.0360612 -2.6515e-22)
(1.20396 -0.0358088 -1.72038e-23)
(1.20563 -0.0355531 -1.07247e-22)
(1.20728 -0.0352938 -2.13733e-22)
(1.20892 -0.0350308 -5.34834e-23)
(1.21054 -0.0347642 -2.5127e-22)
(1.21214 -0.0344938 -1.0716e-22)
(1.21373 -0.0342194 -5.79048e-22)
(1.21529 -0.033941 4.50467e-22)
(1.21684 -0.0336583 3.11468e-22)
(1.21836 -0.0333711 -5.32923e-22)
(1.21987 -0.0330793 4.19706e-22)
(1.22136 -0.0327824 -9.67237e-24)
(1.22282 -0.03248 7.91784e-22)
(1.22427 -0.0321715 -6.39183e-22)
(1.22569 -0.0318562 -9.76404e-22)
(1.22709 -0.0315329 9.92298e-22)
(1.22847 -0.0312003 1.51926e-22)
(1.22983 -0.0308564 -1.59243e-22)
(1.23117 -0.0304987 -2.84265e-22)
(1.23248 -0.0301236 2.29411e-22)
(1.17672 -0.0438534 8.82477e-25)
(1.17863 -0.0436192 1.82528e-23)
(1.18054 -0.043382 -5.09446e-24)
(1.18243 -0.0431418 -7.26147e-24)
(1.18431 -0.0428986 -1.90331e-24)
(1.18619 -0.0426524 -7.88936e-24)
(1.18805 -0.042403 4.5644e-23)
(1.1899 -0.0421505 -1.0631e-23)
(1.19174 -0.0418947 1.92437e-23)
(1.19357 -0.0416356 -9.34215e-23)
(1.19538 -0.0413732 3.90319e-23)
(1.19718 -0.0411073 5.57889e-23)
(1.19897 -0.040838 -7.70529e-23)
(1.20074 -0.0405651 1.31969e-22)
(1.2025 -0.0402885 -3.63815e-22)
(1.20424 -0.0400082 3.89424e-22)
(1.20596 -0.0397241 -4.276e-22)
(1.20767 -0.0394361 -3.56249e-22)
(1.20936 -0.0391441 6.16184e-22)
(1.21104 -0.038848 -6.32959e-22)
(1.21269 -0.0385477 -1.89811e-22)
(1.21433 -0.0382431 9.65578e-23)
(1.21595 -0.037934 7.19461e-22)
(1.21755 -0.0376202 -2.96422e-22)
(1.21913 -0.0373016 -2.84176e-22)
(1.2207 -0.036978 4.51828e-22)
(1.22224 -0.0366489 -4.20188e-22)
(1.22376 -0.0363141 -2.71934e-22)
(1.22526 -0.0359731 -1.21683e-21)
(1.22674 -0.035625 6.25451e-22)
(1.2282 -0.0352692 1.88999e-22)
(1.22963 -0.0349044 -2.75211e-22)
(1.23105 -0.0345291 7.19046e-22)
(1.23244 -0.0341411 -1.38745e-21)
(1.23381 -0.0337375 3.04845e-22)
(1.23515 -0.0333146 9.4204e-23)
(1.17825 -0.0481968 -2.76738e-25)
(1.1802 -0.0479362 -1.34046e-23)
(1.18214 -0.0476722 1.19229e-24)
(1.18407 -0.0474049 4.36884e-24)
(1.18599 -0.0471342 2.66302e-24)
(1.1879 -0.04686 1.26065e-23)
(1.18981 -0.0465823 -1.48802e-23)
(1.1917 -0.046301 -1.00962e-22)
(1.19357 -0.0460161 -4.53623e-24)
(1.19544 -0.0457275 8.88346e-23)
(1.19729 -0.0454351 -1.42002e-22)
(1.19913 -0.0451389 1.02692e-22)
(1.20096 -0.0448388 -7.99444e-23)
(1.20277 -0.0445346 8.72761e-23)
(1.20456 -0.0442263 -1.40603e-22)
(1.20634 -0.0439139 2.15495e-22)
(1.20811 -0.0435971 2.89787e-22)
(1.20986 -0.043276 4.75114e-22)
(1.21159 -0.0429503 -3.62011e-22)
(1.2133 -0.04262 4.48764e-22)
(1.215 -0.0422849 -2.08027e-22)
(1.21668 -0.041945 8.97039e-23)
(1.21833 -0.0415999 6.63565e-23)
(1.21997 -0.0412495 8.18072e-22)
(1.2216 -0.0408937 -2.75108e-22)
(1.2232 -0.040532 -4.65087e-22)
(1.22478 -0.0401642 1.01016e-21)
(1.22634 -0.0397899 3.94498e-22)
(1.22787 -0.0394084 -6.925e-22)
(1.22939 -0.039019 1.38598e-21)
(1.23089 -0.0386208 -9.7421e-22)
(1.23236 -0.0382124 4.72956e-22)
(1.23381 -0.0377922 -9.19235e-22)
(1.23524 -0.0373579 1.10891e-21)
(1.23664 -0.0369062 1.45424e-21)
(1.23802 -0.036433 3.85941e-22)
(1.17987 -0.0525128 -2.34913e-24)
(1.18186 -0.0522252 7.39795e-24)
(1.18384 -0.051934 -3.85552e-24)
(1.18581 -0.051639 3.72227e-24)
(1.18777 -0.0513401 -4.8704e-24)
(1.18973 -0.0510374 -1.93092e-23)
(1.19167 -0.0507308 1.03829e-23)
(1.1936 -0.0504202 3.12568e-23)
(1.19552 -0.0501055 8.68962e-23)
(1.19743 -0.0497867 -7.14757e-23)
(1.19932 -0.0494636 1.82575e-22)
(1.2012 -0.0491363 -4.9352e-23)
(1.20307 -0.0488045 -2.61272e-22)
(1.20492 -0.0484683 -2.69169e-23)
(1.20676 -0.0481275 1.46871e-22)
(1.20858 -0.0477819 -3.32554e-22)
(1.21039 -0.0474315 9.81339e-23)
(1.21218 -0.0470762 4.56326e-22)
(1.21395 -0.0467158 8.05655e-23)
(1.21571 -0.0463501 -6.17419e-22)
(1.21745 -0.045979 2.09248e-22)
(1.21917 -0.0456024 -9.65762e-23)
(1.22087 -0.0452199 -3.50889e-22)
(1.22255 -0.0448315 -4.08416e-22)
(1.22421 -0.0444367 -8.47604e-22)
(1.22585 -0.0440353 9.13489e-22)
(1.22747 -0.043627 -5.73528e-22)
(1.22907 -0.0432111 -4.18773e-23)
(1.23065 -0.0427871 7.61662e-22)
(1.23221 -0.0423541 -2.20135e-21)
(1.23374 -0.0419112 -8.25259e-22)
(1.23525 -0.0414568 -8.76666e-22)
(1.23674 -0.0409892 8.02694e-22)
(1.2382 -0.0405059 -1.52329e-21)
(1.23964 -0.0400033 -2.0829e-21)
(1.24105 -0.0394771 -1.67973e-21)
(1.18157 -0.0568053 -1.4821e-24)
(1.1836 -0.0564904 9.2312e-24)
(1.18563 -0.0561713 2.98394e-25)
(1.18764 -0.055848 2.58673e-25)
(1.18965 -0.0555205 2.27521e-23)
(1.19164 -0.0551887 -2.11675e-23)
(1.19363 -0.0548525 6.05999e-23)
(1.1956 -0.0545118 -2.05521e-23)
(1.19757 -0.0541666 -5.60709e-23)
(1.19952 -0.0538168 1.06827e-22)
(1.20146 -0.0534623 -1.16852e-22)
(1.20338 -0.053103 -1.91732e-23)
(1.2053 -0.0527388 -4.31612e-23)
(1.20719 -0.0523696 -1.74036e-22)
(1.20908 -0.0519952 3.22572e-22)
(1.21094 -0.0516155 -2.48773e-22)
(1.21279 -0.0512304 4.08359e-22)
(1.21463 -0.0508397 -7.04953e-23)
(1.21645 -0.0504433 -6.84761e-22)
(1.21825 -0.0500409 4.91398e-22)
(1.22003 -0.0496324 4.69663e-23)
(1.22179 -0.0492175 -1.44282e-22)
(1.22354 -0.0487961 5.56757e-22)
(1.22526 -0.0483678 1.62091e-21)
(1.22697 -0.0479323 -1.31494e-21)
(1.22865 -0.0474892 3.77334e-23)
(1.23031 -0.0470381 1.83663e-22)
(1.23196 -0.0465785 2.68825e-22)
(1.23358 -0.0461095 1.03815e-21)
(1.23517 -0.0456305 7.84856e-22)
(1.23675 -0.04514 2.27766e-21)
(1.23829 -0.0446368 -1.03192e-21)
(1.23982 -0.0441187 -2.66841e-24)
(1.24132 -0.0435832 3.07489e-23)
(1.24279 -0.0430266 2.6557e-21)
(1.24424 -0.042444 2.24219e-21)
(1.18335 -0.0610781 5.07955e-24)
(1.18543 -0.0607353 -3.23168e-24)
(1.18749 -0.0603878 1.00084e-24)
(1.18956 -0.0600356 -3.13156e-24)
(1.19161 -0.0596788 -1.90416e-24)
(1.19365 -0.0593171 -2.4717e-23)
(1.19568 -0.0589506 -7.44517e-23)
(1.1977 -0.0585792 -4.86568e-23)
(1.19971 -0.0582027 -5.83016e-23)
(1.20171 -0.0578211 9.39034e-24)
(1.2037 -0.0574343 1.09687e-22)
(1.20567 -0.0570421 -1.03187e-22)
(1.20763 -0.0566445 2.70953e-22)
(1.20957 -0.0562412 4.36593e-22)
(1.2115 -0.0558322 -5.9026e-22)
(1.21341 -0.0554172 -1.68277e-23)
(1.21531 -0.0549962 -2.04093e-22)
(1.21719 -0.0545688 -3.99873e-22)
(1.21906 -0.054135 -3.0091e-22)
(1.2209 -0.0536944 5.34708e-22)
(1.22273 -0.0532469 -3.76234e-22)
(1.22454 -0.0527921 -6.46975e-22)
(1.22633 -0.0523298 -4.24836e-22)
(1.2281 -0.0518597 -1.51898e-21)
(1.22985 -0.0513813 8.31524e-22)
(1.23158 -0.0508943 -3.05658e-22)
(1.23329 -0.050398 3.74007e-22)
(1.23497 -0.0498919 7.35525e-22)
(1.23663 -0.0493752 -1.32504e-21)
(1.23827 -0.048847 -2.15846e-21)
(1.23988 -0.0483059 -8.74113e-22)
(1.24147 -0.0477504 3.34015e-21)
(1.24303 -0.0471784 -1.11561e-21)
(1.24457 -0.046587 1.23343e-21)
(1.24607 -0.0459724 -2.86003e-21)
(1.24755 -0.0453296 -1.44089e-21)
(1.1852 -0.0653344 -8.5847e-25)
(1.18732 -0.064963 2.46134e-26)
(1.18944 -0.0645865 -2.51956e-24)
(1.19155 -0.0642049 9.65195e-24)
(1.19365 -0.063818 2.78056e-23)
(1.19574 -0.0634258 -1.24189e-23)
(1.19782 -0.0630282 9.10884e-23)
(1.19989 -0.0626251 1.45024e-22)
(1.20195 -0.0622165 1.5493e-22)
(1.20399 -0.0618023 -5.77312e-23)
(1.20603 -0.0613822 -3.15075e-22)
(1.20805 -0.0609561 1.38946e-22)
(1.21005 -0.060524 3.14314e-22)
(1.21205 -0.0600856 -4.9054e-23)
(1.21403 -0.0596407 4.48003e-23)
(1.21599 -0.0591892 1.71222e-22)
(1.21793 -0.0587308 6.08282e-22)
(1.21986 -0.0582653 -6.73971e-22)
(1.22178 -0.0577925 2.09847e-22)
(1.22367 -0.0573121 -1.93723e-22)
(1.22555 -0.0568237 -1.82342e-22)
(1.2274 -0.0563271 -1.58693e-22)
(1.22924 -0.0558218 -5.73159e-22)
(1.23106 -0.0553076 -2.13668e-22)
(1.23285 -0.0547839 1.45108e-21)
(1.23463 -0.0542502 -2.30452e-22)
(1.23638 -0.0537059 2.76007e-22)
(1.2381 -0.0531504 -1.05866e-22)
(1.23981 -0.0525827 1.209e-21)
(1.24149 -0.0520018 -5.14676e-22)
(1.24314 -0.0514064 1.30867e-21)
(1.24476 -0.0507948 -9.07685e-22)
(1.24636 -0.0501647 -1.16838e-21)
(1.24793 -0.0495131 9.45051e-22)
(1.24947 -0.0488363 3.08521e-22)
(1.25098 -0.0481288 1.45876e-21)
(1.18711 -0.0695772 -1.76326e-24)
(1.18928 -0.0691766 3.93903e-24)
(1.19145 -0.0687703 8.19545e-24)
(1.19361 -0.0683584 -8.28388e-24)
(1.19576 -0.0679407 -1.61029e-23)
(1.1979 -0.0675172 -1.19977e-23)
(1.20003 -0.0670877 -2.20373e-22)
(1.20215 -0.0666522 4.19912e-23)
(1.20426 -0.0662105 6.65478e-23)
(1.20636 -0.0657626 7.03683e-23)
(1.20844 -0.0653082 4.48703e-22)
(1.21051 -0.0648471 2.49313e-22)
(1.21257 -0.0643793 -9.25272e-23)
(1.21461 -0.0639045 2.40385e-22)
(1.21664 -0.0634225 -2.37005e-22)
(1.21866 -0.062933 1.05969e-22)
(1.22065 -0.0624357 -3.13866e-22)
(1.22263 -0.0619305 3.05023e-22)
(1.22459 -0.0614169 2.70247e-22)
(1.22654 -0.0608946 -6.75073e-22)
(1.22846 -0.0603634 1.40671e-21)
(1.23037 -0.0598226 -4.7541e-22)
(1.23225 -0.059272 7.22064e-24)
(1.23412 -0.0587111 3.09056e-21)
(1.23596 -0.0581392 -9.17943e-22)
(1.23778 -0.0575559 1.54197e-21)
(1.23957 -0.0569604 -8.9774e-22)
(1.24134 -0.0563519 -5.74434e-22)
(1.24309 -0.0557295 3.10248e-22)
(1.2448 -0.0550921 -1.63096e-22)
(1.24649 -0.0544381 -2.60444e-21)
(1.24815 -0.0537659 -1.48896e-21)
(1.24979 -0.053073 1.75659e-21)
(1.25139 -0.0523565 2.06638e-22)
(1.25296 -0.0516124 -2.30198e-23)
(1.25449 -0.0508352 -2.59342e-21)
(1.18907 -0.0738088 4.61798e-25)
(1.1913 -0.0733784 -3.38759e-24)
(1.19352 -0.0729417 1.13795e-24)
(1.19573 -0.0724987 -2.17166e-23)
(1.19793 -0.0720494 -2.02777e-23)
(1.20013 -0.0715937 -4.54799e-24)
(1.20231 -0.0711314 -2.95076e-23)
(1.20448 -0.0706624 -1.38688e-22)
(1.20664 -0.0701867 -1.51098e-22)
(1.20879 -0.0697039 1.20592e-22)
(1.21093 -0.0692141 -3.98414e-22)
(1.21306 -0.0687168 3.57729e-22)
(1.21517 -0.0682121 -6.23211e-22)
(1.21726 -0.0676994 1.1268e-22)
(1.21934 -0.0671787 -1.35819e-22)
(1.22141 -0.0666496 4.62425e-22)
(1.22346 -0.0661118 -3.2878e-22)
(1.22549 -0.0655649 -1.16352e-23)
(1.2275 -0.0650085 6.05179e-24)
(1.2295 -0.0644423 -2.73336e-22)
(1.23147 -0.0638658 -7.46044e-22)
(1.23342 -0.0632784 1.73442e-22)
(1.23536 -0.0626798 -2.5297e-22)
(1.23727 -0.0620692 -8.17663e-23)
(1.23916 -0.061446 -8.48092e-22)
(1.24102 -0.0608096 6.3585e-22)
(1.24286 -0.0601592 -8.19522e-22)
(1.24467 -0.0594938 4.90063e-22)
(1.24645 -0.0588124 5.62938e-22)
(1.24821 -0.0581139 -1.16719e-22)
(1.24993 -0.0573966 8.69444e-22)
(1.25163 -0.0566586 3.19959e-22)
(1.25329 -0.0558978 -1.03307e-21)
(1.25492 -0.0551108 -4.10053e-21)
(1.25651 -0.0542937 2.12619e-22)
(1.25807 -0.053441 -7.45382e-22)
(1.19109 -0.0780317 4.15717e-25)
(1.19337 -0.0775706 -7.89928e-24)
(1.19564 -0.0771026 6.54735e-24)
(1.19791 -0.0766278 1.33943e-23)
(1.20017 -0.0761459 8.88792e-23)
(1.20241 -0.0756571 6.86205e-23)
(1.20465 -0.075161 -2.54248e-23)
(1.20688 -0.0746575 1.8331e-22)
(1.2091 -0.0741465 2.86148e-22)
(1.2113 -0.0736279 2.07881e-22)
(1.21349 -0.0731012 -2.8709e-22)
(1.21567 -0.0725665 4.03656e-22)
(1.21784 -0.0720232 1.25164e-22)
(1.21999 -0.0714712 2.40786e-22)
(1.22212 -0.0709101 2.75407e-22)
(1.22424 -0.0703396 -4.68172e-22)
(1.22634 -0.0697593 1.10948e-22)
(1.22842 -0.0691686 3.11543e-22)
(1.23049 -0.0685672 -5.84078e-22)
(1.23253 -0.0679546 -5.05011e-22)
(1.23456 -0.0673301 -4.88507e-22)
(1.23656 -0.0666933 -3.94984e-22)
(1.23854 -0.0660434 9.27123e-22)
(1.2405 -0.0653798 -6.62275e-22)
(1.24243 -0.0647018 1.9145e-21)
(1.24434 -0.0640084 -1.6023e-21)
(1.24622 -0.0632989 1.07254e-21)
(1.24807 -0.0625721 -1.11858e-21)
(1.24989 -0.061827 9.01021e-22)
(1.25168 -0.0610623 2.16586e-21)
(1.25344 -0.0602762 7.29608e-22)
(1.25516 -0.0594669 -3.78159e-22)
(1.25685 -0.058632 1.36489e-21)
(1.2585 -0.0577684 4.88439e-21)
(1.26011 -0.056872 -9.72267e-22)
(1.26168 -0.0559375 -5.48021e-22)
(1.19315 -0.0822477 -3.70359e-24)
(1.19549 -0.0817551 4.84615e-24)
(1.19782 -0.081255 -1.12185e-23)
(1.20014 -0.0807473 -9.91038e-24)
(1.20246 -0.080232 -9.65109e-23)
(1.20476 -0.0797089 -1.70529e-22)
(1.20705 -0.0791779 1.04085e-22)
(1.20934 -0.0786388 -5.74041e-23)
(1.21161 -0.0780914 -5.88895e-22)
(1.21387 -0.0775354 -1.38226e-22)
(1.21612 -0.0769706 -7.17372e-22)
(1.21835 -0.0763967 -3.51131e-23)
(1.22057 -0.0758134 -1.08332e-22)
(1.22278 -0.0752203 8.54423e-22)
(1.22497 -0.0746169 -3.9904e-22)
(1.22714 -0.074003 7.32287e-22)
(1.2293 -0.0733778 -3.51372e-22)
(1.23143 -0.072741 -1.03681e-21)
(1.23355 -0.072092 -3.41444e-22)
(1.23564 -0.0714302 -2.78634e-22)
(1.23772 -0.0707548 2.76735e-21)
(1.23977 -0.0700652 -1.2763e-21)
(1.2418 -0.0693607 -2.96054e-23)
(1.2438 -0.0686403 -1.94321e-21)
(1.24578 -0.0679033 8.80567e-22)
(1.24772 -0.0671486 1.17607e-21)
(1.24964 -0.0663752 -1.1023e-21)
(1.25153 -0.0655821 -6.34411e-22)
(1.25338 -0.0647679 -1.10132e-21)
(1.2552 -0.0639312 -2.94512e-21)
(1.25699 -0.0630703 5.63831e-22)
(1.25873 -0.0621834 -1.13518e-21)
(1.26044 -0.0612678 1.56325e-21)
(1.2621 -0.0603207 -3.00757e-21)
(1.26373 -0.0593381 1.46609e-21)
(1.2653 -0.0583147 1.07745e-21)
(1.19526 -0.0864585 7.82103e-24)
(1.19765 -0.0859335 -8.49485e-24)
(1.20004 -0.0854003 1.43191e-23)
(1.20242 -0.0848588 1.02198e-22)
(1.20479 -0.084309 -1.85909e-23)
(1.20715 -0.0837506 -7.18867e-23)
(1.20951 -0.0831834 1.58466e-22)
(1.21185 -0.0826073 2.6136e-22)
(1.21418 -0.082022 -6.37303e-23)
(1.2165 -0.0814273 -2.66951e-22)
(1.2188 -0.0808227 4.69886e-22)
(1.22109 -0.080208 -1.27858e-23)
(1.22337 -0.0795827 -3.32539e-22)
(1.22563 -0.0789465 -1.86208e-22)
(1.22788 -0.0782987 -1.47473e-22)
(1.2301 -0.077639 -2.64413e-22)
(1.23231 -0.0769666 1.4841e-21)
(1.2345 -0.076281 6.73452e-22)
(1.23667 -0.0755814 -1.98992e-22)
(1.23882 -0.0748672 2.69131e-21)
(1.24094 -0.0741375 -2.2682e-21)
(1.24304 -0.0733915 2.09019e-21)
(1.24511 -0.0726283 3.78744e-22)
(1.24716 -0.0718469 1.96036e-21)
(1.24917 -0.0710463 -6.99168e-22)
(1.25116 -0.0702254 -2.15549e-21)
(1.25311 -0.069383 3.82154e-21)
(1.25503 -0.0685178 -8.49665e-22)
(1.25691 -0.0676285 -6.59623e-22)
(1.25876 -0.0667135 2.67683e-21)
(1.26056 -0.0657712 1.60438e-21)
(1.26232 -0.0647995 -1.58384e-21)
(1.26404 -0.063796 -6.89794e-23)
(1.26571 -0.0627579 1.57212e-21)
(1.26733 -0.0616813 -3.19043e-22)
(1.26891 -0.0605614 3.25286e-21)
(1.1974 -0.0906656 -6.29639e-24)
(1.19985 -0.0901072 -1.3867e-23)
(1.2023 -0.0895399 -2.16872e-23)
(1.20474 -0.0889635 -8.23657e-23)
(1.20717 -0.0883779 2.4305e-23)
(1.2096 -0.0877829 1.1123e-22)
(1.21201 -0.0871782 3.17705e-23)
(1.21441 -0.0865637 -3.21494e-22)
(1.2168 -0.085939 1.92266e-22)
(1.21918 -0.0853037 1.88013e-22)
(1.22154 -0.0846576 -1.58998e-22)
(1.22389 -0.0840001 1.3136e-22)
(1.22622 -0.0833308 -3.83895e-22)
(1.22854 -0.0826492 -6.83728e-23)
(1.23084 -0.0819546 -3.43829e-22)
(1.23312 -0.0812464 -7.45717e-22)
(1.23538 -0.0805239 6.31971e-23)
(1.23763 -0.0797864 1.00059e-21)
(1.23984 -0.079033 -4.41946e-22)
(1.24204 -0.0782628 -1.93833e-21)
(1.24421 -0.077475 -8.97398e-25)
(1.24635 -0.0766684 -3.93302e-22)
(1.24847 -0.0758421 -1.24367e-21)
(1.25055 -0.0749949 -5.19734e-22)
(1.25261 -0.0741256 -1.83195e-21)
(1.25462 -0.073233 -8.82561e-22)
(1.25661 -0.0723156 -2.09656e-21)
(1.25855 -0.0713722 -2.42616e-21)
(1.26046 -0.0704012 2.91349e-21)
(1.26232 -0.069401 -2.61639e-21)
(1.26413 -0.0683699 7.01779e-22)
(1.2659 -0.0673058 3.62245e-21)
(1.26762 -0.0662064 2.92417e-22)
(1.26929 -0.0650691 8.57718e-22)
(1.2709 -0.0638903 1.23009e-21)
(1.27246 -0.0626657 8.11615e-22)
(1.19957 -0.0948702 -5.91318e-24)
(1.20209 -0.0942773 1.29827e-23)
(1.2046 -0.0936747 2.91283e-23)
(1.2071 -0.0930621 -9.30298e-23)
(1.20959 -0.0924394 8.57869e-24)
(1.21208 -0.0918064 1.43773e-22)
(1.21455 -0.0911627 -1.50729e-22)
(1.21701 -0.0905081 -1.4371e-23)
(1.21946 -0.0898422 -2.22702e-22)
(1.2219 -0.0891646 1.2313e-22)
(1.22432 -0.0884749 5.74505e-22)
(1.22673 -0.0877724 1.27391e-22)
(1.22912 -0.0870567 -5.29343e-22)
(1.2315 -0.0863271 -5.65046e-23)
(1.23385 -0.0855829 1.12144e-22)
(1.23619 -0.0848233 1.72223e-21)
(1.2385 -0.0840475 -3.07137e-21)
(1.24079 -0.0832545 5.06079e-22)
(1.24306 -0.0824436 -3.12788e-22)
(1.2453 -0.0816135 6.69438e-22)
(1.24752 -0.0807631 2.18895e-21)
(1.2497 -0.0798914 8.88631e-22)
(1.25186 -0.078997 1.56985e-21)
(1.25398 -0.0780787 -2.50228e-22)
(1.25606 -0.077135 8.24036e-22)
(1.25811 -0.0761645 -5.53047e-22)
(1.26012 -0.0751659 2.04282e-21)
(1.26208 -0.0741374 1.13101e-21)
(1.264 -0.0730775 -4.27644e-21)
(1.26587 -0.0719844 1.11454e-21)
(1.26769 -0.0708565 -2.58268e-22)
(1.26945 -0.0696917 -1.87722e-21)
(1.27116 -0.0684879 -1.75235e-21)
(1.27281 -0.0672427 -2.94863e-21)
(1.2744 -0.0659529 4.79383e-22)
(1.27592 -0.0646147 2.90527e-22)
(1.20177 -0.0990732 1.34148e-23)
(1.20435 -0.0984447 2.92854e-23)
(1.20693 -0.0978055 2.68254e-24)
(1.20949 -0.0971554 1.65086e-22)
(1.21205 -0.0964942 4.35453e-23)
(1.2146 -0.0958215 1.54785e-23)
(1.21713 -0.0951371 3.18888e-22)
(1.21966 -0.0944406 -2.41836e-22)
(1.22217 -0.0937315 6.15602e-22)
(1.22467 -0.0930094 -6.00208e-22)
(1.22715 -0.0922736 -6.00807e-22)
(1.22962 -0.0915237 6.25139e-22)
(1.23206 -0.0907588 4.95618e-22)
(1.23449 -0.0899783 -2.43974e-22)
(1.2369 -0.0891814 1.54905e-21)
(1.23929 -0.088367 -2.61775e-22)
(1.24166 -0.0875342 1.11197e-21)
(1.244 -0.086682 -9.01689e-22)
(1.24631 -0.0858092 3.31497e-21)
(1.2486 -0.0849146 6.45579e-22)
(1.25085 -0.083997 -9.09549e-22)
(1.25308 -0.0830549 1.19109e-21)
(1.25527 -0.0820869 -1.86251e-21)
(1.25742 -0.0810915 7.60955e-22)
(1.25953 -0.0800672 -1.17711e-21)
(1.26159 -0.0790123 2.20061e-21)
(1.26362 -0.0779252 1.45945e-21)
(1.26559 -0.0768042 2.06865e-21)
(1.26751 -0.0756476 2.40823e-21)
(1.26938 -0.0744535 3.70215e-21)
(1.27119 -0.0732203 -4.65946e-21)
(1.27294 -0.0719459 2.00112e-21)
(1.27462 -0.0706286 7.62115e-23)
(1.27624 -0.0692661 -5.89176e-21)
(1.27779 -0.067856 -7.58488e-22)
(1.27926 -0.0663952 1.86802e-21)
(1.20399 -0.103276 -5.2574e-24)
(1.20664 -0.10261 -4.17591e-23)
(1.20928 -0.101933 7.765e-24)
(1.21192 -0.101244 -1.67436e-22)
(1.21454 -0.100542 -2.14425e-22)
(1.21715 -0.0998281 -1.53737e-22)
(1.21975 -0.099101 1.29022e-22)
(1.22234 -0.0983604 1.28114e-22)
(1.22491 -0.0976059 -4.92984e-22)
(1.22747 -0.0968368 6.50067e-22)
(1.23001 -0.0960524 4.17456e-22)
(1.23254 -0.0952522 -4.68704e-22)
(1.23504 -0.0944351 -5.78554e-23)
(1.23753 -0.0936004 2.04777e-22)
(1.23999 -0.0927471 -9.61471e-22)
(1.24243 -0.0918741 -1.47343e-21)
(1.24484 -0.0909803 4.55824e-22)
(1.24723 -0.0900644 -1.67793e-21)
(1.24959 -0.0891251 -2.46964e-21)
(1.25191 -0.088161 -1.83736e-21)
(1.25421 -0.0871706 1.87353e-21)
(1.25646 -0.0861524 -1.29997e-21)
(1.25868 -0.0851047 4.70595e-22)
(1.26085 -0.0840258 -1.74758e-21)
(1.26298 -0.082914 2.09389e-21)
(1.26506 -0.0817675 2.06346e-21)
(1.26709 -0.0805843 -3.7388e-21)
(1.26906 -0.0793628 -2.23966e-21)
(1.27098 -0.078101 1.1054e-21)
(1.27283 -0.0767971 -2.27659e-21)
(1.27462 -0.0754495 3.64853e-21)
(1.27633 -0.0740562 -6.18546e-21)
(1.27798 -0.0726158 -1.06776e-21)
(1.27955 -0.0711264 1.10421e-20)
(1.28103 -0.0695863 3.86189e-21)
(1.28244 -0.0679935 -1.22252e-20)
(1.20624 -0.107478 -1.34027e-23)
(1.20896 -0.106774 3.87806e-23)
(1.21167 -0.106057 -4.4913e-23)
(1.21437 -0.105327 1.20184e-23)
(1.21705 -0.104583 3.76974e-22)
(1.21973 -0.103826 1.29387e-22)
(1.2224 -0.103054 5.93813e-23)
(1.22505 -0.102267 2.91498e-22)
(1.22768 -0.101464 1.8462e-23)
(1.2303 -0.100645 -8.36136e-22)
(1.2329 -0.0998094 -7.30517e-22)
(1.23549 -0.0989555 1.69393e-22)
(1.23805 -0.0980828 -2.43147e-22)
(1.24059 -0.0971902 -8.67797e-22)
(1.2431 -0.0962765 -1.93679e-21)
(1.24559 -0.0953406 2.78349e-21)
(1.24805 -0.094381 -2.69446e-21)
(1.25048 -0.0933965 1.75472e-21)
(1.25288 -0.0923854 -1.11533e-21)
(1.25524 -0.0913462 -6.0213e-22)
(1.25756 -0.0902772 4.92763e-22)
(1.25984 -0.0891766 2.47428e-22)
(1.26207 -0.0880425 7.67518e-22)
(1.26426 -0.0868731 5.2038e-21)
(1.2664 -0.0856663 -2.26522e-21)
(1.26848 -0.0844202 1.21834e-23)
(1.27051 -0.0831328 1.33281e-21)
(1.27247 -0.0818022 1.07141e-21)
(1.27436 -0.0804264 -2.26118e-21)
(1.27619 -0.0790035 -1.65353e-21)
(1.27793 -0.0775319 4.00691e-21)
(1.2796 -0.07601 9.915e-21)
(1.28119 -0.0744365 8.74817e-22)
(1.28269 -0.0728102 2.56622e-21)
(1.2841 -0.0711302 -3.3208e-21)
(1.28541 -0.0693958 1.34883e-20)
(1.20851 -0.11168 1.76196e-24)
(1.2113 -0.110936 -9.23362e-24)
(1.21407 -0.110178 -1.19357e-24)
(1.21684 -0.109405 1.92938e-22)
(1.2196 -0.108617 -1.72383e-22)
(1.22234 -0.107814 -1.10221e-22)
(1.22507 -0.106994 2.77246e-22)
(1.22778 -0.106158 6.92033e-23)
(1.23048 -0.105305 2.63601e-22)
(1.23316 -0.104433 7.67727e-22)
(1.23582 -0.103542 6.23461e-23)
(1.23846 -0.102631 -2.51319e-22)
(1.24108 -0.101698 5.74659e-22)
(1.24367 -0.100744 1.97982e-21)
(1.24623 -0.0997651 1.34859e-21)
(1.24877 -0.0987614 -9.96799e-22)
(1.25127 -0.097731 1.37171e-21)
(1.25373 -0.0966724 -9.22381e-22)
(1.25616 -0.0955837 3.54374e-21)
(1.25855 -0.0944632 -1.24988e-21)
(1.2609 -0.093309 -3.41848e-21)
(1.2632 -0.0921191 -3.19885e-21)
(1.26544 -0.0908913 1.16183e-22)
(1.26764 -0.0896237 -2.41753e-22)
(1.26977 -0.088314 2.4871e-22)
(1.27184 -0.08696 8.28026e-22)
(1.27385 -0.0855597 -9.27388e-22)
(1.27579 -0.0841109 2.2383e-21)
(1.27764 -0.0826117 3.52926e-21)
(1.27942 -0.0810601 3.27233e-21)
(1.28111 -0.0794547 -5.27178e-21)
(1.28272 -0.0777941 -5.20884e-21)
(1.28423 -0.0760774 -6.64778e-21)
(1.28563 -0.0743041 -8.21283e-21)
(1.28694 -0.0724744 1.8598e-21)
(1.28814 -0.0705887 -6.64381e-21)
(1.2108 -0.115883 3.61388e-24)
(1.21366 -0.115097 -1.23815e-22)
(1.2165 -0.114295 1.02569e-23)
(1.21934 -0.113477 -1.35419e-22)
(1.22216 -0.112642 -9.63201e-23)
(1.22497 -0.111791 1.9081e-22)
(1.22777 -0.110921 -7.57515e-22)
(1.23055 -0.110033 -6.93832e-22)
(1.23331 -0.109125 4.53533e-22)
(1.23605 -0.108196 -7.11535e-22)
(1.23876 -0.107247 5.18658e-22)
(1.24146 -0.106274 3.68605e-22)
(1.24412 -0.105278 2.21186e-23)
(1.24676 -0.104256 -1.32068e-21)
(1.24937 -0.103208 -1.18697e-21)
(1.25195 -0.102131 5.09779e-22)
(1.25448 -0.101024 1.59518e-21)
(1.25698 -0.0998852 3.43976e-21)
(1.25944 -0.0987125 -4.62824e-22)
(1.26185 -0.097504 1.66576e-21)
(1.26421 -0.0962574 3.70942e-22)
(1.26652 -0.0949707 2.1621e-21)
(1.26876 -0.0936415 -1.57249e-21)
(1.27095 -0.0922675 -2.19261e-21)
(1.27307 -0.0908463 -4.14723e-22)
(1.27512 -0.0893757 -3.87258e-21)
(1.27709 -0.0878532 1.29279e-21)
(1.27899 -0.0862769 -6.15624e-21)
(1.28079 -0.0846445 -6.34166e-21)
(1.28251 -0.0829544 -3.66732e-21)
(1.28412 -0.081205 -2.25942e-21)
(1.28564 -0.0793955 1.11926e-21)
(1.28704 -0.0775254 4.58833e-21)
(1.28834 -0.0755951 5.10509e-21)
(1.28952 -0.0736056 -3.44143e-21)
(1.29057 -0.0715594 6.04588e-21)
(1.2131 -0.120086 -6.96216e-24)
(1.21603 -0.119256 9.99777e-23)
(1.21895 -0.118408 1.37338e-23)
(1.22186 -0.117542 -4.81645e-23)
(1.22475 -0.116658 2.29574e-22)
(1.22763 -0.115755 2.22352e-22)
(1.23049 -0.114832 -3.51874e-22)
(1.23333 -0.113888 4.69531e-22)
(1.23615 -0.112922 -1.1921e-21)
(1.23895 -0.111933 1.41178e-21)
(1.24172 -0.11092 6.96493e-22)
(1.24446 -0.109882 -8.92776e-23)
(1.24718 -0.108816 -1.41554e-21)
(1.24986 -0.107722 -1.41974e-21)
(1.25251 -0.106598 3.51822e-21)
(1.25512 -0.105443 -2.79221e-21)
(1.25769 -0.104253 -6.05996e-22)
(1.26021 -0.103027 -4.01265e-21)
(1.26269 -0.101764 -1.59888e-21)
(1.26511 -0.10046 3.24103e-21)
(1.26748 -0.0991131 -3.29909e-21)
(1.26978 -0.0977215 -2.32212e-21)
(1.27202 -0.0962825 5.1773e-23)
(1.27419 -0.0947934 9.16115e-22)
(1.27628 -0.0932518 -3.96332e-21)
(1.27829 -0.0916552 1.00272e-21)
(1.28021 -0.0900012 -1.31883e-21)
(1.28204 -0.0882875 -6.37871e-21)
(1.28378 -0.0865121 4.67327e-21)
(1.28541 -0.0846733 9.47375e-21)
(1.28693 -0.0827699 6.32278e-21)
(1.28833 -0.0808013 5.27781e-21)
(1.28961 -0.0787676 7.32537e-22)
(1.29077 -0.0766702 2.04766e-21)
(1.29179 -0.0745116 -8.04185e-21)
(1.29268 -0.0722958 -6.71398e-21)
(1.21542 -0.124289 -7.33792e-24)
(1.21842 -0.123412 -1.25644e-22)
(1.22142 -0.122516 1.84192e-22)
(1.22439 -0.1216 -7.71141e-23)
(1.22735 -0.120663 -2.7673e-22)
(1.2303 -0.119705 -4.02543e-22)
(1.23322 -0.118724 1.08654e-21)
(1.23613 -0.117721 -1.59071e-22)
(1.23901 -0.116693 9.71274e-22)
(1.24186 -0.115639 -2.38874e-22)
(1.24468 -0.114557 -1.87224e-21)
(1.24748 -0.113448 2.17196e-23)
(1.25024 -0.112308 -1.33704e-21)
(1.25296 -0.111136 1.77207e-21)
(1.25564 -0.109931 -3.1491e-21)
(1.25828 -0.108689 2.90463e-21)
(1.26087 -0.10741 -2.30437e-21)
(1.26341 -0.10609 -1.08135e-21)
(1.2659 -0.104728 -1.24636e-22)
(1.26832 -0.103321 -6.28649e-21)
(1.27068 -0.101866 9.83717e-22)
(1.27297 -0.100361 2.71014e-21)
(1.27519 -0.0988033 -3.03844e-21)
(1.27732 -0.0971901 -1.83798e-21)
(1.27937 -0.0955187 6.37095e-21)
(1.28132 -0.0937865 8.29708e-22)
(1.28318 -0.0919911 2.42613e-21)
(1.28493 -0.0901301 1.18355e-20)
(1.28657 -0.0882016 -4.19782e-21)
(1.28809 -0.0862041 -1.16151e-20)
(1.28949 -0.0841365 -9.33638e-21)
(1.29075 -0.0819988 -3.5423e-21)
(1.29189 -0.0797918 1.32295e-20)
(1.29287 -0.0775178 -5.84651e-22)
(1.29371 -0.0751808 1.22211e-20)
(1.2944 -0.072787 -1.24615e-21)
(1.21775 -0.128491 3.81392e-23)
(1.22083 -0.127564 2.36846e-22)
(1.2239 -0.126617 -3.28874e-22)
(1.22694 -0.125647 4.61587e-22)
(1.22998 -0.124654 2.04e-23)
(1.23299 -0.123637 3.8013e-22)
(1.23597 -0.122596 1.9382e-22)
(1.23894 -0.121528 4.17383e-22)
(1.24187 -0.120433 -2.50868e-22)
(1.24478 -0.119309 -1.18732e-21)
(1.24765 -0.118154 9.76926e-22)
(1.25049 -0.116967 6.1213e-22)
(1.25329 -0.115747 3.41286e-21)
(1.25605 -0.114491 -3.12184e-21)
(1.25876 -0.113197 3.24817e-21)
(1.26142 -0.111862 -1.37969e-21)
(1.26402 -0.110486 3.64809e-21)
(1.26657 -0.109064 2.65354e-21)
(1.26905 -0.107596 3.78069e-21)
(1.27147 -0.106077 1.27873e-22)
(1.27381 -0.104505 2.81356e-21)
(1.27607 -0.102878 -2.24322e-22)
(1.27824 -0.101192 2.80824e-21)
(1.28033 -0.0994455 1.8938e-22)
(1.28231 -0.0976347 -6.4397e-21)
(1.28419 -0.0957572 -2.70463e-21)
(1.28596 -0.0938104 -8.72957e-21)
(1.28761 -0.0917922 -1.11015e-20)
(1.28913 -0.0897006 5.57294e-21)
(1.29052 -0.0875343 1.12686e-20)
(1.29177 -0.0852927 1.11652e-20)
(1.29288 -0.0829762 -5.03832e-21)
(1.29383 -0.0805865 -7.22137e-21)
(1.29462 -0.0781269 -7.64874e-21)
(1.29524 -0.0756032 -5.57337e-21)
(1.2957 -0.0730238 -6.54409e-21)
(1.2201 -0.132691 -2.64835e-23)
(1.22325 -0.131712 -1.35474e-22)
(1.22639 -0.13071 1.27557e-22)
(1.22951 -0.129682 -3.32195e-22)
(1.23261 -0.128629 1.52121e-22)
(1.23568 -0.12755 4.1597e-22)
(1.23873 -0.126442 -3.88683e-22)
(1.24176 -0.125305 4.71128e-22)
(1.24475 -0.124138 -7.18221e-22)
(1.2477 -0.122938 1.03427e-21)
(1.25062 -0.121704 1.19207e-21)
(1.2535 -0.120434 1.08698e-22)
(1.25633 -0.119126 -3.23218e-21)
(1.25911 -0.117779 3.77417e-21)
(1.26184 -0.116389 -1.61903e-21)
(1.26452 -0.114954 1.25097e-21)
(1.26713 -0.113472 -4.05167e-21)
(1.26967 -0.111941 9.67083e-22)
(1.27214 -0.110357 3.89977e-22)
(1.27453 -0.108717 -5.2623e-22)
(1.27684 -0.10702 1.89185e-21)
(1.27905 -0.105261 -2.85337e-21)
(1.28117 -0.103438 -2.99008e-22)
(1.28318 -0.101548 3.52048e-21)
(1.28508 -0.0995876 4.10789e-21)
(1.28687 -0.0975548 1.25759e-20)
(1.28853 -0.0954468 4.39188e-21)
(1.29005 -0.0932614 4.39266e-21)
(1.29143 -0.0909969 -1.56578e-21)
(1.29267 -0.0886522 -1.74289e-20)
(1.29374 -0.0862271 -1.58682e-20)
(1.29466 -0.0837226 1.90101e-21)
(1.2954 -0.0811414 -7.55803e-21)
(1.29596 -0.0784881 8.56383e-22)
(1.29634 -0.0757701 -1.07456e-20)
(1.29653 -0.0729983 1.6737e-20)
(1.22245 -0.136888 -8.70116e-24)
(1.22569 -0.135853 -1.33888e-23)
(1.2289 -0.134792 2.73792e-23)
(1.23209 -0.133703 2.54084e-22)
(1.23525 -0.132586 3.44218e-23)
(1.23839 -0.131438 -7.45332e-22)
(1.2415 -0.130259 -7.20608e-22)
(1.24458 -0.129048 -5.85152e-22)
(1.24762 -0.127802 -9.69682e-22)
(1.25062 -0.12652 6.0391e-23)
(1.25357 -0.1252 -9.23306e-22)
(1.25648 -0.12384 1.47578e-21)
(1.25934 -0.122438 1.84985e-21)
(1.26215 -0.120992 1.13821e-21)
(1.26489 -0.119498 9.18895e-22)
(1.26756 -0.117955 -2.95941e-21)
(1.27017 -0.116359 2.67287e-21)
(1.27269 -0.114709 -4.76998e-21)
(1.27513 -0.113001 -2.73756e-21)
(1.27749 -0.111231 2.81622e-21)
(1.27974 -0.109398 -3.10831e-22)
(1.2819 -0.107498 5.77065e-21)
(1.28394 -0.105528 -3.99169e-21)
(1.28586 -0.103484 4.50669e-22)
(1.28766 -0.101365 2.04534e-21)
(1.28933 -0.0991671 -3.83573e-21)
(1.29085 -0.0968881 -5.9459e-21)
(1.29223 -0.0945259 1.49822e-20)
(1.29344 -0.092079 -9.78325e-21)
(1.29449 -0.0895466 2.16548e-20)
(1.29537 -0.0869292 5.85025e-21)
(1.29606 -0.0842284 6.82843e-22)
(1.29656 -0.0814478 1.14882e-20)
(1.29687 -0.0785934 -2.26126e-21)
(1.29697 -0.0756746 2.11684e-20)
(1.29686 -0.072705 -2.11486e-20)
(1.22482 -0.14108 2.43412e-23)
(1.22813 -0.139986 -3.92404e-24)
(1.23141 -0.138861 8.06273e-23)
(1.23467 -0.137706 -5.30839e-22)
(1.2379 -0.136519 -1.05284e-22)
(1.2411 -0.135299 4.34274e-23)
(1.24427 -0.134043 5.20241e-23)
(1.2474 -0.132751 -9.85399e-22)
(1.25048 -0.131421 1.49144e-21)
(1.25352 -0.13005 -1.67082e-21)
(1.25651 -0.128637 -8.15504e-22)
(1.25945 -0.127179 -2.09202e-21)
(1.26232 -0.125675 6.64083e-22)
(1.26514 -0.124121 -1.33189e-21)
(1.26788 -0.122515 1.67706e-21)
(1.27054 -0.120855 -2.7138e-21)
(1.27313 -0.119137 1.68854e-21)
(1.27562 -0.117358 2.54115e-21)
(1.27802 -0.115516 2.84854e-21)
(1.28032 -0.113607 3.86479e-21)
(1.28251 -0.111629 2.45927e-21)
(1.28458 -0.109577 -1.00063e-21)
(1.28653 -0.10745 7.20703e-21)
(1.28835 -0.105244 -2.67116e-22)
(1.29002 -0.102955 -1.81667e-21)
(1.29154 -0.100583 -7.61999e-21)
(1.29291 -0.0981229 9.74422e-21)
(1.29411 -0.0955746 -6.8383e-21)
(1.29513 -0.0929363 6.25176e-21)
(1.29596 -0.0902077 -1.02476e-20)
(1.29661 -0.0873899 4.87058e-21)
(1.29705 -0.0844851 -3.34667e-21)
(1.29728 -0.0814982 -8.87454e-21)
(1.29729 -0.0784366 -6.13875e-21)
(1.29708 -0.0753117 -4.29639e-21)
(1.29664 -0.0721399 2.57208e-21)
(1.2272 -0.145265 2.55355e-23)
(1.23058 -0.144106 -5.16789e-23)
(1.23394 -0.142914 -1.1586e-22)
(1.23727 -0.141688 2.52284e-22)
(1.24056 -0.140426 -5.44876e-22)
(1.24382 -0.139126 -3.89988e-22)
(1.24704 -0.137788 -1.00858e-21)
(1.25021 -0.136408 1.98964e-21)
(1.25334 -0.134986 -3.49515e-22)
(1.25641 -0.13352 1.92078e-21)
(1.25942 -0.132006 1.72702e-21)
(1.26238 -0.130443 -2.16142e-22)
(1.26526 -0.128828 -2.4685e-22)
(1.26807 -0.127158 -6.94391e-22)
(1.2708 -0.125431 -4.36491e-21)
(1.27344 -0.123644 3.6864e-21)
(1.276 -0.121794 -4.09442e-22)
(1.27845 -0.119878 -2.34169e-21)
(1.28079 -0.117892 -7.89297e-21)
(1.28302 -0.115834 2.47679e-21)
(1.28512 -0.1137 -7.4115e-21)
(1.28709 -0.111488 -2.65331e-21)
(1.28892 -0.109193 -8.72376e-21)
(1.2906 -0.106814 3.01476e-21)
(1.29213 -0.104347 1.35234e-21)
(1.29348 -0.10179 -4.06275e-21)
(1.29466 -0.0991406 -2.20615e-21)
(1.29566 -0.0963973 -2.49931e-21)
(1.29645 -0.0935593 2.4159e-21)
(1.29705 -0.0906268 -8.82124e-21)
(1.29743 -0.0876013 -5.2693e-21)
(1.29758 -0.0844861 3.88247e-21)
(1.29751 -0.0812872 -1.98051e-21)
(1.2972 -0.0780135 2.02908e-20)
(1.29664 -0.0746786 6.04736e-21)
(1.29583 -0.0713017 -2.1088e-21)
(1.22959 -0.149441 -2.2597e-23)
(1.23304 -0.148213 7.40227e-23)
(1.23647 -0.146948 -2.96708e-22)
(1.23986 -0.145644 2.61916e-22)
(1.24322 -0.144301 7.50577e-22)
(1.24653 -0.142916 4.96703e-22)
(1.24979 -0.141487 1.34643e-21)
(1.25301 -0.140014 -3.45016e-22)
(1.25617 -0.138493 7.30811e-22)
(1.25927 -0.136922 -8.94895e-22)
(1.2623 -0.135299 -1.94518e-22)
(1.26526 -0.133622 1.24121e-21)
(1.26814 -0.131887 -1.21664e-21)
(1.27094 -0.130093 -1.66582e-21)
(1.27364 -0.128236 -3.52928e-22)
(1.27625 -0.126313 -1.31987e-21)
(1.27875 -0.124321 -1.65998e-21)
(1.28114 -0.122257 6.22408e-21)
(1.28341 -0.120118 3.57251e-21)
(1.28555 -0.1179 -7.03405e-21)
(1.28754 -0.115601 4.30199e-21)
(1.28939 -0.113218 -3.92974e-21)
(1.29108 -0.110746 -4.04316e-21)
(1.29261 -0.108185 -7.62727e-21)
(1.29396 -0.10553 4.72227e-21)
(1.29512 -0.102779 1.00163e-21)
(1.29609 -0.0999314 7.16024e-21)
(1.29685 -0.0969851 -6.1734e-21)
(1.29739 -0.0939399 -7.67239e-21)
(1.29771 -0.0907966 1.0867e-20)
(1.2978 -0.0875573 7.93709e-21)
(1.29764 -0.0842264 7.83535e-21)
(1.29723 -0.0808109 -6.55464e-21)
(1.29656 -0.0773217 -9.16653e-21)
(1.29562 -0.0737743 -1.0037e-20)
(1.29441 -0.0701911 2.00146e-20)
(1.23198 -0.153604 -4.97872e-23)
(1.23551 -0.152301 -7.28672e-23)
(1.239 -0.150957 5.85839e-22)
(1.24246 -0.14957 2.79432e-23)
(1.24587 -0.148139 -5.72285e-22)
(1.24923 -0.146662 -7.93155e-22)
(1.25254 -0.145136 -1.68065e-22)
(1.25579 -0.14356 -1.11056e-21)
(1.25897 -0.141932 -4.54545e-22)
(1.26209 -0.140249 1.70209e-21)
(1.26513 -0.138508 -2.21072e-21)
(1.26808 -0.136708 -1.03169e-21)
(1.27095 -0.134845 4.04983e-21)
(1.27372 -0.132916 5.25275e-21)
(1.27639 -0.130918 -2.65928e-21)
(1.27895 -0.128849 6.52924e-22)
(1.28139 -0.126706 4.58096e-21)
(1.2837 -0.124484 -5.78271e-21)
(1.28587 -0.122182 1.03511e-22)
(1.28789 -0.119795 -2.16853e-21)
(1.28976 -0.117321 -6.0783e-21)
(1.29147 -0.114756 5.26455e-21)
(1.293 -0.112099 1.41909e-20)
(1.29434 -0.109345 4.05929e-21)
(1.29549 -0.106493 -3.30786e-21)
(1.29643 -0.103541 9.31365e-21)
(1.29715 -0.100487 -8.69153e-21)
(1.29765 -0.0973302 -5.49139e-22)
(1.29791 -0.0940713 4.86744e-21)
(1.29793 -0.0907113 -1.2728e-21)
(1.29769 -0.0872533 9.04706e-21)
(1.29718 -0.0837027 -1.88889e-20)
(1.2964 -0.0800677 1.54374e-20)
(1.29534 -0.076361 -4.69449e-21)
(1.29399 -0.0726002 -1.69174e-20)
(1.29234 -0.0688111 -1.83417e-20)
(1.23438 -0.157752 5.99064e-23)
(1.23798 -0.156368 -4.63409e-23)
(1.24154 -0.154938 -5.61207e-22)
(1.24505 -0.153461 -5.82529e-22)
(1.24851 -0.151935 1.04659e-22)
(1.25192 -0.150358 2.14834e-21)
(1.25526 -0.148727 1.1075e-21)
(1.25854 -0.14704 8.55799e-22)
(1.26174 -0.145296 -1.03441e-21)
(1.26486 -0.143492 -5.00529e-23)
(1.2679 -0.141625 -5.43289e-22)
(1.27084 -0.139692 -5.83254e-22)
(1.27368 -0.13769 -4.98609e-21)
(1.27642 -0.135617 -1.94375e-21)
(1.27903 -0.13347 8.48823e-21)
(1.28152 -0.131245 1.13154e-22)
(1.28387 -0.128939 -2.89594e-21)
(1.28609 -0.12655 3.62931e-22)
(1.28814 -0.124074 3.5553e-21)
(1.29004 -0.121508 9.368e-21)
(1.29176 -0.118848 7.53678e-21)
(1.29329 -0.116094 -9.12266e-21)
(1.29463 -0.11324 -7.05627e-21)
(1.29577 -0.110286 3.15671e-21)
(1.29669 -0.107229 -1.02258e-22)
(1.29738 -0.104067 -6.88435e-21)
(1.29784 -0.1008 9.07457e-21)
(1.29804 -0.0974263 2.07269e-21)
(1.29799 -0.0939481 -6.83304e-21)
(1.29767 -0.0903668 4.47755e-22)
(1.29707 -0.0866866 -2.4198e-20)
(1.29618 -0.0829137 3.73566e-21)
(1.295 -0.0790578 -1.35343e-20)
(1.29351 -0.0751332 5.9181e-21)
(1.29171 -0.07116 6.74598e-21)
(1.28959 -0.0671668 -6.39418e-21)
(1.23678 -0.161879 -3.91649e-23)
(1.24045 -0.160408 1.35152e-22)
(1.24407 -0.158886 5.2907e-22)
(1.24764 -0.157311 3.25953e-22)
(1.25114 -0.155682 -2.82847e-23)
(1.25459 -0.153997 -2.31591e-21)
(1.25796 -0.152252 -2.29994e-21)
(1.26125 -0.150447 -1.71958e-21)
(1.26446 -0.148578 1.73449e-21)
(1.26758 -0.146643 4.07139e-22)
(1.27061 -0.144639 2.5567e-22)
(1.27352 -0.142564 1.41497e-21)
(1.27632 -0.140414 -1.18899e-21)
(1.279 -0.138187 -1.70535e-21)
(1.28154 -0.135879 -2.48412e-21)
(1.28395 -0.133488 -2.73481e-22)
(1.2862 -0.131011 4.9767e-21)
(1.28829 -0.128444 -1.6131e-22)
(1.29021 -0.125784 -6.48625e-22)
(1.29195 -0.123028 -5.47322e-21)
(1.2935 -0.120175 -5.65868e-21)
(1.29484 -0.11722 6.11348e-21)
(1.29597 -0.114162 6.14706e-21)
(1.29687 -0.110999 7.65795e-21)
(1.29754 -0.107729 2.2383e-21)
(1.29795 -0.104351 -7.97591e-21)
(1.29811 -0.100864 -4.97591e-21)
(1.29799 -0.0972685 6.50491e-21)
(1.2976 -0.0935666 8.36439e-21)
(1.29691 -0.0897608 -6.82698e-21)
(1.29592 -0.0858561 2.05603e-20)
(1.29462 -0.0818599 1.54586e-20)
(1.293 -0.0777833 -4.65089e-21)
(1.29105 -0.0736423 -1.24423e-20)
(1.28877 -0.0694592 1.09391e-20)
(1.28615 -0.0652657 3.47547e-21)
(1.23918 -0.165981 -4.22377e-23)
(1.24291 -0.164416 3.62268e-22)
(1.24659 -0.162794 -9.13231e-22)
(1.25021 -0.161114 1.07211e-22)
(1.25376 -0.159374 -4.83101e-22)
(1.25723 -0.157572 -2.7902e-22)
(1.26062 -0.155705 5.19512e-22)
(1.26392 -0.153772 9.6683e-22)
(1.26713 -0.151769 -8.16198e-22)
(1.27024 -0.149693 6.03193e-22)
(1.27323 -0.147543 -1.68346e-21)
(1.2761 -0.145316 -3.74346e-21)
(1.27885 -0.143008 -1.17775e-21)
(1.28146 -0.140616 4.5096e-21)
(1.28391 -0.138138 3.11474e-21)
(1.28622 -0.13557 -5.23376e-21)
(1.28835 -0.132911 -7.50617e-21)
(1.2903 -0.130156 5.50978e-21)
(1.29206 -0.127302 -4.13224e-22)
(1.29363 -0.124348 -1.63553e-21)
(1.29497 -0.121291 6.20886e-21)
(1.2961 -0.118128 8.44637e-21)
(1.29699 -0.114857 -6.04347e-21)
(1.29763 -0.111478 -1.53315e-20)
(1.29801 -0.107987 -1.00664e-20)
(1.29812 -0.104386 -4.04701e-21)
(1.29794 -0.100675 -7.56022e-21)
(1.29748 -0.0968534 -5.53117e-21)
(1.29671 -0.0929247 -1.34155e-20)
(1.29562 -0.0888925 -5.53009e-22)
(1.29421 -0.0847626 -1.3937e-20)
(1.29246 -0.0805437 -2.74787e-21)
(1.29037 -0.0762483 2.71939e-20)
(1.28794 -0.071894 2.39607e-21)
(1.28514 -0.0675054 -1.16498e-20)
(1.28198 -0.0631171 2.04032e-21)
(1.24158 -0.170054 -5.01129e-23)
(1.24537 -0.168387 -4.31613e-22)
(1.2491 -0.166657 4.23725e-22)
(1.25276 -0.164864 -3.41243e-22)
(1.25634 -0.163004 3.60277e-22)
(1.25983 -0.161076 1.14046e-21)
(1.26324 -0.159078 1.39282e-21)
(1.26654 -0.157007 -1.51574e-21)
(1.26973 -0.154859 6.53618e-22)
(1.27281 -0.152634 -2.75645e-21)
(1.27576 -0.150328 4.65439e-21)
(1.27858 -0.147938 6.43214e-21)
(1.28125 -0.145461 2.43558e-21)
(1.28377 -0.142895 -5.87038e-21)
(1.28613 -0.140236 -7.00006e-21)
(1.28831 -0.137482 5.79905e-21)
(1.2903 -0.13463 2.31601e-22)
(1.29209 -0.131677 -5.41206e-21)
(1.29367 -0.128621 1.27443e-21)
(1.29503 -0.125459 1.6177e-21)
(1.29616 -0.122189 4.26466e-22)
(1.29704 -0.118809 3.36592e-21)
(1.29766 -0.115319 -5.51075e-21)
(1.29802 -0.111715 1.66166e-20)
(1.29808 -0.107999 1.77069e-21)
(1.29786 -0.10417 1.32772e-20)
(1.29733 -0.10023 4.16531e-21)
(1.29648 -0.0961793 2.55872e-21)
(1.2953 -0.092022 1.95934e-20)
(1.29379 -0.0877628 -9.59071e-21)
(1.29192 -0.0834086 6.1864e-21)
(1.2897 -0.0789693 -6.85182e-21)
(1.28711 -0.0744586 -7.56541e-21)
(1.28416 -0.069896 6.66514e-21)
(1.28082 -0.0653081 1.65844e-20)
(1.2771 -0.0607323 1.3416e-20)
(1.24397 -0.174092 1.26514e-22)
(1.24781 -0.172314 8.37173e-23)
(1.25159 -0.170469 5.41664e-22)
(1.25528 -0.168553 1.14515e-22)
(1.25889 -0.166565 -9.99863e-22)
(1.26239 -0.164502 9.993e-23)
(1.2658 -0.162362 1.60357e-21)
(1.26909 -0.160143 3.3591e-21)
(1.27226 -0.157842 2.39778e-22)
(1.27529 -0.155457 6.458e-22)
(1.27819 -0.152984 -4.80668e-23)
(1.28094 -0.150421 -7.35883e-22)
(1.28352 -0.147765 -3.22879e-21)
(1.28594 -0.145014 2.59296e-21)
(1.28817 -0.142165 5.99199e-21)
(1.2902 -0.139214 -2.75602e-21)
(1.29203 -0.13616 2.87045e-21)
(1.29364 -0.133 8.39559e-21)
(1.29502 -0.129732 -1.77622e-21)
(1.29616 -0.126353 1.25117e-20)
(1.29704 -0.122863 -7.29454e-21)
(1.29765 -0.119259 -1.22716e-20)
(1.29798 -0.115541 1.0293e-20)
(1.29802 -0.111708 -6.49516e-21)
(1.29775 -0.107761 3.05431e-21)
(1.29716 -0.1037 6.83744e-21)
(1.29624 -0.0995273 5.47074e-21)
(1.29498 -0.0952457 -1.89845e-21)
(1.29336 -0.0908594 2.10307e-21)
(1.29139 -0.0863742 1.9962e-20)
(1.28904 -0.0817982 -6.59537e-21)
(1.28632 -0.0771423 -3.80138e-21)
(1.2832 -0.0724219 -1.23334e-21)
(1.27969 -0.0676578 -1.44583e-21)
(1.27578 -0.0628786 1.20287e-20)
(1.27147 -0.0581243 -1.15694e-20)
(1.24634 -0.178089 2.58648e-23)
(1.25024 -0.176193 -3.57651e-23)
(1.25405 -0.174222 4.94379e-22)
(1.25777 -0.172175 1.15807e-21)
(1.26139 -0.170049 1.39113e-21)
(1.2649 -0.167841 1.23841e-21)
(1.2683 -0.165551 -1.53958e-21)
(1.27156 -0.163174 -4.38862e-21)
(1.27469 -0.160709 9.36652e-22)
(1.27767 -0.158153 -1.34208e-21)
(1.2805 -0.155503 1.71641e-21)
(1.28316 -0.152758 -6.35952e-21)
(1.28564 -0.149913 3.24244e-21)
(1.28793 -0.146966 1.0412e-21)
(1.29002 -0.143916 -2.21555e-21)
(1.29189 -0.140759 -3.31489e-22)
(1.29354 -0.137494 5.61718e-21)
(1.29494 -0.134117 -6.00435e-21)
(1.2961 -0.130628 -2.53762e-21)
(1.29698 -0.127025 -1.56772e-20)
(1.29759 -0.123306 3.24316e-21)
(1.29791 -0.119471 3.79603e-21)
(1.29792 -0.11552 -2.92993e-21)
(1.29761 -0.111452 -1.77634e-20)
(1.29697 -0.107269 -1.09949e-20)
(1.29599 -0.102973 -1.33672e-20)
(1.29466 -0.098567 7.43401e-21)
(1.29296 -0.0940539 2.03483e-20)
(1.29088 -0.0894394 5.66484e-23)
(1.28842 -0.0847307 -1.5923e-20)
(1.28556 -0.0799368 1.49192e-20)
(1.2823 -0.0750701 1.54485e-20)
(1.27863 -0.0701471 -1.16095e-20)
(1.27454 -0.0651901 6.80803e-21)
(1.2487 -0.182038 -1.1175e-22)
(1.25264 -0.180015 -3.81964e-23)
(1.25648 -0.17791 -1.08945e-21)
(1.26022 -0.175722 -1.48317e-21)
(1.26384 -0.173448 -1.18884e-21)
(1.26735 -0.171087 1.79594e-22)
(1.27072 -0.168635 1.04495e-21)
(1.27395 -0.166091 2.05992e-21)
(1.27702 -0.163451 -1.21322e-21)
(1.27994 -0.160715 -1.58813e-23)
(1.28268 -0.157878 -3.1645e-21)
(1.28523 -0.154939 7.46463e-21)
(1.28759 -0.151895 -3.55995e-22)
(1.28974 -0.148744 -7.91845e-22)
(1.29166 -0.145483 -2.4415e-21)
(1.29335 -0.142111 -2.13809e-21)
(1.29479 -0.138625 -3.45267e-21)
(1.29597 -0.135023 -2.32895e-21)
(1.29688 -0.131305 6.02382e-21)
(1.29749 -0.127469 1.57848e-20)
(1.2978 -0.123515 8.63948e-21)
(1.2978 -0.119443 -9.83597e-22)
(1.29746 -0.115253 -6.59566e-21)
(1.29679 -0.110946 2.41616e-20)
(1.29576 -0.106524 2.23162e-20)
(1.29435 -0.101991 4.60177e-21)
(1.29257 -0.0973501 -1.91622e-20)
(1.2904 -0.0926061 -1.35391e-20)
(1.28783 -0.0877658 -9.18495e-21)
(1.28485 -0.0828374 2.04823e-20)
(1.28146 -0.0778314 1.84884e-21)
(1.25103 -0.185933 -3.04339e-24)
(1.255 -0.183774 -4.44373e-23)
(1.25887 -0.181525 -2.77431e-22)
(1.26261 -0.179187 4.49102e-22)
(1.26623 -0.176756 2.66813e-21)
(1.26972 -0.17423 -3.56474e-21)
(1.27305 -0.171607 -1.5925e-21)
(1.27623 -0.168885 2.15885e-21)
(1.27924 -0.166062 2.40454e-22)
(1.28207 -0.163135 3.82723e-21)
(1.28471 -0.160101 -4.8393e-21)
(1.28714 -0.156959 1.02699e-22)
(1.28936 -0.153706 4.67055e-21)
(1.29135 -0.15034 -5.57813e-21)
(1.29309 -0.146859 3.2907e-21)
(1.29457 -0.143262 -3.45292e-21)
(1.29579 -0.139547 2.87558e-21)
(1.29672 -0.135712 4.16716e-21)
(1.29735 -0.131758 -1.07417e-20)
(1.29767 -0.127682 -2.93641e-21)
(1.29766 -0.123487 -8.78036e-21)
(1.29731 -0.119172 -1.40275e-21)
(1.2966 -0.114738 -1.14888e-20)
(1.29553 -0.110189 4.07367e-21)
(1.29408 -0.105526 -1.17196e-20)
(1.29223 -0.100755 1.50672e-20)
(1.28998 -0.0958791 2.36318e-20)
(1.28731 -0.0909062 -1.62247e-20)
(1.28422 -0.0858436 2.35295e-21)
(1.25332 -0.189768 -8.29068e-23)
(1.25732 -0.187463 2.41569e-22)
(1.2612 -0.185061 8.53445e-22)
(1.26495 -0.182563 1.26482e-21)
(1.26855 -0.179965 -2.49928e-21)
(1.272 -0.177265 4.53499e-21)
(1.27529 -0.174461 4.19255e-22)
(1.27841 -0.171551 -4.66189e-21)
(1.28134 -0.168534 -4.96278e-22)
(1.28406 -0.165405 -6.36889e-21)
(1.28658 -0.162165 4.95662e-21)
(1.28888 -0.15881 9.16961e-22)
(1.29094 -0.155338 3.82515e-21)
(1.29274 -0.151749 1.99682e-22)
(1.29428 -0.148039 4.05617e-21)
(1.29554 -0.144209 6.46794e-21)
(1.29651 -0.140256 -5.94579e-21)
(1.29717 -0.136181 8.7979e-22)
(1.29751 -0.131983 -9.87703e-21)
(1.2975 -0.127662 -1.95108e-20)
(1.29715 -0.123219 -2.15033e-21)
(1.29643 -0.118656 1.19155e-20)
(1.29533 -0.113976 1.17868e-20)
(1.29383 -0.109181 -1.173e-20)
(1.29193 -0.104276 -2.32457e-21)
(1.28961 -0.0992658 -1.33806e-20)
(1.28686 -0.0941575 -9.72278e-21)
(1.25558 -0.193535 1.02483e-22)
(1.25959 -0.191075 -2.7227e-22)
(1.26347 -0.188511 -1.13447e-23)
(1.26721 -0.185842 -1.20087e-21)
(1.27079 -0.183067 -1.28807e-21)
(1.27419 -0.180183 -2.25998e-21)
(1.27742 -0.177189 1.17371e-21)
(1.28046 -0.174082 1.55192e-21)
(1.28329 -0.17086 -8.33027e-22)
(1.2859 -0.167521 5.31736e-21)
(1.28829 -0.164064 7.21103e-22)
(1.29043 -0.160487 -1.03679e-20)
(1.29231 -0.156788 -1.38296e-21)
(1.29391 -0.152966 7.32764e-21)
(1.29523 -0.149019 -6.27734e-21)
(1.29625 -0.144947 1.67188e-21)
(1.29695 -0.14075 5.47971e-21)
(1.29731 -0.136426 -4.95802e-21)
(1.29733 -0.131978 2.28861e-20)
(1.29698 -0.127406 1.12725e-20)
(1.29626 -0.122711 6.39263e-21)
(1.29515 -0.117897 -9.01715e-21)
(1.29363 -0.112966 1.67276e-20)
(1.29169 -0.107924 -7.99628e-21)
(1.28931 -0.102776 1.29611e-20)
(1.25778 -0.197228 -2.05601e-23)
(1.2618 -0.194603 3.72878e-22)
(1.26568 -0.191867 2.05478e-22)
(1.26939 -0.189019 7.2979e-22)
(1.27292 -0.186057 3.79759e-21)
(1.27628 -0.182979 -2.57636e-21)
(1.27943 -0.179784 -6.86105e-22)
(1.28237 -0.17647 6.86835e-22)
(1.28509 -0.173034 -3.13896e-21)
(1.28758 -0.169476 -4.81543e-21)
(1.28981 -0.165793 -5.3767e-21)
(1.29177 -0.161985 4.07319e-21)
(1.29346 -0.15805 -7.69733e-21)
(1.29484 -0.153987 2.39317e-21)
(1.29592 -0.149795 8.64233e-21)
(1.29667 -0.145474 -8.58921e-21)
(1.29708 -0.141025 1.14327e-21)
(1.29714 -0.136447 1.04636e-20)
(1.29681 -0.131743 -1.04957e-20)
(1.2961 -0.126914 -6.28266e-22)
(1.29499 -0.121963 -4.44252e-21)
(1.29346 -0.116894 1.16349e-20)
(1.25992 -0.20084 2.34074e-22)
(1.26394 -0.19804 -9.78299e-23)
(1.2678 -0.195123 -1.19233e-22)
(1.27147 -0.192086 -1.03009e-21)
(1.27496 -0.188928 -3.20389e-21)
(1.27824 -0.185647 3.16421e-22)
(1.2813 -0.182242 -1.87561e-21)
(1.28414 -0.178711 1.11636e-21)
(1.28673 -0.175053 9.79006e-21)
(1.28907 -0.171266 6.12912e-21)
(1.29113 -0.167349 4.98757e-21)
(1.29291 -0.163301 -6.52602e-22)
(1.29438 -0.159121 6.1555e-21)
(1.29553 -0.154809 -7.70298e-21)
(1.29635 -0.150364 -8.2659e-21)
(1.29682 -0.145788 9.81396e-21)
(1.29692 -0.14108 -7.00348e-21)
(1.29663 -0.136243 3.34333e-22)
(1.29595 -0.131278 2.02658e-21)
(1.29485 -0.126188 6.06589e-22)
(1.26199 -0.204363 -8.7356e-23)
(1.266 -0.20138 1.75263e-22)
(1.26982 -0.198272 4.60324e-22)
(1.27345 -0.195037 9.93448e-22)
(1.27687 -0.191674 1.36207e-21)
(1.28007 -0.188181 3.81655e-21)
(1.28304 -0.184557 1.8783e-21)
(1.28575 -0.180801 8.99942e-22)
(1.2882 -0.176911 -8.61572e-21)
(1.29037 -0.172887 -1.47374e-21)
(1.29225 -0.168727 3.44194e-22)
(1.29382 -0.164431 5.51592e-21)
(1.29506 -0.159999 2.69559e-21)
(1.29596 -0.155431 3.21161e-21)
(1.2965 -0.150727 2.90814e-21)
(1.29666 -0.145888 -2.56087e-21)
(1.29643 -0.140917 -8.87628e-21)
(1.26398 -0.207792 -2.46548e-22)
(1.26796 -0.204618 -1.24804e-23)
(1.27174 -0.20131 -1.28705e-21)
(1.27531 -0.197868 1.8358e-22)
(1.27866 -0.19429 -8.34178e-22)
(1.28176 -0.190576 9.17668e-22)
(1.28461 -0.186725 -1.55073e-21)
(1.28719 -0.182735 -3.10335e-21)
(1.28949 -0.178605 7.47172e-21)
(1.29148 -0.174336 2.98509e-21)
(1.29316 -0.169925 1.082e-21)
(1.2945 -0.165375 -5.64757e-21)
(1.2955 -0.160683 -1.4e-20)
(1.29612 -0.155852 3.8312e-21)
(1.26587 -0.211122 1.89856e-22)
(1.26982 -0.207746 -4.32003e-22)
(1.27355 -0.20423 1.50638e-21)
(1.27705 -0.200573 -7.3984e-22)
(1.28031 -0.196773 -1.5496e-21)
(1.2833 -0.19283 -5.75537e-21)
(1.28602 -0.188743 3.50267e-21)
(1.28845 -0.184511 1.63906e-22)
(1.29058 -0.180134 -9.57582e-21)
(1.26766 -0.214345 -1.02404e-22)
)
;

boundaryField
{
    inlet
    {
        type            uniformFixedValue;
        uniformValue    constant (1 0 0);
        value           nonuniform 0();
    }
    outlet
    {
        type            pressureInletOutletVelocity;
        value           nonuniform 0();
    }
    cylinder
    {
        type            fixedValue;
        value           nonuniform 0();
    }
    top
    {
        type            symmetryPlane;
    }
    bottom
    {
        type            symmetryPlane;
    }
    defaultFaces
    {
        type            empty;
    }
    procBoundary1to0
    {
        type            processor;
        value           nonuniform List<vector> 
49
(
(1.13337 -0.00268205 -4.73752e-22)
(1.13348 -0.00801636 -1.66533e-22)
(1.1337 -0.0132402 2.28175e-22)
(1.13402 -0.0183796 -4.63739e-22)
(1.13444 -0.0234425 -9.66627e-23)
(1.13495 -0.0284402 -1.66412e-22)
(1.13554 -0.0333811 1.14098e-21)
(1.1362 -0.0382734 3.42815e-22)
(1.13693 -0.0431244 -6.12307e-22)
(1.13772 -0.0479407 8.04141e-22)
(1.13855 -0.052728 -4.6679e-22)
(1.13943 -0.0574919 1.22588e-21)
(1.14238 -0.0620068 1.08518e-21)
(1.14238 -0.0620068 1.08518e-21)
(1.14336 -0.0667196 5.16075e-23)
(1.14435 -0.0714218 2.81131e-22)
(1.14536 -0.0761169 -6.34231e-23)
(1.14638 -0.0808081 -6.37035e-23)
(1.1474 -0.085498 -9.51779e-22)
(1.14842 -0.0901892 7.50698e-22)
(1.14943 -0.0948838 -5.06098e-24)
(1.15043 -0.099584 -1.57415e-21)
(1.15141 -0.104291 9.08003e-23)
(1.15237 -0.109008 1.79084e-21)
(1.1533 -0.113734 -6.501e-22)
(1.15421 -0.118473 -8.70739e-22)
(1.15508 -0.123224 2.06538e-21)
(1.15592 -0.127989 -9.84952e-22)
(1.15672 -0.132769 -1.3289e-21)
(1.15748 -0.137565 1.25691e-22)
(1.1582 -0.142379 1.72374e-21)
(1.15888 -0.14721 1.61342e-22)
(1.15951 -0.15206 -1.27544e-21)
(1.1601 -0.15693 1.4167e-21)
(1.16065 -0.161822 -3.0208e-21)
(1.16115 -0.166736 1.91327e-21)
(1.1616 -0.171674 2.33091e-22)
(1.16201 -0.176637 1.62088e-21)
(1.16238 -0.181627 -3.72866e-22)
(1.1627 -0.186645 -7.56774e-23)
(1.16298 -0.191694 1.04764e-21)
(1.16323 -0.196776 -4.33464e-22)
(1.16344 -0.201892 -9.37782e-22)
(1.16363 -0.207045 1.7383e-21)
(1.16378 -0.212236 -2.8568e-21)
(1.16391 -0.217467 -2.29675e-21)
(1.16403 -0.22274 5.91045e-21)
(1.16413 -0.228056 -2.75652e-21)
(1.16422 -0.233414 6.67596e-22)
)
;
    }
    procBoundary1to2
    {
        type            processor;
        value           nonuniform List<vector> 
42
(
(1.22271 -0.00186652 2.1053e-22)
(1.22197 -0.00564419 2.52422e-22)
(1.22197 -0.00564419 2.52422e-22)
(1.22273 -0.0093184 -2.77001e-23)
(1.22384 -0.0129113 4.24351e-22)
(1.22527 -0.0164257 6.5797e-22)
(1.227 -0.0198628 -1.00014e-21)
(1.22901 -0.0232246 4.8588e-22)
(1.23127 -0.0265123 -4.54874e-22)
(1.23376 -0.0297265 -5.82617e-22)
(1.23647 -0.032867 -1.65345e-22)
(1.23937 -0.0359326 2.01736e-21)
(1.24244 -0.0389211 3.08811e-22)
(1.24566 -0.0418289 8.08968e-22)
(1.249 -0.0446517 -1.40282e-21)
(1.25246 -0.0473836 -2.03328e-22)
(1.25599 -0.0500176 1.27149e-21)
(1.25959 -0.0525454 -2.12638e-21)
(1.26321 -0.0549576 8.21858e-22)
(1.26683 -0.0572435 -4.75974e-22)
(1.27043 -0.0593916 -2.60356e-22)
(1.27395 -0.0613892 2.44847e-21)
(1.27738 -0.0632232 -8.46261e-22)
(1.28066 -0.0648799 -2.25204e-22)
(1.28375 -0.0663454 -7.23596e-21)
(1.28663 -0.067606 1.45972e-20)
(1.28922 -0.0686483 -9.28625e-21)
(1.29151 -0.0694597 -6.80032e-21)
(1.29343 -0.0700287 1.92648e-21)
(1.29493 -0.0703452 1.07841e-20)
(1.29599 -0.0704006 -6.1951e-21)
(1.29654 -0.0701883 5.36083e-21)
(1.29655 -0.0697036 -1.14123e-20)
(1.29597 -0.0689442 1.68767e-21)
(1.29478 -0.0679101 -5.23537e-21)
(1.29293 -0.0666035 1.0459e-20)
(1.2904 -0.065029 1.19882e-20)
(1.28716 -0.0631935 2.18679e-21)
(1.28319 -0.061106 -3.26665e-20)
(1.27848 -0.0587775 2.57497e-20)
(1.273 -0.056221 1.27523e-21)
(1.26676 -0.0534508 -3.17773e-20)
)
;
    }
    procBoundary1to5
    {
        type            processor;
        value           nonuniform List<vector> 
69
(
(1.17001 -0.238 2.83932e-22)
(1.17001 -0.238 2.83932e-22)
(1.17612 -0.242467 -2.71544e-21)
(1.18194 -0.241396 -6.51999e-22)
(1.18771 -0.240208 -2.3397e-22)
(1.18771 -0.240208 -2.3397e-22)
(1.19435 -0.244149 -2.15712e-24)
(1.20016 -0.242647 5.89611e-23)
(1.20589 -0.241016 5.79576e-22)
(1.21155 -0.239254 7.949e-22)
(1.21155 -0.239254 7.949e-22)
(1.21852 -0.24222 -5.63648e-23)
(1.22409 -0.240075 6.087e-22)
(1.22954 -0.237788 1.8325e-22)
(1.23486 -0.23536 -9.6969e-22)
(1.24005 -0.232789 2.38887e-21)
(1.24509 -0.230076 -1.64331e-22)
(1.24997 -0.227219 1.35463e-22)
(1.25468 -0.224219 -6.86933e-22)
(1.25468 -0.224219 -6.86933e-22)
(1.26094 -0.224597 2.76566e-23)
(1.26525 -0.221105 -8.34112e-23)
(1.27003 -0.0602295 4.65617e-21)
(1.26509 -0.0553074 -2.85109e-20)
(1.27763 -0.0727612 1.20503e-20)
(1.27338 -0.0676447 3.24055e-21)
(1.27003 -0.0602295 4.65617e-21)
(1.26869 -0.0625053 -1.88209e-20)
(1.2807 -0.0807009 -1.3758e-21)
(1.27763 -0.0727612 1.20503e-20)
(1.27674 -0.0754899 -1.268e-21)
(1.28368 -0.0889587 2.98418e-21)
(1.2807 -0.0807009 -1.3758e-21)
(1.28004 -0.0836787 2.24181e-22)
(1.2865 -0.0975286 5.19e-21)
(1.28368 -0.0889587 2.98418e-21)
(1.28322 -0.0921899 1.5071e-20)
(1.29149 -0.111712 2.38037e-20)
(1.28908 -0.106421 4.53083e-21)
(1.2865 -0.0975286 5.19e-21)
(1.28621 -0.101031 -9.30425e-21)
(1.29333 -0.120978 -1.78205e-21)
(1.29149 -0.111712 2.38037e-20)
(1.29136 -0.115651 -5.18003e-21)
(1.2958 -0.135814 9.71295e-22)
(1.29474 -0.130583 -1.27561e-21)
(1.29333 -0.120978 -1.78205e-21)
(1.29323 -0.125229 -6.64961e-21)
(1.29637 -0.150882 -3.54735e-21)
(1.29621 -0.145776 -6.00855e-21)
(1.2958 -0.135814 9.71295e-22)
(1.29564 -0.140535 -1.70339e-20)
(1.29238 -0.175611 3.14887e-21)
(1.29384 -0.170943 -5.97202e-21)
(1.29495 -0.16613 -7.57194e-21)
(1.29568 -0.161173 -2.9115e-21)
(1.29637 -0.150882 -3.54735e-21)
(1.29602 -0.156073 -2.57436e-21)
(1.27156 -0.210761 -4.60201e-22)
(1.27523 -0.207029 1.03765e-21)
(1.27865 -0.203148 -2.08924e-22)
(1.2818 -0.199118 1.6577e-22)
(1.28468 -0.194938 -5.35563e-21)
(1.28726 -0.190607 2.82242e-21)
(1.28953 -0.186126 -6.78839e-22)
(1.29238 -0.175611 3.14887e-21)
(1.29147 -0.181494 -2.26814e-21)
(1.27156 -0.210761 -4.60201e-22)
(1.26933 -0.217459 9.32135e-23)
)
;
    }
}


// ************************************************************************* //
