/*--------------------------------*- C++ -*----------------------------------*\
  =========                 |
  \\      /  F ield         | OpenFOAM: The Open Source CFD Toolbox
   \\    /   O peration     | Website:  https://openfoam.org
    \\  /    A nd           | Version:  7
     \\/     M anipulation  |
\*---------------------------------------------------------------------------*/
FoamFile
{
    version     2.0;
    format      ascii;
    class       surfaceScalarField;
    location    "5";
    object      phi;
}
// * * * * * * * * * * * * * * * * * * * * * * * * * * * * * * * * * * * * * //

dimensions      [0 3 -1 0 0 0 0];

internalField   nonuniform List<scalar> 
5145
(
0.0107612
-8.07676e-05
0.0108434
-8.21967e-05
-8.35844e-05
0.010927
0.0104361
-0.000156778
0.010515
-0.000159675
0.0105953
-0.000162499
-0.000165239
0.010677
0.0102008
-0.000232534
0.0102779
-0.000236829
0.0103564
-0.000241014
-0.000245075
0.0104363
0.00997377
-0.000306668
0.0100493
-0.000312329
0.0101261
-0.000317846
-0.000323198
0.0102042
0.00975463
-0.000379272
0.00982857
-0.00038627
0.00990381
-0.000393089
-0.000399704
0.00998032
0.00954284
-0.00045043
0.0096153
-0.000458735
0.00968904
-0.000466829
-0.000474679
0.00976402
0.00933793
-0.000520217
0.009409
-0.000529803
0.00948132
-0.000539145
-0.000548204
0.00955484
0.00913949
-0.000588702
0.00920922
-0.000599542
0.00928019
-0.000610105
-0.000620349
0.00935233
0.00894711
-0.000655943
0.00901558
-0.00066801
0.00908524
-0.000679772
-0.000691174
0.00915607
0.00876043
-0.000721993
0.00882768
-0.000735262
0.0088961
-0.000748196
-0.000760732
0.00896566
0.00857911
-0.000786895
0.00864518
-0.00080134
0.00871241
-0.000815422
-0.000829067
0.00878074
0.00840282
-0.000850684
0.00846776
-0.00086628
0.00853383
-0.000881484
-0.000896215
0.00860097
0.00823128
-0.000913388
0.0082951
-0.000930108
0.00836003
-0.000946409
-0.000962198
0.00842601
0.00806418
-0.000975026
0.00812691
-0.000992842
0.00819071
-0.00101021
-0.00102704
0.00825555
0.00790124
-0.00103561
0.00796289
-0.00105449
0.00802558
-0.0010729
-0.00109073
0.00808928
0.00774221
-0.00109514
0.00780277
-0.00111505
0.00786434
-0.00113448
-0.00115328
0.00792689
0.0075868
-0.0011536
0.00764627
-0.00117452
0.00770672
-0.00119492
-0.00121467
0.0077681
0.00743478
-0.00121099
0.00749313
-0.00123287
0.00755242
-0.00125421
-0.00127487
0.00761262
0.00728588
-0.00126727
0.00734308
-0.00129008
0.00740119
-0.00131232
-0.00133385
0.00746017
0.00713985
-0.00132242
0.00719587
-0.0013461
0.00725274
-0.00136919
-0.00139156
0.00731045
0.00699645
-0.00137637
0.00705123
-0.00140088
0.00710682
-0.00142479
-0.00144794
0.0071632
0.00685544
-0.00142908
0.00690892
-0.00145436
0.00696316
-0.00147903
-0.00150292
0.00701815
0.00671658
-0.00148048
0.0067687
-0.00150648
0.00682152
-0.00153184
-0.00155643
0.00687502
0.00657965
-0.0015305
0.00663033
-0.00155716
0.00668164
-0.00158315
-0.00160837
0.00673358
0.00644442
-0.00157907
0.00649357
-0.00160631
0.00654329
-0.00163287
-0.00165865
0.00659358
0.00631069
-0.00162609
0.00635823
-0.00165384
0.00640625
-0.0016809
-0.00170718
0.00645478
0.00617826
-0.00167148
0.00622408
-0.00169967
0.00627032
-0.00172713
-0.00175385
0.00631698
0.00604694
-0.00171514
0.00609096
-0.00174368
0.0061353
-0.00177148
-0.00179854
0.00618
0.00591658
-0.00175698
0.00595868
-0.00178578
0.00600103
-0.00181382
-0.00184117
0.00604365
0.00578701
-0.0017969
0.00582711
-0.00182588
0.00586736
-0.00185407
-0.00188161
0.0059078
0.00565812
-0.00183482
0.00569612
-0.00186388
0.00573417
-0.00189213
-0.00191976
0.00577233
0.0055298
-0.00187063
0.0055656
-0.00189968
0.00560136
-0.00192789
-0.00195553
0.00563714
0.00540196
-0.00190426
0.00543548
-0.0019332
0.00546887
-0.00196127
-0.00198883
0.00550216
0.00527455
-0.00193562
0.00530571
-0.00196435
0.00533663
-0.00199219
-0.00201957
0.00536737
0.00514752
-0.00196465
0.00517625
-0.00199308
0.00520464
-0.00202058
-0.00204768
0.00523275
0.00502086
-0.00199128
0.00504709
-0.00201932
0.00507288
-0.00204637
-0.0020731
0.0050983
0.00489457
-0.00201546
0.00491825
-0.002043
0.0049414
-0.00206952
-0.00209577
0.00496407
0.00476867
-0.00203715
0.00478977
-0.0020641
0.00481023
-0.00208998
-0.00211566
0.00483012
0.00464321
-0.00205631
0.00466169
-0.00208259
0.00467944
-0.00210773
-0.00213273
0.00469651
0.00451824
-0.00207292
0.00453409
-0.00209844
0.00454911
-0.00212275
-0.00214697
0.00456335
0.00439385
-0.00208698
0.00440705
-0.00211164
0.00441934
-0.00213504
-0.00215837
0.00443074
0.0042701
-0.00209847
0.00428066
-0.00212221
0.00429022
-0.00214459
-0.00216694
0.00429879
0.00414709
-0.00210742
0.00415503
-0.00213015
0.00416187
-0.00215144
-0.0021727
0.00416763
0.00402492
-0.00211383
0.00403025
-0.00213548
0.00403441
-0.00215559
-0.00217567
0.00403738
0.00390369
-0.00211775
0.00390645
-0.00213824
0.00390796
-0.0021571
-0.00217588
0.00390817
0.00378351
-0.00211919
0.00378374
-0.00213847
0.00378264
-0.00215599
-0.00217338
0.00378013
0.00366448
-0.00211821
0.00366223
-0.00213622
0.00365856
-0.00215233
-0.0021682
0.00365338
0.0035467
-0.00211486
0.00354201
-0.00213153
0.00353584
-0.00214615
-0.0021604
0.00352803
0.00343027
-0.00210918
0.0034232
-0.00212446
0.00341457
-0.00213752
-0.00215002
0.0034042
0.00331527
-0.00210123
0.00330589
-0.00211508
0.00329487
-0.00212651
-0.00213712
0.00328197
0.00320179
-0.00209107
0.00319015
-0.00210344
0.0031768
-0.00211316
0.00316142
0.00308989
-0.00207876
0.00307606
0.0109374
-1.04525e-05
0.0109475
-1.00387e-05
0.0109571
-9.60085e-06
0.0109662
-9.13714e-06
0.0109749
-8.64665e-06
0.010983
-8.12917e-06
0.0109906
-7.58452e-06
0.0109976
-7.01244e-06
0.011004
-6.41267e-06
0.0110098
-5.78496e-06
0.0110149
-5.12912e-06
0.0110194
-4.44498e-06
0.0110231
-3.73238e-06
0.0110261
-2.99123e-06
0.0110283
-2.22146e-06
0.0110297
-1.42306e-06
0.0110303
-5.96072e-07
0.0110301
2.59421e-07
0.0110289
1.14326e-06
0.0110269
2.05524e-06
0.0110239
2.99506e-06
0.0110199
3.96235e-06
0.011015
4.95666e-06
0.011009
5.97743e-06
0.011002
7.02402e-06
0.0109939
8.09566e-06
0.0109847
9.19145e-06
0.0109744
1.03104e-05
0.0109629
1.14513e-05
0.0109503
1.26129e-05
0.0109365
1.37937e-05
0.0109215
1.49921e-05
0.0109053
1.62061e-05
0.0108879
1.74339e-05
0.0108692
1.86732e-05
0.0108493
1.99215e-05
0.0108281
2.11762e-05
0.0108057
2.24344e-05
0.010782
2.3693e-05
0.010757
2.49487e-05
0.0107308
2.61978e-05
0.0107034
2.74367e-05
0.0106747
2.86611e-05
0.0106449
2.98669e-05
0.0106138
3.10496e-05
0.0105816
3.22043e-05
0.0105483
3.33263e-05
3.44102e-05
0.0106872
-2.06877e-05
0.010697
-1.986e-05
0.0107064
-1.89863e-05
0.0107154
-1.80625e-05
0.0107238
-1.70865e-05
0.0107317
-1.60578e-05
0.0107391
-1.49759e-05
0.0107459
-1.384e-05
0.0107522
-1.26497e-05
0.0107578
-1.14043e-05
0.0107628
-1.01035e-05
0.0107671
-8.7469e-06
0.0107707
-7.33413e-06
0.0107735
-5.86503e-06
0.0107757
-4.33946e-06
0.010777
-2.7574e-06
0.0107775
-1.11891e-06
0.0107772
5.7582e-07
0.010776
2.32649e-06
0.0107739
4.13267e-06
0.0107709
5.99379e-06
0.010767
7.90909e-06
0.0107621
9.87768e-06
0.0107562
1.18985e-05
0.0107492
1.39702e-05
0.0107412
1.60912e-05
0.0107321
1.82599e-05
0.010722
2.04742e-05
0.0107107
2.27319e-05
0.0106983
2.50302e-05
0.0106847
2.73664e-05
0.01067
2.97371e-05
0.010654
3.21387e-05
0.0106369
3.45672e-05
0.0106186
3.70183e-05
0.010599
3.94871e-05
0.0105782
4.19684e-05
0.0105562
4.44565e-05
0.0105329
4.69451e-05
0.0105084
4.94278e-05
0.0104827
5.18975e-05
0.0104558
5.43465e-05
0.0104277
5.6767e-05
0.0103984
5.91504e-05
0.010368
6.14877e-05
0.0103364
6.37698e-05
0.0103038
6.59867e-05
6.81284e-05
0.0104463
-3.06947e-05
0.0104559
-2.94551e-05
0.010465
-2.81478e-05
0.0104737
-2.67666e-05
0.010482
-2.53084e-05
0.0104897
-2.37722e-05
0.0104968
-2.21573e-05
0.0105035
-2.04628e-05
0.0105095
-1.86876e-05
0.0105149
-1.68311e-05
0.0105197
-1.48926e-05
0.0105238
-1.28715e-05
0.0105273
-1.07673e-05
0.01053
-8.57979e-06
0.010532
-6.30875e-06
0.0105332
-3.95414e-06
0.0105336
-1.51608e-06
0.0105331
1.00515e-06
0.0105318
3.60909e-06
0.0105297
6.29509e-06
0.0105266
9.06228e-06
0.0105226
1.19096e-05
0.0105177
1.48356e-05
0.0105117
1.78387e-05
0.0105048
2.09169e-05
0.0104968
2.40681e-05
0.0104878
2.72896e-05
0.0104777
3.05784e-05
0.0104665
3.3931e-05
0.0104541
3.73437e-05
0.0104407
4.0812e-05
0.0104261
4.43313e-05
0.0104104
4.7896e-05
0.0103934
5.15002e-05
0.0103753
5.51375e-05
0.010356
5.88006e-05
0.0103355
6.24819e-05
0.0103138
6.61728e-05
0.0102908
6.98642e-05
0.0102667
7.35463e-05
0.0102414
7.72086e-05
0.0102149
8.084e-05
0.0101873
8.44284e-05
0.0101584
8.79615e-05
0.0101285
9.14259e-05
0.0100975
9.48077e-05
0.0100654
9.80926e-05
0.000101265
0.010214
-4.04678e-05
0.0102234
-3.88168e-05
0.0102323
-3.70765e-05
0.0102408
-3.52386e-05
0.0102487
-3.32991e-05
0.0102562
-3.12568e-05
0.0102632
-2.91109e-05
0.0102696
-2.68601e-05
0.0102754
-2.45032e-05
0.0102806
-2.20392e-05
0.0102852
-1.94672e-05
0.0102891
-1.67866e-05
0.0102923
-1.39967e-05
0.0102948
-1.10973e-05
0.0102966
-8.08802e-06
0.0102976
-4.96895e-06
0.0102979
-1.74022e-06
0.0102973
1.59777e-06
0.0102958
5.04438e-06
0.0102935
8.59872e-06
0.0102903
1.22596e-05
0.0102862
1.60256e-05
0.0102812
1.98949e-05
0.0102751
2.38652e-05
0.0102681
2.79341e-05
0.0102601
3.20986e-05
0.010251
3.63551e-05
0.0102409
4.06997e-05
0.0102297
4.51278e-05
0.0102174
4.96345e-05
0.010204
5.42139e-05
0.0101895
5.88597e-05
0.0101738
6.35648e-05
0.010157
6.83213e-05
0.010139
7.31207e-05
0.0101199
7.79534e-05
0.0100995
8.28092e-05
0.010078
8.76771e-05
0.0100553
9.25448e-05
0.0100315
9.73996e-05
0.0100065
0.000102228
0.00998029
0.000107014
0.00995298
0.000111743
0.00992454
0.000116398
0.00989501
0.000120962
0.0098644
0.000125416
0.00983275
0.000129741
0.000133918
0.00998985
-5.00026e-05
0.00999897
-4.79384e-05
0.0100077
-4.57634e-05
0.0100159
-4.34673e-05
0.0100236
-4.10453e-05
0.0100309
-3.84962e-05
0.0100376
-3.58189e-05
0.0100437
-3.30118e-05
0.0100493
-3.00737e-05
0.0100543
-2.70032e-05
0.0100586
-2.37996e-05
0.0100623
-2.04618e-05
0.0100653
-1.69894e-05
0.0100676
-1.33819e-05
0.0100691
-9.63914e-06
0.0100699
-5.76107e-06
0.0100699
-1.74798e-06
0.0100691
2.39958e-06
0.0100675
6.68077e-06
0.010065
1.10945e-05
0.0100616
1.56392e-05
0.0100573
2.0313e-05
0.0100521
2.51137e-05
0.0100459
3.00385e-05
0.0100388
3.50843e-05
0.0100306
4.02472e-05
0.0100214
4.5523e-05
0.0100112
5.09068e-05
0.00999997
5.63929e-05
0.00998763
6.1975e-05
0.0099742
6.7646e-05
0.00995966
7.33979e-05
0.009944
7.92221e-05
0.00992722
8.51088e-05
0.00990929
9.10473e-05
0.00989022
9.7026e-05
0.00986999
0.000103032
0.00984862
0.000109052
0.00982609
0.00011507
0.00980242
0.000121072
0.00977761
0.000127039
0.00975167
0.000132953
0.00972462
0.000138795
0.00969647
0.000144545
0.00966725
0.00015018
0.00963699
0.000155679
0.00960572
0.000161017
0.00016617
0.00977331
-5.92966e-05
0.00978219
-5.68148e-05
0.00979063
-5.42009e-05
0.0097986
-5.14428e-05
0.00980609
-4.85348e-05
0.00981307
-4.54757e-05
0.00981952
-4.22641e-05
0.0098254
-3.88985e-05
0.00983071
-3.53773e-05
0.0098354
-3.16993e-05
0.00983947
-2.78634e-05
0.00984287
-2.38686e-05
0.0098456
-1.97145e-05
0.00984762
-1.54005e-05
0.0098489
-1.09265e-05
0.00984944
-6.29267e-06
0.00984919
-1.4993e-06
0.00984813
3.45285e-06
0.00984625
8.56273e-06
0.00984352
1.38289e-05
0.00983991
1.92496e-05
0.0098354
2.48224e-05
0.00982997
3.05447e-05
0.00982359
3.64131e-05
0.00981625
4.24238e-05
0.00980793
4.85723e-05
0.0097986
5.48534e-05
0.00978824
6.12612e-05
0.00977685
6.77891e-05
0.00976439
7.44295e-05
0.00975086
8.11739e-05
0.00973625
8.8013e-05
0.00972054
9.49362e-05
0.00970371
0.000101932
0.00968577
0.000108988
0.00966671
0.00011609
0.00964652
0.000123222
0.0096252
0.00013037
0.00960276
0.000137514
0.00957919
0.000144636
0.00955451
0.000151716
0.00952874
0.000158731
0.00950187
0.000165659
0.00947394
0.000172476
0.00944497
0.000179155
0.00941497
0.00018567
0.009384
0.000191992
0.000198093
0.00956389
-6.83473e-05
0.00957252
-6.5441e-05
0.0095807
-6.23819e-05
0.00958841
-5.91554e-05
0.00959563
-5.57555e-05
0.00960234
-5.21808e-05
0.0096085
-4.843e-05
0.00961411
-4.45013e-05
0.00961912
-4.03932e-05
0.00962353
-3.61042e-05
0.0096273
-3.16333e-05
0.00963041
-2.69796e-05
0.00963284
-2.21425e-05
0.00963456
-1.71215e-05
0.00963555
-1.19167e-05
0.00963578
-6.52827e-06
0.00963524
-9.56739e-07
0.0096339
4.79692e-06
0.00963173
1.07314e-05
0.00962871
1.6845e-05
0.00962482
2.31356e-05
0.00962005
2.96003e-05
0.00961436
3.62359e-05
0.00960773
4.30386e-05
0.00960015
5.00038e-05
0.0095916
5.71263e-05
0.00958205
6.44001e-05
0.00957149
7.18183e-05
0.00955991
7.93731e-05
0.00954728
8.70558e-05
0.0095336
9.48566e-05
0.00951885
0.000102765
0.00950302
0.000110768
0.0094861
0.000118852
0.00946808
0.000127004
0.00944896
0.000135207
0.00942874
0.000143443
0.00940742
0.000151694
0.00938499
0.000159939
0.00936147
0.000168157
0.00933686
0.000176323
0.00931118
0.000184412
0.00928444
0.000192399
0.00925667
0.000200255
0.00922787
0.000207949
0.00919809
0.000215451
0.00916735
0.000222729
0.000229749
0.00936113
-7.7151e-05
0.0093695
-7.38114e-05
0.00937742
-7.02981e-05
0.00938486
-6.65949e-05
0.0093918
-6.26949e-05
0.00939822
-5.8597e-05
0.00940409
-5.42998e-05
0.00940939
-4.98016e-05
0.00941409
-4.51005e-05
0.00941818
-4.01952e-05
0.00942164
-3.50847e-05
0.00942442
-2.97681e-05
0.00942653
-2.42449e-05
0.00942792
-1.85147e-05
0.00942858
-1.25777e-05
0.00942849
-6.43417e-06
0.00942761
-8.4916e-08
0.00942594
6.46877e-06
0.00942345
1.32254e-05
0.00942011
2.0183e-05
0.00941591
2.73387e-05
0.00941082
3.46896e-05
0.00940482
4.22317e-05
0.0093979
4.99606e-05
0.00939003
5.78712e-05
0.0093812
6.59574e-05
0.00937139
7.42122e-05
0.00936058
8.2628e-05
0.00934876
9.11958e-05
0.00933591
9.99056e-05
0.00932202
0.000108746
0.00930708
0.000117706
0.00929107
0.00012677
0.009274
0.000135924
0.00925586
0.000145151
0.00923663
0.000154432
0.00921632
0.000163749
0.00919494
0.00017308
0.00917248
0.000182401
0.00914895
0.000191688
0.00912435
0.000200914
0.00909872
0.000210051
0.00907205
0.000219068
0.00904437
0.000227934
0.0090157
0.000236615
0.00898608
0.000245076
0.00895553
0.000253279
0.000261187
0.00916462
-8.57023e-05
0.00917273
-8.19181e-05
0.00918037
-7.79399e-05
0.00918752
-7.37494e-05
0.00919417
-6.93394e-05
0.00920028
-6.47087e-05
0.00920583
-5.98562e-05
0.00921081
-5.47798e-05
0.00921519
-4.9478e-05
0.00921894
-4.39494e-05
0.00922205
-3.81929e-05
0.00922449
-3.22079e-05
0.00922624
-2.59938e-05
0.00922728
-1.95506e-05
0.00922758
-1.28784e-05
0.00922712
-5.97789e-06
0.00922589
1.14995e-06
0.00922385
8.50363e-06
0.009221
1.60813e-05
0.0092173
2.38804e-05
0.00921274
3.18979e-05
0.0092073
4.01303e-05
0.00920096
4.85731e-05
0.0091937
5.72212e-05
0.0091855
6.60688e-05
0.00917635
7.5109e-05
0.00916623
8.43342e-05
0.00915512
9.37354e-05
0.00914301
0.000103303
0.00912989
0.000113025
0.00911575
0.00012289
0.00910057
0.000132884
0.00908435
0.00014299
0.00906708
0.000153194
0.00904875
0.000163475
0.00902937
0.000173814
0.00900893
0.000184188
0.00898744
0.000194575
0.00896489
0.000204947
0.0089413
0.000215277
0.00891668
0.000225536
0.00889104
0.000235692
0.0088644
0.000245712
0.00883677
0.000255559
0.00880819
0.000265197
0.00877868
0.000274585
0.00874828
0.000283684
0.00029245
0.00897395
-9.39929e-05
0.00898178
-8.97512e-05
0.00898914
-8.52954e-05
0.008996
-8.06052e-05
0.00900233
-7.56733e-05
0.00900812
-7.04986e-05
0.00901334
-6.50799e-05
0.00901798
-5.94154e-05
0.009022
-5.35035e-05
0.0090254
-4.73429e-05
0.00902814
-4.09327e-05
0.0090302
-3.42723e-05
0.00903157
-2.73613e-05
0.00903222
-2.01998e-05
0.00903213
-1.27884e-05
0.00903128
-5.12777e-06
0.00902965
2.78073e-06
0.00902722
1.09353e-05
0.00902396
1.93337e-05
0.00901987
2.7973e-05
0.00901492
3.68498e-05
0.00900909
4.59598e-05
0.00900236
5.52982e-05
0.00899473
6.48591e-05
0.00898616
7.4636e-05
0.00897665
8.46213e-05
0.00896618
9.48063e-05
0.00895473
0.000105181
0.0089423
0.000115735
0.00892887
0.000126456
0.00891443
0.000137329
0.00889897
0.000148339
0.00888249
0.000159471
0.00886498
0.000170704
0.00884644
0.000182018
0.00882686
0.000193392
0.00880625
0.000204801
0.00878461
0.000216218
0.00876194
0.000227615
0.00873825
0.000238963
0.00871356
0.000250227
0.00868788
0.000261374
0.00866122
0.000272366
0.00863362
0.000283165
0.00860509
0.000293728
0.00857566
0.000304013
0.00854537
0.000313975
0.000323566
0.00878876
-0.000102011
0.00879631
-9.72974e-05
0.00880336
-9.23496e-05
0.0088099
-8.71459e-05
0.00881591
-8.16786e-05
0.00882136
-7.59471e-05
0.00882623
-6.99501e-05
0.0088305
-6.36861e-05
0.00883415
-5.71534e-05
0.00883716
-5.03509e-05
0.0088395
-4.32779e-05
0.00884116
-3.59339e-05
0.00884212
-2.83189e-05
0.00884235
-2.04331e-05
0.00884184
-1.22773e-05
0.00884057
-3.85253e-06
0.00883851
4.83951e-06
0.00883565
1.37967e-05
0.00883197
2.30164e-05
0.00882744
3.24952e-05
0.00882206
4.22291e-05
0.00881581
5.22134e-05
0.00880867
6.24427e-05
0.00880061
7.29103e-05
0.00879164
8.36092e-05
0.00878173
9.45306e-05
0.00877087
0.000105665
0.00875905
0.000117002
0.00874626
0.000128529
0.00873248
0.000140233
0.00871771
0.000152099
0.00870194
0.000164109
0.00868516
0.000176246
0.00866738
0.000188489
0.00864858
0.000200815
0.00862877
0.000213201
0.00860796
0.000225619
0.00858613
0.000238043
0.00856331
0.000250439
0.00853949
0.000262776
0.0085147
0.000275017
0.00848895
0.000287125
0.00846226
0.000299059
0.00843465
0.000310778
0.00840614
0.000322235
0.00837677
0.000333384
0.00834657
0.000344176
0.000354559
0.0086087
-0.000109742
0.00861595
-0.00010454
0.00862268
-9.90846e-05
0.00862889
-9.33519e-05
0.00863454
-8.73345e-05
0.00863963
-8.1032e-05
0.00864412
-7.44434e-05
0.008648
-6.75672e-05
0.00865125
-6.04019e-05
0.00865385
-5.29467e-05
0.00865577
-4.5201e-05
0.008657
-3.71645e-05
0.00865752
-2.88375e-05
0.00865731
-2.02205e-05
0.00865634
-1.13146e-05
0.00865461
-2.12109e-06
0.00865209
7.3579e-06
0.00864877
1.71199e-05
0.00864463
2.71616e-05
0.00863964
3.74794e-05
0.0086338
4.80687e-05
0.00862709
5.89242e-05
0.00861949
7.00397e-05
0.008611
8.14082e-05
0.00860158
9.30214e-05
0.00859124
0.00010487
0.00857997
0.000116944
0.00856774
0.000129231
0.00855455
0.000141718
0.00854039
0.00015439
0.00852526
0.000167232
0.00850914
0.000180224
0.00849204
0.000193346
0.00847395
0.000206578
0.00845488
0.000219894
0.00843481
0.000233268
0.00841376
0.000246672
0.00839172
0.000260074
0.00836872
0.000273442
0.00834476
0.000286739
0.00831985
0.000299928
0.008294
0.000312966
0.00826725
0.000325812
0.00823961
0.000338417
0.00821111
0.000350735
0.00818178
0.000362715
0.00815166
0.000374302
0.000385441
0.00843344
-0.000117167
0.00844036
-0.000111459
0.00844675
-0.000105479
0.0084526
-9.92003e-05
0.00845788
-9.26168e-05
0.00846258
-8.57282e-05
0.00846667
-7.85338e-05
0.00847013
-7.10319e-05
0.00847295
-6.32215e-05
0.00847511
-5.5102e-05
0.00847658
-4.6673e-05
0.00847735
-3.79346e-05
0.0084774
-2.88872e-05
0.00847671
-1.95317e-05
0.00847527
-9.86948e-06
0.00847305
9.75783e-08
0.00847004
1.03671e-05
0.00846622
2.09361e-05
0.00846158
3.18009e-05
0.0084561
4.29573e-05
0.00844977
5.44001e-05
0.00844257
6.61234e-05
0.00843449
7.81203e-05
0.00842552
9.03831e-05
0.00841564
0.000102903
0.00840484
0.000115669
0.00839311
0.000128671
0.00838045
0.000141896
0.00836683
0.000155329
0.00835227
0.000168954
0.00833675
0.000182754
0.00832026
0.000196708
0.00830281
0.000210797
0.0082844
0.000224995
0.00826501
0.000239277
0.00824467
0.000253615
0.00822336
0.000267978
0.0082011
0.000282332
0.0081779
0.000296643
0.00815377
0.000310871
0.00812872
0.000324975
0.00810278
0.000338912
0.00807596
0.000352635
0.00804828
0.000366094
0.00801978
0.000379238
0.00799048
0.000392011
0.00796042
0.000404358
0.000416218
0.00826265
-0.000124262
0.00826922
-0.00011803
0.00827524
-0.000111506
0.00828071
-0.000104665
0.00828559
-9.74984e-05
0.00828987
-9.00078e-05
0.00829353
-8.21925e-05
0.00829655
-7.4051e-05
0.00829891
-6.55825e-05
0.00830059
-5.67867e-05
0.00830158
-4.76635e-05
0.00830186
-3.82133e-05
0.00830141
-2.84369e-05
0.00830022
-1.83356e-05
0.00829826
-7.91109e-06
0.00829552
2.83434e-06
0.00829199
1.38978e-05
0.00828765
2.52759e-05
0.00828249
3.69645e-05
0.00827648
4.89585e-05
0.00826963
6.12525e-05
0.00826192
7.38398e-05
0.00825332
8.67128e-05
0.00824384
9.9863e-05
0.00823347
0.000113281
0.00822218
0.000126955
0.00820998
0.000140873
0.00819685
0.000155021
0.0081828
0.000169385
0.0081678
0.000183946
0.00815187
0.000198686
0.008135
0.000213584
0.00811718
0.000228616
0.00809842
0.000243758
0.00807871
0.000258981
0.00805807
0.000274256
0.0080365
0.00028955
0.008014
0.000304828
0.00799059
0.000320051
0.00796629
0.000335178
0.00794109
0.000350166
0.00791504
0.000364967
0.00788814
0.000379533
0.00786042
0.00039381
0.00783192
0.000407744
0.00780266
0.000421275
0.00777267
0.000434343
0.000446885
0.00809601
-0.000131
0.00810221
-0.000124224
0.00810784
-0.000117138
0.00811289
-0.000109715
0.00811734
-0.000101949
0.00812117
-9.38398e-05
0.00812437
-8.53882e-05
0.00812691
-7.65928e-05
0.00812878
-6.7453e-05
0.00812996
-5.79689e-05
0.00813044
-4.81406e-05
0.0081302
-3.7969e-05
0.00812921
-2.74553e-05
0.00812748
-1.6601e-05
0.00812498
-5.40845e-06
0.00812169
6.11974e-06
0.00811761
1.79802e-05
0.00811272
3.01689e-05
0.008107
4.26811e-05
0.00810045
5.55115e-05
0.00809305
6.86535e-05
0.00808478
8.21001e-05
0.00807565
9.58429e-05
0.00806565
0.000109872
0.00805475
0.000124178
0.00804295
0.000138749
0.00803026
0.00015357
0.00801665
0.000168628
0.00800213
0.000183906
0.00798669
0.000199385
0.00797033
0.000215045
0.00795305
0.000230864
0.00793485
0.000246817
0.00791573
0.000262878
0.00789569
0.000279016
0.00787475
0.000295201
0.0078529
0.000311397
0.00783016
0.000327567
0.00780654
0.00034367
0.00778206
0.000359664
0.00775672
0.0003755
0.00773056
0.000391131
0.00770359
0.000406503
0.00767584
0.000421561
0.00764734
0.000436246
0.00761811
0.000450496
0.00758821
0.000464248
0.000477432
0.00793324
-0.000137349
0.00793903
-0.000130009
0.00794423
-0.000122341
0.00794883
-0.000114318
0.00795282
-0.000105934
0.00795617
-9.71902e-05
0.00795887
-8.8087e-05
0.0079609
-7.86236e-05
0.00796224
-6.87996e-05
0.00796289
-5.86153e-05
0.00796282
-4.80716e-05
0.00796202
-3.71694e-05
0.00796048
-2.59104e-05
0.00795817
-1.42967e-05
0.00795509
-2.33093e-06
0.00795123
9.98367e-06
0.00794657
2.26432e-05
0.00794109
3.56432e-05
0.0079348
4.89783e-05
0.00792766
6.26423e-05
0.00791969
7.66283e-05
0.00791086
9.09283e-05
0.00790117
0.000105533
0.00789061
0.000120433
0.00787917
0.000135616
0.00786685
0.00015107
0.00785364
0.000166781
0.00783954
0.000182731
0.00782454
0.000198905
0.00780864
0.000215282
0.00779184
0.000231841
0.00777415
0.000248558
0.00775556
0.000265408
0.00773608
0.000282361
0.00771571
0.000299386
0.00769446
0.000316451
0.00767234
0.000333518
0.00764935
0.000350548
0.00762553
0.000367498
0.00760087
0.000384322
0.0075754
0.000400972
0.00754913
0.000417394
0.0075221
0.000433535
0.00749433
0.000449335
0.00746584
0.000464732
0.00743668
0.000479661
0.00740687
0.000494054
0.00050784
0.00777403
-0.000143272
0.00777937
-0.000135348
0.0077841
-0.000127078
0.00778822
-0.000118436
0.00779171
-0.000109417
0.00779454
-0.000100023
0.00779671
-9.02533e-05
0.00779819
-8.0108e-05
0.00779898
-6.95873e-05
0.00779905
-5.86919e-05
0.00779841
-4.74228e-05
0.00779702
-3.57816e-05
0.00779488
-2.37704e-05
0.00779197
-1.13917e-05
0.00778829
1.35132e-06
0.00778382
1.44549e-05
0.00777855
2.79146e-05
0.00777247
4.17253e-05
0.00776556
5.58809e-05
0.00775783
7.03748e-05
0.00774926
8.51992e-05
0.00773984
0.000100345
0.00772957
0.000115804
0.00771844
0.000131563
0.00770645
0.000147611
0.00769358
0.000163934
0.00767985
0.000180517
0.00766524
0.000197342
0.00764975
0.000214392
0.00763339
0.000231646
0.00761615
0.00024908
0.00759804
0.00026667
0.00757905
0.000284389
0.00755921
0.000302206
0.00753851
0.000320089
0.00751696
0.000338002
0.00749457
0.000355907
0.00747135
0.000373762
0.00744733
0.000391523
0.00742251
0.000409141
0.00739692
0.000426565
0.00737057
0.000443741
0.00734349
0.000460611
0.00731572
0.000477112
0.00728727
0.000493179
0.00725819
0.000508746
0.0072285
0.000523739
0.000538084
0.00761808
-0.00014873
0.00762294
-0.000140201
0.00762717
-0.000131311
0.00763076
-0.000122032
0.00763371
-0.000112361
0.00763598
-0.0001023
0.00763758
-9.18494e-05
0.00763848
-8.10095e-05
0.00763867
-6.97806e-05
0.00763815
-5.81639e-05
0.00763688
-4.61608e-05
0.00763488
-3.37734e-05
0.00763211
-2.10042e-05
0.00762857
-7.85618e-06
0.00762426
5.66686e-06
0.00761915
1.95606e-05
0.00761325
3.382e-05
0.00760653
4.84393e-05
0.007599
6.34118e-05
0.00759065
7.873e-05
0.00758146
9.43855e-05
0.00757144
0.000110369
0.00756057
0.000126669
0.00754886
0.000143275
0.0075363
0.000160173
0.00752288
0.000177349
0.00750861
0.000194786
0.00749349
0.000212467
0.00747751
0.000230371
0.00746068
0.000248477
0.007443
0.000266761
0.00742447
0.000285197
0.0074051
0.000303756
0.0073849
0.000322406
0.00736388
0.000341114
0.00734204
0.000359842
0.00731939
0.000378549
0.00729596
0.000397194
0.00727176
0.000415727
0.0072468
0.000434101
0.0072211
0.000452261
0.00719469
0.000470149
0.0071676
0.000487705
0.00713984
0.000504865
0.00711146
0.000521561
0.00708249
0.000537721
0.00705296
0.000553271
0.000568132
0.00746511
-0.000153678
0.00746944
-0.000144526
0.00747312
-0.000134996
0.00747616
-0.000125062
0.00747852
-0.000114723
0.0074802
-0.000103981
0.00748119
-9.28372e-05
0.00748147
-8.1291e-05
0.00748103
-6.93438e-05
0.00747987
-5.6997e-05
0.00747796
-4.42527e-05
0.0074753
-3.11133e-05
0.00747187
-1.75818e-05
0.00746768
-3.66182e-06
0.0074627
1.06423e-05
0.00745694
2.53257e-05
0.00745038
4.03826e-05
0.00744301
5.58066e-05
0.00743483
7.15903e-05
0.00742584
8.77255e-05
0.00741602
0.000104203
0.00740537
0.000121012
0.0073939
0.000138142
0.0073816
0.00015558
0.00736846
0.000173312
0.00735449
0.000191322
0.00733968
0.000209592
0.00732404
0.000228105
0.00730757
0.00024684
0.00729028
0.000265773
0.00727216
0.000284879
0.00725323
0.000304131
0.00723348
0.000323498
0.00721294
0.000342949
0.00719161
0.000362447
0.0071695
0.000381953
0.00714662
0.000401427
0.00712299
0.000420821
0.00709863
0.000440089
0.00707356
0.000459177
0.00704779
0.00047803
0.00702135
0.000496588
0.00699427
0.000514788
0.00696657
0.000532563
0.00693829
0.000549842
0.00690946
0.000566552
0.00688011
0.000582613
0.000597945
0.00731484
-0.000158071
0.00731859
-0.000148277
0.00732169
-0.000138089
0.00732411
-0.000127485
0.00732585
-0.000116464
0.0073269
-0.000105028
0.00732724
-9.31783e-05
0.00732686
-8.09158e-05
0.00732576
-6.82417e-05
0.00732392
-5.51579e-05
0.00732134
-4.16669e-05
0.00731799
-2.77715e-05
0.00731389
-1.34753e-05
0.00730901
1.2174e-06
0.00730335
1.63018e-05
0.0072969
3.17723e-05
0.00728966
4.76226e-05
0.00728162
6.38453e-05
0.00727278
8.04325e-05
0.00726313
9.7375e-05
0.00725267
0.000114663
0.0072414
0.000132285
0.00722931
0.000150229
0.00721641
0.000168482
0.00720269
0.000187028
0.00718817
0.000205851
0.00717283
0.000224932
0.00715668
0.000244253
0.00713973
0.000263791
0.00712198
0.000283522
0.00710344
0.00030342
0.00708411
0.000323456
0.00706401
0.000343598
0.00704315
0.000363814
0.00702153
0.000384066
0.00699917
0.000404313
0.00697608
0.000424512
0.00695229
0.000444616
0.0069278
0.000464576
0.00690264
0.000484335
0.00687683
0.000503838
0.0068504
0.000523022
0.00682337
0.000541821
0.00679576
0.000560166
0.00676762
0.000577983
0.00673898
0.000595196
0.00670987
0.000611724
0.000627481
0.00716699
-0.000161861
0.00717012
-0.000151408
0.00717258
-0.000140546
0.00717435
-0.000129257
0.00717543
-0.00011754
0.0071758
-0.000105399
0.00717545
-9.2835e-05
0.00717439
-7.98482e-05
0.00717259
-6.64408e-05
0.00717004
-5.26151e-05
0.00716675
-3.83739e-05
0.0071627
-2.37207e-05
0.00715788
-8.6596e-06
0.0071523
6.80456e-06
0.00714593
2.26663e-05
0.00713878
3.89192e-05
0.00713085
5.55563e-05
0.00712213
7.25696e-05
0.00711261
8.99501e-05
0.0071023
0.000107688
0.00709119
0.000125773
0.00707928
0.000144192
0.00706658
0.000162932
0.00705308
0.00018198
0.00703879
0.000201319
0.00702371
0.000220931
0.00700784
0.000240798
0.00699119
0.000260899
0.00697378
0.000281211
0.00695559
0.000301709
0.00693664
0.000322365
0.00691695
0.000343151
0.00689651
0.000364033
0.00687535
0.000384976
0.00685348
0.000405942
0.0068309
0.000426889
0.00680764
0.000447773
0.00678371
0.000468544
0.00675913
0.000489152
0.00673393
0.000509539
0.00670812
0.000529646
0.00668174
0.000549409
0.00665479
0.000568761
0.00662733
0.000587629
0.00659938
0.000605938
0.00657096
0.000623608
0.00654213
0.000640555
0.000656692
0.00702128
-0.000164996
0.00702374
-0.000153871
0.00702552
-0.000142321
0.0070266
-0.000130334
0.00702697
-0.000117912
0.00702663
-0.000105058
0.00702556
-9.17714e-05
0.00702377
-7.80547e-05
0.00702124
-6.39099e-05
0.00701796
-4.93396e-05
0.00701394
-3.43472e-05
0.00700915
-1.89366e-05
0.00700361
-3.11271e-06
0.00699729
1.31192e-05
0.00699021
2.97528e-05
0.00698234
4.67811e-05
0.0069737
6.41962e-05
0.00696428
8.19893e-05
0.00695408
0.000100151
0.0069431
0.00011867
0.00693134
0.000137534
0.0069188
0.000156732
0.00690548
0.000176249
0.0068914
0.000196069
0.00687654
0.000216176
0.00686092
0.000236551
0.00684454
0.000257175
0.00682741
0.000278026
0.00680954
0.00029908
0.00679094
0.000320311
0.00677162
0.000341691
0.00675158
0.000363189
0.00673084
0.000384771
0.00670941
0.000406402
0.00668731
0.000428041
0.00666456
0.000449646
0.00664116
0.00047117
0.00661714
0.000492564
0.00659252
0.000513774
0.00656731
0.000534742
0.00654155
0.000555407
0.00651526
0.000575703
0.00648846
0.000595561
0.00646118
0.000614905
0.00643346
0.000633658
0.00640534
0.000651737
0.00637683
0.000669056
0.000685525
0.00687746
-0.000167429
0.00687921
-0.00015562
0.00688026
-0.000143371
0.0068806
-0.000130677
0.00688023
-0.000117542
0.00687914
-0.000103967
0.00687732
-8.99544e-05
0.00687477
-7.55048e-05
0.00687148
-6.0621e-05
0.00686745
-4.53061e-05
0.00686266
-2.95639e-05
0.00685713
-1.33991e-05
0.00685083
3.18317e-06
0.00684377
2.01766e-05
0.00683595
3.75743e-05
0.00682736
5.53683e-05
0.00681801
7.35499e-05
0.00680789
9.21095e-05
0.006797
0.000111036
0.00678535
0.000130319
0.00677294
0.000149945
0.00675978
0.0001699
0.00674586
0.000190169
0.00673119
0.000210737
0.00671578
0.000231585
0.00669964
0.000252694
0.00668277
0.000274044
0.00666518
0.000295612
0.00664689
0.000317373
0.0066279
0.000339301
0.00660822
0.000361366
0.00658788
0.000383536
0.00656687
0.000405778
0.00654522
0.000428054
0.00652294
0.000450323
0.00650004
0.00047254
0.00647655
0.00049466
0.00645249
0.00051663
0.00642786
0.000538396
0.00640271
0.000559897
0.00637704
0.000581072
0.0063509
0.000601853
0.00632429
0.000622167
0.00629726
0.000641938
0.00626983
0.000661087
0.00624203
0.000679528
0.00621392
0.000697172
0.000713927
0.00673526
-0.000169111
0.00673625
-0.000156609
0.00673653
-0.000143653
0.0067361
-0.000130245
0.00673495
-0.000116393
0.00673308
-0.000102095
0.00673048
-8.73544e-05
0.00672715
-7.21717e-05
0.00672308
-5.65501e-05
0.00671827
-4.04933e-05
0.00671271
-2.40056e-05
0.0067064
-7.09202e-06
0.00669934
1.02413e-05
0.00669153
2.79875e-05
0.00668297
4.61386e-05
0.00667365
6.46861e-05
0.00666358
8.36202e-05
0.00665276
0.00010293
0.00664119
0.000122605
0.00662888
0.000142631
0.00661583
0.000162996
0.00660204
0.000183684
0.00658753
0.00020468
0.0065723
0.000225967
0.00655636
0.000247526
0.00653972
0.000269337
0.00652238
0.000291379
0.00650437
0.000313628
0.00648568
0.000336058
0.00646634
0.000358644
0.00644635
0.000381353
0.00642573
0.000404154
0.0064045
0.000427012
0.00638267
0.000449888
0.00636025
0.00047274
0.00633727
0.000495525
0.00631373
0.000518192
0.00628967
0.00054069
0.00626511
0.000562963
0.00624005
0.00058495
0.00621454
0.000606585
0.00618859
0.000627801
0.00616224
0.000648523
0.0061355
0.000668673
0.00610842
0.000688169
0.00608102
0.000706924
0.00605335
0.000724846
0.000741839
0.00659446
-0.000169997
0.00659465
-0.000156797
0.00659413
-0.000143129
0.00659289
-0.000129005
0.00659093
-0.000114433
0.00658824
-9.94137e-05
0.00658484
-8.39461e-05
0.0065807
-6.80332e-05
0.00657583
-5.16782e-05
0.00657022
-3.4885e-05
0.00656387
-1.76585e-05
0.00655678
-4.61701e-09
0.00654895
1.80699e-05
0.00654038
3.65574e-05
0.00653107
5.54489e-05
0.00652103
7.47348e-05
0.00651024
9.44044e-05
0.00649873
0.000114446
0.00648648
0.000134847
0.00647352
0.000155595
0.00645984
0.000176673
0.00644546
0.000198068
0.00643038
0.000219761
0.00641461
0.000241736
0.00639816
0.000263972
0.00638105
0.00028645
0.00636328
0.000309147
0.00634487
0.000332038
0.00632583
0.000355098
0.00630617
0.000378299
0.00628592
0.000401609
0.00626508
0.000424997
0.00624366
0.000448425
0.0062217
0.000471854
0.00619919
0.000495243
0.00617617
0.000518546
0.00615265
0.000541712
0.00612865
0.000564689
0.0061042
0.00058742
0.0060793
0.000609841
0.006054
0.000631888
0.00602831
0.000653489
0.00600227
0.00067457
0.00597589
0.00069505
0.00594922
0.000714844
0.00592228
0.000733865
0.0058951
0.000752017
0.000769204
0.00645483
-0.000170045
0.00645418
-0.000156146
0.00645281
-0.000141765
0.00645073
-0.000126926
0.00644794
-0.000111638
0.00644442
-9.58992e-05
0.00644019
-7.97099e-05
0.00643523
-6.30728e-05
0.00642954
-4.59914e-05
0.00642313
-2.84701e-05
0.00641598
-1.05146e-05
0.00640811
7.86871e-06
0.00639951
2.6672e-05
0.00639018
4.58866e-05
0.00638012
6.55026e-05
0.00636935
8.55092e-05
0.00635786
0.000105895
0.00634566
0.000126646
0.00633276
0.000147751
0.00631916
0.000169193
0.00630487
0.000190957
0.00628991
0.000213028
0.00627429
0.000235386
0.00625801
0.000258015
0.00624109
0.000280893
0.00622354
0.000303999
0.00620537
0.000327311
0.00618661
0.000350803
0.00616726
0.000374449
0.00614734
0.000398221
0.00612686
0.000422087
0.00610584
0.000446014
0.0060843
0.000469964
0.00606226
0.000493899
0.00603973
0.000517775
0.00601672
0.000541546
0.00599328
0.000565162
0.0059694
0.000588567
0.00594511
0.000611705
0.00592044
0.000634511
0.00589541
0.000656918
0.00587005
0.000678855
0.00584437
0.000700245
0.00581841
0.000721006
0.00579221
0.000741051
0.00576578
0.00076029
0.00573917
0.000778627
0.000795961
0.00631616
-0.000169217
0.00631464
-0.000154624
0.0063124
-0.000139533
0.00630946
-0.000123984
0.00630581
-0.000107985
0.00630144
-9.15348e-05
0.00629637
-7.46318e-05
0.00629057
-5.72794e-05
0.00628406
-3.94816e-05
0.00627684
-2.12434e-05
0.00626889
-2.57104e-06
0.00626023
1.6528e-05
0.00625086
3.60449e-05
0.00624078
5.59698e-05
0.00622999
7.62918e-05
0.0062185
9.69988e-05
0.00620632
0.000118078
0.00619345
0.000139515
0.0061799
0.000161295
0.00616569
0.000183403
0.00615083
0.000205823
0.00613532
0.000228536
0.00611918
0.000251525
0.00610243
0.000274769
0.00608507
0.000298249
0.00606712
0.000321943
0.00604861
0.000345827
0.00602954
0.000369876
0.00600992
0.000394063
0.00598978
0.000418359
0.00596914
0.000442733
0.005948
0.00046715
0.00592639
0.000491574
0.00590433
0.000515963
0.00588183
0.000540276
0.00585891
0.000564465
0.00583559
0.000588478
0.0058119
0.000612262
0.00578785
0.000635755
0.00576346
0.000658895
0.00573877
0.000681613
0.00571379
0.000703836
0.00568855
0.000725486
0.00566307
0.000746479
0.0056374
0.000766728
0.00561155
0.000786138
0.00558556
0.000804614
0.000822052
0.00617827
-0.000167484
0.00617585
-0.000152204
0.00617272
-0.000136411
0.0061689
-0.000120161
0.00616438
-0.000103462
0.00615915
-8.63099e-05
0.00615322
-6.87043e-05
0.00614659
-5.06486e-05
0.00613926
-3.21471e-05
0.00613122
-1.32056e-05
0.00612248
6.16886e-06
0.00611304
2.59675e-05
0.00610291
4.61805e-05
0.00609208
6.67966e-05
0.00608057
8.78034e-05
0.00606838
0.000109187
0.00605552
0.000130935
0.00604201
0.00015303
0.00602785
0.000175457
0.00601305
0.000198199
0.00599764
0.000221239
0.00598161
0.000244558
0.005965
0.000268138
0.00594781
0.000291959
0.00593006
0.000315999
0.00591177
0.000340236
0.00589295
0.000364647
0.00587362
0.000389206
0.0058538
0.000413885
0.0058335
0.000438657
0.00581274
0.000463488
0.00579155
0.000488345
0.00576993
0.000513191
0.00574791
0.000537985
0.0057255
0.000562683
0.00570273
0.000587237
0.00567961
0.000611597
0.00565617
0.000635707
0.00563242
0.000659506
0.00560838
0.000682929
0.00558409
0.000705908
0.00555956
0.000728367
0.00553481
0.000750228
0.00550989
0.000771406
0.0054848
0.000791811
0.00545959
0.000811349
0.00543429
0.000829919
0.000847418
0.00604099
-0.000164822
0.00603765
-0.000148868
0.00603363
-0.000132385
0.00602891
-0.000115446
0.00602351
-9.80601e-05
0.00601742
-8.02205e-05
0.00601064
-6.19265e-05
0.00600318
-4.31819e-05
0.00599502
-2.3992e-05
0.00598618
-4.36312e-06
0.00597665
1.56963e-05
0.00596644
3.61762e-05
0.00595556
5.70653e-05
0.00594401
7.83507e-05
0.00593179
0.000100019
0.00591892
0.000122054
0.00590542
0.000144441
0.00589128
0.000167164
0.00587654
0.000190204
0.00586119
0.000213545
0.00584526
0.000237168
0.00582876
0.000261055
0.00581172
0.000285184
0.00579414
0.000309537
0.00577604
0.000334092
0.00575745
0.000358826
0.00573839
0.000383716
0.00571886
0.000408735
0.00569888
0.000433858
0.00567849
0.000459054
0.00565768
0.000484291
0.00563649
0.000509537
0.00561493
0.000534752
0.00559302
0.000559898
0.00557077
0.000584928
0.00554821
0.000609797
0.00552536
0.000634452
0.00550223
0.000658836
0.00547885
0.000682889
0.00545523
0.000706546
0.0054314
0.000729736
0.00540738
0.000752384
0.0053832
0.000774409
0.00535888
0.000795725
0.00533445
0.000816242
0.00530994
0.000835862
0.00528538
0.000854484
0.000872002
0.00590419
-0.000161216
0.00589993
-0.000144605
0.00589499
-0.000127447
0.00588938
-0.000109836
0.00588311
-9.17806e-05
0.00587615
-7.327e-05
0.00586853
-5.43042e-05
0.00586024
-3.48877e-05
0.00585127
-1.50265e-05
0.00584164
5.27154e-06
0.00583134
2.59968e-05
0.00582038
4.71375e-05
0.00580876
6.86804e-05
0.0057965
9.06111e-05
0.00578361
0.000112914
0.00577009
0.000135572
0.00575596
0.000158568
0.00574124
0.000181884
0.00572594
0.000205503
0.00571008
0.000229404
0.00569368
0.00025357
0.00567676
0.00027798
0.00565933
0.000302615
0.00564141
0.000327454
0.00562302
0.000352476
0.00560419
0.000377657
0.00558493
0.000402975
0.00556527
0.000428404
0.00554521
0.000453917
0.00552477
0.000479485
0.00550399
0.000505077
0.00548287
0.000530657
0.00546143
0.00055619
0.0054397
0.000581634
0.00541768
0.000606945
0.0053954
0.000632076
0.00537288
0.000656974
0.00535013
0.000681582
0.00532718
0.00070584
0.00530405
0.000729681
0.00528075
0.000753034
0.00525731
0.000775823
0.00523375
0.000797965
0.0052101
0.000819375
0.00518639
0.000839959
0.00516263
0.000859619
0.00513886
0.000878252
0.000895751
0.00576777
-0.000156658
0.00576258
-0.000139412
0.00575673
-0.0001216
0.00575023
-0.000103337
0.00574308
-8.4631e-05
0.00573528
-6.54685e-05
0.00572682
-4.58497e-05
0.00571772
-2.578e-05
0.00570796
-5.26682e-06
0.00569755
1.56807e-05
0.00568649
3.70508e-05
0.0056748
5.88298e-05
0.00566248
8.10023e-05
0.00564954
0.000103552
0.00563599
0.00012646
0.00562185
0.00014971
0.00560714
0.000173281
0.00559187
0.000197154
0.00557606
0.000221311
0.00555974
0.000245732
0.00554291
0.000270396
0.00552561
0.000295285
0.00550784
0.000320377
0.00548964
0.000345653
0.00547103
0.000371091
0.00545202
0.000396668
0.00543263
0.000422362
0.00541289
0.000448147
0.00539281
0.000473998
0.00537241
0.000499884
0.00535171
0.000525775
0.00533073
0.000551638
0.00530949
0.000577434
0.005288
0.000603124
0.00526628
0.000628664
0.00524435
0.000654005
0.00522223
0.000679095
0.00519993
0.000703878
0.00517748
0.000728291
0.00515489
0.000752268
0.00513219
0.000775737
0.00510939
0.000798621
0.00508652
0.000820837
0.0050636
0.000842296
0.00504065
0.000862906
0.00501771
0.000882566
0.00499479
0.000901172
0.000918613
0.00563163
-0.000151151
0.00562551
-0.000133295
0.00561876
-0.000114851
0.00561139
-9.59606e-05
0.00560338
-7.66263e-05
0.00559475
-5.6833e-05
0.00558548
-3.65815e-05
0.00557558
-1.5879e-05
0.00556505
5.26587e-06
0.00555388
2.68416e-05
0.0055421
4.88341e-05
0.0055297
7.12271e-05
0.0055167
9.40028e-05
0.00550311
0.000117142
0.00548895
0.000140625
0.00547423
0.000164431
0.00545897
0.00018854
0.00544319
0.000212931
0.00542692
0.000237584
0.00541017
0.000262478
0.00539297
0.000287594
0.00537535
0.000312912
0.00535731
0.000338412
0.00533889
0.000364073
0.00532011
0.000389874
0.00530098
0.000415794
0.00528154
0.000441809
0.00526179
0.000467897
0.00524175
0.00049403
0.00522146
0.00052018
0.00520092
0.000546317
0.00518015
0.000572407
0.00515917
0.000598415
0.00513799
0.000624298
0.00511664
0.000650014
0.00509513
0.000675515
0.00507348
0.000700748
0.0050517
0.000725656
0.00502981
0.000750177
0.00500784
0.000774244
0.00498579
0.000797783
0.00496369
0.000820718
0.00494157
0.000842965
0.00491943
0.000864433
0.00489731
0.000885028
0.00487522
0.00090465
0.0048532
0.000923192
0.000940542
0.00549572
-0.000144704
0.00548869
-0.000126269
0.00548106
-0.00010722
0.00547283
-8.7727e-05
0.00546399
-6.77884e-05
0.00545454
-4.73865e-05
0.00544449
-2.6524e-05
0.00543382
-5.20954e-06
0.00542254
1.65456e-05
0.00541065
3.87271e-05
0.00539817
6.13181e-05
0.00538509
8.42991e-05
0.00537145
0.000107649
0.00535724
0.000131347
0.0053425
0.00015537
0.00532723
0.000179695
0.00531147
0.000204302
0.00529524
0.000229167
0.00527855
0.00025427
0.00526144
0.00027959
0.00524392
0.000305108
0.00522603
0.000330804
0.00520779
0.000356657
0.00518921
0.000382648
0.00517033
0.000408758
0.00515116
0.000434965
0.00513172
0.000461247
0.00511203
0.000487581
0.00509212
0.000513942
0.005072
0.000540301
0.00505169
0.00056663
0.0050312
0.000592895
0.00501055
0.00061906
0.00498977
0.000645086
0.00496885
0.000670928
0.00494783
0.000696539
0.00492671
0.000721867
0.00490551
0.000746853
0.00488425
0.000771436
0.00486295
0.000795547
0.00484162
0.000819114
0.00482028
0.000842058
0.00479895
0.000864295
0.00477765
0.000885733
0.0047564
0.000906277
0.00473523
0.000925825
0.00471415
0.000944268
0.000961495
0.00536001
-0.00013734
0.00535209
-0.000118356
0.00534361
-9.87315e-05
0.00533454
-7.86632e-05
0.0053249
-5.81453e-05
0.00531467
-3.71579e-05
0.00530385
-1.5706e-05
0.00529244
6.19885e-06
0.00528045
2.85423e-05
0.00526787
5.13065e-05
0.00525471
7.44707e-05
0.005241
9.80119e-05
0.00522675
0.000121906
0.00521196
0.000146128
0.00519668
0.000170653
0.00518092
0.000195457
0.0051647
0.000220517
0.00514806
0.00024581
0.00513102
0.000271314
0.0051136
0.000297009
0.00509583
0.000322875
0.00507774
0.000348894
0.00505935
0.000375045
0.00504069
0.000401312
0.00502177
0.000427673
0.00500263
0.000454111
0.00498327
0.000480603
0.00496373
0.000507128
0.00494401
0.000533661
0.00492413
0.000560175
0.00490412
0.000586642
0.00488399
0.000613029
0.00486375
0.000639301
0.00484341
0.000665419
0.004823
0.000691338
0.00480253
0.000717012
0.00478201
0.000742387
0.00476146
0.000767406
0.00474089
0.000792007
0.00472031
0.000816121
0.00469975
0.000839674
0.00467922
0.000862588
0.00465874
0.000884777
0.00463833
0.000906148
0.004618
0.000926606
0.00459778
0.000946046
0.00457769
0.000964359
0.000981432
0.00522449
-0.000129085
0.00521572
-0.000109587
0.00520641
-8.94178e-05
0.00519655
-6.88029e-05
0.00518613
-4.77308e-05
0.00517516
-2.61806e-05
0.00516361
-4.16074e-06
0.0051515
1.83132e-05
0.00513882
4.12228e-05
0.00512558
6.45457e-05
0.00511179
8.82566e-05
0.00509748
0.000112328
0.00508265
0.000136733
0.00506734
0.000161442
0.00505156
0.000186429
0.00503535
0.000211667
0.00501873
0.000237133
0.00500174
0.000262803
0.0049844
0.000288656
0.00496674
0.000314671
0.00494878
0.00034083
0.00493056
0.000367114
0.0049121
0.000393507
0.00489342
0.00041999
0.00487455
0.000446546
0.0048555
0.000473157
0.0048363
0.000499803
0.00481697
0.000526462
0.00479752
0.000553113
0.00477796
0.000579729
0.00475832
0.000606281
0.00473861
0.00063274
0.00471884
0.000659069
0.00469903
0.000685229
0.00467919
0.000711179
0.00465934
0.000736869
0.00463948
0.000762247
0.00461963
0.000787257
0.0045998
0.000811834
0.00458001
0.000835911
0.00456027
0.000859412
0.0045406
0.000882258
0.00452101
0.000904363
0.00450153
0.000925634
0.00448216
0.000945973
0.00446293
0.000965274
0.00444386
0.000983429
0.00100032
0.00508919
-0.000119978
0.00507961
-0.000100001
0.00506951
-7.93182e-05
0.00505889
-5.8185e-05
0.00504774
-3.6583e-05
0.00503605
-1.44916e-05
0.00502382
8.07558e-06
0.00501103
3.10979e-05
0.0049977
5.45515e-05
0.00498384
7.84083e-05
0.00496946
0.000102638
0.00495458
0.000127207
0.00493923
0.000152086
0.00492343
0.000177242
0.00490721
0.000202646
0.00489061
0.000228271
0.00487365
0.000254092
0.00485636
0.000280085
0.00483879
0.000306231
0.00482095
0.000332508
0.00480288
0.000358901
0.0047846
0.000385393
0.00476614
0.000411968
0.00474752
0.000438609
0.00472877
0.000465302
0.0047099
0.000492029
0.00469093
0.000518772
0.00467188
0.000545511
0.00465276
0.000572226
0.0046336
0.00059889
0.00461441
0.000625478
0.00459519
0.000651958
0.00457596
0.000678296
0.00455674
0.000704453
0.00453753
0.000730387
0.00451835
0.000756051
0.0044992
0.000781391
0.00448011
0.00080635
0.00446108
0.000830865
0.00444212
0.000854867
0.00442325
0.000878281
0.00440449
0.000901025
0.00438584
0.000923013
0.00436732
0.000944152
0.00434895
0.000964342
0.00433075
0.000983478
0.00431273
0.00100145
0.00101813
0.00495416
-0.000110063
0.0049438
-8.96429e-05
0.00493296
-6.84773e-05
0.00492163
-4.6853e-05
0.00490979
-2.47435e-05
0.00489743
-2.13076e-06
0.00488454
2.09647e-05
0.00487112
4.45154e-05
0.00485718
6.84907e-05
0.00484273
9.28556e-05
0.0048278
0.000117573
0.0048124
0.000142607
0.00479656
0.00016792
0.00478033
0.000193478
0.00476372
0.000219251
0.00474678
0.000245211
0.00472954
0.000271331
0.00471204
0.000297591
0.0046943
0.000323969
0.00467636
0.00035045
0.00465824
0.000377017
0.00463998
0.000403655
0.0046216
0.000430352
0.00460311
0.000457092
0.00458455
0.000483863
0.00456593
0.00051065
0.00454727
0.000537435
0.00452858
0.0005642
0.00450988
0.000590926
0.00449118
0.000617589
0.0044725
0.000644163
0.00445384
0.000670617
0.00443521
0.000696919
0.00441664
0.000723029
0.00439812
0.000748906
0.00437967
0.000774502
0.00436129
0.000799765
0.00434301
0.000824637
0.00432482
0.000849053
0.00430674
0.000872946
0.00428878
0.000896238
0.00427096
0.000918849
0.00425328
0.000940691
0.00423576
0.000961669
0.00421842
0.000981684
0.00420127
0.00100063
0.00418433
0.00101839
0.00103485
0.00481945
-9.93907e-05
0.00480837
-7.8563e-05
0.00479683
-5.69443e-05
0.00478483
-3.48535e-05
0.00477235
-1.22562e-05
0.00475935
1.08607e-05
0.00474585
3.44673e-05
0.00473184
5.85274e-05
0.00471733
8.30017e-05
0.00470234
0.000107847
0.00468689
0.000133021
0.00467102
0.000158479
0.00465475
0.000184183
0.00463814
0.000210095
0.0046212
0.000236184
0.00460399
0.000262422
0.00458654
0.000288783
0.00456888
0.000315248
0.00455105
0.000341799
0.00453308
0.00036842
0.004515
0.000395099
0.00449683
0.000421823
0.0044786
0.000448581
0.00446033
0.000475362
0.00444204
0.000502154
0.00442375
0.000528944
0.00440546
0.000555717
0.00438721
0.000582457
0.00436899
0.000609145
0.00435082
0.000635758
0.00433271
0.000662271
0.00431467
0.000688656
0.00429671
0.000714878
0.00427884
0.0007409
0.00426107
0.000766681
0.0042434
0.000792172
0.00422584
0.000817321
0.00420841
0.000842071
0.00419111
0.000866356
0.00417394
0.000890107
0.00415693
0.000913248
0.00414009
0.000935697
0.00412341
0.000957365
0.00410692
0.000978157
0.00409064
0.000997972
0.00407456
0.0010167
0.00405872
0.00103423
0.00105045
0.00468514
-8.80191e-05
0.0046734
-6.68167e-05
0.00466122
-4.47716e-05
0.0046486
-2.22354e-05
0.00463551
8.33914e-07
0.00462193
2.44411e-05
0.00460786
4.85437e-05
0.00459329
7.30948e-05
0.00457825
9.80448e-05
0.00456275
0.000123342
0.00454684
0.000148935
0.00453054
0.000174776
0.0045139
0.000200822
0.00449696
0.000227035
0.00447977
0.000253382
0.00446235
0.000279837
0.00444476
0.000306377
0.00442702
0.000332984
0.00440918
0.000359642
0.00439126
0.000386341
0.00437329
0.000413069
0.00435529
0.000439817
0.0043373
0.000466578
0.00431932
0.000493341
0.00430137
0.000520098
0.00428348
0.000546838
0.00426565
0.000573548
0.00424789
0.000600213
0.00423023
0.000626814
0.00421265
0.000653332
0.00419518
0.000679742
0.00417782
0.000706015
0.00416058
0.000732118
0.00414347
0.000758015
0.00412648
0.000783663
0.00410964
0.000809014
0.00409295
0.000834017
0.00407641
0.000858612
0.00406003
0.000882736
0.00404381
0.000906317
0.00402778
0.00092928
0.00401194
0.000951541
0.00399629
0.000973011
0.00398086
0.000993594
0.00396564
0.00101319
0.00395066
0.00103168
0.00393593
0.00104897
0.00106492
0.00455134
-7.60102e-05
0.00453899
-5.44625e-05
0.00452623
-3.20137e-05
0.00451304
-9.04806e-06
0.0044994
1.44824e-05
0.00448527
3.85695e-05
0.00447066
6.31552e-05
0.00445557
8.8179e-05
0.00444004
0.000113579
0.00442408
0.000139295
0.00440775
0.000165266
0.00439109
0.000191442
0.00437413
0.000217777
0.00435693
0.000244232
0.00433954
0.000270776
0.00432199
0.000297384
0.00430433
0.000324036
0.0042866
0.000350719
0.00426882
0.00037742
0.00425103
0.000404132
0.00423325
0.000430846
0.00421551
0.000457558
0.00419783
0.000484262
0.00418022
0.000510952
0.00416269
0.000537621
0.00414527
0.000564259
0.00412796
0.000590857
0.00411078
0.0006174
0.00409372
0.000643871
0.0040768
0.000670252
0.00406002
0.000696518
0.0040434
0.000722641
0.00402693
0.000748589
0.00401062
0.000774326
0.00399447
0.000799808
0.0039785
0.000824988
0.0039627
0.000849815
0.00394708
0.000874227
0.00393166
0.000898162
0.00391643
0.000921548
0.0039014
0.000944308
0.00388658
0.000966358
0.00387198
0.000987609
0.00385761
0.00100796
0.00384349
0.00102732
0.00382961
0.00104556
0.003816
0.00106258
0.00107825
0.00441816
-6.343e-05
0.00440526
-4.15616e-05
0.00439197
-1.87254e-05
0.00437826
4.65992e-06
0.0043641
2.86462e-05
0.00434946
5.32068e-05
0.00433435
7.8264e-05
0.00431879
0.000103741
0.00430281
0.000129564
0.00428644
0.00015566
0.00426974
0.000181964
0.00425276
0.000208421
0.00423556
0.000234985
0.00421817
0.000261618
0.00420065
0.000288291
0.00418305
0.000314984
0.00416541
0.000341681
0.00414775
0.000368372
0.00413013
0.00039505
0.00411255
0.00042171
0.00409504
0.000448349
0.00407764
0.000474966
0.00406034
0.000501557
0.00404317
0.00052812
0.00402614
0.000554649
0.00400927
0.000581138
0.00399254
0.000607578
0.00397599
0.000633956
0.0039596
0.000660257
0.00394339
0.000686462
0.00392736
0.000712548
0.00391152
0.000738487
0.00389586
0.000764247
0.00388039
0.000789792
0.00386512
0.000815078
0.00385005
0.00084006
0.00383518
0.000864683
0.00382052
0.000888888
0.00380607
0.000912611
0.00379184
0.000935779
0.00377784
0.000958314
0.00376406
0.000980133
0.00375053
0.00100114
0.00373724
0.00102125
0.00372421
0.00104035
0.00371144
0.00105833
0.00369895
0.00107507
0.00109045
0.00428571
-5.03473e-05
0.00427232
-2.81755e-05
0.00425856
-4.9611e-06
0.00424438
1.8842e-05
0.00422974
4.32851e-05
0.00421463
6.83161e-05
0.00419906
9.38336e-05
0.00418306
0.000119743
0.00416667
0.000145955
0.00414994
0.000172388
0.00413293
0.000198972
0.0041157
0.00022565
0.00409831
0.000252377
0.00408081
0.000279118
0.00406325
0.00030585
0.00404568
0.000332557
0.00402813
0.000359228
0.00401064
0.000385859
0.00399325
0.000412447
0.00397596
0.000438993
0.00395882
0.000465497
0.00394182
0.000491962
0.00392499
0.000518387
0.00390834
0.000544772
0.00389187
0.000571115
0.0038756
0.00059741
0.00385953
0.00062365
0.00384366
0.000649824
0.003828
0.000675918
0.00381255
0.000701912
0.00379731
0.000727785
0.00378229
0.000753508
0.00376749
0.000779052
0.0037529
0.000804377
0.00373854
0.000829443
0.00372439
0.000854201
0.00371048
0.000878597
0.0036968
0.000902573
0.00368335
0.000926061
0.00367013
0.000948991
0.00365716
0.000971284
0.00364444
0.000992855
0.00363197
0.00101361
0.00361977
0.00103346
0.00360784
0.00105228
0.00359618
0.00106998
0.00358481
0.00108643
0.00110152
0.00415411
-3.68324e-05
0.0041403
-1.43658e-05
0.00412612
9.22759e-06
0.0041115
3.34555e-05
0.00409642
5.83625e-05
0.00408088
8.38635e-05
0.00406488
0.000109829
0.00404848
0.000136144
0.00403173
0.000162706
0.00401469
0.000189425
0.00399744
0.000216228
0.00398003
0.000243059
0.00396253
0.000269876
0.00394499
0.000296652
0.00392748
0.000323369
0.00391002
0.000350016
0.00389266
0.000376591
0.00387542
0.000403093
0.00385834
0.000429528
0.00384144
0.000455898
0.00382472
0.000482211
0.00380821
0.00050847
0.00379192
0.000534679
0.00377585
0.00056084
0.00376002
0.000586953
0.00374441
0.000613014
0.00372904
0.000639017
0.00371392
0.000664952
0.00369903
0.000690805
0.00368438
0.000716558
0.00366998
0.000742189
0.00365582
0.000767671
0.0036419
0.000792971
0.00362822
0.000818054
0.00361479
0.000842875
0.0036016
0.000867388
0.00358866
0.000891537
0.00357597
0.000915264
0.00356353
0.000938501
0.00355134
0.000961177
0.00353942
0.000983211
0.00352775
0.00100452
0.00351636
0.00102501
0.00350524
0.00104458
0.0034944
0.00106312
0.00348385
0.00108053
0.0034736
0.00109669
0.00111147
0.0040235
-2.29565e-05
0.00400933
-1.91758e-07
0.00399476
2.37929e-05
0.00397976
4.84624e-05
0.00396427
7.38463e-05
0.00394832
9.98178e-05
0.00393193
0.000126215
0.00391517
0.000152904
0.00389811
0.000179767
0.00388083
0.000206711
0.00386339
0.000233663
0.00384588
0.000260571
0.00382835
0.000287401
0.00381087
0.000314134
0.00379348
0.000340758
0.00377623
0.000367272
0.00375914
0.00039368
0.00374224
0.000419988
0.00372556
0.000446207
0.00370912
0.000472345
0.00369292
0.000498412
0.00367697
0.000524417
0.00366128
0.000550365
0.00364586
0.00057626
0.00363071
0.000602105
0.00361583
0.000627896
0.00360122
0.000653629
0.00358688
0.000679294
0.0035728
0.000704878
0.003559
0.000730363
0.00354546
0.000755727
0.00353219
0.000780943
0.00351918
0.000805979
0.00350643
0.000830798
0.00349395
0.000855356
0.00348174
0.000879605
0.00346978
0.000903491
0.00345809
0.000926952
0.00344667
0.000949923
0.00343552
0.000972329
0.00342464
0.000994091
0.00341403
0.00101512
0.00340371
0.00103533
0.00339367
0.00105462
0.00338392
0.00107287
0.00337447
0.00108998
0.00336532
0.00110584
0.0011203
0.00389401
-8.78961e-06
0.00387952
1.42909e-05
0.00386462
3.86928e-05
0.00384925
6.38312e-05
0.00383339
8.97096e-05
0.00381706
0.00011615
0.00380032
0.000142957
0.00378325
0.000169975
0.00376593
0.000197081
0.00374846
0.000224178
0.00373093
0.0002512
0.00371339
0.000278104
0.00369593
0.000304864
0.00367859
0.000331471
0.00366143
0.000357925
0.00364446
0.000384233
0.00362774
0.000410406
0.00361127
0.000436458
0.00359507
0.000462403
0.00357916
0.000488256
0.00356355
0.000514029
0.00354823
0.000539735
0.00353321
0.000565381
0.0035185
0.000590974
0.00350409
0.000616517
0.00348998
0.000642007
0.00347616
0.000667441
0.00346265
0.00069281
0.00344942
0.000718101
0.00343649
0.000743296
0.00342385
0.000768372
0.00341149
0.000793303
0.00339941
0.000818056
0.00338761
0.000842594
0.0033761
0.000866872
0.00336486
0.000890843
0.0033539
0.00091445
0.00334322
0.000937633
0.00333282
0.000960324
0.0033227
0.00098245
0.00331286
0.00100393
0.00330331
0.00102467
0.00329405
0.00104459
0.00328508
0.00106359
0.0032764
0.00108154
0.00326803
0.00109835
0.00325997
0.0011139
0.00112805
0.00376574
5.59954e-06
0.003751
2.90317e-05
0.0037358
5.38927e-05
0.0037201
7.95372e-05
0.00370388
0.00010593
0.00368719
0.000132832
0.00367014
0.000160015
0.0036528
0.000187308
0.0036353
0.000214583
0.00361773
0.000241751
0.00360017
0.000268755
0.00358271
0.000295565
0.00356541
0.000322169
0.00354831
0.000348569
0.00353146
0.000374776
0.00351489
0.000400807
0.00349861
0.000426681
0.00348265
0.000452417
0.00346702
0.000478036
0.00345172
0.000503555
0.00343675
0.000528993
0.00342213
0.000554361
0.00340784
0.000579671
0.00339388
0.00060493
0.00338026
0.000630141
0.00336696
0.000655305
0.00335398
0.000680417
0.00334133
0.000705468
0.00332898
0.000730446
0.00331695
0.000755331
0.00330522
0.000780103
0.00329379
0.000804733
0.00328265
0.000829188
0.00327182
0.000853431
0.00326127
0.000877417
0.00325102
0.000901096
0.00324106
0.000924414
0.00323138
0.000947307
0.003222
0.000969709
0.0032129
0.000991544
0.0032041
0.00101273
0.00319559
0.00103318
0.00318738
0.00105281
0.00317946
0.0010715
0.00317185
0.00108915
0.00316455
0.00110566
0.00315756
0.00112089
0.00113472
0.00363883
2.01455e-05
0.00362388
4.39875e-05
0.0036084
6.9367e-05
0.00359238
9.55636e-05
0.00357582
0.000122487
0.00355882
0.000149834
0.00354149
0.000177344
0.00352396
0.00020484
0.00350634
0.000232198
0.00348875
0.000259342
0.00347127
0.000286232
0.00345398
0.000312855
0.00343694
0.000339215
0.00342018
0.000365327
0.00340374
0.000391215
0.00338765
0.000416902
0.00337191
0.000442417
0.00335654
0.000467785
0.00334155
0.000493031
0.00332693
0.000518177
0.00331268
0.000543241
0.0032988
0.000568239
0.00328529
0.000593183
0.00327213
0.000618082
0.00325934
0.00064294
0.00324689
0.000667756
0.00323478
0.000692526
0.003223
0.000717242
0.00321156
0.00074189
0.00320044
0.000766452
0.00318963
0.000790906
0.00317915
0.000815222
0.00316897
0.000839368
0.00315909
0.000863304
0.00314952
0.000886987
0.00314025
0.000910366
0.00313128
0.000933385
0.00312261
0.000955981
0.00311423
0.000978085
0.00310615
0.000999623
0.00309837
0.00102051
0.00309089
0.00104067
0.00308371
0.00105999
0.00307683
0.00107838
0.00307026
0.00109572
0.003064
0.00111192
0.00305806
0.00112683
0.00114035
0.00351339
3.47874e-05
0.00349825
5.91248e-05
0.00348252
8.5101e-05
0.00346618
0.000111901
0.0034493
0.000139365
0.00343202
0.000167122
0.00341447
0.000194891
0.00339681
0.000222498
0.00337917
0.000249836
0.00336166
0.000276851
0.00334437
0.000303526
0.00332736
0.000329868
0.00331067
0.000355897
0.00329436
0.000381645
0.00327843
0.000407144
0.0032629
0.000432428
0.00324779
0.000457532
0.00323308
0.000482487
0.0032188
0.00050732
0.00320492
0.000532057
0.00319144
0.000556717
0.00317836
0.000581319
0.00316567
0.000605875
0.00315336
0.000630393
0.00314142
0.000654879
0.00312984
0.000679331
0.00311862
0.000703746
0.00310775
0.000728113
0.00309722
0.00075242
0.00308702
0.000776648
0.00307716
0.000800773
0.00306761
0.000824766
0.00305839
0.000848593
0.00304948
0.000872216
0.00304088
0.000895588
0.00303258
0.000918659
0.0030246
0.000941372
0.00301691
0.000963664
0.00300953
0.000985465
0.00300245
0.0010067
0.00299568
0.00102729
0.00298921
0.00104714
0.00298304
0.00106615
0.00297718
0.00108424
0.00297163
0.00110128
0.00296638
0.00111716
0.00296146
0.00113176
0.00114496
0.00338951
4.94705e-05
0.00337422
7.44226e-05
0.00335822
0.000101092
0.00334158
0.000128546
0.0033244
0.000156543
0.00330687
0.000184651
0.00328918
0.000212585
0.00327148
0.000240193
0.00325392
0.000267395
0.00323661
0.000294169
0.00321961
0.000320525
0.00320298
0.000346492
0.00318677
0.000372109
0.003171
0.00039742
0.00315567
0.00042247
0.0031408
0.0004473
0.00312638
0.000471949
0.00311242
0.000496452
0.00309889
0.000520841
0.00308581
0.000545141
0.00307315
0.000569375
0.00306091
0.000593561
0.00304907
0.000617711
0.00303763
0.000641834
0.00302658
0.000665934
0.0030159
0.000690011
0.00300559
0.000714059
0.00299563
0.00073807
0.00298602
0.000762027
0.00297676
0.000785913
0.00296783
0.000809702
0.00295923
0.000833366
0.00295095
0.000856869
0.002943
0.000880172
0.00293536
0.000903228
0.00292803
0.000925987
0.00292101
0.000948389
0.0029143
0.000970373
0.0029079
0.000991868
0.0029018
0.0010128
0.00289601
0.00103308
0.00289053
0.00105262
0.00288535
0.00107133
0.00288048
0.00108911
0.00287592
0.00110584
0.00287167
0.00112141
0.00286773
0.0011357
0.00114859
0.00326729
6.41495e-05
0.00325183
8.98757e-05
0.00323558
0.00011735
0.00321862
0.000145497
0.00320117
0.000173993
0.00318346
0.000202362
0.00316571
0.00023034
0.00314808
0.000257817
0.00313072
0.000284757
0.00311372
0.000311173
0.00309714
0.000337107
0.00308102
0.000362611
0.00306538
0.000387742
0.00305025
0.000412556
0.00303561
0.000437105
0.00302148
0.000461438
0.00300783
0.000485596
0.00299466
0.00050962
0.00298196
0.00296972
0.00295792
0.00294655
0.0029356
0.00292505
0.0029149
0.00290512
0.00289572
0.00288669
0.00287801
0.00286967
0.00286167
0.00285401
0.00284668
0.00283966
0.00283297
0.00282659
0.00282053
0.00281478
0.00280933
0.00280419
0.00279936
0.00279484
0.00279062
0.00278672
0.00278312
0.00277982
0.00277684
0.00314678
0.00313116
0.00311461
0.00309735
0.00307968
0.00306187
0.00304416
0.00302674
0.00300971
0.00299315
0.00297711
0.00296161
0.00294666
0.00293226
0.0029184
0.00290507
0.00289225
)
;

boundaryField
{
    inlet
    {
        type            calculated;
        value           nonuniform 0();
    }
    outlet
    {
        type            calculated;
        value           nonuniform 0();
    }
    cylinder
    {
        type            calculated;
        value           nonuniform 0();
    }
    top
    {
        type            symmetryPlane;
        value           nonuniform 0();
    }
    bottom
    {
        type            symmetryPlane;
        value           uniform 0;
    }
    defaultFaces
    {
        type            empty;
        value           nonuniform 0();
    }
    procBoundary2to1
    {
        type            processor;
        value           nonuniform List<scalar> 
42
(
-0.0106804
7.93011e-05
-0.0103586
-0.010125
-0.00989963
-0.00968202
-0.00947168
-0.00926814
-0.009071
-0.00887987
-0.00869438
-0.0085142
-0.00833903
-0.00816857
-0.00800254
-0.00784066
-0.00768268
-0.00752834
-0.00737739
-0.00722959
-0.00708471
-0.0069425
-0.00680273
-0.00666518
-0.00652963
-0.00639586
-0.00626367
-0.00613287
-0.00600328
-0.00587474
-0.00574709
-0.00562021
-0.00549399
-0.00536834
-0.00524319
-0.00511849
-0.00499423
-0.00487039
-0.00474698
-0.00462405
-0.00450163
-0.00437979
)
;
    }
    procBoundary2to3
    {
        type            processor;
        value           nonuniform List<scalar> 
50
(
0.0105139
0.0102701
0.0100322
0.0098001
0.00957346
0.00935208
0.0091357
0.00892409
0.00871702
0.00851425
0.00831558
0.00812077
0.00792965
0.007742
0.00755766
0.00737646
0.00719826
0.00702291
0.0068503
0.00668033
0.00651292
0.006348
0.00618552
0.00602544
0.00586774
0.00571242
0.00555947
0.00540892
0.00526079
0.00511511
0.00497193
0.00483127
0.0046932
0.00455775
0.00442497
0.00429491
0.00416762
0.00404312
0.00392146
0.00380266
0.00368675
0.00357374
0.00346365
0.00335648
0.00325223
0.00315088
0.00305243
0.00295684
0.0028641
0.00277417
)
;
    }
    procBoundary2to5
    {
        type            processor;
        value           nonuniform List<scalar> 
12
(
-0.0042586
-0.00413814
-0.0040185
-0.00389978
-0.00378206
-0.00366546
-0.00355006
-0.00343595
-0.00332322
-0.00321195
-0.00310221
-0.00299406
)
;
    }
    procBoundary2to6
    {
        type            processor;
        value           nonuniform List<scalar> 
55
(
-0.00212173
-0.00208961
0.00306045
-0.00209755
0.00297963
-0.00206434
0.00053354
0.000557384
0.000581175
0.000604931
0.000628663
0.000652382
0.000676088
0.000699783
0.000723459
0.000747106
0.000770709
0.000794248
0.000817698
0.000841029
0.000864204
0.000887184
0.000909921
0.000932364
0.000954454
0.000976127
0.000997313
0.00101793
0.00103791
0.00105714
0.00107555
0.00109302
0.00110944
0.0011247
0.00113868
0.00115126
7.87916e-05
0.000105499
0.000133897
0.000162753
0.000191671
0.00022017
0.000248043
0.000275242
0.000301786
0.00032773
0.000353147
0.000378111
0.000402693
0.000426958
0.000450967
0.00047477
0.000498413
0.00287993
0.000521936
)
;
    }
}


// ************************************************************************* //
