/*--------------------------------*- C++ -*----------------------------------*\
  =========                 |
  \\      /  F ield         | OpenFOAM: The Open Source CFD Toolbox
   \\    /   O peration     | Website:  https://openfoam.org
    \\  /    A nd           | Version:  7
     \\/     M anipulation  |
\*---------------------------------------------------------------------------*/
FoamFile
{
    version     2.0;
    format      ascii;
    class       volVectorField;
    location    "10";
    object      U;
}
// * * * * * * * * * * * * * * * * * * * * * * * * * * * * * * * * * * * * * //

dimensions      [0 1 -1 0 0 0 0];

internalField   nonuniform List<vector> 
2625
(
(-0.00177851 0.000225964 -6.39343e-21)
(0.0131596 0.0035623 -1.5246e-20)
(0.0832651 0.00725651 4.14643e-21)
(0.0131596 -0.00356247 1.5246e-20)
(0.0832651 -0.0072569 -4.14643e-21)
(0.191455 -0.00888752 1.64457e-21)
(0.296816 -0.00928234 7.81069e-21)
(0.402247 -0.00890004 1.82662e-21)
(0.0134286 -0.0106797 -1.57132e-20)
(0.0837844 -0.0217567 2.36014e-20)
(0.192059 -0.0266473 8.254e-21)
(0.297424 -0.0278328 -5.55688e-21)
(0.402812 -0.0266879 1.46654e-20)
(0.0139657 -0.0177744 -5.59518e-21)
(0.0848219 -0.0362157 -1.31863e-20)
(0.193264 -0.044363 1.51745e-20)
(0.298641 -0.0463421 -2.02225e-20)
(0.403942 -0.0444407 -3.82968e-20)
(0.0147695 -0.0248315 6.07929e-20)
(0.0863748 -0.0506069 1.57527e-20)
(0.195069 -0.0620051 -7.96234e-20)
(0.300462 -0.0647831 2.47153e-20)
(0.405635 -0.0621353 6.27356e-20)
(0.0158377 -0.0318362 -8.39557e-20)
(0.0884394 -0.0649033 4.15306e-20)
(0.19747 -0.0795445 1.04198e-19)
(0.302885 -0.0831286 -7.47864e-20)
(0.407887 -0.0797484 -4.69152e-20)
(0.0171673 -0.0387736 -4.70071e-20)
(0.0910105 -0.0790782 -5.36551e-20)
(0.20046 -0.0969521 -1.17777e-19)
(0.305906 -0.101351 1.38206e-19)
(0.410695 -0.097257 1.31744e-19)
(0.0187547 -0.0456293 1.37499e-19)
(0.0940818 -0.0931051 2.94962e-20)
(0.204035 -0.114199 9.43192e-21)
(0.309517 -0.119425 -8.29748e-20)
(0.414054 -0.114638 -1.61978e-19)
(0.50425 -0.105122 -1.41694e-19)
(0.0205953 -0.0523888 -2.5243e-20)
(0.0976455 -0.106958 -6.02144e-20)
(0.208184 -0.131258 1.30368e-19)
(0.313712 -0.137323 5.64443e-21)
(0.417958 -0.131869 4.1516e-20)
(0.507759 -0.12096 1.29007e-19)
(0.022684 -0.0590381 -7.78969e-20)
(0.101693 -0.120611 5.48526e-20)
(0.212901 -0.148099 6.3596e-20)
(0.318483 -0.155018 4.47076e-20)
(0.422401 -0.148928 2.66412e-21)
(0.511754 -0.136655 -5.52454e-20)
(0.0250149 -0.0655634 -4.54693e-20)
(0.106214 -0.134039 -1.56154e-19)
(0.218173 -0.164696 -2.36469e-19)
(0.323821 -0.172485 -1.41993e-19)
(0.427375 -0.165791 -5.88291e-21)
(0.51623 -0.15219 -4.12705e-20)
(0.0275816 -0.0719512 8.1071e-20)
(0.111197 -0.147218 1.73033e-19)
(0.22399 -0.181021 4.78627e-20)
(0.329715 -0.189699 1.89497e-19)
(0.432872 -0.182438 -4.71686e-20)
(0.52118 -0.167545 1.02343e-19)
(0.0303768 -0.0781884 1.95519e-19)
(0.11663 -0.160123 6.11762e-20)
(0.230339 -0.197047 -6.76832e-20)
(0.336154 -0.206634 -1.36341e-19)
(0.438883 -0.198846 1.22681e-19)
(0.526595 -0.182702 -1.60331e-19)
(0.0333927 -0.0842623 -1.79683e-19)
(0.1225 -0.17273 -1.00609e-19)
(0.237205 -0.212749 1.65926e-19)
(0.343125 -0.223265 7.52846e-20)
(0.445396 -0.214994 -9.33547e-20)
(0.532469 -0.197645 9.35575e-20)
(0.036621 -0.0901607 1.57227e-19)
(0.128791 -0.185017 -1.65423e-19)
(0.244573 -0.228102 -4.83508e-20)
(0.350615 -0.239569 -5.87395e-20)
(0.452401 -0.230862 -2.07366e-19)
(0.538792 -0.212355 9.58183e-20)
(0.0400524 -0.0958718 -9.5608e-20)
(0.135489 -0.196962 1.22617e-19)
(0.252427 -0.24308 -1.60704e-20)
(0.358608 -0.255522 2.52613e-19)
(0.459886 -0.246428 1.94527e-19)
(0.545554 -0.226816 -2.1264e-19)
(0.0436776 -0.101384 -1.0781e-19)
(0.142576 -0.208543 -4.55721e-20)
(0.260749 -0.257659 4.54513e-20)
(0.36709 -0.2711 -3.01411e-19)
(0.467838 -0.261673 1.65641e-19)
(0.552747 -0.24101 1.57053e-19)
(0.0474862 -0.106687 1.80648e-19)
(0.150035 -0.219741 7.46563e-20)
(0.269522 -0.271817 -1.6449e-19)
(0.376043 -0.286283 4.03404e-20)
(0.476243 -0.276577 -1.60082e-19)
(0.560357 -0.254922 -2.19606e-19)
(0.0514678 -0.111771 7.5141e-20)
(0.157847 -0.230534 5.18679e-20)
(0.278724 -0.285531 2.03881e-19)
(0.38545 -0.301047 2.71752e-20)
(0.485087 -0.29112 -1.16657e-19)
(0.568375 -0.268534 1.78161e-19)
(0.0556112 -0.116625 -3.83391e-19)
(0.165992 -0.240906 1.0145e-19)
(0.288337 -0.29878 -2.5601e-19)
(0.395292 -0.315372 1.20329e-20)
(0.494355 -0.305285 1.34429e-19)
(0.576788 -0.281831 -3.88705e-21)
(0.0599048 -0.121241 2.34029e-19)
(0.174451 -0.250837 -3.07674e-19)
(0.298337 -0.311542 3.05927e-19)
(0.40555 -0.329238 -2.55062e-22)
(0.50403 -0.319054 2.84999e-20)
(0.585583 -0.294798 1.17967e-19)
(0.0643366 -0.125611 8.86613e-20)
(0.183203 -0.260312 3.53185e-19)
(0.308704 -0.323799 -2.68083e-19)
(0.416203 -0.342625 -1.98828e-19)
(0.514095 -0.332408 -1.68645e-19)
(0.594746 -0.307421 -1.61681e-19)
(0.0688944 -0.129726 -2.31694e-19)
(0.192224 -0.269315 -2.59256e-19)
(0.319413 -0.335532 1.09897e-19)
(0.427231 -0.355514 2.36428e-19)
(0.524533 -0.345331 1.75492e-19)
(0.604264 -0.319684 9.83997e-20)
(0.0735655 -0.13358 2.56695e-19)
(0.201494 -0.277831 1.95883e-19)
(0.330441 -0.346724 2.655e-19)
(0.438611 -0.367889 -3.22013e-20)
(0.535326 -0.357807 -9.2163e-20)
(0.614122 -0.331573 -5.36135e-20)
(0.0783368 -0.137166 -1.15193e-19)
(0.210988 -0.285847 1.08413e-20)
(0.341762 -0.357357 -8.72978e-20)
(0.45032 -0.379732 6.3498e-20)
(0.546454 -0.36982 -4.074e-20)
(0.624304 -0.343076 -2.08952e-19)
(0.690454 -0.308191 4.09681e-19)
(0.0831951 -0.140479 -1.63777e-19)
(0.220682 -0.29335 -3.46525e-19)
(0.353352 -0.367417 -2.04087e-19)
(0.462335 -0.391027 7.81062e-22)
(0.557898 -0.381356 1.54118e-19)
(0.634796 -0.354179 9.09e-20)
(0.69979 -0.318459 -2.39711e-19)
(0.088127 -0.143513 -1.34694e-19)
(0.230554 -0.30033 1.37359e-19)
(0.365184 -0.37689 1.19658e-19)
(0.474632 -0.401759 -1.10731e-19)
(0.569638 -0.3924 -1.97751e-19)
(0.64558 -0.364869 -5.25978e-20)
(0.709402 -0.32839 -8.97034e-20)
(0.0931187 -0.146265 1.53649e-19)
(0.240577 -0.306776 1.61374e-19)
(0.37723 -0.385762 -9.06898e-20)
(0.487186 -0.411914 -1.0284e-19)
(0.581652 -0.402939 6.87877e-20)
(0.656639 -0.375135 1.91304e-19)
(0.719278 -0.337973 2.07762e-20)
(0.0981565 -0.148731 3.64097e-19)
(0.250727 -0.312681 -1.97258e-19)
(0.389464 -0.394022 1.46258e-19)
(0.499971 -0.421479 2.98368e-19)
(0.593919 -0.41296 1.05304e-19)
(0.667957 -0.384966 -4.60342e-20)
(0.729403 -0.3472 1.06151e-20)
(0.103227 -0.150908 -1.37016e-19)
(0.260978 -0.318036 4.34152e-20)
(0.401858 -0.401658 -2.92489e-20)
(0.512961 -0.430442 -2.45965e-19)
(0.606418 -0.422451 -7.75855e-20)
(0.679516 -0.39435 3.11172e-19)
(0.739764 -0.35606 -1.7542e-19)
(0.108315 -0.152795 -4.36485e-21)
(0.271304 -0.322835 -7.77483e-20)
(0.414384 -0.408663 -1.64226e-19)
(0.52613 -0.438792 8.75545e-20)
(0.619125 -0.431401 2.97506e-19)
(0.691296 -0.403277 -1.6229e-19)
(0.750346 -0.364546 3.6244e-19)
(0.113407 -0.15439 -2.17561e-19)
(0.28168 -0.327074 2.73857e-20)
(0.427012 -0.415027 1.13805e-19)
(0.539451 -0.44652 1.51311e-19)
(0.632017 -0.4398 -1.48996e-19)
(0.70328 -0.411738 1.49394e-19)
(0.761134 -0.372648 -1.54411e-19)
(0.11849 -0.155692 1.71846e-19)
(0.29208 -0.33075 8.49936e-20)
(0.439714 -0.420744 7.81981e-20)
(0.552895 -0.453615 -2.90669e-19)
(0.645071 -0.447638 -1.66333e-19)
(0.715447 -0.419724 -2.05222e-19)
(0.772114 -0.380359 -9.48518e-20)
(0.123548 -0.156703 1.38748e-19)
(0.302477 -0.333859 -3.57389e-20)
(0.452461 -0.425809 -2.28159e-20)
(0.566436 -0.460072 1.00524e-19)
(0.658262 -0.454907 1.05144e-19)
(0.727779 -0.427226 5.11339e-20)
(0.783269 -0.387671 -1.22182e-19)
(0.826528 -0.344779 -1.24177e-19)
(0.12857 -0.157422 -1.02513e-20)
(0.312845 -0.336401 9.07421e-22)
(0.465223 -0.430217 -1.27032e-19)
(0.580045 -0.465882 1.66239e-19)
(0.671567 -0.461599 -1.06553e-19)
(0.740255 -0.434236 -1.38211e-19)
(0.794584 -0.394577 8.55649e-20)
(0.836628 -0.351281 -3.59746e-20)
(0.13354 -0.157853 -3.5399e-19)
(0.323158 -0.338376 8.57652e-20)
(0.477971 -0.433966 1.90658e-19)
(0.593694 -0.471041 -1.67204e-19)
(0.68496 -0.467706 8.34819e-20)
(0.752855 -0.440747 2.96855e-20)
(0.806042 -0.40107 -2.14163e-20)
(0.846878 -0.357444 -1.63328e-20)
(0.138445 -0.157996 2.66808e-19)
(0.33339 -0.339786 -2.63261e-20)
(0.490674 -0.437054 -1.13423e-19)
(0.607353 -0.475544 1.04355e-19)
(0.698416 -0.473224 9.55435e-20)
(0.765557 -0.446754 1.53326e-19)
(0.817628 -0.407145 7.5922e-20)
(0.857265 -0.363264 1.88334e-19)
(0.143272 -0.157857 -2.1175e-19)
(0.343516 -0.340633 -4.76723e-20)
(0.503304 -0.439481 -8.93852e-20)
(0.620994 -0.479389 -8.11913e-20)
(0.711911 -0.478147 -2.55741e-19)
(0.778342 -0.452249 -1.26305e-19)
(0.829323 -0.412796 2.5879e-20)
(0.867776 -0.368735 -7.27981e-20)
(0.148009 -0.157437 2.38896e-19)
(0.35351 -0.340923 -4.99812e-21)
(0.51583 -0.441248 1.06233e-19)
(0.634588 -0.482573 -8.11524e-21)
(0.725417 -0.48247 2.95985e-19)
(0.791186 -0.457228 -1.48292e-20)
(0.841112 -0.418018 -2.14174e-20)
(0.878398 -0.373852 1.77384e-20)
(0.152641 -0.156743 -1.79616e-19)
(0.363346 -0.34066 9.00219e-20)
(0.528224 -0.442357 -1.03214e-20)
(0.648105 -0.485095 1.0834e-19)
(0.738909 -0.48619 -3.15966e-19)
(0.804069 -0.461686 -1.15498e-19)
(0.852976 -0.422805 2.03104e-19)
(0.889117 -0.378613 5.06052e-20)
(0.917433 -0.334198 9.04321e-21)
(0.157157 -0.15578 -3.68482e-20)
(0.373001 -0.339851 -1.30928e-19)
(0.540456 -0.442814 4.28775e-20)
(0.661517 -0.486956 -5.11091e-20)
(0.752361 -0.489306 1.17157e-19)
(0.816968 -0.46562 5.07004e-20)
(0.864897 -0.427154 -1.43267e-19)
(0.899918 -0.383012 -1.43441e-20)
(0.92707 -0.338412 -7.16667e-20)
(0.161546 -0.154554 1.6048e-19)
(0.38245 -0.338504 2.7633e-20)
(0.552497 -0.442623 -4.30053e-20)
(0.674794 -0.488158 3.83788e-20)
(0.765747 -0.491815 6.00861e-20)
(0.829862 -0.469026 1.34534e-19)
(0.876859 -0.431062 1.31598e-19)
(0.910788 -0.387047 -1.32413e-19)
(0.93679 -0.342327 -4.81607e-20)
(0.165797 -0.153072 -1.04205e-19)
(0.39167 -0.33663 1.90834e-20)
(0.56432 -0.44179 -7.31363e-20)
(0.687908 -0.488704 -8.73416e-20)
(0.77904 -0.493717 -8.5423e-20)
(0.842726 -0.471902 -5.84777e-20)
(0.888842 -0.434524 -1.76579e-19)
(0.921713 -0.390714 8.87851e-20)
(0.946583 -0.34594 1.20885e-20)
(0.169896 -0.15134 5.79865e-20)
(0.400637 -0.334236 3.85774e-21)
(0.575895 -0.440324 9.16952e-20)
(0.700829 -0.488597 9.90657e-21)
(0.792214 -0.495012 -4.45594e-20)
(0.85554 -0.474246 5.87417e-21)
(0.900828 -0.437539 2.53994e-20)
(0.932677 -0.394011 1.05492e-19)
(0.956438 -0.349248 3.19037e-20)
(0.173834 -0.149367 -7.38466e-20)
(0.409328 -0.331336 1.98961e-20)
(0.587195 -0.438232 -2.52488e-20)
(0.713529 -0.487842 -1.4804e-20)
(0.805242 -0.495703 1.33771e-19)
(0.868279 -0.476057 7.71831e-20)
(0.912798 -0.440104 -1.4486e-20)
(0.943665 -0.396936 -7.10212e-20)
(0.966343 -0.352249 3.84915e-20)
(0.983358 -0.309673 -2.95229e-20)
(0.177601 -0.147159 4.63383e-20)
(0.417723 -0.32794 -3.78086e-20)
(0.598193 -0.435527 3.25159e-20)
(0.725979 -0.486446 5.96654e-20)
(0.818097 -0.495791 -5.39836e-20)
(0.88092 -0.477336 -7.9841e-20)
(0.924733 -0.442217 -4.52146e-20)
(0.954664 -0.399485 -6.26069e-21)
(0.976285 -0.354942 -6.83098e-21)
(0.99226 -0.312299 2.22017e-19)
(0.181185 -0.144727 2.26298e-20)
(0.425799 -0.324064 5.23642e-20)
(0.608861 -0.432219 -1.38759e-20)
(0.738151 -0.484417 -3.96542e-20)
(0.830753 -0.495279 -3.36123e-20)
(0.893441 -0.478082 -1.11863e-20)
(0.936614 -0.443878 1.20401e-19)
(0.965657 -0.401658 1.42205e-20)
(0.986254 -0.357325 1.88912e-20)
(1.00121 -0.314668 -5.67921e-20)
(0.18458 -0.14208 -1.47221e-20)
(0.433536 -0.319721 -9.47622e-21)
(0.619175 -0.42832 -1.20855e-20)
(0.750017 -0.481763 -3.66882e-21)
(0.843183 -0.494172 3.2862e-20)
(0.905818 -0.478296 5.52349e-20)
(0.948422 -0.445085 -1.39766e-19)
(0.976629 -0.403454 1.50467e-20)
(0.996238 -0.359397 4.9728e-20)
(1.01019 -0.31678 -2.93868e-21)
(0.187775 -0.139227 -2.31313e-20)
(0.440916 -0.314927 -2.34376e-20)
(0.629109 -0.423847 -1.73108e-20)
(0.76155 -0.478493 -1.10418e-20)
(0.855362 -0.492476 -3.1231e-20)
(0.918027 -0.477981 -1.40286e-20)
(0.960137 -0.445839 5.09767e-20)
(0.987564 -0.40487 -6.43514e-20)
(1.00622 -0.361156 -2.42461e-20)
(1.0192 -0.318633 -4.77295e-20)
(1.02891 -0.27918 2.15889e-20)
(0.190763 -0.136179 -6.67823e-21)
(0.447919 -0.3097 9.11433e-21)
(0.638639 -0.418812 9.53771e-21)
(0.772724 -0.47462 3.3108e-20)
(0.867262 -0.490196 2.70643e-20)
(0.930046 -0.477138 -1.39285e-20)
(0.971739 -0.446139 3.26136e-20)
(0.998447 -0.405908 5.71452e-21)
(1.0162 -0.362603 -9.59407e-21)
(1.02822 -0.320227 8.9599e-20)
(1.03701 -0.280764 1.19223e-19)
(0.193537 -0.132947 -4.8673e-21)
(0.454529 -0.304056 -8.6571e-21)
(0.64774 -0.413233 -1.81722e-21)
(0.783511 -0.470154 -1.25742e-20)
(0.878859 -0.48734 9.32042e-21)
(0.941849 -0.475773 2.90034e-20)
(0.983209 -0.445988 -3.1839e-20)
(1.00926 -0.406566 -1.75697e-20)
(1.02615 -0.363735 -7.28408e-20)
(1.03725 -0.321563 -1.37946e-19)
(1.04513 -0.282132 -7.57148e-20)
(0.19609 -0.129541 1.94562e-20)
(0.46073 -0.298014 1.19063e-20)
(0.656392 -0.407128 -1.44098e-21)
(0.793886 -0.46511 1.54645e-21)
(0.890125 -0.483915 -2.18989e-20)
(0.953415 -0.473887 -2.61924e-20)
(0.994526 -0.445385 3.8996e-20)
(1.01999 -0.406845 -2.38754e-21)
(1.03607 -0.364554 4.24547e-20)
(1.04628 -0.322639 -8.28775e-21)
(1.05326 -0.283285 6.57893e-20)
(1.05823 -0.247434 6.91804e-20)
(0.198416 -0.125973 -9.41263e-21)
(0.466504 -0.291592 8.16081e-21)
(0.664571 -0.400514 1.9852e-20)
(0.803824 -0.459501 -9.58876e-21)
(0.901037 -0.479932 -9.20993e-21)
(0.964718 -0.471487 3.14581e-20)
(1.00567 -0.444334 -1.755e-20)
(1.03062 -0.406746 1.70594e-20)
(1.04593 -0.365059 -2.08685e-20)
(1.05529 -0.323455 -3.30603e-20)
(1.06141 -0.284221 -7.77536e-20)
(1.06556 -0.248367 -1.5217e-19)
(0.20051 -0.122255 -4.30846e-20)
(0.47184 -0.284812 1.42805e-20)
(0.672258 -0.393412 -7.29176e-21)
(0.813302 -0.453344 2.23254e-20)
(0.911568 -0.475399 -8.13043e-22)
(0.975737 -0.468578 -2.49988e-20)
(1.01662 -0.442836 3.34132e-20)
(1.04113 -0.406268 -8.41777e-21)
(1.05574 -0.365251 1.91412e-20)
(1.06428 -0.324012 8.38849e-20)
(1.06955 -0.284942 -3.7109e-20)
(1.07291 -0.249119 1.14568e-19)
(0.202367 -0.118398 1.88017e-20)
(0.476724 -0.277694 -7.30209e-20)
(0.679432 -0.38584 -1.54643e-20)
(0.822294 -0.446654 -8.17498e-21)
(0.921695 -0.470328 -4.71578e-21)
(0.986447 -0.465166 2.28096e-21)
(1.02736 -0.440895 -3.81538e-20)
(1.0515 -0.405413 -5.74795e-21)
(1.06547 -0.365129 7.86914e-22)
(1.07323 -0.32431 -1.00343e-21)
(1.07769 -0.285448 1.13269e-19)
(1.08026 -0.249691 -6.27917e-20)
(1.08177 -0.217296 -8.77223e-20)
(0.203983 -0.114415 4.43608e-20)
(0.481144 -0.270259 2.66575e-20)
(0.686077 -0.377822 -3.24479e-20)
(0.830779 -0.439448 -1.45255e-20)
(0.931393 -0.464731 -3.2473e-21)
(0.996825 -0.461259 -6.02276e-21)
(1.03786 -0.438513 -9.73077e-21)
(1.06172 -0.404183 1.13892e-20)
(1.07511 -0.364694 -1.52506e-20)
(1.08214 -0.32435 -7.30102e-21)
(1.08581 -0.285739 -2.93326e-21)
(1.08762 -0.250083 -1.30161e-22)
(1.08843 -0.217701 5.09561e-20)
(0.205355 -0.110318 -3.92128e-20)
(0.485089 -0.262529 -2.12509e-20)
(0.692173 -0.369379 5.89643e-21)
(0.838736 -0.431746 -2.78274e-21)
(0.940638 -0.45862 1.64308e-20)
(1.00685 -0.456863 -3.24155e-21)
(1.0481 -0.435696 2.09243e-20)
(1.07178 -0.40258 1.94693e-22)
(1.08465 -0.363948 3.56056e-20)
(1.091 -0.324132 1.10391e-20)
(1.09391 -0.285817 -4.32123e-20)
(1.09498 -0.250296 3.80058e-20)
(1.09509 -0.217955 7.84697e-21)
(1.09456 -0.188699 -7.49939e-20)
(0.206481 -0.106119 1.93752e-20)
(0.48855 -0.254525 -2.63621e-21)
(0.697707 -0.360535 4.74707e-20)
(0.846142 -0.423566 6.27804e-20)
(0.949407 -0.45201 -3.27291e-20)
(1.01649 -0.451988 4.79359e-21)
(1.05808 -0.432448 -7.50077e-21)
(1.08164 -0.400606 -1.63704e-21)
(1.09407 -0.362891 -2.61103e-20)
(1.09979 -0.323657 1.51311e-20)
(1.10198 -0.285682 -6.21351e-20)
(1.10232 -0.250332 1.18122e-20)
(1.10176 -0.218058 -8.67584e-20)
(1.10062 -0.188808 3.50669e-20)
(0.207358 -0.101831 -3.57058e-20)
(0.491519 -0.246272 6.15575e-20)
(0.702663 -0.351312 4.95361e-22)
(0.852979 -0.414929 -3.96656e-22)
(0.957679 -0.444915 5.21723e-20)
(1.02574 -0.446643 1.29954e-20)
(1.06775 -0.428773 1.67914e-21)
(1.0913 -0.398263 7.06503e-21)
(1.10336 -0.361524 2.45824e-20)
(1.1085 -0.322926 -1.33056e-20)
(1.11001 -0.285335 4.43054e-20)
(1.10965 -0.25019 -6.65353e-20)
(1.10843 -0.218013 1.08973e-20)
(1.10669 -0.18879 -2.19622e-20)
(0.207987 -0.0974669 -1.51781e-20)
(0.493989 -0.237791 -8.90816e-20)
(0.707027 -0.341735 -5.70241e-20)
(0.859228 -0.405855 2.87246e-21)
(0.96543 -0.437349 1.55456e-22)
(1.03456 -0.440837 -8.3607e-21)
(1.07711 -0.424678 -4.34524e-21)
(1.10074 -0.395554 -3.37255e-21)
(1.11251 -0.35985 -1.24113e-20)
(1.11712 -0.321939 1.71148e-20)
(1.11798 -0.284777 -2.02584e-20)
(1.11696 -0.249873 5.72145e-20)
(1.11509 -0.21782 6.75571e-21)
(1.11277 -0.188648 -3.11872e-20)
(1.11018 -0.162065 6.66356e-20)
(0.208365 -0.0930388 9.56148e-20)
(0.495955 -0.229107 7.2224e-20)
(0.710789 -0.33183 7.06867e-21)
(0.864871 -0.396368 -5.64392e-20)
(0.972641 -0.429331 -3.66047e-20)
(1.04294 -0.434583 3.39828e-21)
(1.08612 -0.420168 3.45724e-21)
(1.10994 -0.392483 -1.27882e-21)
(1.1215 -0.357869 -1.05427e-20)
(1.12565 -0.320699 5.80779e-21)
(1.12591 -0.284009 -5.2074e-21)
(1.12423 -0.249382 -3.07233e-20)
(1.12174 -0.217481 2.54036e-20)
(1.11885 -0.188382 7.43431e-21)
(1.11576 -0.161821 -1.55537e-20)
(1.1124 -0.137534 1.29251e-20)
(0.208494 -0.0885593 1.67233e-20)
(0.497413 -0.220243 -5.95053e-20)
(0.713938 -0.321623 -4.87746e-21)
(0.869891 -0.386489 -9.03038e-22)
(0.97929 -0.420877 1.1589e-20)
(1.05085 -0.42789 2.29074e-20)
(1.09478 -0.415251 -3.59412e-21)
(1.11888 -0.389052 -7.01713e-21)
(1.13031 -0.355585 4.66183e-21)
(1.13406 -0.319206 -1.3379e-20)
(1.13376 -0.283032 1.31622e-20)
(1.13147 -0.248717 -6.68892e-21)
(1.12837 -0.216997 2.01254e-21)
(1.12493 -0.187993 -7.42108e-21)
(1.12134 -0.161473 -1.10065e-20)
(1.11758 -0.137192 8.87666e-22)
(0.208375 -0.0840409 -6.42499e-20)
(0.49836 -0.211223 3.82625e-20)
(0.716464 -0.311138 1.57874e-20)
(0.874275 -0.376242 5.99844e-21)
(0.985358 -0.412004 3.81914e-20)
(1.05827 -0.420772 -4.00929e-20)
(1.10306 -0.409933 1.11557e-20)
(1.12754 -0.385268 1.8507e-20)
(1.13893 -0.352998 1.48444e-21)
(1.14235 -0.317461 9.34384e-22)
(1.14154 -0.281848 -1.46378e-20)
(1.13866 -0.24788 -4.07455e-22)
(1.13498 -0.216368 2.10326e-20)
(1.131 -0.187483 6.36863e-20)
(1.12694 -0.161025 1.77499e-20)
(1.12277 -0.136764 -2.14889e-20)
(1.11857 -0.114131 -1.51929e-20)
(0.20801 -0.079496 -5.70039e-20)
(0.498795 -0.20207 2.14776e-20)
(0.71836 -0.300403 -4.82726e-20)
(0.878007 -0.36565 1.23461e-20)
(0.990826 -0.402732 -3.06359e-20)
(1.06518 -0.41324 3.86099e-20)
(1.11094 -0.404223 -3.20586e-20)
(1.1359 -0.381132 -7.22724e-21)
(1.14735 -0.350111 -8.61732e-21)
(1.1505 -0.315466 -3.39384e-21)
(1.14923 -0.280457 1.64917e-20)
(1.14581 -0.246872 1.572e-20)
(1.14156 -0.215598 -3.08696e-20)
(1.13705 -0.186854 2.92916e-21)
(1.13253 -0.160476 -1.88477e-20)
(1.12796 -0.136253 -2.85596e-21)
(1.12345 -0.113622 -2.16074e-20)
(0.2074 -0.0749367 -1.85007e-20)
(0.498717 -0.19281 2.93141e-20)
(0.71962 -0.289445 5.96946e-20)
(0.881075 -0.35474 1.25349e-20)
(0.995677 -0.393079 -4.27602e-20)
(1.07157 -0.40531 -4.07865e-21)
(1.1184 -0.398129 1.15864e-20)
(1.14395 -0.376651 1.51149e-20)
(1.15554 -0.346927 3.74747e-22)
(1.15851 -0.313223 3.6401e-21)
(1.15683 -0.278861 -9.61775e-21)
(1.15289 -0.245695 -3.27114e-21)
(1.14811 -0.214686 -1.34865e-20)
(1.14309 -0.186108 -2.20208e-20)
(1.13811 -0.159828 1.84965e-20)
(1.13317 -0.135661 1.44206e-20)
(1.12833 -0.113049 6.93057e-21)
(1.12342 -0.0922308 -3.96227e-20)
(0.20655 -0.0703751 4.9259e-20)
(0.498128 -0.183465 -2.0886e-20)
(0.72024 -0.278291 1.71475e-20)
(0.883469 -0.343536 -8.24304e-21)
(0.999894 -0.383067 5.09784e-20)
(1.0774 -0.396995 -6.32279e-20)
(1.12541 -0.39166 1.32477e-20)
(1.15167 -0.371829 1.7434e-21)
(1.1635 -0.343448 -1.02848e-20)
(1.16636 -0.310733 6.19568e-22)
(1.16432 -0.277061 5.98831e-21)
(1.15992 -0.244349 -5.74023e-21)
(1.15462 -0.213635 2.57524e-20)
(1.14911 -0.185244 1.60874e-21)
(1.14368 -0.159084 1.03036e-20)
(1.13837 -0.134989 6.32199e-21)
(1.13323 -0.112412 1.28951e-20)
(1.1281 -0.0915907 -1.66127e-21)
(1.12328 -0.0708065 2.28719e-20)
(0.205462 -0.065823 -4.12922e-20)
(0.497031 -0.174059 -2.87128e-20)
(0.720216 -0.266968 -5.44421e-21)
(0.885178 -0.332064 -8.13831e-21)
(1.00346 -0.372717 6.61742e-20)
(1.08266 -0.38831 5.67162e-20)
(1.13196 -0.384825 7.10279e-21)
(1.15903 -0.366672 -1.73459e-20)
(1.17121 -0.339678 1.78886e-20)
(1.17403 -0.307998 -8.02905e-21)
(1.1717 -0.275058 -2.20632e-21)
(1.16686 -0.242837 2.97648e-22)
(1.16108 -0.212446 -4.95141e-21)
(1.1551 -0.184266 -1.02391e-21)
(1.14925 -0.158245 -4.43066e-20)
(1.14357 -0.134238 -3.93521e-22)
(1.13813 -0.111714 -1.20573e-20)
(1.13279 -0.0909032 -1.53856e-20)
(1.12778 -0.0701281 -1.48488e-20)
(1.12264 -0.0523901 -8.00616e-21)
(0.204142 -0.0612919 6.84477e-20)
(0.495429 -0.164616 9.74554e-21)
(0.719548 -0.255504 -2.05775e-20)
(0.886194 -0.32035 -2.6584e-20)
(1.00636 -0.362049 -7.49936e-20)
(1.08734 -0.379271 3.39403e-20)
(1.13803 -0.377635 1.95566e-20)
(1.16603 -0.361185 -3.71948e-22)
(1.17864 -0.335619 5.06821e-22)
(1.18151 -0.30502 1.19404e-20)
(1.17896 -0.272855 1.08571e-21)
(1.17373 -0.24116 6.16777e-21)
(1.1675 -0.211121 6.09759e-21)
(1.16106 -0.183175 -1.01563e-20)
(1.15479 -0.157312 6.11481e-21)
(1.14876 -0.133411 -3.86651e-22)
(1.14303 -0.110956 -2.29851e-20)
(1.1375 -0.0901708 3.09111e-21)
(1.1323 -0.0694249 2.83373e-20)
(1.12716 -0.0515481 -3.3932e-20)
(0.202594 -0.056793 -8.55786e-20)
(0.493327 -0.155159 -5.4738e-20)
(0.718236 -0.243926 -1.09911e-21)
(0.886511 -0.308421 3.2074e-20)
(1.00859 -0.351086 -3.50636e-20)
(1.09141 -0.369894 -3.45515e-20)
(1.1436 -0.370101 1.33998e-20)
(1.17263 -0.355376 -9.54615e-21)
(1.18579 -0.331275 1.23458e-20)
(1.1888 -0.3018 6.92868e-21)
(1.18608 -0.270451 -3.16379e-21)
(1.18051 -0.239318 -2.30645e-21)
(1.17385 -0.20966 -3.66434e-21)
(1.16698 -0.181972 6.27604e-21)
(1.16031 -0.156287 9.14001e-21)
(1.15394 -0.13251 -2.17291e-20)
(1.14793 -0.110141 1.64066e-20)
(1.1422 -0.0893954 -1.03581e-20)
(1.13684 -0.0686991 -3.60732e-20)
(1.1317 -0.0506962 3.45362e-20)
(0.200823 -0.0523374 9.43445e-20)
(0.490733 -0.145711 1.28234e-19)
(0.71628 -0.232262 4.84957e-20)
(0.886122 -0.296304 -6.16463e-20)
(1.01013 -0.339851 -2.79139e-21)
(1.09486 -0.360197 1.98145e-20)
(1.14865 -0.362233 -5.67821e-20)
(1.17881 -0.34925 2.06268e-20)
(1.19263 -0.326649 -1.26191e-20)
(1.19586 -0.298341 -1.02649e-20)
(1.19305 -0.267849 3.90797e-21)
(1.18719 -0.237313 -1.78344e-21)
(1.18014 -0.208066 1.66236e-21)
(1.17287 -0.180659 -4.76323e-22)
(1.16581 -0.155171 2.65896e-21)
(1.15911 -0.131534 1.8046e-21)
(1.15282 -0.10927 6.34322e-21)
(1.14691 -0.0885792 7.61021e-21)
(1.14139 -0.0679528 -1.99152e-21)
(1.13624 -0.0498389 -1.30966e-20)
(0.198836 -0.0479354 -2.14701e-20)
(0.487653 -0.136295 -7.29969e-21)
(0.713686 -0.220539 2.24305e-20)
(0.885025 -0.284026 1.81878e-20)
(1.01096 -0.328367 3.01408e-20)
(1.09767 -0.350197 -3.65608e-20)
(1.15315 -0.354043 3.41392e-20)
(1.18457 -0.342815 -1.07616e-20)
(1.19914 -0.321746 1.40554e-20)
(1.2027 -0.294644 4.04103e-21)
(1.19987 -0.26505 -1.51414e-21)
(1.19377 -0.235147 5.48075e-21)
(1.18637 -0.206339 2.93878e-22)
(1.1787 -0.179237 -9.93983e-22)
(1.17128 -0.153967 -1.32859e-21)
(1.16426 -0.130488 1.18534e-20)
(1.15771 -0.108344 -4.77596e-22)
(1.15162 -0.0877243 -6.97053e-21)
(1.14594 -0.0671882 2.86536e-21)
(1.14079 -0.0489805 -1.81421e-20)
(0.19664 -0.0435974 -2.82655e-20)
(0.484097 -0.126933 -2.62242e-20)
(0.710456 -0.208786 -1.18405e-19)
(0.883217 -0.271616 7.37643e-20)
(1.01109 -0.316658 -1.67908e-21)
(1.09983 -0.339912 2.92428e-20)
(1.15709 -0.345545 -2.11682e-20)
(1.18988 -0.336078 7.53306e-21)
(1.20532 -0.316569 9.41247e-21)
(1.20929 -0.290712 -7.98058e-21)
(1.20651 -0.262055 -9.11889e-21)
(1.20023 -0.23282 -6.02773e-21)
(1.19251 -0.204481 -1.05263e-21)
(1.18449 -0.177708 4.57715e-22)
(1.17671 -0.152676 5.13501e-21)
(1.16938 -0.129371 -3.40417e-21)
(1.16258 -0.107365 3.52017e-21)
(1.15631 -0.0868326 -1.38676e-21)
(1.1505 -0.0664068 5.63162e-21)
(1.14534 -0.0481249 1.88203e-20)
(0.194242 -0.039333 2.36484e-20)
(0.480074 -0.117646 -2.41511e-20)
(0.706599 -0.197028 1.25791e-19)
(0.880698 -0.2591 -1.22729e-19)
(1.01049 -0.304749 5.84132e-20)
(1.10131 -0.329362 -2.04151e-20)
(1.16046 -0.336751 -2.36204e-20)
(1.19472 -0.329047 4.883e-21)
(1.21114 -0.311122 2.8406e-21)
(1.21562 -0.286547 -2.56444e-21)
(1.21298 -0.258865 1.78747e-20)
(1.20657 -0.230333 -1.7831e-21)
(1.19857 -0.202493 -2.64565e-22)
(1.19022 -0.176073 -2.68585e-22)
(1.1821 -0.151298 -5.82363e-21)
(1.17448 -0.128186 -6.04824e-21)
(1.16743 -0.106335 -8.47499e-21)
(1.161 -0.0859059 2.49184e-21)
(1.15505 -0.0656104 4.59538e-21)
(0.191648 -0.0351517 5.36803e-20)
(0.475597 -0.108455 -3.18321e-20)
(0.702121 -0.185292 -2.70367e-20)
(0.877469 -0.246507 7.45582e-20)
(1.00917 -0.292664 -3.9091e-20)
(1.10211 -0.318566 -3.72781e-20)
(1.16322 -0.327674 -9.84133e-22)
(1.19906 -0.321731 -2.1613e-20)
(1.21657 -0.305411 -3.26045e-20)
(1.22167 -0.282151 1.88339e-21)
(1.21925 -0.255482 -1.61149e-20)
(1.21277 -0.227688 5.20922e-21)
(1.20455 -0.200376 -1.33058e-21)
(1.19588 -0.174333 -7.52206e-22)
(1.18745 -0.149836 2.02374e-21)
(1.17954 -0.126934 -1.68698e-21)
(1.17226 -0.105255 2.22745e-21)
(1.16566 -0.0849459 -8.94056e-22)
(1.15959 -0.0648004 4.45478e-22)
(0.188868 -0.0310622 -6.06681e-20)
(0.470677 -0.0993806 1.5031e-20)
(0.697032 -0.173605 7.07251e-21)
(0.873533 -0.233864 -1.81316e-21)
(1.00712 -0.280429 -1.41562e-20)
(1.10222 -0.307545 8.05683e-20)
(1.16538 -0.31833 2.06655e-20)
(1.2029 -0.31414 1.86859e-20)
(1.22162 -0.299441 2.19252e-20)
(1.22743 -0.277526 1.80718e-20)
(1.2253 -0.251906 1.06236e-20)
(1.21883 -0.224886 -3.33361e-21)
(1.21042 -0.198132 3.4009e-21)
(1.20148 -0.17249 3.0057e-22)
(1.19275 -0.148291 8.53238e-22)
(1.18458 -0.125616 3.46957e-21)
(1.17706 -0.104127 2.62719e-22)
(1.17031 -0.0839543 3.87851e-21)
(1.16412 -0.0639779 1.67972e-21)
(0.18591 -0.0270729 4.2743e-20)
(0.465328 -0.0904425 2.73951e-20)
(0.691344 -0.161993 -6.64005e-20)
(0.868893 -0.221198 3.48544e-20)
(1.00433 -0.268068 -2.53534e-21)
(1.10162 -0.296319 -5.02478e-20)
(1.1669 -0.308732 -3.20443e-20)
(1.20621 -0.306281 -2.22194e-21)
(1.22624 -0.293216 -4.68289e-21)
(1.23287 -0.272676 -1.55164e-20)
(1.23114 -0.24814 -5.39853e-21)
(1.22474 -0.221927 2.09278e-21)
(1.21619 -0.195761 -8.99088e-22)
(1.207 -0.170544 -3.86427e-23)
(1.198 -0.146664 8.88572e-23)
(1.18957 -0.124233 -7.20001e-22)
(1.18183 -0.102951 1.20437e-21)
(1.17493 -0.0829323 -1.4042e-21)
(1.16863 -0.0631442 -3.49455e-21)
(0.182782 -0.0231916 -1.28541e-20)
(0.459564 -0.0816595 -3.27395e-20)
(0.685068 -0.150481 6.18297e-21)
(0.863557 -0.208538 -3.84824e-20)
(1.00081 -0.255607 8.78344e-21)
(1.1003 -0.284908 2.35479e-20)
(1.16777 -0.298898 1.71585e-20)
(1.20897 -0.298165 9.57868e-21)
(1.23043 -0.286742 -2.85832e-20)
(1.23799 -0.267603 -3.60897e-22)
(1.23674 -0.244185 2.15944e-22)
(1.23047 -0.218812 1.06933e-21)
(1.22184 -0.193263 -2.36962e-21)
(1.21245 -0.168497 -2.2063e-21)
(1.20319 -0.144956 -1.99148e-23)
(1.19452 -0.122788 -2.88676e-22)
(1.18657 -0.101729 6.38907e-22)
(1.17952 -0.0818813 7.59229e-22)
(1.17312 -0.0622998 -5.14866e-22)
(0.179495 -0.0194259 -9.45294e-22)
(0.4534 -0.0730497 3.78884e-20)
(0.678219 -0.139094 8.0381e-21)
(0.857531 -0.195911 -9.56682e-21)
(0.99655 -0.243073 -3.57083e-20)
(1.09825 -0.273336 -3.77983e-21)
(1.16797 -0.288841 1.62335e-20)
(1.21116 -0.289804 -2.08698e-20)
(1.23416 -0.280025 2.66824e-20)
(1.24276 -0.26231 7.01109e-21)
(1.24209 -0.24004 3.34925e-21)
(1.23603 -0.215542 -2.64243e-21)
(1.22737 -0.19064 6.97511e-22)
(1.21781 -0.16635 1.4102e-21)
(1.20832 -0.143168 -1.26049e-21)
(1.19942 -0.12128 1.51262e-22)
(1.19127 -0.100462 2.42942e-22)
(1.18408 -0.0808023 1.31502e-22)
(1.17758 -0.0614454 1.86458e-21)
(0.176056 -0.0157823 -3.28599e-21)
(0.446854 -0.06463 -2.17616e-20)
(0.670811 -0.127855 3.48354e-20)
(0.850826 -0.183343 1.01134e-20)
(0.991553 -0.230492 1.47124e-20)
(1.09547 -0.261624 -1.19108e-20)
(1.1675 -0.27858 -8.62544e-21)
(1.21277 -0.281207 -2.11463e-21)
(1.23741 -0.273071 -6.94054e-21)
(1.24716 -0.2568 -1.27006e-20)
(1.24716 -0.235709 -5.32071e-21)
(1.24141 -0.212118 4.1396e-21)
(1.23277 -0.187893 1.41118e-21)
(1.22307 -0.164103 2.58896e-21)
(1.21338 -0.141301 3.21832e-22)
(1.20426 -0.119712 1.98998e-22)
(1.19593 -0.0991498 1.19815e-22)
(1.1886 -0.0796961 -5.62393e-22)
(1.182 -0.0605814 4.38963e-22)
(0.172476 -0.0122673 -9.51519e-21)
(0.439941 -0.056417 -8.26731e-21)
(0.662861 -0.116787 -2.27398e-20)
(0.843452 -0.17086 8.07397e-21)
(0.98582 -0.217888 7.24394e-21)
(1.09195 -0.249795 1.44841e-21)
(1.16634 -0.268132 3.70637e-21)
(1.21377 -0.272386 6.02466e-21)
(1.24017 -0.265888 2.02544e-21)
(1.25118 -0.251076 9.90516e-21)
(1.25196 -0.231192 3.18788e-21)
(1.24657 -0.208539 -1.779e-21)
(1.23802 -0.18502 1.11629e-21)
(1.22824 -0.161756 -2.47036e-21)
(1.21837 -0.139357 7.3082e-22)
(1.20905 -0.118083 -3.81797e-22)
(1.20054 -0.0977942 -3.16365e-23)
(1.19307 -0.0785634 4.06436e-22)
(1.18639 -0.0597078 -5.66263e-23)
(0.168765 -0.00888645 9.03946e-21)
(0.432679 -0.0484258 4.92601e-21)
(0.654387 -0.105914 1.15619e-21)
(0.835422 -0.15849 -6.84858e-21)
(0.979357 -0.205289 1.11427e-21)
(1.08768 -0.237871 -3.67158e-21)
(1.16447 -0.257513 7.41978e-22)
(1.21414 -0.263354 3.12949e-21)
(1.24241 -0.258481 -3.82042e-21)
(1.25479 -0.245141 -3.18781e-21)
(1.25645 -0.22649 7.25069e-22)
(1.25152 -0.204806 -2.83731e-23)
(1.24312 -0.182023 -1.16764e-21)
(1.23329 -0.159311 9.22258e-22)
(1.22328 -0.137334 -1.75645e-22)
(1.21378 -0.116394 7.99391e-23)
(1.2051 -0.0963955 9.45134e-23)
(1.1975 -0.0774047 -3.17484e-23)
(1.19074 -0.0588247 -3.35353e-23)
(0.164934 -0.00564494 9.29457e-21)
(0.425088 -0.0406709 5.31271e-21)
(0.645408 -0.0952559 1.19837e-21)
(0.82675 -0.146258 -7.0506e-21)
(0.972171 -0.192721 1.14435e-21)
(1.08266 -0.225876 -4.1468e-21)
(1.16188 -0.246744 1.07159e-21)
(1.21387 -0.254123 3.43952e-21)
(1.24411 -0.25086 -4.24387e-21)
(1.25797 -0.239 -3.42101e-21)
(1.26061 -0.221605 5.42737e-22)
(1.25624 -0.200919 8.88926e-23)
(1.24806 -0.178902 -1.42682e-21)
(1.23823 -0.156767 1.10511e-21)
(1.2281 -0.135234 -2.23652e-22)
(1.21845 -0.114646 1.76759e-22)
(1.2096 -0.094954 2.04533e-22)
(1.20188 -0.0762202 2.88333e-22)
(1.19503 -0.0579316 9.48921e-24)
(0.160992 -0.00254732 -9.86899e-21)
(0.417187 -0.0331655 -8.76332e-21)
(0.635945 -0.0848338 -2.37085e-20)
(0.817453 -0.134188 8.19235e-21)
(0.964267 -0.180208 8.26739e-21)
(1.0769 -0.213833 1.37727e-21)
(1.15856 -0.235842 4.04619e-21)
(1.21295 -0.244707 6.98385e-21)
(1.24525 -0.243032 2.11034e-21)
(1.26071 -0.232657 1.1851e-20)
(1.26444 -0.216539 4.32346e-21)
(1.26071 -0.196879 -2.77586e-21)
(1.25282 -0.175656 1.65231e-21)
(1.24305 -0.154124 -3.73307e-21)
(1.23284 -0.133057 1.35725e-21)
(1.22304 -0.112839 -1.05384e-21)
(1.21405 -0.0934699 5.28236e-22)
(1.2062 -0.07501 -1.11765e-21)
(1.19928 -0.0570281 3.82872e-23)
(0.15695 0.000402431 -3.52461e-21)
(0.408995 -0.0259219 -2.46245e-20)
(0.626018 -0.0746671 3.82936e-20)
(0.807547 -0.122304 1.13406e-20)
(0.955657 -0.167778 1.73978e-20)
(1.07038 -0.201767 -1.58082e-20)
(1.15451 -0.224827 -9.13799e-21)
(1.21134 -0.23512 -1.3282e-21)
(1.24581 -0.235005 -9.14156e-21)
(1.26297 -0.226115 -1.68579e-20)
(1.26791 -0.211292 -7.67318e-21)
(1.26491 -0.192686 6.43501e-21)
(1.25739 -0.172286 2.35993e-21)
(1.24773 -0.151382 5.20646e-21)
(1.23747 -0.130804 1.5878e-21)
(1.22756 -0.110974 -1.25683e-24)
(1.21843 -0.0919435 -2.04158e-21)
(1.21047 -0.0737739 1.16907e-21)
(1.20347 -0.0561135 -3.41759e-22)
(0.152819 0.0032009 -1.91324e-21)
(0.400532 -0.0189515 4.16794e-20)
(0.615649 -0.064774 9.94222e-21)
(0.79705 -0.110631 -9.99613e-21)
(0.94635 -0.155454 -4.12857e-20)
(1.06311 -0.1897 -5.5712e-21)
(1.14971 -0.213719 2.28981e-20)
(1.20905 -0.225376 -3.01381e-20)
(1.24577 -0.226789 3.8559e-20)
(1.26475 -0.21938 9.20459e-21)
(1.271 -0.205866 5.72753e-21)
(1.26884 -0.18834 -5.38153e-21)
(1.26176 -0.16879 2.76377e-21)
(1.25226 -0.148542 4.57576e-21)
(1.242 -0.128473 -3.73451e-21)
(1.23199 -0.109051 1.52177e-21)
(1.22275 -0.0903745 -1.5294e-22)
(1.21467 -0.0725117 -3.1995e-22)
(1.20759 -0.0551869 -1.42722e-21)
(0.148607 0.00584526 -1.32308e-20)
(0.391819 -0.0122642 -3.74937e-20)
(0.604862 -0.0551719 8.07715e-21)
(0.785984 -0.0991898 -4.83374e-20)
(0.93636 -0.143262 1.35179e-20)
(1.05509 -0.177657 2.59455e-20)
(1.14415 -0.202539 2.72913e-20)
(1.20605 -0.215491 1.16196e-20)
(1.24511 -0.218394 -4.12734e-20)
(1.26601 -0.212456 -3.78097e-21)
(1.27369 -0.200265 7.74761e-22)
(1.27246 -0.18384 3.38358e-21)
(1.26591 -0.165169 -6.39128e-21)
(1.25664 -0.145601 -4.74853e-21)
(1.24642 -0.126065 -7.36091e-22)
(1.23634 -0.107068 1.40626e-21)
(1.22699 -0.0887629 -1.85566e-21)
(1.2188 -0.0712227 -8.47485e-22)
(1.21165 -0.054247 7.74943e-22)
(0.144327 0.00833323 5.16046e-20)
(0.382877 -0.00586907 3.29264e-20)
(0.59368 -0.0458767 -7.81254e-20)
(0.774369 -0.0880029 3.83028e-20)
(0.925701 -0.131226 5.09744e-22)
(1.04633 -0.165662 -6.93806e-20)
(1.13784 -0.191306 -4.60525e-20)
(1.20232 -0.205479 -5.7158e-21)
(1.24381 -0.20983 -5.29491e-21)
(1.26674 -0.20535 -3.28126e-20)
(1.27595 -0.194488 -1.03484e-20)
(1.27577 -0.179188 4.521e-21)
(1.26983 -0.16142 -3.54364e-21)
(1.26086 -0.14256 1.08429e-22)
(1.25072 -0.123578 1.44664e-20)
(1.2406 -0.105027 1.50892e-21)
(1.23116 -0.0871081 -2.33063e-21)
(1.22287 -0.0699061 2.60141e-21)
(1.21565 -0.0532927 2.49952e-21)
(0.139989 0.0106631 -7.52833e-20)
(0.373726 0.000225887 2.02305e-20)
(0.582129 -0.0369033 7.30297e-21)
(0.76223 -0.0770905 -5.69106e-21)
(0.91439 -0.11937 -1.44517e-20)
(1.03684 -0.153739 1.10523e-19)
(1.13077 -0.180043 3.30839e-20)
(1.19787 -0.195359 2.71818e-20)
(1.24184 -0.201108 4.33297e-20)
(1.2669 -0.198067 3.69392e-20)
(1.27776 -0.188539 2.3845e-20)
(1.27873 -0.174382 -9.70639e-21)
(1.2735 -0.157545 1.64043e-20)
(1.2649 -0.139417 9.76012e-21)
(1.25488 -0.121013 -1.91786e-20)
(1.24476 -0.102926 -1.50606e-20)
(1.23524 -0.0854095 1.50522e-21)
(1.22686 -0.0685609 -5.14286e-21)
(1.21956 -0.0523223 -9.02796e-22)
(0.135603 0.0128338 6.94241e-20)
(0.364389 0.00601393 -4.14629e-20)
(0.570234 -0.0282653 -3.91053e-20)
(0.749589 -0.0664724 1.04859e-19)
(0.902444 -0.107717 -5.81739e-20)
(1.02662 -0.141912 -5.71621e-20)
(1.12293 -0.168771 6.8963e-21)
(1.19266 -0.185147 -4.60085e-20)
(1.23919 -0.19224 -6.4256e-20)
(1.26648 -0.190614 4.76631e-21)
(1.2791 -0.182421 -4.50636e-20)
(1.28133 -0.169424 1.76523e-20)
(1.27691 -0.153541 -3.26443e-21)
(1.26874 -0.136171 -1.18441e-20)
(1.25891 -0.118368 -7.71115e-21)
(1.24881 -0.100764 4.37705e-21)
(1.23924 -0.0836663 -2.4517e-21)
(1.23077 -0.0671859 1.97306e-21)
(1.2234 -0.0513344 -8.95957e-22)
(0.131179 0.0148446 2.86301e-20)
(0.354887 0.0114894 -2.77536e-20)
(0.558021 -0.0199749 1.61178e-19)
(0.736472 -0.0561668 -1.66937e-19)
(0.889883 -0.0962901 8.57694e-20)
(1.01568 -0.130204 -2.96881e-20)
(1.11432 -0.157511 -3.88731e-20)
(1.1867 -0.17486 1.83112e-21)
(1.23585 -0.183238 4.43673e-21)
(1.26546 -0.182999 -8.96018e-21)
(1.27995 -0.176137 6.1877e-20)
(1.28355 -0.164313 -4.79156e-21)
(1.28002 -0.149407 8.26818e-21)
(1.27237 -0.13282 2.80196e-21)
(1.26279 -0.115642 3.31023e-20)
(1.25275 -0.098541 1.35387e-20)
(1.24315 -0.0818775 1.42837e-20)
(1.2346 -0.0657798 -1.92537e-21)
(1.22716 -0.050327 -3.80192e-21)
(0.126727 0.0166956 -3.45889e-20)
(0.345242 0.0166478 -4.51958e-20)
(0.545516 -0.0120431 -1.6111e-19)
(0.722905 -0.0461909 1.05286e-19)
(0.876729 -0.0851103 -3.73263e-21)
(1.00404 -0.118639 4.24009e-20)
(1.10495 -0.146286 -3.36728e-20)
(1.17997 -0.164517 1.74997e-20)
(1.23178 -0.174115 8.5626e-21)
(1.2638 -0.175228 -2.56669e-20)
(1.28028 -0.169689 -3.14616e-20)
(1.28535 -0.15905 -5.0292e-20)
(1.28284 -0.145142 1.06217e-20)
(1.27579 -0.129363 -4.82924e-21)
(1.2665 -0.112832 -2.02189e-20)
(1.25657 -0.0962547 5.33757e-21)
(1.24696 -0.0800418 -5.82939e-21)
(1.23835 -0.0643409 7.4397e-23)
(1.23084 -0.0492983 -3.52871e-21)
(1.22468 -0.0345964 -2.43209e-21)
(0.122258 0.0183871 -2.83627e-20)
(0.335474 0.0214857 -1.75925e-20)
(0.532747 -0.00447946 3.28391e-20)
(0.708917 -0.0365606 2.94255e-20)
(0.863003 -0.0741985 5.75597e-20)
(0.991709 -0.10724 -7.26706e-20)
(1.09482 -0.135118 6.72264e-20)
(1.17246 -0.154136 -2.5659e-20)
(1.22698 -0.164886 4.0224e-20)
(1.26149 -0.167311 1.03746e-20)
(1.28005 -0.163082 -1.02315e-20)
(1.28673 -0.153635 6.69386e-20)
(1.28532 -0.140745 -2.67476e-20)
(1.27896 -0.125799 5.0494e-21)
(1.27004 -0.109938 2.7359e-21)
(1.26025 -0.0939038 -2.25353e-20)
(1.25066 -0.0781578 4.4149e-22)
(1.242 -0.0628674 7.61578e-21)
(1.23443 -0.048246 -2.34001e-21)
(1.22818 -0.0339529 1.24427e-20)
(0.117781 0.0199202 1.41693e-19)
(0.325607 0.0260007 1.84112e-19)
(0.519742 0.00270773 7.20319e-20)
(0.694534 -0.0272906 -8.88999e-20)
(0.84873 -0.0635747 -6.09747e-21)
(0.978705 -0.0960282 3.05904e-20)
(1.08394 -0.124029 -1.27165e-19)
(1.16417 -0.143737 6.53979e-20)
(1.22142 -0.155563 -6.15e-20)
(1.2585 -0.159256 -4.73132e-20)
(1.27926 -0.15632 2.71308e-20)
(1.28764 -0.14807 -2.74634e-20)
(1.28745 -0.136215 -1.0818e-20)
(1.28187 -0.122124 2.52139e-21)
(1.27339 -0.106957 -6.74929e-21)
(1.2638 -0.0914864 -6.70926e-21)
(1.25426 -0.0762238 -4.124e-21)
(1.24556 -0.0613575 -1.05725e-20)
(1.23792 -0.0471682 3.38422e-21)
(1.23159 -0.0332927 9.3468e-21)
(0.113306 0.0212963 -1.30346e-19)
(0.31566 0.0301918 -7.45279e-20)
(0.506526 0.00951163 -1.43773e-21)
(0.679787 -0.0183941 5.02642e-20)
(0.833936 -0.0532576 -6.38248e-20)
(0.965046 -0.0850269 -7.91791e-20)
(1.07231 -0.113041 2.46799e-20)
(1.1551 -0.13334 -1.75382e-20)
(1.2151 -0.146164 4.01364e-20)
(1.25481 -0.151074 2.19747e-20)
(1.27786 -0.149409 -3.49567e-20)
(1.28807 -0.142356 4.72955e-20)
(1.28921 -0.131551 2.30794e-20)
(1.2845 -0.118337 -2.0925e-20)
(1.27653 -0.103886 -2.26739e-20)
(1.2672 -0.0890003 4.11134e-20)
(1.25774 -0.0742377 -2.04821e-20)
(1.24902 -0.0598089 8.62686e-21)
(1.24133 -0.0460623 2.99828e-20)
(1.2349 -0.0326111 -2.51493e-20)
(0.108842 0.0225173 1.15594e-19)
(0.305656 0.0340588 7.71391e-21)
(0.493129 0.0159267 -3.15778e-20)
(0.664705 -0.0098829 -4.28711e-20)
(0.818648 -0.0432647 -1.47364e-19)
(0.950752 -0.0742571 6.50611e-20)
(1.05994 -0.102177 4.49169e-20)
(1.14524 -0.122964 -2.73882e-21)
(1.208 -0.136703 5.19879e-21)
(1.2504 -0.142776 9.7705e-20)
(1.27583 -0.142353 5.7596e-20)
(1.28798 -0.136494 -9.80542e-20)
(1.29056 -0.126751 -2.78315e-20)
(1.28683 -0.114435 3.14931e-20)
(1.27946 -0.100724 -1.10814e-20)
(1.27043 -0.0864431 8.69576e-22)
(1.26109 -0.0721976 2.73356e-20)
(1.25238 -0.0582193 -3.24341e-21)
(1.24463 -0.044926 -2.64932e-20)
(1.23813 -0.0319037 2.48325e-20)
(0.104398 0.0235856 -7.3319e-20)
(0.295614 0.0376027 -3.61679e-20)
(0.479578 0.021949 -1.26035e-20)
(0.649318 -0.00176749 -2.20148e-20)
(0.802894 -0.0336126 1.37509e-19)
(0.935844 -0.0637394 1.34798e-19)
(1.04684 -0.0914578 3.34002e-20)
(1.13459 -0.11263 -9.21328e-20)
(1.2001 -0.127198 1.30941e-19)
(1.24524 -0.134373 -8.84406e-20)
(1.27315 -0.13516 2.3379e-20)
(1.28734 -0.130486 4.9005e-21)
(1.29148 -0.121815 2.40018e-20)
(1.28884 -0.110416 7.65689e-21)
(1.28215 -0.0974665 8.85318e-20)
(1.27349 -0.083812 1.61564e-22)
(1.26431 -0.0701007 1.25435e-20)
(1.25562 -0.0565863 1.50473e-20)
(1.24784 -0.0437566 1.24374e-20)
(1.24125 -0.0311658 -3.28197e-20)
(0.0999837 0.0245041 8.15685e-20)
(0.285556 0.0408254 -2.79173e-20)
(0.4659 0.0275756 3.10606e-20)
(0.633657 0.00594319 -1.99555e-20)
(0.786704 -0.0243164 1.21816e-19)
(0.920345 -0.0534936 -1.76641e-19)
(1.03303 -0.0809064 3.62745e-20)
(1.12315 -0.10236 1.01119e-20)
(1.1914 -0.117665 -5.42633e-20)
(1.23931 -0.125876 -5.10635e-20)
(1.26978 -0.127837 -1.07707e-19)
(1.28613 -0.124335 3.55898e-20)
(1.29194 -0.116742 -9.15088e-20)
(1.29049 -0.106278 -1.07804e-20)
(1.28457 -0.0941114 -1.60396e-20)
(1.27635 -0.0811041 -1.13909e-20)
(1.26738 -0.0679445 -1.24072e-20)
(1.25875 -0.054907 -3.43611e-21)
(1.25094 -0.0425514 5.40595e-22)
(1.24427 -0.0303931 -5.18368e-22)
(0.0956062 0.0252759 -3.15103e-20)
(0.275501 0.0437299 6.49122e-20)
(0.452124 0.0328053 1.22991e-19)
(0.617754 0.0132417 3.00273e-20)
(0.770107 -0.01539 -1.18819e-19)
(0.904281 -0.0435385 -1.04219e-20)
(1.01853 -0.0705436 5.43038e-20)
(1.11093 -0.0921732 7.52245e-20)
(1.18189 -0.108124 4.57764e-20)
(1.2326 -0.117301 -2.62213e-20)
(1.2657 -0.120391 1.03587e-19)
(1.28431 -0.118044 1.29926e-20)
(1.29191 -0.111532 5.82197e-20)
(1.29177 -0.102018 4.1142e-20)
(1.28672 -0.0906551 -3.09113e-20)
(1.27901 -0.0783161 -1.96073e-20)
(1.2703 -0.0657259 -4.33104e-21)
(1.26175 -0.0531786 -6.64331e-20)
(1.25393 -0.0413076 3.06426e-21)
(1.24719 -0.0295811 3.19964e-20)
(0.091274 0.0259048 -1.08964e-19)
(0.265468 0.0463203 3.93712e-20)
(0.438275 0.0376381 -9.38673e-20)
(0.601639 0.0201221 2.79246e-20)
(0.753136 -0.00684599 -9.03462e-20)
(0.887679 -0.0338921 1.31056e-19)
(1.00334 -0.0603907 -1.32298e-19)
(1.09793 -0.082092 -8.36815e-20)
(1.17156 -0.0985917 -1.44201e-19)
(1.22509 -0.108661 1.35622e-19)
(1.26088 -0.112831 -1.33518e-19)
(1.28185 -0.111618 -6.05811e-20)
(1.29136 -0.106185 8.65457e-20)
(1.29264 -0.0976344 -6.53235e-21)
(1.28856 -0.0870944 2.99097e-20)
(1.28144 -0.0754444 -7.63412e-22)
(1.27306 -0.0634414 2.71179e-20)
(1.26462 -0.0513979 5.97981e-20)
(1.25681 -0.0400221 -3.02198e-20)
(1.25 -0.0287259 5.50741e-21)
(0.0869951 0.0263945 -1.43396e-19)
(0.255478 0.0486013 8.41653e-20)
(0.424383 0.0420753 4.54942e-20)
(0.585346 0.0265798 9.61918e-21)
(0.735822 0.0013047 1.03808e-19)
(0.870567 -0.024571 -1.40115e-19)
(0.987495 -0.050468 5.23001e-20)
(1.08417 -0.0721374 2.02122e-19)
(1.1604 -0.0890885 -5.2645e-20)
(1.21675 -0.0999707 -9.98631e-21)
(1.2553 -0.105168 9.16434e-20)
(1.27872 -0.105061 4.88556e-21)
(1.29026 -0.100702 -5.98326e-20)
(1.29307 -0.0931246 -1.20225e-19)
(1.29006 -0.0834256 -3.16923e-20)
(1.28363 -0.0724853 1.99655e-20)
(1.27562 -0.0610875 -5.91934e-20)
(1.26735 -0.0495617 -3.76925e-20)
(1.25957 -0.0386916 1.8261e-20)
(1.2527 -0.0278234 -3.81725e-20)
(0.0827765 0.0267496 2.42788e-20)
(0.245547 0.0505789 -1.28563e-19)
(0.410471 0.0461195 3.2257e-21)
(0.568904 0.0326121 -3.19189e-22)
(0.718198 0.00905247 2.31506e-20)
(0.852975 -0.015591 8.37619e-20)
(0.971014 -0.0407952 6.43168e-21)
(1.06965 -0.0623305 -9.56857e-20)
(1.14842 -0.079634 -3.32154e-20)
(1.20758 -0.0912465 9.12691e-20)
(1.24892 -0.0974128 -5.25144e-20)
(1.27489 -0.0983782 2.35532e-20)
(1.28856 -0.095084 -7.83222e-21)
(1.29303 -0.0884869 1.6539e-20)
(1.29121 -0.0796454 1.57328e-20)
(1.28555 -0.0694348 2.78171e-21)
(1.278 -0.0586601 4.26815e-20)
(1.26992 -0.0476663 2.31804e-20)
(1.26221 -0.0373128 -4.52605e-21)
(1.25529 -0.0268695 -6.61683e-21)
(0.0786254 0.0269746 2.4571e-19)
(0.235695 0.0522598 1.86123e-19)
(0.396568 0.0497747 1.68855e-20)
(0.552347 0.0382176 -1.71396e-19)
(0.700299 0.0163893 -1.44344e-19)
(0.834934 -0.00696627 2.48796e-20)
(0.953919 -0.0313915 3.09932e-20)
(1.05438 -0.0526925 -1.14524e-19)
(1.13561 -0.0702482 1.63787e-19)
(1.19756 -0.0825053 -4.74811e-20)
(1.24173 -0.0895764 2.93783e-20)
(1.27032 -0.0915771 7.51993e-20)
(1.28623 -0.0893327 -5.43322e-20)
(1.29248 -0.0837199 -9.03856e-21)
(1.29197 -0.0757502 2.5216e-20)
(1.28718 -0.0662887 -2.65948e-20)
(1.28015 -0.056155 5.57237e-20)
(1.27233 -0.0457081 2.39888e-20)
(1.26472 -0.035882 -2.23889e-21)
(1.25776 -0.0258605 3.97456e-20)
(0.0745483 0.0270745 -2.83363e-20)
(0.225937 0.0536513 -2.41007e-19)
(0.382697 0.0530461 -1.6226e-19)
(0.535704 0.0433962 1.5652e-21)
(0.682158 0.0233085 -3.40248e-20)
(0.816477 0.00129004 -7.63695e-20)
(0.936239 -0.022275 -4.44335e-20)
(1.03838 -0.0432442 1.36865e-19)
(1.12197 -0.0609519 9.62341e-20)
(1.18667 -0.0737647 -9.37745e-20)
(1.23369 -0.0816724 7.00975e-20)
(1.26498 -0.0846651 -1.48244e-19)
(1.28325 -0.0834511 -1.11615e-20)
(1.29139 -0.0788226 5.49792e-20)
(1.2923 -0.0717367 -4.70628e-20)
(1.28848 -0.0630428 -6.13357e-21)
(1.28207 -0.0535677 -1.27143e-19)
(1.27456 -0.0436829 -1.35988e-20)
(1.26709 -0.0343951 -1.94133e-20)
(1.26011 -0.0247926 6.46051e-21)
(0.0705514 0.0270545 -9.6483e-20)
(0.216291 0.0547618 1.90585e-19)
(0.368884 0.05594 -1.64905e-20)
(0.519007 0.0481497 -2.18187e-20)
(0.663808 0.0298054 2.75794e-19)
(0.797637 0.00916635 1.04367e-19)
(0.918001 -0.013463 1.31087e-19)
(1.02168 -0.034006 -1.16914e-19)
(1.10752 -0.0517659 -1.74724e-19)
(1.17492 -0.0650432 4.85099e-20)
(1.2248 -0.0737148 -1.41871e-19)
(1.25884 -0.0776511 1.57553e-19)
(1.27955 -0.0774428 -1.77703e-20)
(1.28971 -0.0737946 3.6978e-20)
(1.29217 -0.0676017 2.35838e-20)
(1.28944 -0.0596926 4.69496e-20)
(1.28373 -0.0508931 5.77703e-20)
(1.27659 -0.0415867 3.64687e-20)
(1.26931 -0.0328478 3.66989e-21)
(1.26233 -0.0236619 -2.60469e-20)
(0.0666403 0.02692 6.0851e-20)
(0.206771 0.0556002 1.11086e-20)
(0.355152 0.058464 1.83174e-19)
(0.502287 0.0524811 2.75646e-19)
(0.645286 0.0358764 -2.12904e-19)
(0.778449 0.0166525 1.06418e-19)
(0.899236 -0.00497141 1.05949e-19)
(1.00429 -0.0249979 4.27503e-20)
(1.09226 -0.0427112 1.16946e-19)
(1.16229 -0.0563602 -4.85728e-20)
(1.21502 -0.065719 1.85427e-19)
(1.25186 -0.070545 -2.89241e-20)
(1.27512 -0.0713126 1.5765e-19)
(1.28742 -0.0686363 -4.80686e-20)
(1.29155 -0.0633425 2.66324e-20)
(1.29001 -0.056234 1.08521e-20)
(1.2851 -0.0481263 2.42024e-20)
(1.27841 -0.0394149 -3.10063e-20)
(1.27137 -0.0312355 -2.48747e-20)
(1.26441 -0.0224651 5.53717e-21)
(0.0628205 0.0266767 -1.58337e-19)
(0.197393 0.0561763 -7.28361e-20)
(0.341525 0.0606265 5.4312e-20)
(0.485574 0.0563948 2.65249e-21)
(0.626624 0.0415199 1.40043e-19)
(0.758949 0.0237397 7.62463e-20)
(0.879975 0.00318464 -4.45708e-19)
(0.98623 -0.0162393 7.6322e-21)
(1.0762 -0.033809 -1.51037e-19)
(1.14878 -0.0477354 -4.37529e-20)
(1.20434 -0.0577011 9.31929e-20)
(1.24403 -0.0633581 -6.26757e-20)
(1.26991 -0.0650663 -1.74361e-20)
(1.28446 -0.0633488 -5.50006e-20)
(1.29038 -0.0589566 -3.07826e-20)
(1.29017 -0.0526626 -8.5941e-20)
(1.28616 -0.0452619 7.28604e-21)
(1.28 -0.0371631 2.35906e-20)
(1.27326 -0.0295529 5.08445e-20)
(1.26634 -0.0211984 1.65041e-21)
(0.0590967 0.0263305 1.92008e-19)
(0.188171 0.0565004 1.34004e-19)
(0.328025 0.0624374 -1.24881e-19)
(0.468896 0.0598969 -1.08176e-19)
(0.607858 0.0467356 5.31983e-21)
(0.739172 0.030421 -6.09036e-20)
(0.860253 0.0109915 1.6886e-19)
(0.967536 -0.00774869 -6.67548e-20)
(1.05936 -0.0250801 7.53462e-20)
(1.13439 -0.0391896 3.45025e-20)
(1.19275 -0.0496788 -1.70009e-20)
(1.2353 -0.0561031 1.28608e-20)
(1.26388 -0.0587112 -8.57786e-20)
(1.28079 -0.0579342 1.08045e-19)
(1.28863 -0.0544421 -2.15369e-20)
(1.28987 -0.0489745 1.40241e-19)
(1.28688 -0.0422943 -6.83975e-20)
(1.28132 -0.0348265 -2.06324e-20)
(1.27497 -0.0277943 3.98623e-21)
(1.26811 -0.0198587 -5.45231e-20)
(0.0554735 0.0258874 1.55224e-19)
(0.179117 0.0565832 -3.81143e-19)
(0.314673 0.0639072 -9.45555e-20)
(0.452283 0.0629944 -1.07377e-19)
(0.589021 0.0515249 -1.27057e-19)
(0.719156 0.0366908 -1.11896e-19)
(0.840104 0.0184367 2.65466e-19)
(0.948233 0.000456018 4.6566e-20)
(1.04176 -0.0165456 -1.67355e-20)
(1.11913 -0.0307435 1.281e-20)
(1.18022 -0.0416702 -2.51692e-19)
(1.22565 -0.0487938 1.28873e-19)
(1.257 -0.0522555 -6.95682e-20)
(1.27637 -0.0523958 -2.11989e-20)
(1.28626 -0.0497981 -2.36913e-20)
(1.28907 -0.045166 -1.98142e-19)
(1.28722 -0.039218 4.43898e-21)
(1.28236 -0.0324003 -4.20137e-21)
(1.27646 -0.0259534 -2.54511e-20)
(1.26971 -0.0184427 -9.51518e-22)
(0.051955 0.0253535 -2.80912e-19)
(0.170244 0.0564362 6.27507e-20)
(0.301488 0.0650474 -9.2154e-20)
(0.435762 0.0656959 3.07119e-19)
(0.570148 0.0558906 1.05162e-19)
(0.698937 0.0425451 2.53059e-19)
(0.819564 0.0255094 -2.38397e-19)
(0.928352 0.00835805 4.57614e-20)
(1.02341 -0.00822573 -4.80993e-20)
(1.103 -0.0224185 -2.00972e-19)
(1.16676 -0.033695 7.66702e-20)
(1.21506 -0.0414454 -2.06819e-19)
(1.24922 -0.0457092 1.04273e-19)
(1.27115 -0.0467381 -4.51512e-20)
(1.28321 -0.0450242 -5.19558e-20)
(1.28772 -0.0412337 9.38749e-20)
(1.28713 -0.0360274 2.08128e-20)
(1.28308 -0.0298796 2.28332e-21)
(1.27773 -0.0240233 3.88896e-20)
(1.27111 -0.0169477 1.19436e-19)
(0.0485447 0.0247353 -1.45118e-19)
(0.161562 0.0560713 6.08139e-20)
(0.288491 0.0658705 2.1872e-19)
(0.41936 0.0680111 -2.73704e-19)
(0.551271 0.0598373 9.99428e-20)
(0.678553 0.0479817 -2.9176e-19)
(0.798673 0.0322001 8.70706e-20)
(0.907926 0.0159417 -4.90989e-20)
(1.00434 -0.000140664 5.54284e-20)
(1.08601 -0.0142364 7.03162e-20)
(1.15236 -0.0257734 1.4719e-19)
(1.2035 -0.0340746 2.54195e-19)
(1.24052 -0.0390837 -3.83446e-20)
(1.26509 -0.0409668 7.68355e-20)
(1.27944 -0.0401212 1.53163e-19)
(1.28579 -0.0371752 1.03465e-19)
(1.28659 -0.032717 2.98982e-20)
(1.28345 -0.0272597 1.43881e-20)
(1.27875 -0.0219962 2.2591e-20)
(1.2723 -0.0153717 2.22716e-20)
(0.0452458 0.0240391 3.3154e-19)
(0.153083 0.0555006 1.72758e-19)
(0.275699 0.0663897 6.18361e-20)
(0.403103 0.0699509 9.67491e-20)
(0.532423 0.0633707 1.38535e-19)
(0.658041 0.0529998 1.37689e-19)
(0.777467 0.0385008 -1.41803e-19)
(0.886992 0.0231924 -1.83277e-20)
(0.984572 0.00769023 -8.1913e-20)
(1.06817 -0.00621861 1.1783e-20)
(1.13702 -0.0179264 -1.15012e-19)
(1.19095 -0.0266994 -2.77715e-20)
(1.23085 -0.032392 1.29804e-20)
(1.25815 -0.0350894 7.94275e-21)
(1.2749 -0.0350912 -1.44329e-19)
(1.28321 -0.0329886 -1.88847e-19)
(1.28554 -0.0292815 -3.29317e-20)
(1.28343 -0.0245361 -5.19145e-20)
(1.27949 -0.0198636 -2.77327e-20)
(1.27326 -0.0137134 -2.6588e-20)
(0.042061 0.0232713 -2.63844e-19)
(0.144816 0.0547368 -2.38262e-19)
(0.26313 0.0666188 -1.04736e-19)
(0.387015 0.0715273 1.75839e-19)
(0.513635 0.0664982 -1.67613e-19)
(0.637438 0.0576003 -1.21689e-19)
(0.755987 0.0444052 1.03118e-19)
(0.865586 0.0300969 3.94239e-20)
(0.964144 0.0152483 1.92296e-19)
(1.04951 0.00161307 2.72906e-19)
(1.12072 -0.0101759 1.11113e-19)
(1.17741 -0.0193387 -1.98392e-19)
(1.22019 -0.0256486 8.63566e-20)
(1.25027 -0.0291149 -1.48381e-19)
(1.26953 -0.0299376 6.16505e-21)
(1.27994 -0.028673 1.46483e-19)
(1.28393 -0.0257161 -4.97841e-20)
(1.28298 -0.0217044 -5.33078e-21)
(1.27992 -0.017616 -8.09995e-21)
(1.27395 -0.0119731 -8.05328e-20)
(0.0389928 0.0224386 2.05476e-19)
(0.13677 0.0537929 -1.53448e-19)
(0.250798 0.0665723 -1.43122e-19)
(0.37112 0.0727532 -3.52842e-19)
(0.494939 0.0692283 -1.95685e-19)
(0.616781 0.0617856 8.57813e-20)
(0.734273 0.0499086 -1.00225e-19)
(0.843747 0.0366434 -3.33675e-20)
(0.943087 0.0225158 1.98224e-20)
(1.03004 0.00923727 -1.80262e-19)
(1.1035 -0.0025441 -1.85536e-19)
(1.16286 -0.0120132 2.06486e-19)
(1.2085 -0.0188698 -1.70847e-19)
(1.24141 -0.0230539 9.83994e-20)
(1.26328 -0.0246652 1.18123e-19)
(1.27592 -0.0242287 -3.59648e-20)
(1.28171 -0.0220166 6.55181e-20)
(1.28204 -0.0187609 3.90843e-20)
(1.28 -0.0152429 -1.50337e-21)
(1.27435 -0.0101533 4.41065e-20)
(0.036043 0.0215474 1.97767e-19)
(0.128951 0.0526819 4.94104e-19)
(0.238718 0.0662654 2.10921e-19)
(0.35544 0.0736424 1.246e-19)
(0.476365 0.071571 1.28262e-19)
(0.596107 0.0655599 6.15149e-20)
(0.712366 0.0550078 -1.373e-19)
(0.821516 0.0428216 1.46486e-19)
(0.921436 0.0294761 5.09725e-20)
(1.0098 0.0166329 8.73256e-20)
(1.08534 0.00494622 1.11793e-19)
(1.14728 -0.00474416 -1.5831e-19)
(1.19577 -0.0120733 1.04687e-19)
(1.23154 -0.0169192 -6.04377e-20)
(1.2561 -0.0192808 -6.35241e-20)
(1.27108 -0.0196573 8.67757e-20)
(1.27882 -0.0181795 8.17604e-22)
(1.28058 -0.0157022 -8.24121e-21)
(1.27969 -0.0127327 2.36272e-20)
(1.27441 -0.00825943 3.43057e-20)
(0.0332131 0.0206045 1.18898e-20)
(0.121367 0.0514173 -7.32461e-21)
(0.226904 0.0657135 6.18056e-20)
(0.339995 0.0742098 2.59013e-20)
(0.457941 0.0735373 -1.33375e-19)
(0.575451 0.0689286 -1.73898e-19)
(0.690305 0.0597013 3.4631e-19)
(0.798937 0.0486225 -4.21325e-20)
(0.89923 0.0361136 -1.09233e-19)
(0.988806 0.0237796 1.09021e-20)
(1.06628 0.0122722 -2.52808e-19)
(1.13069 0.00244582 8.97705e-20)
(1.18196 -0.00527854 2.7281e-20)
(1.22062 -0.010725 -2.88712e-20)
(1.24793 -0.013793 -7.44604e-20)
(1.26538 -0.014962 -1.5897e-19)
(1.2752 -0.0142026 -8.82777e-20)
(1.27853 -0.0125259 -2.91408e-20)
(1.27893 -0.0100729 -1.07165e-19)
(1.2741 -0.00630152 4.835e-20)
(0.0305043 0.0196162 -1.9975e-19)
(0.114023 0.0500124 -3.79973e-19)
(0.215367 0.0649326 3.64154e-20)
(0.324806 0.0744706 1.69737e-19)
(0.439695 0.0751394 1.22249e-19)
(0.554849 0.0718986 1.57411e-20)
(0.668134 0.0639893 -2.6903e-19)
(0.776051 0.054039 -2.37722e-20)
(0.876509 0.042414 -2.68339e-20)
(0.967096 0.0306575 7.02007e-20)
(1.04633 0.0194108 2.24919e-19)
(1.11308 0.00953346 -9.2854e-20)
(1.16707 0.00149349 6.43953e-20)
(1.20861 -0.00448782 1.50843e-19)
(1.23873 -0.0082122 1.78169e-19)
(1.25876 -0.0101476 1.01187e-19)
(1.27078 -0.0100847 1.10216e-19)
(1.27584 -0.00923036 -1.25165e-20)
(1.27768 -0.00724967 1.74685e-19)
(1.27337 -0.0042953 -3.90521e-20)
(0.0279173 0.0185892 -2.21529e-19)
(0.106924 0.0484809 2.34769e-19)
(0.204119 0.0639391 -1.74887e-19)
(0.309891 0.0744412 -2.44125e-19)
(0.421654 0.0763905 1.41822e-19)
(0.534335 0.0744782 2.12245e-19)
(0.645891 0.0678735 8.18874e-20)
(0.752903 0.0590654 1.20231e-20)
(0.853318 0.0483644 2.00607e-20)
(0.944707 0.0372476 -3.38791e-19)
(1.02551 0.0263392 -2.27952e-19)
(1.09446 0.0164948 -9.03563e-20)
(1.15108 0.00822047 -9.57447e-20)
(1.19547 0.00177409 -7.6807e-21)
(1.22845 -0.00255133 -6.38108e-20)
(1.25114 -0.00522108 -2.27927e-21)
(1.2655 -0.00582664 -4.42561e-20)
(1.27243 -0.00581483 8.48703e-20)
(1.27586 -0.00424812 -1.1138e-19)
(1.27217 -0.00226481 -1.16933e-19)
(0.0254524 0.0175299 2.72095e-19)
(0.100074 0.0468362 -8.60556e-20)
(0.19317 0.0627493 8.78425e-20)
(0.295266 0.0741379 6.60188e-20)
(0.403841 0.0773048 -3.86159e-19)
(0.513942 0.076677 -1.51288e-19)
(0.623617 0.0713572 1.68592e-20)
(0.729539 0.0636977 1.22387e-19)
(0.829701 0.0539536 -6.39731e-20)
(0.92168 0.0435323 3.48943e-19)
(1.00385 0.033035 1.3132e-19)
(1.07484 0.0233053 1.50811e-19)
(1.13398 0.0148787 -9.85175e-21)
(1.18118 0.00804053 -3.53935e-20)
(1.21703 0.00317464 -1.01857e-19)
(1.24248 -0.000191203 2.15284e-20)
(1.25929 -0.00143097 1.08985e-19)
(1.26825 -0.0022795 -1.02595e-19)
(1.2734 -0.0010526 5.90677e-20)
(0.0231096 0.0164448 -1.92509e-19)
(0.0934766 0.0450919 4.82975e-21)
(0.182526 0.0613799 -2.92395e-19)
(0.280947 0.0735781 -4.27054e-21)
(0.386282 0.0778972 1.0819e-19)
(0.493703 0.0785057 -3.1702e-20)
(0.601354 0.0744453 -2.9353e-20)
(0.706003 0.0679337 -1.75252e-19)
(0.805707 0.0591717 -6.43571e-20)
(0.898058 0.0494947 -2.51748e-19)
(0.981395 0.0394763 -4.73668e-20)
(1.05424 0.0299403 -1.97382e-19)
(1.11578 0.0214435 3.99042e-20)
(1.16573 0.0142895 1.30661e-20)
(1.20445 0.00894838 4.6801e-20)
(1.23271 0.00493086 -1.47025e-19)
(1.25208 0.00309725 -6.21096e-20)
(1.26323 0.00137468 2.52349e-20)
(1.27023 0.00235271 -7.82547e-20)
(0.0208885 0.0153401 2.8535e-19)
(0.0871331 0.0432615 -6.53747e-20)
(0.172197 0.0598476 2.11231e-19)
(0.266949 0.072779 2.13864e-19)
(0.368998 0.0781833 1.71753e-19)
(0.473649 0.0799763 1.16629e-19)
(0.579139 0.0771438 2.74766e-19)
(0.682343 0.0717726 -1.28356e-19)
(0.781384 0.0640106 -1.21415e-21)
(0.873889 0.0551196 2.56802e-19)
(0.958176 0.0456418 1.33935e-19)
(1.03269 0.0363749 2.87238e-19)
(1.09648 0.027889 8.24452e-21)
(1.14908 0.0204972 -1.7365e-19)
(1.19065 0.0147502 -5.22579e-20)
(1.22177 0.0101316 1.86328e-19)
(1.24379 0.00775019 1.97805e-20)
(1.25729 0.00514671 7.22556e-20)
(1.26623 0.00598289 -2.32447e-20)
(0.0187883 0.0142221 -3.77884e-19)
(0.0810453 0.0413582 -6.32489e-20)
(0.162187 0.0581692 9.1467e-20)
(0.253282 0.0717583 -1.0014e-19)
(0.352009 0.0781794 -1.34331e-19)
(0.453809 0.0811015 -2.28911e-19)
(0.557013 0.0794605 -1.96642e-19)
(0.658604 0.0752155 1.73035e-19)
(0.756782 0.0684637 7.69623e-20)
(0.849223 0.0603932 -2.18982e-19)
(0.934239 0.0515114 -6.89395e-20)
(1.01022 0.0425846 -1.36967e-19)
(1.07609 0.0341888 -8.38116e-20)
(1.13125 0.0266383 1.87887e-19)
(1.17561 0.0205581 1.01796e-19)
(1.20963 0.0153951 -8.89478e-20)
(1.23435 0.0125169 -6.44407e-21)
(1.25037 0.00903635 -5.74729e-20)
(1.26129 0.00985081 1.18028e-20)
(0.0168081 0.013097 7.13206e-20)
(0.0752137 0.0393954 3.23541e-19)
(0.152502 0.0563615 -8.96529e-20)
(0.23996 0.0705341 1.02017e-19)
(0.335337 0.0779024 -2.33494e-19)
(0.434212 0.0818953 -4.92036e-20)
(0.535012 0.0814042 2.05831e-19)
(0.634831 0.0782649 2.12792e-20)
(0.731953 0.0725264 9.92848e-20)
(0.824112 0.0653031 -6.56197e-20)
(0.909631 0.057066 5.4801e-20)
(0.986862 0.0485452 -1.52751e-20)
(1.05464 0.0403159 -6.24009e-20)
(1.11221 0.0326861 -1.78873e-19)
(1.15931 0.0263478 -1.06821e-19)
(1.19622 0.0207028 -4.31093e-20)
(1.2237 0.0173827 7.71273e-21)
(1.24239 0.0130439 5.58851e-20)
(0.0149465 0.0119707 3.1882e-19)
(0.0696379 0.0373859 -1.95987e-19)
(0.143145 0.054441 3.09571e-20)
(0.226991 0.0691243 -2.14327e-19)
(0.318997 0.0773693 5.11914e-19)
(0.414885 0.082372 1.73556e-19)
(0.513173 0.082985 -2.7154e-19)
(0.611072 0.0809249 -7.72805e-20)
(0.706949 0.0761955 2.87965e-21)
(0.798612 0.0698388 1.66548e-20)
(0.884406 0.0622878 -1.31473e-19)
(0.962667 0.0542331 6.0428e-20)
(1.03215 0.0462431 1.20535e-19)
(1.09199 0.0386128 1.69889e-19)
(1.14172 0.0320929 5.6822e-20)
(1.1815 0.0260336 -4.68211e-20)
(1.21178 0.0223295 -2.49994e-20)
(1.23327 0.0171673 -7.25103e-20)
(0.0132015 0.0108488 -3.94983e-19)
(0.0643167 0.0353421 5.83985e-22)
(0.134118 0.0524237 -1.88028e-19)
(0.214385 0.0675464 1.02435e-20)
(0.303007 0.0765975 -4.43703e-19)
(0.395853 0.0825469 1.90339e-20)
(0.491531 0.084214 4.3395e-20)
(0.587369 0.083201 -4.59275e-20)
(0.681824 0.0794697 5.52978e-20)
(0.772779 0.0739913 -2.21505e-22)
(0.858619 0.0671605 3.70482e-20)
(0.937681 0.0596257 3.14589e-20)
(1.00865 0.0519435 -3.26601e-20)
(1.07059 0.0443893 -2.54087e-20)
(1.12284 0.0377653 -4.17101e-20)
(1.16545 0.0313638 1.51022e-19)
(1.19852 0.0273357 7.03914e-20)
(1.22294 0.0214016 4.20441e-20)
(0.0115712 0.00973688 3.26692e-19)
(0.0592483 0.0332762 8.64112e-20)
(0.125425 0.0503255 1.38996e-19)
(0.202147 0.0658183 1.45909e-19)
(0.287381 0.0756043 3.53129e-19)
(0.377141 0.0824354 1.56639e-19)
(0.470122 0.0851032 -1.36232e-20)
(0.563769 0.0851 8.03098e-20)
(0.65663 0.0823492 -1.05535e-19)
(0.746672 0.0777535 1.81983e-19)
(0.832331 0.0716694 8.07701e-20)
(0.911958 0.0647016 3.9134e-20)
(0.9842 0.0573901 1.51519e-19)
(1.04804 0.0499865 2.75986e-20)
(1.10266 0.0433349 1.08031e-19)
(1.14802 0.0366671 -1.48564e-19)
(1.18387 0.0323766 -1.21936e-19)
(1.21131 0.0257359 -6.14105e-20)
(0.0100532 0.00864031 -3.70319e-19)
(0.0544301 0.0312001 3.2163e-20)
(0.117063 0.0481621 1.52112e-19)
(0.190285 0.0639573 -1.68054e-19)
(0.272133 0.0744075 -1.34647e-19)
(0.358771 0.0820538 -1.943e-19)
(0.448977 0.0856655 -9.00602e-20)
(0.540314 0.08663 -2.07837e-19)
(0.63142 0.084836 -9.13219e-21)
(0.720353 0.0811201 6.12318e-20)
(0.805604 0.0758016 -2.07807e-19)
(0.885558 0.0694406 9.84741e-20)
(0.958835 0.0625569 -3.51347e-20)
(1.02438 0.0553745 -9.79075e-20)
(1.0812 0.0487705 -1.07814e-19)
(1.12922 0.041915 1.63757e-21)
(1.16778 0.0374251 4.5833e-20)
(0.00864485 0.00756427 4.55693e-19)
(0.049859 0.0291252 -1.42744e-19)
(0.109035 0.0459485 -2.56858e-19)
(0.178803 0.0619806 2.27207e-19)
(0.257275 0.0730243 -1.17287e-19)
(0.340764 0.0814183 -1.8181e-20)
(0.428128 0.0859145 2.11865e-20)
(0.517047 0.0878003 4.44859e-20)
(0.606247 0.0869335 1.43326e-20)
(0.693881 0.0840877 -7.57762e-20)
(0.778505 0.079546 1.9245e-22)
(0.858547 0.0738241 -2.6412e-19)
(0.932617 0.0674188 -6.29038e-20)
(0.999632 0.0605235 -5.39176e-20)
(1.05847 0.0540398 -2.62431e-20)
(1.10902 0.0470765 3.68777e-20)
(1.15023 0.0424512 -8.70531e-21)
(0.00734337 0.00651367 -1.70879e-20)
(0.0455311 0.0270626 7.15172e-21)
(0.101337 0.0436995 1.69305e-19)
(0.167703 0.0599049 -2.21145e-19)
(0.242817 0.0714723 1.27615e-19)
(0.323139 0.0805454 1.73777e-19)
(0.407606 0.0858644 -1.08526e-19)
(0.494009 0.0886213 3.96976e-20)
(0.581164 0.0886467 -6.50431e-20)
(0.66732 0.0866544 -1.32045e-21)
(0.751102 0.0828933 4.09842e-20)
(0.830994 0.0778352 7.47334e-20)
(0.905611 0.0719518 -1.6416e-20)
(0.973863 0.0654044 1.35533e-19)
(1.03451 0.0591096 7.65318e-20)
(1.08744 0.0521191 4.04114e-20)
(1.13119 0.0474224 2.43196e-21)
(0.00614563 0.00549318 -1.66122e-19)
(0.0414419 0.0250226 2.91932e-20)
(0.0939675 0.0414289 3.30636e-20)
(0.15699 0.0577466 -1.17175e-19)
(0.228768 0.0697683 -1.30215e-19)
(0.305916 0.0794518 -3.78017e-20)
(0.387439 0.0855297 1.16014e-19)
(0.471241 0.0891041 5.09995e-20)
(0.556223 0.0899818 -2.78266e-20)
(0.640731 0.0888203 1.83012e-19)
(0.723465 0.0858362 8.93134e-20)
(0.802973 0.081459 -2.18538e-20)
(0.877887 0.0761334 -1.06475e-19)
(0.947131 0.0699885 -1.40648e-19)
(1.00936 0.0639469 -1.08402e-19)
(1.06448 0.0570084 4.15359e-20)
(1.11065 0.0523037 -7.45058e-21)
(0.00504831 0.00450724 -1.83288e-19)
(0.0375866 0.0230153 -9.33209e-20)
(0.0869239 0.0391504 -9.5909e-20)
(0.146663 0.0555212 3.26254e-19)
(0.215137 0.0679292 1.69742e-19)
(0.289109 0.078154 2.19591e-19)
(0.367653 0.0849255 9.54892e-20)
(0.448781 0.0892608 1.94328e-20)
(0.531476 0.0909465 1.51748e-19)
(0.614179 0.0905871 -3.54255e-19)
(0.695668 0.0883695 -2.59096e-20)
(0.774562 0.0846825 -2.02116e-20)
(0.849523 0.079943 1.52986e-19)
(0.919504 0.0742483 9.90035e-21)
(0.983074 0.0685186 4.87338e-20)
(1.04019 0.0617092 -9.54526e-20)
(1.08861 0.0570579 2.78893e-20)
(0.00404786 0.00355996 2.20597e-19)
(0.0339596 0.02105 -3.71736e-20)
(0.0802021 0.0368766 -1.19391e-19)
(0.136724 0.053244 -1.60278e-19)
(0.201931 0.0659711 1.48382e-19)
(0.272736 0.0766682 -1.46065e-19)
(0.348276 0.084067 1.17791e-19)
(0.426667 0.089104 -4.35524e-20)
(0.506971 0.0915494 -1.67501e-19)
(0.587724 0.0919583 -1.02212e-20)
(0.667782 0.0904899 8.6775e-20)
(0.745841 0.0874948 2.3048e-19)
(0.820602 0.0833618 -1.12762e-19)
(0.891061 0.0781576 1.60843e-19)
(0.955718 0.0727922 -5.64082e-21)
(1.0146 0.0661856 1.23104e-19)
(1.06508 0.0616462 4.25886e-20)
(0.00314054 0.00265519 -6.74969e-21)
(0.0305549 0.0191353 8.44903e-20)
(0.0737976 0.0346196 1.71038e-19)
(0.127172 0.0509291 -8.59755e-20)
(0.189155 0.0639097 -2.98405e-19)
(0.25681 0.0750105 1.36939e-19)
(0.329331 0.0829695 -3.18623e-19)
(0.404935 0.0886471 1.96883e-19)
(0.482759 0.0918004 9.28341e-20)
(0.56143 0.0929386 -2.82629e-20)
(0.639884 0.0921958 -8.41407e-20)
(0.716895 0.0898872 2.77884e-20)
(0.791213 0.0863731 1.29058e-19)
(0.861889 0.0816923 -1.20144e-19)
(0.92737 0.0767365 -8.03893e-21)
(0.987768 0.0704013 -5.45108e-20)
(0.00232245 0.00179646 1.13933e-19)
(0.0273662 0.0172796 -4.7949e-20)
(0.0677052 0.0323907 2.83469e-20)
(0.118005 0.0485904 2.4205e-19)
(0.176814 0.06176 6.38214e-20)
(0.241343 0.0731967 -2.69353e-19)
(0.31084 0.0816481 1.52511e-19)
(0.38362 0.0879037 -1.41122e-19)
(0.458887 0.0917101 -7.08408e-20)
(0.535359 0.0935343 -7.59213e-20)
(0.612047 0.0934879 5.74667e-20)
(0.68781 0.0918531 -9.76173e-20)
(0.761448 0.0889626 -8.75035e-20)
(0.832081 0.0848299 1.22819e-19)
(0.898116 0.0803214 1.77938e-19)
(0.959772 0.0743205 1.74517e-20)
(0.0015895 0.000986998 -3.03508e-19)
(0.0243867 0.0154901 1.7758e-19)
(0.0619192 0.0302005 -1.27527e-19)
(0.10922 0.0462405 -2.7736e-19)
(0.164911 0.0595366 -9.48262e-20)
(0.226347 0.071242 4.85168e-20)
(0.292826 0.0801181 -1.81209e-20)
(0.362754 0.0868877 1.60093e-19)
(0.435402 0.0912901 2.15877e-19)
(0.509571 0.093753 1.99633e-19)
(0.584348 0.0943684 -8.98886e-20)
(0.658673 0.0933882 -1.2132e-19)
(0.731406 0.0911184 1.88269e-20)
(0.801738 0.0875504 -5.12925e-20)
(0.868056 0.083519 5.40421e-20)
(0.930694 0.0779084 2.08767e-20)
(0.000937485 0.000229684 -1.13947e-19)
(0.0216092 0.0137737 -1.48884e-19)
(0.0564335 0.0280585 8.66875e-20)
(0.100816 0.0438916 9.39958e-20)
(0.153449 0.057253 -5.43083e-20)
(0.211832 0.069161 -1.64598e-19)
(0.275308 0.0783944 -2.43991e-20)
(0.342371 0.0856133 -3.61593e-20)
(0.412349 0.0905524 -3.09752e-19)
(0.484126 0.0936036 1.16967e-19)
(0.55686 0.0948413 2.70022e-19)
(0.629574 0.0944904 4.73213e-20)
(0.701186 0.0928311 -6.76261e-20)
(0.770969 0.0898362 1.26719e-20)
(0.837298 0.0863036 -1.43566e-19)
(0.900634 0.0811314 -2.48067e-20)
(0.000362068 -0.000472936 1.06946e-19)
(0.0190265 0.0121365 -1.12429e-19)
(0.0512412 0.0259737 -9.59506e-20)
(0.0927891 0.0415548 8.23575e-20)
(0.14243 0.0549222 1.58091e-19)
(0.197807 0.0669679 6.03493e-20)
(0.258306 0.0764915 7.67438e-20)
(0.322499 0.0840947 -1.3842e-19)
(0.389772 0.0895098 9.66251e-20)
(0.459083 0.0930959 -1.61659e-19)
(0.529659 0.0949123 -1.97132e-19)
(0.600602 0.0951598 -1.79944e-20)
(0.670893 0.0940937 -3.97795e-20)
(0.739886 0.0916724 -1.29558e-19)
(0.805959 0.0886521 -6.37981e-20)
(0.869706 0.0839579 9.96054e-20)
(-0.000141189 -0.00111867 1.18015e-19)
(0.0166308 0.0105838 2.82639e-19)
(0.0463355 0.0239539 1.70494e-19)
(0.0851342 0.0392401 1.9553e-21)
(0.131855 0.0525562 -1.26129e-19)
(0.184282 0.0646762 -6.51669e-20)
(0.241835 0.0744237 1.71309e-19)
(0.303168 0.082346 -5.64591e-22)
(0.367713 0.0881753 -3.33733e-21)
(0.4345 0.0922407 1.77578e-19)
(0.502819 0.0945886 -1.11522e-19)
(0.571849 0.0953982 -8.10018e-20)
(0.640633 0.0949019 1.57073e-19)
(0.708607 0.0930469 6.23185e-20)
(0.774166 0.090544 1.24089e-19)
(0.838032 0.0863583 -1.64693e-19)
(-0.000576805 -0.00170567 7.71354e-20)
(0.0144143 0.00912019 -4.27287e-21)
(0.0417088 0.0220062 5.43756e-20)
(0.0778473 0.0369569 -5.55845e-20)
(0.121724 0.0501662 2.00382e-20)
(0.171263 0.0622986 1.93063e-19)
(0.225914 0.0722047 -1.1293e-19)
(0.284405 0.0803812 -3.69185e-20)
(0.346212 0.0865624 1.8577e-19)
(0.410432 0.0910497 -6.39114e-20)
(0.476411 0.0938787 8.13152e-21)
(0.543403 0.0952099 4.15421e-20)
(0.610511 0.0952539 -1.90001e-19)
(0.677255 0.0939507 6.53141e-20)
(0.742052 0.0919624 -4.08148e-20)
(0.805751 0.0883064 -8.65288e-21)
(-0.000949358 -0.00223248 -1.80802e-19)
(0.0123691 0.00774957 -1.54777e-19)
(0.0373537 0.0201367 -1.96834e-19)
(0.0709233 0.0347135 1.87487e-20)
(0.112038 0.0477624 8.10609e-20)
(0.158756 0.059847 3.89322e-20)
(0.210557 0.0698478 -1.25766e-19)
(0.266237 0.0782144 1.23356e-19)
(0.32531 0.0846846 -1.43082e-19)
(0.386933 0.0895351 8.19608e-20)
(0.450508 0.0927925 3.92996e-20)
(0.515354 0.0946007 1.60384e-19)
(0.580637 0.0951502 1.39869e-20)
(0.645954 0.0943774 6.49253e-20)
(0.709754 0.0928934 -1.85835e-20)
(-0.00126347 -0.00269799 1.41634e-19)
(0.010487 0.00647505 1.90701e-19)
(0.0332622 0.0183506 -6.98545e-20)
(0.0643569 0.0325172 -1.76096e-19)
(0.102796 0.0453542 -1.41465e-19)
(0.146767 0.0573327 -6.6255e-20)
(0.195778 0.0673656 -1.83538e-19)
(0.248687 0.0758588 5.32653e-20)
(0.305043 0.0825558 7.61416e-20)
(0.364056 0.08771 -3.65636e-20)
(0.425178 0.0913409 2.90735e-20)
(0.487791 0.0935784 4.57733e-21)
(0.551118 0.094594 1.45405e-19)
(0.614831 0.0943238 -7.7459e-20)
(0.677418 0.0933266 -1.39665e-20)
(-0.00152376 -0.00310149 -4.9811e-20)
(0.00876 0.005299 -2.63455e-19)
(0.0294264 0.0166522 1.85904e-19)
(0.0581426 0.0303743 1.53813e-19)
(0.093996 0.0429501 1.27017e-19)
(0.135302 0.054766 1.24479e-19)
(0.18159 0.0647701 1.93426e-19)
(0.23178 0.0733279 -2.70336e-19)
(0.285447 0.0801895 -1.81143e-19)
(0.341853 0.0855878 6.7079e-20)
(0.400491 0.0895361 -3.59775e-20)
(0.460802 0.0921523 -9.70051e-20)
(0.522063 0.0935907 -6.91993e-20)
(0.584015 0.0937897 1.08413e-20)
(0.64519 0.0932552 5.71265e-20)
(-0.00173488 -0.00344263 -1.40093e-19)
(0.00717985 0.00422302 2.14703e-19)
(0.0258383 0.0150448 -1.9931e-19)
(0.0522745 0.0282903 2.73904e-21)
(0.0856369 0.0405574 -3.57117e-20)
(0.124365 0.0521565 -7.74861e-20)
(0.168007 0.0620726 1.44752e-20)
(0.215537 0.0706343 7.26825e-20)
(0.266557 0.0775996 1.99144e-19)
(0.320371 0.0831821 -9.80774e-20)
(0.376513 0.0873908 6.19829e-20)
(0.434472 0.0903333 -3.07851e-20)
(0.493577 0.0921478 1.44501e-19)
(0.553635 0.0927775 -2.61382e-20)
(0.613223 0.0926758 -2.252e-20)
(-0.00190142 -0.00372145 2.19507e-19)
(0.00573848 0.00324796 -6.57802e-20)
(0.0224898 0.0135308 1.67505e-19)
(0.0467468 0.0262694 -1.22011e-20)
(0.0777167 0.0381828 -9.48835e-20)
(0.113959 0.0495127 5.67474e-21)
(0.155038 0.0592839 6.06436e-20)
(0.19998 0.0677905 -1.55831e-20)
(0.248406 0.0747995 -1.00546e-19)
(0.299659 0.0805072 1.78359e-20)
(0.353306 0.084919 -2.77996e-21)
(0.408885 0.0881336 -1.05831e-20)
(0.465768 0.090275 -1.94149e-19)
(0.523819 0.0912928 -4.80844e-20)
(0.581668 0.0915887 -3.78876e-20)
(-0.00202792 -0.00393835 -4.21817e-20)
(0.00442785 0.00237392 -3.15332e-20)
(0.019373 0.0121119 -1.22775e-19)
(0.0415535 0.0243152 -2.83879e-20)
(0.0702335 0.0358319 7.68692e-20)
(0.104088 0.0468426 -1.16307e-19)
(0.142695 0.0564139 1.85351e-20)
(0.185128 0.0648083 7.55029e-20)
(0.231024 0.0718027 1.50066e-19)
(0.279762 0.0775773 -1.3554e-19)
(0.330935 0.082135 -7.05024e-20)
(0.384122 0.085567 8.10013e-20)
(0.438737 0.087984 2.15056e-20)
(0.494695 0.0893435 6.861e-21)
(0.550678 0.0899976 4.51886e-20)
(-0.00211886 -0.00409411 -9.65573e-20)
(0.00324005 0.00160026 -4.53129e-20)
(0.0164799 0.0107886 1.01163e-19)
(0.0366885 0.0224301 -1.6191e-20)
(0.0631847 0.0335093 8.92314e-20)
(0.094754 0.0441532 1.49236e-19)
(0.130987 0.0534719 -4.79516e-20)
(0.171 0.0616991 -7.92492e-20)
(0.214442 0.0686222 -2.10661e-19)
(0.260722 0.0744067 1.56745e-19)
(0.309458 0.0790537 -1.34797e-20)
(0.360262 0.082648 -2.30639e-20)
(0.412587 0.0852881 -7.63863e-20)
(0.466389 0.0869406 4.1675e-20)
(0.520406 0.0879096 5.73026e-20)
(-0.0021787 -0.00419007 5.8294e-20)
(0.00216743 0.000925794 2.35409e-20)
(0.0138028 0.00956063 -2.1727e-20)
(0.0321458 0.0206157 1.93296e-19)
(0.0565681 0.0312188 -1.03038e-19)
(0.0859606 0.0414506 -1.08017e-19)
(0.119923 0.0504664 7.26745e-20)
(0.157612 0.0584737 -6.60244e-22)
(0.198687 0.0652709 5.61064e-20)
(0.24258 0.07101 -7.39676e-20)
(0.288931 0.0756908 3.40815e-20)
(0.337381 0.0793924 2.90898e-20)
(0.387414 0.0822026 1.25201e-19)
(0.439024 0.0840971 -9.55169e-20)
(0.491001 0.0853352 -4.6494e-20)
(-0.00221178 -0.00422824 4.55283e-20)
(0.00120262 0.000348899 -7.70038e-20)
(0.011334 0.00842702 1.10187e-20)
(0.0279197 0.0188726 -1.61581e-19)
(0.0503809 0.0289633 -1.16082e-19)
(0.0777093 0.0387401 1.37527e-19)
(0.109512 0.0474054 -2.96102e-20)
(0.144983 0.0551423 8.39248e-20)
(0.183786 0.0617614 1.99145e-20)
(0.225377 0.0674017 1.0858e-19)
(0.269411 0.0720622 6.778e-20)
(0.315552 0.0758171 -6.44683e-21)
(0.363315 0.0787441 3.3221e-20)
(0.41272 0.0808285 9.87154e-20)
(0.462612 0.0822878 2.35878e-20)
(-0.00222191 -0.00420985 -7.59771e-20)
(0.000338258 -0.000133806 9.82546e-20)
(0.00906625 0.00738585 2.29752e-20)
(0.0240043 0.0172007 3.9971e-20)
(0.0446207 0.0267448 1.34022e-19)
(0.0700021 0.0360263 -6.57685e-20)
(0.0997622 0.0442959 -1.59255e-19)
(0.133126 0.0517149 2.14161e-22)
(0.169764 0.0581059 -3.51574e-21)
(0.209149 0.0635961 -1.16303e-19)
(0.250947 0.0681841 -6.68244e-20)
(0.294845 0.0719394 -3.19876e-20)
(0.340379 0.0749308 -2.75856e-20)
(0.387592 0.0771526 4.6625e-23)
(0.435382 0.078784 -6.57962e-20)
(-0.00221301 -0.00413646 8.54734e-20)
(-0.000432882 -0.000526247 6.3206e-20)
(0.00699248 0.0064344 -1.00581e-19)
(0.0203942 0.0155989 -4.25122e-20)
(0.0392847 0.0245646 5.54856e-20)
(0.0628404 0.0333129 -5.60144e-20)
(0.0906794 0.0411445 -2.88043e-20)
(0.122057 0.0482006 2.29925e-20)
(0.156644 0.0543164 2.76672e-20)
(0.19393 0.0596076 -2.95449e-20)
(0.23359 0.064073 -4.99366e-20)
(0.275325 0.0677776 -6.69835e-20)
(0.318693 0.0707821 2.75279e-20)
(0.363753 0.0730889 -1.7693e-20)
(0.409451 0.0748431 3.73683e-20)
(-0.00218908 -0.00401116 -9.40682e-20)
(-0.00111733 -0.000831924 -3.93923e-20)
(0.00510601 0.00556924 4.35033e-20)
(0.017084 0.0140653 7.75974e-20)
(0.0343706 0.0224232 -7.22287e-20)
(0.0562256 0.0306032 1.01925e-19)
(0.0822707 0.0379571 1.2876e-19)
(0.111787 0.0446082 2.65416e-20)
(0.144448 0.0504043 -1.62392e-20)
(0.179754 0.0554506 1.23742e-19)
(0.217385 0.0597458 1.64119e-19)
(0.257056 0.0633506 1.23914e-19)
(0.29834 0.0663185 -4.34353e-20)
(0.341308 0.0686591 -5.27779e-21)
(0.384953 0.0704869 1.16613e-20)
(-0.00215373 -0.00383701 -3.56966e-20)
(-0.00172132 -0.00105528 -9.21945e-20)
(0.00340049 0.00478622 -2.37677e-20)
(0.0140686 0.0125975 -1.14723e-19)
(0.0298756 0.0203203 2.6901e-20)
(0.0501589 0.0278993 -6.22922e-20)
(0.0745421 0.0347389 -6.97412e-20)
(0.102331 0.0409459 2.96728e-20)
(0.133196 0.046381 2.6441e-20)
(0.166649 0.0511391 -1.0911e-20)
(0.202375 0.0552193 -8.88785e-20)
(0.240095 0.058678 -9.99465e-20)
(0.279398 0.0615618 4.06841e-20)
(0.320357 0.0638864 -6.75102e-21)
(0.362013 0.0657399 -6.73354e-21)
(-0.00211032 -0.00361717 2.66125e-20)
(-0.00225073 -0.00120149 8.37484e-20)
(0.00186995 0.00408055 1.27571e-19)
(0.0113434 0.0111921 8.22527e-20)
(0.0257976 0.0182549 2.11448e-21)
(0.0446411 0.0252031 1.85519e-20)
(0.0674991 0.0314947 4.21049e-20)
(0.093698 0.0372214 -1.65329e-20)
(0.122907 0.0422574 -9.66795e-20)
(0.154646 0.0466873 -9.24875e-20)
(0.1886 0.0505107 -4.37025e-21)
(0.224497 0.0537795 7.53347e-20)
(0.261937 0.0565344 -7.54662e-21)
(0.300995 0.0587955 5.203e-21)
(0.340753 0.0606286 4.29669e-20)
(-0.00206195 -0.00335508 3.55981e-20)
(-0.002711 -0.00127628 -2.9087e-20)
(0.000508876 0.00344681 -3.47632e-20)
(0.00890388 0.0098452 -2.63469e-20)
(0.0221343 0.0162255 1.0273e-23)
(0.0396731 0.0225157 2.87416e-20)
(0.0611464 0.0282285 -1.30538e-20)
(0.0858993 0.0334422 -9.84315e-20)
(0.113598 0.0380439 7.20586e-20)
(0.143768 0.042109 7.38941e-20)
(0.176096 0.045637 1.03812e-20)
(0.210312 0.0486756 -3.38247e-20)
(0.246025 0.0512597 -1.25825e-20)
(0.283309 0.0534127 -6.9436e-21)
(-0.00201149 -0.00305443 8.44964e-21)
(-0.00310712 -0.00128582 3.12615e-20)
(-0.00068779 0.00287898 -6.59664e-20)
(0.00674599 0.00855233 -1.00041e-21)
(0.0188835 0.0142298 -2.66768e-20)
(0.0352556 0.0198378 -7.24749e-20)
(0.0554886 0.0249441 5.02645e-20)
(0.0789438 0.0296151 1.63397e-21)
(0.105285 0.033751 -6.98801e-20)
(0.13404 0.0374179 -6.78351e-21)
(0.164896 0.0406157 2.07528e-20)
(0.197586 0.0433871 4.5795e-20)
(0.231724 0.045762 -2.54334e-20)
(0.26738 0.0477654 -2.71636e-20)
(-0.00196151 -0.00271919 -6.00808e-20)
(-0.0034436 -0.00123671 -1.48295e-20)
(-0.00172462 0.00237056 -7.46093e-21)
(0.0048661 0.00730843 4.65234e-20)
(0.0160434 0.0122651 9.10099e-20)
(0.0313891 0.0171693 -4.55289e-20)
(0.0505296 0.0216447 -3.58944e-20)
(0.0728397 0.0257466 1.15794e-20)
(0.0979799 0.0293887 6.3964e-20)
(0.125481 0.0326277 -5.25048e-20)
(0.15503 0.0354639 -3.96469e-20)
(0.186359 0.037935 -2.19464e-20)
(0.219087 0.040066 3.13183e-20)
(0.253278 0.0418822 3.40867e-20)
(-0.00191431 -0.00235352 2.08401e-20)
(-0.00372444 -0.00113597 2.51212e-20)
(-0.00260565 0.00191457 6.54961e-20)
(0.00326095 0.00610796 -8.00331e-20)
(0.0136123 0.0103284 -7.47123e-20)
(0.0280742 0.0145099 7.12561e-20)
(0.0462726 0.0183331 -6.87205e-21)
(0.0675942 0.021843 5.08944e-20)
(0.091696 0.0249667 -2.63638e-20)
(0.118111 0.027752 4.37241e-20)
(0.146524 0.0301991 1.87734e-20)
(0.176668 0.0323405 -8.1577e-21)
(0.208163 0.034197 -2.58126e-20)
(0.241069 0.0357926 -2.16664e-21)
(-0.00187189 -0.00196177 3.71793e-20)
(-0.00395309 -0.000990939 -2.30104e-20)
(-0.00333439 0.00150365 -5.48646e-20)
(0.00192771 0.00494494 4.24415e-20)
(0.0115887 0.00841595 2.68129e-20)
(0.0253111 0.0118589 -2.71728e-20)
(0.0427207 0.0150117 2.50922e-20)
(0.0632135 0.0179102 -1.40285e-20)
(0.0864436 0.0204946 1.94296e-20)
(0.111945 0.0228039 8.81273e-22)
(0.139402 0.0248385 -1.46789e-21)
(0.168543 0.0266253 1.57436e-20)
(0.198995 0.028181 -2.08701e-20)
(0.230808 0.029527 1.64916e-20)
(-0.0018359 -0.00154847 -2.63266e-20)
(-0.00413248 -0.000809265 -6.82712e-21)
(-0.0039138 0.00113011 3.93148e-20)
(0.000864012 0.00381306 -1.04622e-20)
(0.00997137 0.00652387 -3.71498e-20)
(0.0231004 0.00921525 3.78926e-20)
(0.0398763 0.0116829 -2.31377e-20)
(0.0597027 0.0139539 -1.02477e-20)
(0.0822311 0.0159818 3.37601e-21)
(0.106997 0.017797 1.67482e-20)
(0.13368 0.0193997 1.60393e-20)
(0.162012 0.0208111 -1.15764e-20)
(0.191617 0.022044 1.1686e-20)
(0.222542 0.0231164 -2.52567e-20)
(-0.00180772 -0.00111825 2.84832e-21)
(-0.00426494 -0.000598836 5.7742e-21)
(-0.00434626 0.00078593 -7.21832e-21)
(6.79293e-05 0.0027057 1.11297e-20)
(0.00875926 0.00464794 2.02047e-20)
(0.0214421 0.00657757 -1.6628e-20)
(0.0377413 0.0083484 -2.13181e-21)
(0.057066 0.00997946 2.73353e-21)
(0.0790656 0.0114375 -6.01793e-21)
(0.103276 0.0127442 -1.97823e-20)
(0.129376 0.0138999 -1.19936e-20)
(0.157095 0.0149197 -2.45006e-21)
(0.186059 0.0158127 1.05117e-20)
(0.216309 0.0165924 -2.15963e-21)
(-0.00178836 -0.000675875 6.75644e-21)
(-0.00435226 -0.000367728 -1.26111e-20)
(-0.00463355 0.000462873 -3.75349e-21)
(-0.000461982 0.00161603 2.8303e-21)
(0.00795162 0.00278371 -7.73325e-21)
(0.0203364 0.00394432 -1.58714e-21)
(0.0363171 0.00501007 1.91985e-21)
(0.0553065 0.00599221 -9.4086e-21)
(0.0769524 0.00687083 -2.68361e-21)
(0.100791 0.00765888 2.80087e-21)
(0.1265 0.00835656 -7.96341e-21)
(0.153808 0.0089731 -4.86455e-21)
(0.182341 0.00951385 4.31539e-21)
(0.212138 0.00998715 1.17505e-20)
(-0.00177851 -0.000226179 -6.42162e-21)
(-0.00439562 -0.000124159 2.30414e-21)
(-0.0047769 0.000152556 -1.18397e-21)
(-0.000726692 0.000537052 -3.8652e-21)
(0.00754793 0.000926557 -1.29525e-21)
(0.0197836 0.00131379 4.39676e-21)
(0.0356048 0.00166947 5.92861e-21)
(0.0544262 0.00199732 -4.57778e-21)
(0.0758949 0.00229071 6.41666e-21)
(0.0995472 0.00255396 -1.5829e-21)
(0.12506 0.00278715 -1.64388e-21)
(0.152161 0.00299335 6.54167e-23)
(0.180479 0.00317437 -4.18245e-21)
(0.210048 0.00333303 -3.96619e-21)
(1.26514 -0.00587022 -2.09844e-20)
(1.26471 -0.00669751 1.31585e-20)
(1.26544 -0.00598896 -1.25183e-21)
(1.26419 -0.00753347 -2.11401e-20)
(1.265 -0.00683347 -1.42611e-20)
(1.26573 -0.00610024 4.49773e-20)
(1.26357 -0.00837621 -1.18137e-21)
(1.26448 -0.00768575 -7.33672e-21)
(1.2653 -0.00696209 4.16446e-21)
(1.26602 -0.00620401 -2.80123e-20)
(1.26387 -0.00854395 -1.32782e-20)
(1.26478 -0.00783083 3.51593e-20)
(1.26559 -0.00708333 -4.39508e-21)
(1.26631 -0.00630022 8.67574e-21)
(1.26316 -0.00940788 2.83482e-20)
(1.26416 -0.00870469 -1.1109e-20)
(1.26508 -0.00796869 -9.38249e-21)
(1.26589 -0.00719715 7.47639e-21)
(1.26661 -0.00638881 1.50283e-20)
(1.26234 -0.0102761 -2.19511e-20)
(1.26345 -0.0095836 -7.06592e-21)
(1.26446 -0.00885841 2.04607e-20)
(1.26537 -0.0080993 -2.54227e-20)
(1.26619 -0.00730352 -4.37221e-22)
(1.2669 -0.00646974 -1.02487e-20)
(1.26264 -0.0104662 3.73563e-21)
(1.26375 -0.00975253 2.32872e-20)
(1.26476 -0.00900511 -2.74027e-21)
(1.26567 -0.00822265 1.83547e-20)
(1.26648 -0.00740239 3.13152e-20)
(1.26719 -0.00654295 -1.94525e-20)
(1.26171 -0.0113511 -7.98266e-22)
(1.26293 -0.0106497 1.58924e-20)
(1.26405 -0.00991469 -3.23805e-20)
(1.26506 -0.00914478 -4.93599e-21)
(1.26597 -0.00833871 2.26673e-20)
(1.26677 -0.00749373 -2.56315e-20)
(1.26747 -0.00660839 3.64198e-20)
(1.26068 -0.0122367 -1.20943e-20)
(1.262 -0.0115487 1.48843e-20)
(1.26323 -0.0108267 -1.8274e-20)
(1.26435 -0.0100701 1.08987e-20)
(1.26536 -0.00927742 -8.7188e-21)
(1.26627 -0.00844744 -4.85845e-20)
(1.26706 -0.00757749 2.47389e-20)
(1.26776 -0.00666599 -7.99216e-21)
(1.26097 -0.0124475 -3.09093e-21)
(1.2623 -0.0117399 -3.87709e-21)
(1.26353 -0.0109973 -3.54959e-21)
(1.26465 -0.0102187 2.3253e-20)
(1.26566 -0.009403 -3.34494e-22)
(1.26656 -0.00854882 1.91289e-20)
(1.26735 -0.00765363 -2.16861e-20)
(1.25981 -0.0133443 7.63569e-21)
(1.26126 -0.0126524 2.55131e-20)
(1.2626 -0.011925 7.47995e-21)
(1.26383 -0.0111613 2.93256e-20)
(1.26495 -0.0103606 -3.25233e-20)
(1.26596 -0.00952152 -1.75775e-20)
(1.26686 -0.00864282 6.88088e-21)
(1.26764 -0.00772209 -3.003e-20)
(1.25854 -0.0142368 -3.86538e-21)
(1.2601 -0.0135621 -5.32365e-21)
(1.26155 -0.0128514 -1.48823e-20)
(1.26289 -0.0121039 -3.34998e-20)
(1.26413 -0.011319 -4.47173e-21)
(1.26525 -0.0104957 5.09168e-21)
(1.26626 -0.00963296 2.9703e-20)
(1.26715 -0.00872941 8.46741e-21)
(1.26793 -0.00778283 3.70974e-20)
(1.25882 -0.0144668 9.84314e-21)
(1.26039 -0.0137742 6.46356e-21)
(1.26184 -0.0130445 1.77811e-21)
(1.26319 -0.0122767 1.31036e-20)
(1.26443 -0.0114702 -4.72479e-21)
(1.26555 -0.0106241 6.55862e-21)
(1.26655 -0.0097373 9.28212e-21)
(1.26744 -0.00880854 -2.63924e-20)
(1.26821 -0.00783579 -2.8619e-20)
(1.25742 -0.0153641 1.51872e-20)
(1.2591 -0.0146913 -1.38307e-20)
(1.26068 -0.0139808 -4.93013e-22)
(1.26214 -0.0132317 8.41642e-21)
(1.26349 -0.0124433 2.47776e-20)
(1.26473 -0.011615 1.39449e-20)
(1.26585 -0.0107457 -4.08997e-21)
(1.26685 -0.00983454 -9.58387e-21)
(1.26773 -0.0088802 2.85513e-20)
(1.26848 -0.00788091 -9.64614e-21)
(1.2577 -0.0156002 -1.59073e-20)
(1.25939 -0.0149105 -7.8467e-21)
(1.26097 -0.0141817 1.85387e-20)
(1.26243 -0.0134132 -6.25519e-21)
(1.26379 -0.0126039 -1.02302e-20)
(1.26503 -0.0117534 -2.60719e-20)
(1.26615 -0.0108606 -2.61721e-20)
(1.26714 -0.00992464 1.32009e-20)
(1.26802 -0.00894433 -9.87282e-21)
(1.26876 -0.00791814 2.79582e-20)
(1.25616 -0.0164986 1.21514e-20)
(1.25797 -0.0158311 3.57597e-20)
(1.25967 -0.0151244 -3.68643e-21)
(1.26126 -0.0143772 -2.83227e-20)
(1.26273 -0.0135889 6.48015e-22)
(1.26409 -0.0127585 -4.64468e-21)
(1.26533 -0.0118854 -1.98365e-20)
(1.26644 -0.0109687 2.1769e-20)
(1.26744 -0.0100076 -3.24023e-20)
(1.2683 -0.0090009 -1.02491e-20)
(1.26903 -0.00794742 -1.51039e-20)
(1.25643 -0.0167405 -3.65419e-20)
(1.25825 -0.0160571 -2.03247e-20)
(1.25995 -0.015333 8.38129e-21)
(1.26155 -0.0145672 1.55689e-20)
(1.26303 -0.0137588 -1.0912e-20)
(1.26439 -0.012907 -1.33375e-20)
(1.26563 -0.012011 1.6352e-20)
(1.26674 -0.0110701 8.6886e-21)
(1.26773 -0.0100834 2.38369e-20)
(1.26858 -0.00904987 2.41176e-20)
(1.26929 -0.00796867 8.16648e-21)
(1.25476 -0.0176363 2.43356e-20)
(1.2567 -0.0169775 1.61741e-20)
(1.25853 -0.016278 2.40003e-20)
(1.26024 -0.0155365 2.88008e-20)
(1.26184 -0.0147519 -8.74286e-21)
(1.26332 -0.0139232 7.21265e-21)
(1.26469 -0.0130496 -1.11096e-20)
(1.26593 -0.0121304 -1.655e-20)
(1.26704 -0.0111647 -3.85284e-22)
(1.26802 -0.010152 -1.59883e-21)
(1.26886 -0.0090912 -1.39932e-20)
(1.26955 -0.00798184 7.57218e-21)
(1.25502 -0.0178835 -5.32905e-21)
(1.25697 -0.0172098 6.65622e-21)
(1.25881 -0.016494 -3.13206e-20)
(1.26053 -0.0157348 -2.68618e-20)
(1.26213 -0.0149311 1.44593e-20)
(1.26362 -0.0140819 -3.98808e-21)
(1.26498 -0.0131862 1.19659e-20)
(1.26622 -0.0122433 1.69551e-21)
(1.26733 -0.0112526 4.89354e-21)
(1.2683 -0.0102134 -5.40537e-21)
(1.26913 -0.00912485 -2.83858e-20)
(1.2698 -0.00798685 -3.33565e-20)
(1.25529 -0.0181262 3.15283e-21)
(1.25724 -0.0174374 -3.87917e-21)
(1.25908 -0.0167052 1.07886e-20)
(1.26081 -0.0159281 1.97579e-20)
(1.26242 -0.0151051 -6.57352e-21)
(1.26392 -0.014235 5.11919e-21)
(1.26528 -0.0133169 1.03486e-20)
(1.26652 -0.01235 2.07611e-20)
(1.26762 -0.0113337 -1.46734e-21)
(1.26858 -0.0102675 -1.21878e-21)
(1.2694 -0.00915076 3.18789e-20)
(1.27005 -0.00798364 1.98416e-20)
(1.25347 -0.0190252 -2.41041e-21)
(1.25555 -0.0183643 -6.94219e-21)
(1.25751 -0.0176603 -3.71701e-21)
(1.25936 -0.0169115 -1.5965e-20)
(1.2611 -0.0161164 -2.37213e-20)
(1.26272 -0.0152738 1.34678e-20)
(1.26421 -0.0143825 2.79537e-20)
(1.26558 -0.0134416 -6.09295e-21)
(1.26682 -0.0124503 -1.83031e-20)
(1.26791 -0.011408 3.34028e-21)
(1.26886 -0.0103144 -1.09373e-20)
(1.26966 -0.0091689 1.61425e-20)
(1.27029 -0.00797214 -2.50293e-20)
(1.25372 -0.0192729 7.23534e-21)
(1.25581 -0.018598 -1.15025e-20)
(1.25778 -0.0178786 -2.2712e-20)
(1.25964 -0.0171131 2.31086e-21)
(1.26139 -0.0162998 9.864e-21)
(1.26301 -0.0154373 -2.38706e-20)
(1.26451 -0.0145246 -2.72516e-20)
(1.26588 -0.0135605 -1.77203e-20)
(1.26711 -0.0125444 1.94977e-20)
(1.2682 -0.0114756 -1.14914e-20)
(1.26914 -0.010354 -1.92045e-20)
(1.26992 -0.00917922 1.71232e-20)
(1.27052 -0.00795227 9.36322e-20)
(1.25177 -0.0201617 -1.76119e-20)
(1.25398 -0.0195163 -6.38186e-21)
(1.25607 -0.0188273 -2.90297e-21)
(1.25805 -0.0180925 3.98975e-20)
(1.25992 -0.01731 3.42732e-20)
(1.26167 -0.0164782 -2.15501e-20)
(1.2633 -0.0155957 2.82253e-20)
(1.2648 -0.0146612 2.46191e-21)
(1.26617 -0.0136736 7.55141e-21)
(1.2674 -0.0126322 -4.30897e-21)
(1.26849 -0.0115364 2.59491e-20)
(1.26941 -0.0103863 9.17629e-21)
(1.27017 -0.00918167 -6.8216e-20)
(1.27075 -0.00792396 -9.36019e-20)
(1.25201 -0.0204138 -1.58279e-20)
(1.25423 -0.0197556 8.01186e-21)
(1.25633 -0.0190523 1.65853e-20)
(1.25833 -0.0183019 -2.4715e-20)
(1.2602 -0.0175023 -2.79516e-20)
(1.26196 -0.0166518 3.78618e-20)
(1.26359 -0.0157489 -2.54765e-20)
(1.2651 -0.0147923 -6.01529e-21)
(1.26647 -0.0137808 1.89772e-20)
(1.2677 -0.0127137 -1.17981e-20)
(1.26877 -0.0115905 -1.96282e-20)
(1.26968 -0.0104112 -7.40061e-21)
(1.27042 -0.0091762 4.59582e-20)
(1.27097 -0.00788714 1.76929e-20)
(1.24991 -0.0212893 -1.80454e-20)
(1.25225 -0.0206619 2.20147e-20)
(1.25448 -0.0199906 -3.89541e-21)
(1.2566 -0.019273 6.29562e-22)
(1.2586 -0.0185068 -5.16612e-21)
(1.26048 -0.01769 -9.85954e-21)
(1.26225 -0.0168206 -2.33764e-20)
(1.26389 -0.0158971 -6.04559e-21)
(1.26539 -0.014918 1.83949e-20)
(1.26676 -0.0138822 -2.68968e-20)
(1.26799 -0.0127889 2.73402e-20)
(1.26905 -0.0116377 -1.10463e-20)
(1.26995 -0.0104288 4.04831e-20)
(1.27066 -0.00916276 -5.08452e-20)
(1.27118 -0.00784171 1.00384e-20)
(1.25015 -0.0215453 2.07208e-21)
(1.2525 -0.020906 -1.49641e-20)
(1.25473 -0.0202216 -1.85216e-20)
(1.25686 -0.0194895 -9.57065e-21)
(1.25887 -0.0187075 8.85294e-21)
(1.26076 -0.0178731 5.58355e-21)
(1.26253 -0.0169846 9.98949e-21)
(1.26418 -0.0160402 1.97722e-20)
(1.26569 -0.0150383 -6.35384e-21)
(1.26706 -0.0139778 3.00846e-20)
(1.26827 -0.0128579 -3.2867e-20)
(1.26933 -0.0116782 1.24952e-20)
(1.27021 -0.0104391 -4.10024e-20)
(1.2709 -0.00914128 9.15583e-20)
(1.27139 -0.00778759 -4.23974e-20)
(1.25038 -0.0217974 9.93981e-21)
(1.25274 -0.0211462 2.14866e-20)
(1.25499 -0.0204486 1.29458e-21)
(1.25712 -0.019702 1.82823e-23)
(1.25914 -0.0189039 1.32322e-20)
(1.26104 -0.0180519 1.04456e-20)
(1.26282 -0.017144 6.30063e-22)
(1.26447 -0.0161783 1.31261e-20)
(1.26598 -0.0151533 -4.70058e-20)
(1.26735 -0.0140678 -5.81938e-20)
(1.26856 -0.0129207 1.14824e-20)
(1.2696 -0.011712 -4.32267e-20)
(1.27047 -0.0104419 2.92351e-20)
(1.27113 -0.00911177 -9.63727e-20)
(1.27159 -0.00772473 6.7035e-20)
(1.24813 -0.0226643 -9.14636e-21)
(1.25061 -0.0220457 -5.433e-21)
(1.25298 -0.0213825 -2.03308e-21)
(1.25524 -0.0206717 3.91611e-21)
(1.25738 -0.0199104 -7.29895e-21)
(1.25941 -0.0190961 -6.5272e-22)
(1.26132 -0.0182263 -8.54267e-21)
(1.26311 -0.0172988 1.79236e-20)
(1.26476 -0.0163117 -1.52124e-20)
(1.26627 -0.0152632 6.83396e-20)
(1.26764 -0.0141521 2.87273e-20)
(1.26884 -0.0129775 -1.68903e-20)
(1.26988 -0.0117391 1.73663e-20)
(1.27072 -0.0104375 9.03161e-21)
(1.27136 -0.00907431 6.06554e-20)
(1.27178 -0.00765318 2.81816e-20)
(1.24835 -0.0229193 -7.30123e-21)
(1.25084 -0.0222897 1.27997e-20)
(1.25322 -0.0216145 -1.43927e-20)
(1.25549 -0.0208903 1.48177e-20)
(1.25765 -0.0201143 1.68686e-20)
(1.25968 -0.0192836 5.3646e-21)
(1.2616 -0.0183958 1.67534e-20)
(1.26339 -0.0174485 -3.53306e-20)
(1.26505 -0.0164396 -3.85143e-20)
(1.26656 -0.0153674 -2.39724e-20)
(1.26793 -0.0142304 1.65742e-20)
(1.26912 -0.0130277 2.67649e-20)
(1.27014 -0.0117591 2.43852e-20)
(1.27097 -0.0104255 -4.12298e-20)
(1.27158 -0.0090286 -4.65204e-21)
(1.27196 -0.00757273 -7.60306e-20)
(1.24597 -0.023767 3.90289e-21)
(1.24857 -0.0231701 1.82755e-20)
(1.25107 -0.0225296 7.57573e-21)
(1.25346 -0.0218421 1.88295e-20)
(1.25574 -0.0211044 -1.21259e-20)
(1.25791 -0.0203134 -6.76431e-21)
(1.25996 -0.0194661 -2.25565e-20)
(1.26188 -0.01856 -2.03268e-20)
(1.26368 -0.0175925 2.02214e-20)
(1.26534 -0.0165615 9.64008e-21)
(1.26685 -0.015465 3.79444e-20)
(1.26821 -0.0143015 9.49492e-21)
(1.2694 -0.0130703 -4.72845e-21)
(1.27041 -0.0117709 -4.57383e-21)
(1.27121 -0.0104046 2.25362e-20)
(1.27179 -0.00897337 3.21201e-20)
(1.27213 -0.0074822 -6.33247e-21)
(1.24618 -0.0240273 -2.09248e-20)
(1.24879 -0.0234205 -1.63943e-20)
(1.2513 -0.022769 -1.42433e-20)
(1.25371 -0.0220693 -3.98916e-21)
(1.256 -0.0213179 1.29825e-20)
(1.25817 -0.0205117 -4.26866e-21)
(1.26023 -0.0196476 8.73901e-22)
(1.26216 -0.0187228 8.5705e-21)
(1.26396 -0.0177347 4.00483e-20)
(1.26563 -0.0166809 5.34488e-21)
(1.26714 -0.0155594 -5.26082e-20)
(1.2685 -0.0143687 3.14719e-20)
(1.26968 -0.0131079 4.71782e-20)
(1.27067 -0.0117767 1.07655e-20)
(1.27145 -0.0103763 1.45606e-20)
(1.272 -0.00890949 -9.19915e-20)
(1.27229 -0.0073817 4.7051e-21)
(1.24639 -0.0242912 2.50454e-20)
(1.24902 -0.0236752 -2.30321e-20)
(1.25154 -0.0230133 -1.37112e-20)
(1.25395 -0.0223019 -3.39069e-20)
(1.25625 -0.0215374 -1.83929e-20)
(1.25844 -0.0207165 2.26495e-20)
(1.2605 -0.0198359 6.38762e-21)
(1.26245 -0.0188927 8.66258e-21)
(1.26425 -0.0178841 -1.03831e-19)
(1.26592 -0.0168076 -3.23485e-20)
(1.26744 -0.015661 -2.22951e-20)
(1.26879 -0.0144426 2.32682e-20)
(1.26996 -0.0131514 -4.91196e-20)
(1.27093 -0.0117872 -8.98372e-20)
(1.27169 -0.0103513 -6.03929e-20)
(1.2722 -0.00884663 3.39729e-20)
(1.27245 -0.00727927 -2.18007e-20)
)
;

boundaryField
{
    inlet
    {
        type            uniformFixedValue;
        uniformValue    constant (1 0 0);
        value           nonuniform 0();
    }
    outlet
    {
        type            pressureInletOutletVelocity;
        value           nonuniform 0();
    }
    cylinder
    {
        type            fixedValue;
        value           uniform (0 0 0);
    }
    top
    {
        type            symmetryPlane;
    }
    bottom
    {
        type            symmetryPlane;
    }
    defaultFaces
    {
        type            empty;
    }
    procBoundary5to0
    {
        type            processor;
        value           nonuniform List<vector> 5((1.1188 -0.0714578 -7.19544e-21) (1.1188 -0.0714578 -7.19544e-21) (1.11813 -0.0532176 7.64146e-22) (1.11813 -0.0532176 7.64146e-22) (1.11995 -0.0418959 2.56955e-21));
    }
    procBoundary5to1
    {
        type            processor;
        value           nonuniform List<vector> 
84
(
(1.12438 -0.0411047 -2.33279e-20)
(1.12884 -0.0403193 6.14675e-21)
(1.13332 -0.0395433 1.54319e-20)
(1.13781 -0.0387802 4.85767e-21)
(1.14988 -0.0472758 8.21767e-21)
(1.14231 -0.0380329 6.83257e-21)
(1.14988 -0.0472758 8.21767e-21)
(1.15441 -0.0464367 1.51179e-21)
(1.15892 -0.0456105 -1.092e-21)
(1.16341 -0.0447997 -2.15625e-21)
(1.16787 -0.0440063 1.92784e-21)
(1.17229 -0.0432319 -2.51398e-21)
(1.17668 -0.0424774 1.64918e-21)
(1.18102 -0.0417433 7.92232e-22)
(1.18532 -0.0410293 -2.11118e-22)
(1.18956 -0.0403347 -3.3432e-23)
(1.19374 -0.0396584 -6.70562e-23)
(1.19786 -0.0389986 -6.94523e-22)
(1.20192 -0.038353 9.03505e-22)
(1.20591 -0.0377188 -7.37353e-22)
(1.20982 -0.037093 8.41439e-22)
(1.21366 -0.0364718 6.21226e-22)
(1.21742 -0.0358515 -2.144e-22)
(1.22109 -0.0352278 4.42299e-21)
(1.22109 -0.0352278 4.42299e-21)
(1.22161 -0.0280607 4.4006e-21)
(1.22507 -0.027661 2.95683e-21)
(1.22842 -0.0272499 1.03324e-20)
(1.23167 -0.0268229 3.92457e-21)
(1.23482 -0.0263755 -1.56759e-20)
(1.23787 -0.025903 1.77917e-21)
(1.24081 -0.025401 7.05411e-21)
(1.24365 -0.0248652 -1.38723e-20)
(1.26485 -0.00574406 4.68232e-21)
(1.26442 -0.00655423 -1.68787e-20)
(1.26442 -0.00655423 -1.68787e-20)
(1.2639 -0.00737402 -8.36696e-21)
(1.2639 -0.00737402 -8.36696e-21)
(1.26328 -0.00820146 -1.25041e-20)
(1.26328 -0.00820146 -1.25041e-20)
(1.26257 -0.00903605 9.09717e-21)
(1.26286 -0.00922537 2.15568e-20)
(1.26286 -0.00922537 2.15568e-20)
(1.26205 -0.0100795 9.56429e-21)
(1.26205 -0.0100795 9.56429e-21)
(1.26113 -0.0109372 1.59188e-20)
(1.26142 -0.0111473 -2.08172e-21)
(1.26142 -0.0111473 -2.08172e-21)
(1.26039 -0.0120198 -9.75901e-21)
(1.26039 -0.0120198 -9.75901e-21)
(1.25924 -0.0128915 5.63319e-21)
(1.25953 -0.0131208 1.28421e-20)
(1.25953 -0.0131208 1.28421e-20)
(1.25826 -0.0140014 -1.0822e-20)
(1.25826 -0.0140014 -1.0822e-20)
(1.25687 -0.0148762 1.89632e-22)
(1.25715 -0.0151228 1.16e-20)
(1.25715 -0.0151228 1.16e-20)
(1.25563 -0.0159999 7.18714e-21)
(1.2559 -0.0162517 -3.11695e-20)
(1.2559 -0.0162517 -3.11695e-20)
(1.25424 -0.0171277 -1.71156e-20)
(1.2545 -0.0173843 1.0096e-20)
(1.2545 -0.0173843 1.0096e-20)
(1.25272 -0.0182557 -5.37763e-21)
(1.25297 -0.0185166 7.19698e-22)
(1.25322 -0.0187731 6.592e-21)
(1.25322 -0.0187731 6.592e-21)
(1.25128 -0.0196449 3.7522e-22)
(1.25153 -0.0199054 -7.60451e-22)
(1.25153 -0.0199054 -7.60451e-22)
(1.24945 -0.0207655 -2.9553e-20)
(1.24968 -0.0210295 7.07763e-21)
(1.24968 -0.0210295 7.07763e-21)
(1.24747 -0.0218756 -9.12284e-21)
(1.24769 -0.0221423 -4.62533e-21)
(1.24791 -0.0224052 -1.67107e-20)
(1.24791 -0.0224052 -1.67107e-20)
(1.24555 -0.0232416 -2.75404e-21)
(1.24576 -0.0235063 6.56163e-21)
(1.24576 -0.0235063 6.56163e-21)
(1.24325 -0.0243239 -2.0269e-20)
(1.24345 -0.024593 1.92133e-20)
(1.24365 -0.0248652 -1.38723e-20)
)
;
    }
    procBoundary5to2
    {
        type            processor;
        value           nonuniform List<vector> 
35
(
(1.2724 -0.00565812 -2.14034e-20)
(1.26578 -0.00515128 1.35968e-20)
(1.26607 -0.00524382 -2.8973e-20)
(1.26636 -0.00532874 3.13373e-21)
(1.26665 -0.00540599 -5.71137e-21)
(1.26694 -0.00547553 2.68186e-20)
(1.26722 -0.0055373 -2.94361e-20)
(1.2675 -0.00559126 3.26676e-20)
(1.26778 -0.00563738 -7.34723e-21)
(1.26806 -0.00567559 1.17605e-20)
(1.26833 -0.00570584 -4.03269e-20)
(1.26804 -0.0067157 4.72352e-20)
(1.26804 -0.0067157 4.72352e-20)
(1.26831 -0.00675746 -2.28351e-20)
(1.26858 -0.00679121 1.71963e-20)
(1.26885 -0.00681688 -2.36632e-20)
(1.26911 -0.00683441 2.47207e-21)
(1.26937 -0.00684372 1.41667e-20)
(1.26962 -0.00684476 -3.3118e-20)
(1.26986 -0.00683743 3.87334e-20)
(1.27009 -0.00682166 -4.7835e-20)
(1.27032 -0.00679738 8.24279e-20)
(1.27054 -0.00676448 -2.17499e-20)
(1.27075 -0.00672287 -3.53499e-20)
(1.27095 -0.00667245 -2.84413e-20)
(1.27114 -0.00661312 6.35225e-20)
(1.27132 -0.00654476 -3.79095e-20)
(1.2715 -0.00646725 2.06009e-22)
(1.27166 -0.00638045 -3.52815e-20)
(1.27181 -0.00628423 -2.05127e-21)
(1.27195 -0.00617858 6.64283e-20)
(1.27208 -0.00606338 1.52306e-20)
(1.2722 -0.00593768 8.23015e-21)
(1.27231 -0.00580077 -1.98522e-20)
(1.2724 -0.00565812 -2.14034e-20)
)
;
    }
    procBoundary5to4
    {
        type            processor;
        value           nonuniform List<vector> 
76
(
(0.493648 -0.00815377 -8.07613e-21)
(0.494156 -0.0244511 3.28806e-21)
(0.49517 -0.0407196 2.81685e-20)
(0.496689 -0.05694 -6.64315e-20)
(0.498711 -0.0730933 5.19545e-20)
(0.501232 -0.0891603 -1.1879e-19)
(0.501232 -0.0891603 -1.1879e-19)
(0.584587 -0.0935518 5.62019e-20)
(0.587659 -0.107673 -8.71563e-20)
(0.591158 -0.121679 2.09505e-20)
(0.59508 -0.135554 -6.65129e-20)
(0.599419 -0.149283 1.13317e-19)
(0.604169 -0.162853 -1.99625e-19)
(0.609325 -0.176248 4.33259e-20)
(0.61488 -0.189454 2.48105e-19)
(0.620825 -0.202458 3.62536e-20)
(0.627154 -0.215245 -1.11815e-19)
(0.633857 -0.227802 8.97002e-20)
(0.640926 -0.240116 -2.97406e-20)
(0.648351 -0.252174 -9.3761e-20)
(0.656123 -0.263963 -1.75696e-21)
(0.66423 -0.275471 -2.67867e-19)
(0.672662 -0.286686 2.42971e-19)
(0.681407 -0.297596 1.61829e-19)
(0.681407 -0.297596 1.61829e-19)
(0.744388 -0.272076 4.52651e-20)
(0.7526 -0.281329 4.76843e-22)
(0.761065 -0.290307 1.61299e-19)
(0.769774 -0.299001 4.33292e-20)
(0.778716 -0.307403 -1.80446e-19)
(0.78788 -0.315506 1.72369e-19)
(0.797255 -0.323302 -2.16245e-19)
(0.806829 -0.330784 3.63495e-20)
(0.816591 -0.337945 -4.03518e-20)
(0.816591 -0.337945 -4.03518e-20)
(0.861986 -0.3028 4.28207e-20)
(0.870892 -0.308742 4.77705e-20)
(0.879947 -0.314405 -2.10323e-20)
(0.889138 -0.319786 1.11782e-20)
(0.898457 -0.324881 9.01163e-20)
(0.907892 -0.329686 -6.77521e-20)
(0.907892 -0.329686 -6.77521e-20)
(0.939833 -0.292745 -9.41587e-21)
(0.948376 -0.296632 5.14543e-20)
(0.957009 -0.30027 1.68423e-19)
(0.965723 -0.303657 -1.97132e-19)
(0.974509 -0.306792 1.84817e-19)
(0.974509 -0.306792 1.84817e-19)
(0.996916 -0.27069 -1.04685e-19)
(1.00484 -0.273135 1.6358e-19)
(1.01282 -0.275365 -1.49436e-19)
(1.02085 -0.277381 1.69292e-19)
(1.02085 -0.277381 1.69292e-19)
(1.03639 -0.243544 1.02777e-19)
(1.04364 -0.245023 -1.29165e-19)
(1.05092 -0.246319 1.40211e-19)
(1.05092 -0.246319 1.40211e-19)
(1.06192 -0.215166 -1.0982e-21)
(1.06852 -0.216029 3.34488e-20)
(1.07514 -0.216739 -6.98071e-20)
(1.07514 -0.216739 -6.98071e-20)
(1.08248 -0.188098 1.10835e-20)
(1.08851 -0.188463 -7.6031e-20)
(1.08851 -0.188463 -7.6031e-20)
(1.09351 -0.162165 2.33238e-20)
(1.09905 -0.162239 -1.77071e-20)
(1.10461 -0.162205 -1.60359e-20)
(1.10461 -0.162205 -1.60359e-20)
(1.10724 -0.137791 8.38714e-21)
(1.10724 -0.137791 8.38714e-21)
(1.10888 -0.114945 -5.25731e-20)
(1.11372 -0.114572 -4.2346e-20)
(1.11372 -0.114572 -4.2346e-20)
(1.11412 -0.0933605 4.8549e-20)
(1.11876 -0.0928215 -6.50503e-20)
(1.11876 -0.0928215 -6.50503e-20)
)
;
    }
    procBoundary5to6
    {
        type            processor;
        value           nonuniform List<vector> 
51
(
(1.27045 -0.000244347 -1.39005e-19)
(1.27203 -0.00399947 3.62155e-20)
(1.27045 -0.000244347 -1.39005e-19)
(1.26814 0.00170544 7.3413e-20)
(1.26519 0.00347943 9.82257e-21)
(1.26168 0.00498356 -1.65739e-20)
(1.2553 0.0139512 -8.46173e-20)
(1.2553 0.0139512 -8.46173e-20)
(1.24821 0.0181823 1.80395e-20)
(1.23997 0.0224882 -6.59581e-20)
(1.23048 0.0268643 6.98698e-20)
(1.19831 0.030153 -5.70755e-20)
(1.19831 0.030153 -5.70755e-20)
(1.18387 0.0346314 7.53804e-21)
(1.16794 0.0391464 2.68391e-20)
(1.15047 0.0436694 -7.19768e-20)
(1.13142 0.0481688 1.08901e-19)
(1.11078 0.0526098 4.64783e-21)
(1.0401 0.0660286 -1.83283e-20)
(1.0401 0.0660286 -1.83283e-20)
(1.01373 0.0701643 7.638e-20)
(0.986021 0.0740127 -3.87265e-20)
(0.957066 0.0775338 -2.72397e-21)
(0.926966 0.0806891 9.10453e-20)
(0.895839 0.0834418 -1.71224e-20)
(0.86382 0.0857582 -2.86211e-20)
(0.773009 0.0897785 -9.44163e-20)
(0.773009 0.0897785 -9.44163e-20)
(0.739961 0.090755 1.28466e-20)
(0.706772 0.0912195 3.36768e-20)
(0.67361 0.0911601 -6.94762e-20)
(0.640652 0.0905688 3.36498e-20)
(0.608075 0.0894418 -2.02208e-21)
(0.576059 0.0877795 3.52499e-20)
(0.544785 0.085587 -4.18739e-20)
(0.514432 0.0828729 4.67287e-21)
(0.485176 0.0796506 4.02498e-21)
(0.457189 0.0759367 -5.08968e-21)
(0.430638 0.0717522 7.24309e-20)
(0.405682 0.0671212 -7.82988e-20)
(0.382473 0.0620712 5.49122e-20)
(0.321283 0.0551816 3.53369e-20)
(0.321283 0.0551816 3.53369e-20)
(0.303706 0.0494294 -2.75699e-20)
(0.288115 0.0434041 4.87218e-20)
(0.274593 0.0371391 -3.39423e-20)
(0.263212 0.0306692 2.3691e-21)
(0.254033 0.0240303 -7.27178e-21)
(0.247105 0.017259 4.99165e-21)
(0.242465 0.0103927 5.1593e-21)
(0.240139 0.00346918 9.58764e-22)
)
;
    }
    procBoundary5to9
    {
        type            processor;
        value           nonuniform List<vector> 
21
(
(-0.00439561 0.000123574 2.21401e-21)
(-0.00178836 0.00067566 -6.2318e-21)
(-0.00439561 0.000123574 2.21401e-21)
(-0.00477689 -0.000153501 -8.26793e-22)
(-0.000726685 -0.000538352 -4.26272e-21)
(0.00754794 -0.000928216 -1.00083e-21)
(0.0197836 -0.00131582 4.44974e-21)
(0.0356048 -0.00167186 5.58806e-21)
(0.0544262 -0.00200009 -4.69834e-21)
(0.0758949 -0.00229385 6.50082e-21)
(0.0995471 -0.00255745 -1.8288e-21)
(0.12506 -0.00279095 -1.09488e-21)
(0.152161 -0.00299743 -2.08446e-22)
(0.180479 -0.00317863 -4.1538e-21)
(0.210047 -0.00333737 -3.70669e-21)
(0.0134286 0.0106795 -1.60728e-20)
(0.0837844 0.0217563 2.47073e-20)
(0.191455 0.00888701 2.16473e-21)
(0.191455 0.00888701 2.16473e-21)
(0.296816 0.00928177 7.06313e-21)
(0.402247 0.00889945 2.35922e-21)
)
;
    }
}


// ************************************************************************* //
