/*--------------------------------*- C++ -*----------------------------------*\
  =========                 |
  \\      /  F ield         | OpenFOAM: The Open Source CFD Toolbox
   \\    /   O peration     | Website:  https://openfoam.org
    \\  /    A nd           | Version:  7
     \\/     M anipulation  |
\*---------------------------------------------------------------------------*/
FoamFile
{
    version     2.0;
    format      ascii;
    class       surfaceScalarField;
    location    "15";
    object      phi;
}
// * * * * * * * * * * * * * * * * * * * * * * * * * * * * * * * * * * * * * //

dimensions      [0 3 -1 0 0 0 0];

internalField   nonuniform List<scalar> 
5145
(
0.00122301
-2.04677e-05
0.00124333
-2.03197e-05
0.00126349
-2.01628e-05
0.00128349
-1.99974e-05
0.00130331
-1.9824e-05
0.00132295
-1.96432e-05
0.00134241
-1.94553e-05
0.00136167
-1.92609e-05
0.00138073
-1.90604e-05
0.00139959
-1.88543e-05
0.00141823
-1.86428e-05
0.00143666
-1.84266e-05
0.00145486
-1.82058e-05
0.00147284
-1.7981e-05
0.0014906
-1.77526e-05
0.00150812
-1.75208e-05
0.0015254
-1.72861e-05
0.00154245
-1.70488e-05
0.00155926
-1.68094e-05
0.00157583
-1.65681e-05
0.00159216
-1.63254e-05
0.00160824
-1.60815e-05
0.00162408
-1.58369e-05
0.00163967
-1.55919e-05
0.00165502
-1.5347e-05
0.00167012
-1.51023e-05
-2.21607e-10
0.00168498
-1.48584e-05
-2.77872e-10
0.00169959
-1.46155e-05
-3.19904e-10
0.00171397
-1.43742e-05
-3.60584e-10
0.0017281
-1.41348e-05
-3.99711e-10
0.001742
-1.38976e-05
-4.38528e-10
0.00175566
-1.36632e-05
-4.77153e-10
0.0017691
-1.3432e-05
-5.15244e-10
0.0017823
-1.32044e-05
-5.52477e-10
0.00179528
-1.29808e-05
-5.88239e-10
0.00180804
-1.27618e-05
-6.22258e-10
0.00182059
-1.25478e-05
-6.53956e-10
0.00183293
-1.23392e-05
-6.83208e-10
0.00184507
-1.21366e-05
-7.09576e-10
0.00185701
-1.19406e-05
-7.32669e-10
0.00186876
-1.17513e-05
-7.52257e-10
0.00188033
-1.15698e-05
-7.67529e-10
0.00189173
-1.13956e-05
-7.7808e-10
0.00190296
-1.12306e-05
-7.83135e-10
0.00191404
-1.10724e-05
-7.81839e-10
0.00192496
-1.09265e-05
-7.74846e-10
0.00193575
-1.0783e-05
-7.6096e-10
0.00194641
-1.06605e-05
-7.4077e-10
0.00195693
-1.05234e-05
-7.15083e-10
0.00196737
-1.04364e-05
-6.88242e-10
0.00197765
-1.02756e-05
-6.59317e-10
0.00198791
-1.02615e-05
-6.48883e-10
0.00199788
-9.97397e-06
-6.45007e-10
0.00200801
-1.01265e-05
-7.2916e-10
-9.2763e-06
-7.76446e-10
0.00122426
-4.09005e-05
0.00124455
-4.06051e-05
0.00126468
-4.02918e-05
0.00128464
-3.99617e-05
0.00130443
-3.96156e-05
0.00132405
-3.92547e-05
0.00134347
-3.88797e-05
0.0013627
-3.84917e-05
0.00138173
-3.80914e-05
0.00140056
-3.76798e-05
0.00141917
-3.72577e-05
0.00143757
-3.68259e-05
0.00145575
-3.63852e-05
0.00147371
-3.59364e-05
0.00149143
-3.54802e-05
0.00150893
-3.50174e-05
0.00152619
-3.45488e-05
0.00154322
-3.4075e-05
0.00156001
-3.35969e-05
0.00157655
-3.31151e-05
0.00159286
-3.26303e-05
0.00160892
-3.21433e-05
0.00162474
-3.16549e-05
0.00164031
-3.11657e-05
0.00165564
-3.06765e-05
0.00167073
-3.01879e-05
0.00168557
-2.97007e-05
0.00170017
-2.92158e-05
0.00171453
-2.87339e-05
0.00172865
-2.82558e-05
0.00174254
-2.77823e-05
0.00175619
-2.73143e-05
0.00176961
-2.68526e-05
0.0017828
-2.63981e-05
0.00179577
-2.59517e-05
0.00180853
-2.55144e-05
0.00182106
-2.50871e-05
0.0018334
-2.46707e-05
0.00184553
-2.42662e-05
0.00185746
-2.38748e-05
0.00186921
-2.3497e-05
0.00188077
-2.31346e-05
0.00189216
-2.27869e-05
0.00190339
-2.24575e-05
0.00191446
-2.21419e-05
0.00192538
-2.18507e-05
0.00193616
-2.15644e-05
0.00194682
-2.13201e-05
0.00195735
-2.10465e-05
0.00196778
-2.08732e-05
0.00197806
-2.05523e-05
0.00198832
-2.05248e-05
0.0019983
-1.99507e-05
0.00200843
-2.02566e-05
-1.85584e-05
0.00122678
-6.1263e-05
0.00124699
-6.08215e-05
0.00126706
-6.03532e-05
0.00128695
-5.98596e-05
0.00130668
-5.93423e-05
0.00132623
-5.88026e-05
0.00134559
-5.8242e-05
0.00136476
-5.76617e-05
0.00138373
-5.70631e-05
0.0014025
-5.64476e-05
0.00142106
-5.58163e-05
0.0014394
-5.51704e-05
0.00145753
-5.45112e-05
0.00147543
-5.38398e-05
0.00149311
-5.31574e-05
0.00151056
-5.24652e-05
0.00152777
-5.17641e-05
0.00154475
-5.10553e-05
0.0015615
-5.034e-05
0.001578
-4.96192e-05
0.00159426
-4.88939e-05
0.00161029
-4.81653e-05
0.00162607
-4.74345e-05
0.0016416
-4.67025e-05
0.0016569
-4.59705e-05
0.00167195
-4.52395e-05
0.00168676
-4.45106e-05
0.00170133
-4.37851e-05
0.00171566
-4.30641e-05
0.00172975
-4.23487e-05
0.00174361
-4.16403e-05
0.00175723
-4.09401e-05
0.00177063
-4.02493e-05
0.0017838
-3.95694e-05
0.00179675
-3.89016e-05
0.00180949
-3.82473e-05
0.00182201
-3.76081e-05
0.00183432
-3.69853e-05
0.00184643
-3.63803e-05
0.00185836
-3.57949e-05
0.00187009
-3.52299e-05
0.00188164
-3.46879e-05
0.00189302
-3.41681e-05
0.00190424
-3.36758e-05
0.0019153
-3.3204e-05
0.00192622
-3.27688e-05
0.001937
-3.2341e-05
0.00194765
-3.19762e-05
0.00195817
-3.15675e-05
0.00196861
-3.13094e-05
0.00197889
-3.08298e-05
0.00198915
-3.07903e-05
0.00199913
-2.99317e-05
0.00200927
-3.03923e-05
-2.78503e-05
0.00123053
-8.15205e-05
0.00125065
-8.09348e-05
0.00127061
-8.03135e-05
0.00129041
-7.96585e-05
0.00131004
-7.89719e-05
0.00132949
-7.82556e-05
0.00134876
-7.75113e-05
0.00136784
-7.6741e-05
0.00138672
-7.59463e-05
0.0014054
-7.5129e-05
0.00142388
-7.42907e-05
0.00144214
-7.3433e-05
0.00146019
-7.25576e-05
0.00147801
-7.16659e-05
0.00149561
-7.07595e-05
0.00151299
-6.984e-05
0.00153013
-6.89087e-05
0.00154705
-6.79672e-05
0.00156372
-6.7017e-05
0.00158016
-6.60593e-05
0.00159636
-6.50958e-05
0.00161233
-6.41279e-05
0.00162805
-6.31569e-05
0.00164353
-6.21844e-05
0.00165877
-6.12117e-05
0.00167377
-6.02405e-05
0.00168853
-5.92721e-05
0.00170306
-5.83081e-05
0.00171734
-5.73501e-05
0.00173139
-5.63997e-05
0.00174521
-5.54585e-05
0.0017588
-5.45282e-05
0.00177216
-5.36105e-05
0.0017853
-5.27072e-05
0.00179822
-5.18201e-05
0.00181092
-5.0951e-05
0.00182342
-5.01019e-05
0.00183571
-4.92747e-05
0.0018478
-4.84713e-05
0.0018597
-4.76939e-05
0.00187141
-4.69438e-05
0.00188295
-4.62242e-05
0.00189431
-4.55343e-05
0.00190552
-4.48809e-05
0.00191657
-4.4255e-05
0.00192748
-4.36778e-05
0.00193825
-4.31106e-05
0.0019489
-4.26274e-05
0.00195942
-4.20856e-05
0.00196985
-4.17446e-05
0.00198013
-4.11086e-05
0.0019904
-4.10593e-05
0.00200039
-3.99191e-05
0.00201053
-4.05365e-05
-3.71571e-05
0.00123551
-0.000101639
0.00125549
-0.000100912
0.00127532
-0.00010014
0.00129498
-9.93261e-05
0.00131448
-9.84729e-05
0.00133381
-9.75827e-05
0.00135296
-9.66577e-05
0.00137192
-9.57001e-05
0.00139068
-9.47122e-05
0.00140925
-9.3696e-05
0.00142761
-9.26537e-05
0.00144577
-9.15871e-05
0.00146371
-9.04984e-05
0.00148143
-8.93894e-05
0.00149893
-8.82621e-05
0.00151621
-8.71182e-05
0.00153326
-8.59598e-05
0.00155008
-8.47885e-05
0.00156667
-8.36063e-05
0.00158303
-8.24149e-05
0.00159915
-8.12161e-05
0.00161503
-8.00117e-05
0.00163068
-7.88035e-05
0.00164609
-7.75934e-05
0.00166126
-7.63831e-05
0.00167619
-7.51745e-05
0.00169089
-7.39695e-05
0.00170535
-7.27699e-05
0.00171958
-7.15779e-05
0.00173358
-7.03952e-05
0.00174734
-6.92241e-05
0.00176088
-6.80665e-05
0.00177419
-6.69247e-05
0.00178729
-6.58008e-05
0.00180017
-6.46971e-05
0.00181283
-6.3616e-05
0.00182529
-6.25598e-05
0.00183754
-6.1531e-05
0.0018496
-6.05318e-05
0.00186148
-5.95652e-05
0.00187316
-5.86326e-05
0.00188468
-5.77382e-05
0.00189603
-5.68808e-05
0.00190721
-5.60691e-05
0.00191825
-5.52917e-05
0.00192915
-5.45752e-05
0.00193991
-5.38711e-05
0.00195055
-5.32722e-05
0.00196107
-5.26e-05
0.0019715
-5.21789e-05
0.00198178
-5.13894e-05
0.00199206
-5.1333e-05
0.00200205
-4.99153e-05
0.00201221
-5.06923e-05
-4.64839e-05
0.00124169
-0.000121585
0.00126149
-0.000120719
0.00128115
-0.0001198
0.00130066
-0.000118831
0.00132
-0.000117814
0.00133917
-0.000116754
0.00135817
-0.000115652
0.00137698
-0.00011451
0.0013956
-0.000113333
0.00141402
-0.000112121
0.00143225
-0.000110879
0.00145027
-0.000109607
0.00146808
-0.000108308
0.00148567
-0.000106986
0.00150305
-0.000105641
0.00152021
-0.000104277
0.00153715
-0.000102895
0.00155385
-0.000101498
0.00157034
-0.000100087
0.00158659
-9.86656e-05
0.00160261
-9.72352e-05
0.00161839
-9.5798e-05
0.00163394
-9.43563e-05
0.00164926
-9.29122e-05
0.00166435
-9.14679e-05
0.0016792
-9.00256e-05
0.00169382
-8.85876e-05
0.0017082
-8.71561e-05
0.00172236
-8.57335e-05
0.00173629
-8.43222e-05
0.00174999
-8.29246e-05
0.00176346
-8.15433e-05
0.00177672
-8.01809e-05
0.00178976
-7.88399e-05
0.00180258
-7.75231e-05
0.0018152
-7.62334e-05
0.00182762
-7.49735e-05
0.00183983
-7.37464e-05
0.00185185
-7.25549e-05
0.00186369
-7.14023e-05
0.00187535
-7.02907e-05
0.00188684
-6.92248e-05
0.00189816
-6.82032e-05
0.00190933
-6.72365e-05
0.00192035
-6.63109e-05
0.00193123
-6.54584e-05
0.00194198
-6.46208e-05
0.00195262
-6.39094e-05
0.00196313
-6.31102e-05
0.00197356
-6.26125e-05
0.00198384
-6.16731e-05
0.00199412
-6.16132e-05
0.00200413
-5.99228e-05
0.0020143
-6.08629e-05
-5.58359e-05
0.00124903
-0.000141326
0.00126863
-0.000140325
0.00128809
-0.000139262
0.0013074
-0.000138142
0.00132656
-0.000136966
0.00134554
-0.00013574
0.00136436
-0.000134464
0.00138299
-0.000133144
0.00140144
-0.000131781
0.00141969
-0.000130378
0.00143775
-0.000128939
0.00145561
-0.000127467
0.00147327
-0.000125963
0.00149071
-0.000124432
0.00150795
-0.000122874
0.00152496
-0.000121294
0.00154176
-0.000119693
0.00155834
-0.000118074
0.00157469
-0.000116439
0.00159082
-0.000114792
0.00160672
-0.000113134
0.00162239
-0.000111469
0.00163783
-0.000109798
0.00165304
-0.000108124
0.00166802
-0.00010645
0.00168278
-0.000104779
0.0016973
-0.000103112
0.0017116
-0.000101453
0.00172567
-9.98038e-05
0.00173951
-9.8168e-05
0.00175314
-9.65483e-05
0.00176654
-9.49474e-05
0.00177973
-9.33685e-05
0.0017927
-9.18146e-05
0.00180547
-9.02888e-05
0.00181803
-8.87946e-05
0.00183039
-8.73351e-05
0.00184256
-8.59138e-05
0.00185454
-8.45339e-05
0.00186633
-8.31995e-05
0.00187796
-8.19127e-05
0.00188941
-8.06792e-05
0.0019007
-7.94975e-05
0.00191185
-7.83797e-05
0.00192285
-7.73098e-05
0.00193371
-7.63253e-05
0.00194445
-7.53581e-05
0.00195508
-7.45383e-05
0.00196559
-7.36161e-05
0.00197602
-7.30457e-05
0.00198631
-7.19608e-05
0.0019966
-7.19015e-05
0.00200662
-6.99443e-05
0.00201681
-7.10516e-05
-6.52186e-05
0.00125749
-0.00016083
0.00127686
-0.000159699
0.0012961
-0.000158497
0.00131519
-0.00015723
0.00133412
-0.0001559
0.00135289
-0.000154512
0.00137149
-0.000153068
0.00138992
-0.000151573
0.00140817
-0.000150029
0.00142624
-0.000148441
0.00144411
-0.000146811
0.00146178
-0.000145143
0.00147926
-0.00014344
0.00149653
-0.000141704
0.0015136
-0.000139938
0.00153045
-0.000138147
0.00154709
-0.000136332
0.00156351
-0.000134496
0.00157972
-0.000132643
0.0015957
-0.000130775
0.00161146
-0.000128896
0.001627
-0.000127007
0.00164231
-0.000125112
0.0016574
-0.000123213
0.00167227
-0.000121315
0.00168691
-0.000119419
0.00170132
-0.000117528
0.00171552
-0.000115646
0.00172949
-0.000113776
0.00174324
-0.000111921
0.00175678
-0.000110084
0.0017701
-0.000108268
0.00178321
-0.000106478
0.00179611
-0.000104715
0.0018088
-0.000102986
0.0018213
-0.000101291
0.0018336
-9.96371e-05
0.00184571
-9.80263e-05
0.00185764
-9.64628e-05
0.0018694
-9.49511e-05
0.00188098
-9.34938e-05
0.00189239
-9.20974e-05
0.00190366
-9.076e-05
0.00191477
-8.94957e-05
0.00192575
-8.82861e-05
0.0019366
-8.71742e-05
0.00194732
-8.60819e-05
0.00195794
-8.51582e-05
0.00196844
-8.41177e-05
0.00197888
-8.34795e-05
0.00198917
-8.22541e-05
0.00199947
-8.22001e-05
0.00200951
-7.99831e-05
0.00201972
-8.12622e-05
-7.46377e-05
0.00126703
-0.000180067
0.00128614
-0.00017881
0.00130512
-0.000177475
0.00132396
-0.000176066
0.00134265
-0.000174587
0.00136118
-0.000173043
0.00137955
-0.000171436
0.00139775
-0.000169772
0.00141577
-0.000168054
0.00143361
-0.000166286
0.00145127
-0.000164471
0.00146874
-0.000162612
0.00148602
-0.000160714
0.00150309
-0.00015878
0.00151997
-0.000156813
0.00153664
-0.000154816
0.0015531
-0.000152793
0.00156935
-0.000150747
0.00158539
-0.000148681
0.00160121
-0.000146598
0.00161682
-0.000144502
0.0016322
-0.000142395
0.00164737
-0.000140282
0.00166233
-0.000138165
0.00167706
-0.000136047
0.00169157
-0.000133932
0.00170587
-0.000131823
0.00171994
-0.000129724
0.00173381
-0.000127638
0.00174746
-0.000125569
0.00176089
-0.00012352
0.00177412
-0.000121495
0.00178714
-0.000119499
0.00179996
-0.000117534
0.00181258
-0.000115605
0.001825
-0.000113717
0.00183724
-0.000111873
0.00184929
-0.000110078
0.00186116
-0.000108336
0.00187286
-0.000106652
0.0018844
-0.00010503
0.00189578
-0.000103475
0.00190701
-0.000101988
0.00191809
-0.000100582
0.00192904
-9.92378e-05
0.00193987
-9.80037e-05
0.00195058
-9.67915e-05
0.00196119
-9.57693e-05
0.00197169
-9.46156e-05
0.00198213
-9.39149e-05
0.00199243
-9.25547e-05
0.00200274
-9.25116e-05
0.0020128
-9.00423e-05
0.00202304
-9.14986e-05
-8.40989e-05
0.00127761
-0.000199009
0.00129643
-0.000197632
0.00131512
-0.000196168
0.00133368
-0.000194624
0.0013521
-0.000193002
0.00137036
-0.000191307
0.00138847
-0.000189544
0.00140641
-0.000187717
0.00142419
-0.000185831
0.00144179
-0.000183888
0.00145922
-0.000181894
0.00147646
-0.000179852
0.00149351
-0.000177766
0.00151037
-0.00017564
0.00152703
-0.000173478
0.0015435
-0.000171282
0.00155976
-0.000169057
0.00157582
-0.000166807
0.00159168
-0.000164534
0.00160732
-0.000162243
0.00162276
-0.000159937
0.00163798
-0.000157619
0.00165299
-0.000155294
0.00166779
-0.000152964
0.00168238
-0.000150633
0.00169675
-0.000148306
0.00171091
-0.000145985
0.00172486
-0.000143675
0.0017386
-0.00014138
0.00175214
-0.000139103
0.00176547
-0.000136848
0.00177859
-0.00013462
0.00179152
-0.000132423
0.00180424
-0.000130262
0.00181678
-0.00012814
0.00182913
-0.000126063
0.00184129
-0.000124036
0.00185327
-0.000122063
0.00186509
-0.000120148
0.00187673
-0.000118298
0.00188822
-0.000116516
0.00189955
-0.00011481
0.00191074
-0.000113178
0.0019218
-0.000111637
0.00193272
-0.000110164
0.00194353
-0.000108813
0.00195423
-0.000107487
0.00196483
-0.000106372
0.00197533
-0.000105111
0.00198576
-0.000104354
0.00199607
-0.000102865
0.0020064
-0.000102839
0.00201649
-0.000100126
0.00202675
-0.000101765
-9.36086e-05
0.00128916
-0.000217626
0.00130766
-0.000216136
0.00132605
-0.000214551
0.0013443
-0.000212876
0.00136242
-0.000211118
0.00138039
-0.00020928
0.00139821
-0.000207367
0.00141588
-0.000205385
0.00143339
-0.000203337
0.00145072
-0.000201227
0.00146789
-0.000199061
0.00148488
-0.000196843
0.00150169
-0.000194576
0.00151832
-0.000192265
0.00153475
-0.000189914
0.001551
-0.000187526
0.00156705
-0.000185107
0.0015829
-0.000182659
0.00159855
-0.000180187
0.001614
-0.000177694
0.00162925
-0.000175185
0.00164429
-0.000172663
0.00165913
-0.000170133
0.00167377
-0.000167597
0.0016882
-0.000165061
0.00170242
-0.000162528
0.00171644
-0.000160003
0.00173025
-0.000157489
0.00174386
-0.00015499
0.00175727
-0.000152512
0.00177048
-0.000150058
0.00178349
-0.000147634
0.00179631
-0.000145244
0.00180894
-0.000142892
0.00182139
-0.000140584
0.00183365
-0.000138326
0.00184573
-0.000136121
0.00185765
-0.000133976
0.00186939
-0.000131895
0.00188098
-0.000129886
0.00189242
-0.000127951
0.00190371
-0.000126099
0.00191486
-0.000124329
0.00192588
-0.000122658
0.00193678
-0.000121063
0.00194757
-0.000119602
0.00195825
-0.000118168
0.00196884
-0.000116967
0.00197934
-0.000115605
0.00198978
-0.000114797
0.0020001
-0.000113188
0.00201045
-0.000113185
0.00202056
-0.000110238
0.00203086
-0.000112067
-0.000103173
0.00130163
-0.000235895
0.00131979
-0.000234297
0.00133783
-0.000232597
0.00135576
-0.000230801
0.00137355
-0.000228913
0.00139121
-0.000226939
0.00140873
-0.000224884
0.0014261
-0.000222753
0.00144331
-0.00022055
0.00146037
-0.000218282
0.00147726
-0.000215951
0.00149398
-0.000213564
0.00151053
-0.000211124
0.0015269
-0.000208636
0.00154309
-0.000206104
0.00155909
-0.000203532
0.00157491
-0.000200926
0.00159054
-0.000198288
0.00160598
-0.000195624
0.00162122
-0.000192938
0.00163627
-0.000190233
0.00165112
-0.000187515
0.00166578
-0.000184787
0.00168023
-0.000182054
0.00169449
-0.000179319
0.00170855
-0.000176588
0.00172241
-0.000173865
0.00173608
-0.000171154
0.00174955
-0.00016846
0.00176282
-0.000165788
0.00177591
-0.000163143
0.0017888
-0.00016053
0.00180151
-0.000157953
0.00181404
-0.000155419
0.00182639
-0.000152932
0.00183856
-0.000150498
0.00185056
-0.000148124
0.0018624
-0.000145814
0.00187408
-0.000143574
0.0018856
-0.000141412
0.00189698
-0.000139331
0.00190823
-0.000137341
0.00191934
-0.000135439
0.00193032
-0.000133646
0.00194119
-0.000131935
0.00195196
-0.000130371
0.00196263
-0.000128836
0.00197322
-0.000127555
0.00198372
-0.0001261
0.00199417
-0.000125249
0.00200451
-0.000123526
0.00201487
-0.000123554
0.00202502
-0.000120383
0.00203536
-0.000122408
-0.0001128
0.00131494
-0.00025379
0.00133274
-0.000252092
0.00135043
-0.000250285
0.001368
-0.000248374
0.00138545
-0.000246365
0.00140277
-0.000244262
0.00141996
-0.000242073
0.00143701
-0.000239801
0.00145392
-0.000237453
0.00147067
-0.000235033
0.00148726
-0.000232547
0.0015037
-0.000229998
0.00151997
-0.000227393
0.00153607
-0.000224736
0.00155199
-0.000222032
0.00156775
-0.000219284
0.00158332
-0.000216499
0.00159871
-0.00021368
0.00161392
-0.000210833
0.00162894
-0.000207961
0.00164378
-0.000205069
0.00165843
-0.000202162
0.00167288
-0.000199245
0.00168715
-0.000196321
0.00170123
-0.000193397
0.00171512
-0.000190475
0.00172881
-0.000187563
0.00174232
-0.000184663
0.00175564
-0.000181782
0.00176878
-0.000178924
0.00178173
-0.000176095
0.0017945
-0.0001733
0.00180709
-0.000170545
0.00181951
-0.000167836
0.00183176
-0.000165177
0.00184384
-0.000162577
0.00185575
-0.00016004
0.00186751
-0.000157573
0.00187912
-0.000155182
0.00189058
-0.000152874
0.0019019
-0.000150655
0.0019131
-0.000148533
0.00192417
-0.000146507
0.00193512
-0.0001446
0.00194596
-0.00014278
0.00195671
-0.000141121
0.00196737
-0.000139492
0.00197796
-0.00013814
0.00198845
-0.000136598
0.00199892
-0.000135712
0.00200927
-0.000133883
0.00201967
-0.00013395
0.00202985
-0.000130566
0.00204024
-0.000132796
-0.000122495
0.00132904
-0.000271289
0.00134645
-0.0002695
0.00136376
-0.000267593
0.00138096
-0.000265576
0.00139805
-0.000263453
0.00141501
-0.000261231
0.00143186
-0.000258916
0.00144857
-0.000256512
0.00146514
-0.000254027
0.00148157
-0.000251464
0.00149786
-0.00024883
0.00151399
-0.00024613
0.00152996
-0.000243369
0.00154578
-0.000240551
0.00156143
-0.000237683
0.00157691
-0.000234769
0.00159223
-0.000231814
0.00160737
-0.000228822
0.00162234
-0.0002258
0.00163713
-0.000222751
0.00165174
-0.000219681
0.00166617
-0.000216594
0.00168042
-0.000213496
0.00169449
-0.000210391
0.00170838
-0.000207285
0.00172209
-0.000204182
0.00173561
-0.000201088
0.00174896
-0.000198008
0.00176212
-0.000194948
0.00177511
-0.000191913
0.00178792
-0.000188908
0.00180056
-0.00018594
0.00181303
-0.000183015
0.00182534
-0.000180139
0.00183748
-0.000177317
0.00184946
-0.000174558
0.00186129
-0.000171867
0.00187296
-0.000169251
0.0018845
-0.000166716
0.0018959
-0.000164272
0.00190716
-0.000161921
0.00191831
-0.000159677
0.00192933
-0.000157535
0.00194025
-0.000155521
0.00195107
-0.000153601
0.00196181
-0.000151853
0.00197245
-0.000150139
0.00198304
-0.000148723
0.00199354
-0.000147103
0.00200402
-0.00014619
0.0020144
-0.000144264
0.00202483
-0.000144378
0.00203506
-0.000140793
0.00204549
-0.000143235
-0.000132267
0.00134384
-0.000288372
0.00136084
-0.0002865
0.00137775
-0.000284503
0.00139457
-0.000282387
0.00141127
-0.00028016
0.00142787
-0.000277827
0.00144435
-0.000275395
0.0014607
-0.000272869
0.00147693
-0.000270255
0.00149303
-0.000267559
0.00150899
-0.000264787
0.0015248
-0.000261944
0.00154047
-0.000259036
0.00155598
-0.000256068
0.00157135
-0.000253045
0.00158655
-0.000249973
0.00160159
-0.000246857
0.00161647
-0.000243703
0.00163119
-0.000240514
0.00164574
-0.000237298
0.00166011
-0.000234058
0.00167432
-0.000230801
0.00168836
-0.000227531
0.00170222
-0.000224254
0.00171591
-0.000220975
0.00172943
-0.0002177
0.00174278
-0.000214434
0.00175595
-0.000211183
0.00176896
-0.000207953
0.00178179
-0.000204749
0.00179446
-0.000201578
0.00180697
-0.000198446
0.00181931
-0.000195359
0.0018315
-0.000192325
0.00184353
-0.000189349
0.00185541
-0.000186439
0.00186715
-0.000183602
0.00187874
-0.000180846
0.0018902
-0.000178177
0.00190153
-0.000175604
0.00191274
-0.000173131
0.00192384
-0.000170772
0.00193483
-0.000168522
0.00194571
-0.000166409
0.00195651
-0.000164398
0.00196723
-0.000162571
0.00197787
-0.000160779
0.00198845
-0.000159308
0.00199897
-0.000157618
0.00200947
-0.000156688
0.00201988
-0.000154674
0.00203034
-0.000154843
0.00204062
-0.000151069
0.00205112
-0.000153732
-0.000142124
0.00135928
-0.000305022
0.00137585
-0.000303075
0.00139235
-0.000300996
0.00140875
-0.000298792
0.00142506
-0.00029647
0.00144127
-0.000294036
0.00145737
-0.000291496
0.00147336
-0.000288857
0.00148923
-0.000286125
0.00150497
-0.000283305
0.00152059
-0.000280405
0.00153608
-0.000277429
0.00155142
-0.000274383
0.00156663
-0.000271274
0.00158169
-0.000268107
0.00159661
-0.000264887
0.00161137
-0.00026162
0.00162598
-0.000258312
0.00164043
-0.000254968
0.00165473
-0.000251593
0.00166886
-0.000248194
0.00168284
-0.000244776
0.00169665
-0.000241344
0.0017103
-0.000237904
0.00172379
-0.000234462
0.00173711
-0.000231024
0.00175027
-0.000227596
0.00176327
-0.000224183
0.00177611
-0.000220792
0.00178879
-0.000217429
0.00180131
-0.0002141
0.00181368
-0.000210814
0.0018259
-0.000207575
0.00183796
-0.000204391
0.00184988
-0.00020127
0.00186166
-0.000198219
0.00187331
-0.000195246
0.00188482
-0.000192358
0.00189621
-0.000189563
0.00190747
-0.00018687
0.00191863
-0.000184285
0.00192968
-0.00018182
0.00194062
-0.000179471
0.00195148
-0.000177269
0.00196226
-0.000175174
0.00197297
-0.000173277
0.0019836
-0.000171417
0.0019942
-0.0001699
0.00200473
-0.000168149
0.00201525
-0.000167209
0.00202569
-0.000165118
0.0020362
-0.000165352
0.00204653
-0.000161403
0.0020571
-0.000164294
-0.000152074
0.00137526
-0.000321221
0.0013914
-0.000319209
0.00140746
-0.000317058
0.00142344
-0.000314776
0.00143934
-0.000312368
0.00145515
-0.000309843
0.00147086
-0.000307206
0.00148646
-0.000304464
0.00150196
-0.000301623
0.00151735
-0.000298691
0.00153261
-0.000295672
0.00154776
-0.000292573
0.00156278
-0.000289401
0.00157766
-0.000286161
0.00159241
-0.000282859
0.00160703
-0.000279501
0.0016215
-0.000276093
0.00163583
-0.000272642
0.00165002
-0.000269152
0.00166405
-0.00026563
0.00167794
-0.000262081
0.00169168
-0.000258512
0.00170526
-0.000254928
0.00171869
-0.000251336
0.00173197
-0.000247741
0.0017451
-0.00024415
0.00175807
-0.000240568
0.00177089
-0.000237004
0.00178356
-0.000233462
0.00179608
-0.000229949
0.00180845
-0.000226473
0.00182068
-0.000223041
0.00183277
-0.00021966
0.00184471
-0.000216337
0.00185652
-0.000213081
0.0018682
-0.000209898
0.00187975
-0.000206798
0.00189118
-0.000203788
0.0019025
-0.000200876
0.0019137
-0.000198073
0.0019248
-0.000195384
0.0019358
-0.000192823
0.00194672
-0.000190385
0.00195755
-0.000188102
0.00196831
-0.000185934
0.00197901
-0.000183975
0.00198965
-0.000182056
0.00200025
-0.000180502
0.0020108
-0.000178701
0.00202135
-0.000177761
0.00203184
-0.000175603
0.0020424
-0.000175911
0.00205279
-0.0001718
0.00206343
-0.00017493
-0.000162126
0.00139171
-0.000336956
0.00140739
-0.00033489
0.00142301
-0.000332677
0.00143856
-0.000330326
0.00145403
-0.000327844
0.00146943
-0.000325237
0.00148474
-0.000322514
0.00149995
-0.000319679
0.00151507
-0.000316741
0.00153008
-0.000313705
0.00154499
-0.000310579
0.00155979
-0.000307368
0.00157446
-0.000304079
0.00158902
-0.000300719
0.00160346
-0.000297293
0.00161777
-0.000293809
0.00163194
-0.000290271
0.00164599
-0.000286687
0.0016599
-0.000283062
0.00167367
-0.000279402
0.0016873
-0.000275714
0.0017008
-0.000272005
0.00171415
-0.00026828
0.00172736
-0.000264545
0.00174042
-0.000260807
0.00175335
-0.000257073
0.00176613
-0.00025335
0.00177877
-0.000249643
0.00179127
-0.000245961
0.00180363
-0.000242309
0.00181585
-0.000238696
0.00182794
-0.000235129
0.00183989
-0.000231615
0.00185172
-0.000228163
0.00186342
-0.000224781
0.00187499
-0.000221476
0.00188646
-0.000218259
0.0018978
-0.000215137
0.00190905
-0.000212119
0.00192019
-0.000209216
0.00193124
-0.000206432
0.0019422
-0.000203784
0.00195308
-0.000201266
0.00196389
-0.000198914
0.00197464
-0.000196681
0.00198533
-0.000194671
0.00199598
-0.000192703
0.0020066
-0.000191122
0.00201718
-0.000189279
0.00202777
-0.00018835
0.0020383
-0.000186135
0.00204892
-0.000186527
0.00205938
-0.000182269
0.0020701
-0.000185647
-0.000172289
0.00140854
0.00142375
-0.000350106
0.00143892
-0.000347842
0.00145402
-0.000345433
0.00146907
-0.000342887
0.00148404
-0.00034021
0.00149894
-0.00033741
0.00151375
-0.000334495
0.00152848
-0.000331469
0.00154312
-0.000328342
0.00155766
-0.000325119
0.0015721
-0.000321807
0.00158643
-0.000318413
0.00160066
-0.000314944
0.00161477
-0.000311405
0.00162876
-0.000307805
0.00164264
-0.000304148
0.00165639
-0.000300441
0.00167003
-0.000296692
0.00168353
-0.000292906
0.00169691
-0.000289091
0.00171015
-0.000285251
0.00172327
-0.000281395
0.00173625
-0.000277529
0.0017491
-0.00027366
0.00176183
-0.000269794
0.00177441
-0.000265938
0.00178687
-0.000262101
0.0017992
-0.000258288
0.0018114
-0.000254508
0.00182347
-0.000250768
0.00183542
-0.000247076
0.00184724
-0.00024344
0.00185895
-0.000239869
0.00187054
-0.000236372
0.00188202
-0.000232956
0.00189339
-0.000229632
0.00190466
-0.000226408
0.00191584
-0.000223294
0.00192692
-0.0002203
0.00193792
-0.000217432
0.00194885
-0.000214708
0.0019597
-0.000212121
0.0019705
-0.000209708
0.00198124
-0.000207421
0.00199193
-0.00020537
0.00200259
-0.000203362
0.00201324
-0.000201765
0.00202385
-0.000199891
0.00203448
-0.000198983
0.00204507
-0.000196722
0.00205575
-0.000197209
0.0020663
-0.000192819
0.00207711
-0.000196454
-0.000182575
0.0014404
-0.000364848
0.0014551
-0.000362544
0.00146976
-0.000360089
0.00148436
-0.00035749
0.00149891
-0.000354754
0.00151339
-0.00035189
0.00152779
-0.000348904
0.00154213
-0.000345803
0.00155638
-0.000342595
0.00157055
-0.000339287
0.00158463
-0.000335886
0.00159861
-0.000332398
0.0016125
-0.000328831
0.00162629
-0.000325191
0.00163997
-0.000321485
0.00165354
-0.00031772
0.001667
-0.000313904
0.00168035
-0.000310041
0.00169358
-0.00030614
0.0017067
-0.000302208
0.0017197
-0.00029825
0.00173258
-0.000294275
0.00174534
-0.000290288
0.00175798
-0.000286298
0.00177049
-0.000282311
0.00178289
-0.000278335
0.00179517
-0.000274377
0.00180732
-0.000270445
0.00181936
-0.000266547
0.00183128
-0.000262691
0.00184309
-0.000258885
0.00185479
-0.000255138
0.00186638
-0.000251459
0.00187787
-0.000247857
0.00188925
-0.00024434
0.00190054
-0.00024092
0.00191174
-0.000237605
0.00192285
-0.000234405
0.00193388
-0.000231331
0.00194484
-0.00022839
0.00195573
-0.0002256
0.00196656
-0.000222954
0.00197734
-0.00022049
0.00198808
-0.00021816
0.00199879
-0.000216078
0.00200947
-0.000214042
0.00202014
-0.000212438
0.0020308
-0.000210544
0.00204148
-0.000209668
0.00205213
-0.000207373
0.00206289
-0.000207966
0.00207353
-0.000203459
0.00208444
-0.000207361
-0.000192992
0.00145724
-0.000379112
0.00147148
-0.000376779
0.00148568
-0.000374288
0.00149984
-0.000371648
0.00151395
-0.000368865
0.001528
-0.000365948
0.001542
-0.000362903
0.00155594
-0.000359739
0.00156981
-0.000356462
0.0015836
-0.00035308
0.00159731
-0.000349601
0.00161095
-0.000346031
0.0016245
-0.000342378
0.00163795
-0.000338648
0.00165132
-0.000334849
0.00166458
-0.000330988
0.00167775
-0.000327072
0.00169082
-0.000323109
0.00170378
-0.000319104
0.00171664
-0.000315066
0.00172939
-0.000311001
0.00174204
-0.000306918
0.00175457
-0.000302822
0.001767
-0.000298722
0.00177931
-0.000294626
0.00179152
-0.00029054
0.00180361
-0.000286473
0.0018156
-0.000282433
0.00182748
-0.000278429
0.00183926
-0.000274468
0.00185093
-0.000270559
0.00186251
-0.000266712
0.00187398
-0.000262936
0.00188537
-0.00025924
0.00189666
-0.000255634
0.00190787
-0.000252128
0.001919
-0.000248733
0.00193005
-0.000245457
0.00194103
-0.000242315
0.00195195
-0.000239312
0.00196282
-0.000236466
0.00197364
-0.000233771
0.00198442
-0.000231269
0.00199516
-0.000228906
0.00200589
-0.000226804
0.0020166
-0.00022475
0.00202731
-0.000223151
0.00203801
-0.000221248
0.00204876
-0.000220414
0.00205948
-0.000218098
0.00207032
-0.000218806
0.00208106
-0.000214198
0.00209208
-0.000218379
-0.000203553
0.0014742
-0.000392892
0.00148796
-0.000390542
0.0015017
-0.000388028
0.00151541
-0.000385358
0.00152909
-0.00038254
0.00154272
-0.000379582
0.00155631
-0.000376491
0.00156984
-0.000373275
0.00158332
-0.000369941
0.00159674
-0.000366498
0.00161009
-0.000362953
0.00162337
-0.000359312
0.00163658
-0.000355585
0.00164971
-0.000351777
0.00166276
-0.000347897
0.00167572
-0.000343952
0.0016886
-0.000339949
0.00170138
-0.000335895
0.00171408
-0.000331799
0.00172668
-0.000327667
0.00173918
-0.000323507
0.00175159
-0.000319327
0.00176391
-0.000315134
0.00177612
-0.000310936
0.00178824
-0.000306741
0.00180025
-0.000302558
0.00181217
-0.000298394
0.001824
-0.000294257
0.00183573
-0.000290157
0.00184736
-0.000286103
0.0018589
-0.000282103
0.00187036
-0.000278167
0.00188173
-0.000274305
0.00189301
-0.000270526
0.00190422
-0.000266842
0.00191536
-0.000263262
0.00192642
-0.000259797
0.00193742
-0.000256458
0.00194837
-0.000253258
0.00195926
-0.000250203
0.0019701
-0.000247313
0.00198091
-0.000244581
0.0019917
-0.000242051
0.00200246
-0.000239666
0.00201321
-0.000237556
0.00202395
-0.000235494
0.00203471
-0.000233912
0.00204548
-0.000232011
0.00205629
-0.000231231
0.0020671
-0.000228905
0.00207804
-0.000229741
0.00208889
-0.000225048
0.00210002
-0.000229517
-0.000214268
0.00149117
-0.000406188
0.00150446
-0.000403833
0.00151774
-0.000401308
0.001531
-0.000398621
0.00154424
-0.00039578
0.00155745
-0.000392792
0.00157063
-0.000389667
0.00158377
-0.000386411
0.00159686
-0.000383033
0.0016099
-0.000379541
0.00162289
-0.000375942
0.00163582
-0.000372243
0.00164869
-0.000368454
0.00166149
-0.00036458
0.00167423
-0.000360631
0.00168689
-0.000356614
0.00169948
-0.000352535
0.00171199
-0.000348404
0.00172441
-0.000344228
0.00173676
-0.000340014
0.00174903
-0.000335771
0.00176121
-0.000331506
0.0017733
-0.000327228
0.00178531
-0.000322944
0.00179723
-0.000318663
0.00180906
-0.000314393
0.00182081
-0.000310143
0.00183248
-0.000305921
0.00184406
-0.000301738
0.00185556
-0.000297602
0.00186698
-0.000293522
0.00187832
-0.000289509
0.00188958
-0.000285572
0.00190078
-0.000281723
0.00191191
-0.000277971
0.00192298
-0.000274329
0.00193399
-0.000270806
0.00194494
-0.000267415
0.00195585
-0.000264168
0.00196672
-0.000261073
0.00197756
-0.000258151
0.00198837
-0.000255393
0.00199917
-0.000252845
0.00200995
-0.00025045
0.00202074
-0.000248342
0.00203153
-0.000246285
0.00204235
-0.000244731
0.00205318
-0.000242843
0.00206408
-0.00024213
0.00207498
-0.000239806
0.00208602
-0.000240782
0.00209699
-0.00023602
0.00210826
-0.000240787
-0.00022515
0.00150807
-0.000419002
0.00152089
-0.000416654
0.00153371
-0.00041413
0.00154653
-0.000411438
0.00155934
-0.000408586
0.00157213
-0.000405582
0.00158489
-0.000402435
0.00159764
-0.000399152
0.00161034
-0.000395742
0.00162302
-0.000392213
0.00163565
-0.000388572
0.00164823
-0.000384828
0.00166077
-0.000380989
0.00167325
-0.000377062
0.00168567
-0.000373056
0.00169804
-0.000368978
0.00171034
-0.000364837
0.00172258
-0.000360641
0.00173474
-0.000356397
0.00174684
-0.000352113
0.00175887
-0.000347799
0.00177082
-0.000343461
0.00178271
-0.000339109
0.00179451
-0.000334751
0.00180625
-0.000330395
0.0018179
-0.000326051
0.00182949
-0.000321727
0.001841
-0.000317433
0.00185244
-0.000313178
0.00186381
-0.000308971
0.00187511
-0.000304824
0.00188635
-0.000300745
0.00189752
-0.000296746
0.00190864
-0.000292837
0.00191969
-0.00028903
0.0019307
-0.000285337
0.00194166
-0.000281768
0.00195258
-0.000278336
0.00196347
-0.000275055
0.00197433
-0.000271931
0.00198517
-0.000268987
0.00199599
-0.000266214
0.0020068
-0.000263662
0.00201762
-0.000261268
0.00202845
-0.000259175
0.0020393
-0.000257134
0.00205019
-0.000255618
0.0020611
-0.000253757
0.00207209
-0.000253121
0.0020831
-0.000250813
0.00209426
-0.000251939
0.00210536
-0.000247127
0.00211678
-0.000252202
-0.000236211
0.00152482
-0.000431335
0.00153717
-0.000429007
0.00154954
-0.000426497
0.00156191
-0.000423813
0.00157429
-0.000420963
0.00158666
-0.000417956
0.00159903
-0.000414799
0.00161138
-0.000411502
0.00162371
-0.000408073
0.00163602
-0.000404519
0.00164829
-0.000400849
0.00166054
-0.000397072
0.00167274
-0.000393196
0.00168491
-0.000389228
0.00169703
-0.000385177
0.0017091
-0.000381052
0.00172113
-0.00037686
0.0017331
-0.000372611
0.00174501
-0.000368311
0.00175687
-0.00036397
0.00176867
-0.000359597
0.00178041
-0.000355199
0.00179208
-0.000350785
0.0018037
-0.000346365
0.00181525
-0.000341947
0.00182674
-0.000337541
0.00183816
-0.000333155
0.00184953
-0.0003288
0.00186084
-0.000324485
0.00187209
-0.00032022
0.00188328
-0.000316016
0.00189442
-0.000311884
0.00190551
-0.000307834
0.00191655
-0.000303878
0.00192755
-0.000300028
0.00193851
-0.000296295
0.00194943
-0.000292692
0.00196032
-0.000289231
0.0019712
-0.000285927
0.00198205
-0.000282786
0.0019929
-0.000279833
0.00200374
-0.000277058
0.00201459
-0.000274512
0.00202545
-0.00027213
0.00203634
-0.000270064
0.00204726
-0.00026805
0.00205823
-0.000266587
0.00206923
-0.000264763
0.00208033
-0.000264216
0.00209146
-0.000261938
0.00210274
-0.000263226
0.002114
-0.00025838
0.00212557
-0.000263774
-0.000247465
0.00154132
-0.000443195
0.00155321
-0.0004409
0.00156513
-0.000438417
0.00157707
-0.000435754
0.00158902
-0.000432918
0.00160099
-0.00042992
0.00161296
-0.000426767
0.00162492
-0.000423469
0.00163688
-0.000420032
0.00164883
-0.000416467
0.00166076
-0.000412781
0.00167267
-0.000408984
0.00168456
-0.000405082
0.00169642
-0.000401086
0.00170825
-0.000397004
0.00172004
-0.000392843
0.00173179
-0.000388613
0.0017435
-0.000384323
0.00175517
-0.00037998
0.00176679
-0.000375594
0.00177837
-0.000371174
0.0017899
-0.000366728
0.00180138
-0.000362265
0.00181281
-0.000357795
0.00182419
-0.000353327
0.00183552
-0.000348871
0.0018468
-0.000344435
0.00185803
-0.000340031
0.00186922
-0.000335669
0.00188035
-0.000331358
0.00189145
-0.00032711
0.0019025
-0.000322936
0.00191351
-0.000318848
0.00192449
-0.000314856
0.00193544
-0.000310975
0.00194636
-0.000307215
0.00195726
-0.00030359
0.00196814
-0.000300111
0.00197901
-0.000296796
0.00198987
-0.000293651
0.00200074
-0.0002907
0.00201161
-0.000287934
0.00202251
-0.000285407
0.00203343
-0.00028305
0.00204439
-0.000281022
0.00205538
-0.000279048
0.00206645
-0.000277649
0.00207756
-0.000275874
0.00208877
-0.00027543
0.00210003
-0.000273194
0.00211146
-0.000274657
0.00212287
-0.000269794
0.00213461
-0.000275517
-0.000258925
0.00155748
0.00156892
-0.000452341
0.0015804
-0.000449898
0.00159192
-0.000447268
0.00160346
-0.000444461
0.00161503
-0.000441485
0.00162661
-0.000438348
0.0016382
-0.000435061
0.0016498
-0.000431631
0.0016614
-0.000428067
0.00167299
-0.000424377
0.00168458
-0.000420572
0.00169616
-0.000416658
0.00170772
-0.000412646
0.00171926
-0.000408545
0.00173078
-0.000404361
0.00174227
-0.000400106
0.00175373
-0.000395787
0.00176517
-0.000391414
0.00177657
-0.000386995
0.00178793
-0.00038254
0.00179927
-0.000378059
0.00181056
-0.000373559
0.00182182
-0.000369052
0.00183303
-0.000364546
0.00184422
-0.000360052
0.00185536
-0.000355579
0.00186647
-0.000351138
0.00187754
-0.00034674
0.00188858
-0.000342396
0.00189958
-0.000338116
0.00191056
-0.000333913
0.00192151
-0.000329798
0.00193244
-0.000325783
0.00194334
-0.000321882
0.00195424
-0.000318107
0.00196512
-0.000314472
0.001976
-0.000310989
0.00198687
-0.000307675
0.00199776
-0.000304536
0.00200866
-0.0003016
0.00201958
-0.000298856
0.00203053
-0.00029636
0.00204152
-0.00029404
0.00205256
-0.000292062
0.00206366
-0.000290141
0.00207483
-0.000288817
0.00208606
-0.000287105
0.0020974
-0.000286776
0.0021088
-0.000284596
0.00212039
-0.000286245
0.00213198
-0.000281383
0.00214391
-0.000287445
-0.000270605
0.00158423
-0.000463341
0.00159528
-0.00046095
0.00160638
-0.000458367
0.00161752
-0.000455601
0.0016287
-0.00045266
0.0016399
-0.000449554
0.00165113
-0.00044629
0.00166238
-0.000442879
0.00167364
-0.000439329
0.00168491
-0.000435649
0.00169619
-0.000431848
0.00170747
-0.000427936
0.00171874
-0.000423921
0.00173001
-0.000419812
0.00174127
-0.000415619
0.00175251
-0.00041135
0.00176374
-0.000407015
0.00177495
-0.000402624
0.00178614
-0.000398185
0.00179731
-0.000393708
0.00180845
-0.000389203
0.00181957
-0.000384679
0.00183067
-0.000380147
0.00184174
-0.000375616
0.00185278
-0.000371096
0.0018638
-0.000366598
0.0018748
-0.000362133
0.00188577
-0.000357712
0.00189672
-0.000353346
0.00190765
-0.000349047
0.00191856
-0.000344826
0.00192946
-0.000340697
0.00194035
-0.000336672
0.00195123
-0.000332764
0.00196211
-0.000328986
0.00197299
-0.000325353
0.00198388
-0.000321877
0.00199478
-0.000318576
0.0020057
-0.000315457
0.00201665
-0.000312548
0.00202763
-0.000309837
0.00203865
-0.000307384
0.00204972
-0.000305113
0.00206086
-0.000303199
0.00207206
-0.000301342
0.00208335
-0.000300107
0.00209472
-0.00029847
0.00210621
-0.000298268
0.00211777
-0.000296157
0.00212953
-0.000298005
0.00214131
-0.000293161
0.00215344
-0.000299574
-0.000282521
0.00159905
-0.000473912
0.00160968
-0.000471588
0.00162038
-0.000469065
0.00163113
-0.000466353
0.00164193
-0.00046346
0.00165278
-0.000460396
0.00166366
-0.00045717
0.00167457
-0.000453791
0.00168551
-0.000450267
0.00169647
-0.00044661
0.00170744
-0.000442827
0.00171844
-0.000438928
0.00172944
-0.000434922
0.00174045
-0.000430819
0.00175145
-0.000426628
0.00176246
-0.000422359
0.00177347
-0.000418021
0.00178447
-0.000413624
0.00179546
-0.000409178
0.00180645
-0.000404691
0.00181742
-0.000400175
0.00182838
-0.000395639
0.00183932
-0.000391094
0.00185026
-0.00038655
0.00186118
-0.000382017
0.00187209
-0.000377506
0.00188298
-0.000373029
0.00189387
-0.000368597
0.00190474
-0.000364222
0.00191561
-0.000359916
0.00192648
-0.00035569
0.00193734
-0.000351559
0.0019482
-0.000347535
0.00195907
-0.000343632
0.00196995
-0.000339864
0.00198084
-0.000336245
0.00199175
-0.000332789
0.00200269
-0.000329514
0.00201366
-0.000326427
0.00202467
-0.000323557
0.00203573
-0.000320892
0.00204684
-0.000318495
0.00205801
-0.000316286
0.00206926
-0.000314446
0.00208058
-0.000312667
0.00209201
-0.000311533
0.00210352
-0.000309984
0.00211518
-0.000309922
0.00212691
-0.000307895
0.00213886
-0.000309952
0.00215085
-0.000305146
0.00216319
-0.000311918
-0.000294688
0.00161329
-0.00048407
0.00162353
-0.000481826
0.00163384
-0.000479377
0.00164422
-0.000476732
0.00165466
-0.0004739
0.00166516
-0.000470892
0.0016757
-0.000467716
0.00168629
-0.000464381
0.00169692
-0.000460898
0.00170759
-0.000457275
0.00171828
-0.000453522
0.001729
-0.000449649
0.00173975
-0.000445666
0.00175051
-0.000441581
0.00176129
-0.000437405
0.00177208
-0.000433148
0.00178287
-0.00042882
0.00179368
-0.000424429
0.00180449
-0.000419987
0.0018153
-0.000415504
0.00182611
-0.000410989
0.00183693
-0.000406454
0.00184774
-0.000401908
0.00185856
-0.000397363
0.00186937
-0.000392829
0.00188018
-0.000388318
0.00189099
-0.000383841
0.00190181
-0.000379411
0.00191262
-0.000375039
0.00192344
-0.000370737
0.00193427
-0.00036652
0.00194511
-0.000362399
0.00195597
-0.000358389
0.00196684
-0.000354504
0.00197773
-0.000350757
0.00198865
-0.000347165
0.0019996
-0.000343741
0.00201059
-0.000340504
0.00202163
-0.000337461
0.00203272
-0.000334643
0.00204386
-0.000332037
0.00205507
-0.000329708
0.00206636
-0.000327572
0.00207773
-0.000325821
0.0020892
-0.000324131
0.00210078
-0.000323112
0.00211246
-0.000321664
0.00212429
-0.000321754
0.00213622
-0.000319824
0.00214837
-0.000322104
0.00216058
-0.000317353
0.00217315
-0.000324494
-0.000307122
0.00162689
-0.000493833
0.00163675
-0.000491681
0.00164669
-0.000489319
0.00165671
-0.000486754
0.00166681
-0.000483997
0.00167697
-0.000481058
0.0016872
-0.000477944
0.00169749
-0.000474667
0.00170783
-0.000471236
0.00171821
-0.000467661
0.00172864
-0.000463951
0.00173911
-0.000460117
0.00174961
-0.000456168
0.00176015
-0.000452115
0.00177071
-0.000447967
0.00178129
-0.000443734
0.0017919
-0.000439427
0.00180253
-0.000435055
0.00181317
-0.000430631
0.00182383
-0.000426162
0.0018345
-0.000421661
0.00184519
-0.000417138
0.00185588
-0.000412605
0.00186659
-0.000408071
0.00187731
-0.000403549
0.00188804
-0.00039905
0.00189879
-0.000394586
0.00190955
-0.000390169
0.00192032
-0.000385813
0.00193111
-0.000381529
0.00194192
-0.000377331
0.00195276
-0.000373233
0.00196362
-0.000369249
0.00197451
-0.000365394
0.00198543
-0.000361681
0.00199639
-0.000358129
0.0020074
-0.000354749
0.00201846
-0.000351562
0.00202958
-0.000348576
0.00204076
-0.000345823
0.00205201
-0.000343287
0.00206334
-0.000341039
0.00207476
-0.00033899
0.00208627
-0.00033734
0.00209789
-0.000335752
0.00210964
-0.00033486
0.0021215
-0.000333526
0.00213353
-0.000333781
0.00214567
-0.000331963
0.00215804
-0.000334478
0.00217049
-0.0003298
0.00218332
-0.000337319
-0.000319838
0.00163977
-0.000503219
0.00164926
-0.000501174
0.00165885
-0.000498911
0.00166854
-0.00049644
0.00167831
-0.000493771
0.00168817
-0.000490912
0.0016981
-0.000487875
0.0017081
-0.000484668
0.00171816
-0.000481302
0.00172829
-0.000477787
0.00173847
-0.000474133
0.0017487
-0.00047035
0.00175898
-0.000466449
0.00176931
-0.000462438
0.00177967
-0.00045833
0.00179007
-0.000454134
0.00180051
-0.000449861
0.00181097
-0.000445521
0.00182147
-0.000441125
0.00183199
-0.000436684
0.00184254
-0.00043221
0.00185311
-0.000427712
0.00186371
-0.000423202
0.00187433
-0.000418692
0.00188497
-0.000414194
0.00189564
-0.000409719
0.00190634
-0.00040528
0.00191706
-0.000400889
0.0019278
-0.00039656
0.00193858
-0.000392306
0.00194939
-0.000388141
0.00196024
-0.000384078
0.00197112
-0.000380132
0.00198204
-0.000376319
0.00199302
-0.000372654
0.00200404
-0.000369153
0.00201512
-0.00036583
0.00202627
-0.000362707
0.00203748
-0.00035979
0.00204877
-0.000357113
0.00206014
-0.000354661
0.00207161
-0.000352506
0.00208318
-0.000350557
0.00209486
-0.00034902
0.00210665
-0.000347547
0.00211859
-0.000346795
0.00213065
-0.000345588
0.00214289
-0.000346022
0.00215526
-0.00034433
0.00216787
-0.00034709
0.00218057
-0.000342504
0.00219367
-0.000350411
-0.000332854
0.00165185
-0.000512249
0.001661
-0.000510324
0.00167026
-0.000508174
0.00167963
-0.00050581
0.0016891
-0.000503241
0.00169867
-0.000500477
0.00170832
-0.000497528
0.00171806
-0.000494404
0.00172787
-0.000491116
0.00173776
-0.000487674
0.00174771
-0.000484088
0.00175773
-0.000480368
0.00176781
-0.000476526
0.00177794
-0.000472571
0.00178812
-0.000468515
0.00179836
-0.000464368
0.00180864
-0.000460141
0.00181896
-0.000455845
0.00182933
-0.000451491
0.00183973
-0.000447089
0.00185018
-0.000442653
0.00186066
-0.000438192
0.00187117
-0.000433718
0.00188173
-0.000429244
0.00189231
-0.000424782
0.00190294
-0.000420343
0.0019136
-0.000415942
0.0019243
-0.00041159
0.00193504
-0.000407301
0.00194582
-0.000403088
0.00195665
-0.000398967
0.00196752
-0.000394952
0.00197845
-0.000391057
0.00198943
-0.000387299
0.00200047
-0.000383693
0.00201157
-0.000380256
0.00202274
-0.000377003
0.00203399
-0.000373955
0.00204532
-0.00037112
0.00205674
-0.000368532
0.00206825
-0.000366176
0.00207988
-0.000364128
0.00209161
-0.00036229
0.00210347
-0.00036088
0.00211546
-0.000359535
0.0021276
-0.000358935
0.00213988
-0.000357868
0.00215235
-0.000358494
0.00216496
-0.000356942
0.00217783
-0.000359961
0.00219081
-0.000355484
0.00220419
-0.000363787
-0.000346187
0.00166307
0.0016719
-0.000519155
0.00168086
-0.000517131
0.00168993
-0.000514886
0.00169912
-0.00051243
0.00170842
-0.000509773
0.00171782
-0.000506926
0.00172731
-0.000503897
0.00173689
-0.000500699
0.00174656
-0.000497342
0.00175631
-0.000493836
0.00176613
-0.000490193
0.00177603
-0.000486422
0.00178599
-0.000482535
0.00179602
-0.000478543
0.00180611
-0.000474457
0.00181626
-0.000470288
0.00182646
-0.000466048
0.00183672
-0.000461747
0.00184702
-0.000457397
0.00185738
-0.00045301
0.00186779
-0.000448599
0.00187824
-0.000444174
0.00188875
-0.000439748
0.0018993
-0.000435333
0.0019099
-0.000430943
0.00192055
-0.000426591
0.00193125
-0.000422289
0.001942
-0.000418052
0.00195281
-0.000413895
0.00196367
-0.00040983
0.00197459
-0.000405875
0.00198558
-0.000402043
0.00199663
-0.000398352
0.00200775
-0.000394817
0.00201895
-0.000391457
0.00203024
-0.000388285
0.00204161
-0.000385325
0.00205307
-0.000382585
0.00206464
-0.000380099
0.00207632
-0.000377852
0.00208811
-0.000375923
0.00210003
-0.000374209
0.00211209
-0.000372939
0.00212429
-0.000371734
0.00213665
-0.000371301
0.00214917
-0.000370387
0.0021619
-0.000371217
0.00217477
-0.00036982
0.00218792
-0.000373108
0.0022012
-0.00036876
0.00221488
-0.000377466
-0.000359855
0.0016819
-0.00052769
0.00169057
-0.000525806
0.00169938
-0.000523693
0.00170831
-0.000521363
0.00171736
-0.000518825
0.00172653
-0.000516091
0.0017358
-0.000513171
0.00174518
-0.000510075
0.00175465
-0.000506815
0.00176422
-0.000503402
0.00177387
-0.000499846
0.00178361
-0.000496159
0.00179342
-0.000492352
0.00180332
-0.000488436
0.00181328
-0.000484423
0.00182332
-0.000480324
0.00183342
-0.000476151
0.00184359
-0.000471915
0.00185382
-0.000467629
0.00186412
-0.000463305
0.00187447
-0.000458954
0.00188489
-0.000454589
0.00189536
-0.000450223
0.0019059
-0.000445868
0.00191649
-0.000441539
0.00192715
-0.000437248
0.00193787
-0.000433009
0.00194865
-0.000428836
0.0019595
-0.000424745
0.00197042
-0.000420749
0.00198141
-0.000416866
0.00199248
-0.00041311
0.00200362
-0.000409498
0.00201485
-0.000406047
0.00202617
-0.000402775
0.00203759
-0.000399698
0.0020491
-0.000396839
0.00206072
-0.000394205
0.00207245
-0.000391834
0.00208431
-0.000389708
0.0020963
-0.00038791
0.00210842
-0.000386335
0.0021207
-0.000385216
0.00213313
-0.000384166
0.00214574
-0.000383911
0.00215852
-0.000383164
0.00217151
-0.000384211
0.00218467
-0.000382982
0.00219812
-0.000386553
0.00221171
-0.00038235
0.00222571
-0.000391469
-0.000373876
0.00169093
-0.000535957
0.00169935
-0.000534224
0.00170791
-0.000532256
0.00171661
-0.000530064
0.00172544
-0.000527659
0.0017344
-0.00052505
0.00174348
-0.00052225
0.00175268
-0.000519268
0.00176198
-0.000516118
0.00177138
-0.000512808
0.00178089
-0.000509352
0.00179049
-0.00050576
0.00180018
-0.000502045
0.00180997
-0.000498217
0.00181983
-0.000494288
0.00182978
-0.000490271
0.0018398
-0.000486177
0.00184991
-0.000482019
0.00186009
-0.000477808
0.00187034
-0.000473557
0.00188066
-0.000469279
0.00189106
-0.000464986
0.00190153
-0.000460692
0.00191207
-0.000456409
0.00192268
-0.000452152
0.00193337
-0.000447934
0.00194413
-0.000443769
0.00195497
-0.000439673
0.00196588
-0.00043566
0.00197688
-0.000431746
0.00198796
-0.000427946
0.00199913
-0.000424278
0.00201039
-0.000420758
0.00202174
-0.000417403
0.0020332
-0.000414232
0.00204476
-0.000411262
0.00205644
-0.000408516
0.00206824
-0.000406001
0.00208016
-0.000403758
0.00209222
-0.000401766
0.00210442
-0.000400112
0.00211677
-0.000398686
0.00212929
-0.000397733
0.00214197
-0.000396849
0.00215484
-0.000396786
0.0021679
-0.000396219
0.00218118
-0.000397496
0.00219465
-0.000396451
0.00220841
-0.000400314
0.00222234
-0.000396277
0.00223669
-0.000405813
-0.000388268
0.00169894
-0.000543982
0.00170713
-0.000542413
0.00171548
-0.000540602
0.00172397
-0.000538561
0.00173261
-0.000536299
0.00174139
-0.000533828
0.0017503
-0.000531159
0.00175934
-0.000528304
0.00176849
-0.000525274
0.00177777
-0.000522081
0.00178715
-0.000518736
0.00179664
-0.000515251
0.00180623
-0.000511639
0.00181593
-0.00050791
0.00182572
-0.000504078
0.0018356
-0.000500154
0.00184557
-0.00049615
0.00185564
-0.00049208
0.00186578
-0.000487956
0.00187602
-0.000483791
0.00188634
-0.000479597
0.00189674
-0.000475388
0.00190722
-0.000471177
0.00191779
-0.000466978
0.00192844
-0.000462804
0.00193918
-0.000458671
0.00195
-0.000454593
0.00196092
-0.000450585
0.00197192
-0.000446662
0.00198301
-0.000442841
0.00199421
-0.000439137
0.0020055
-0.000435569
0.00201689
-0.000432153
0.0020284
-0.000428906
0.00204001
-0.000425849
0.00205175
-0.000422998
0.00206361
-0.000420377
0.0020756
-0.000417994
0.00208774
-0.000415891
0.00210001
-0.000414045
0.00211245
-0.000412548
0.00212505
-0.000411285
0.00213783
-0.00041051
0.00215078
-0.000409805
0.00216395
-0.000409947
0.0021773
-0.000409574
0.0021909
-0.000411093
0.00220469
-0.000410246
0.00221879
-0.000414414
0.00223308
-0.000410561
0.00224779
-0.000420521
-0.00040305
0.00170587
-0.000551794
0.00171386
-0.000550401
0.00172202
-0.00054876
0.00173034
-0.00054688
0.00173881
-0.000544774
0.00174744
-0.000542453
0.0017562
-0.000539928
0.00176511
-0.00053721
0.00177415
-0.000534313
0.00178331
-0.000531247
0.0017926
-0.000528024
0.00180201
-0.000524658
0.00181153
-0.000521159
0.00182116
-0.000517541
0.0018309
-0.000513816
0.00184074
-0.000509997
0.00185069
-0.000506096
0.00186073
-0.000502125
0.00187088
-0.000498099
0.00188112
-0.00049403
0.00189145
-0.000489932
0.00190188
-0.000485818
0.00191241
-0.000481702
0.00192303
-0.000477598
0.00193374
-0.00047352
0.00194455
-0.000469483
0.00195546
-0.000465503
0.00196647
-0.000461595
0.00197759
-0.000457774
0.0019888
-0.000454058
0.00200013
-0.000450463
0.00201157
-0.000447005
0.00202312
-0.000443705
0.00203479
-0.000440579
0.00204659
-0.000437648
0.00205852
-0.000434928
0.00207059
-0.000432445
0.0020828
-0.000430206
0.00209516
-0.000428255
0.00210769
-0.000426569
0.00212038
-0.000425242
0.00213325
-0.000424154
0.00214631
-0.00042357
0.00215956
-0.000423057
0.00217303
-0.000423417
0.00218671
-0.00042325
0.00220064
-0.000425025
0.00221478
-0.000424391
0.00222924
-0.000428875
0.00224391
-0.000425223
0.002259
-0.000435613
-0.000418242
0.00171168
-0.000559422
0.0017195
-0.000558217
0.00172749
-0.000556757
0.00173567
-0.000555052
0.00174401
-0.000553113
0.0017525
-0.000550953
0.00176116
-0.000548582
0.00176996
-0.000546014
0.00177891
-0.00054326
0.001788
-0.000540332
0.00179721
-0.000537244
0.00180656
-0.000534006
0.00181604
-0.000530633
0.00182563
-0.000527137
0.00183535
-0.00052353
0.00184518
-0.000519826
0.00185512
-0.000516038
0.00186517
-0.000512179
0.00187533
-0.000508262
0.00188561
-0.0005043
0.00189598
-0.000500309
0.00190647
-0.000496301
0.00191705
-0.000492291
0.00192775
-0.000488293
0.00193855
-0.000484322
0.00194946
-0.000480394
0.00196048
-0.000476523
0.00197161
-0.000472726
0.00198286
-0.000469019
0.00199422
-0.00046542
0.0020057
-0.000461944
0.00201731
-0.000458611
0.00202904
-0.000455438
0.00204091
-0.000452445
0.00205291
-0.000449652
0.00206506
-0.000447075
0.00207736
-0.000444742
0.00208981
-0.00044266
0.00210243
-0.000440874
0.00211522
-0.000439359
0.00212819
-0.000438214
0.00214135
-0.000437315
0.00215472
-0.000436934
0.00216829
-0.000436627
0.00218209
-0.000437217
0.00219611
-0.00043727
0.00221039
-0.000439313
0.00222491
-0.000438906
0.00223975
-0.000443717
0.00225482
-0.000440286
0.00227031
-0.00045111
-0.000433862
0.0017164
0.00172407
-0.000565889
0.00173193
-0.000564621
0.00173998
-0.000563101
0.00174821
-0.000561341
0.00175661
-0.000559353
0.00176518
-0.000557149
0.00177391
-0.00055474
0.00178279
-0.000552141
0.00179182
-0.000549363
0.00180099
-0.000546419
0.00181031
-0.000543322
0.00181976
-0.000540085
0.00182934
-0.000536721
0.00183906
-0.000533244
0.0018489
-0.000529666
0.00185886
-0.000526002
0.00186895
-0.000522264
0.00187915
-0.000518467
0.00188948
-0.000514625
0.00189992
-0.000510751
0.00191048
-0.000506861
0.00192116
-0.000502968
0.00193195
-0.000499087
0.00194286
-0.000495235
0.00195389
-0.000491426
0.00196505
-0.000487676
0.00197632
-0.000484002
0.00198772
-0.000480421
0.00199925
-0.000476949
0.00201092
-0.000473605
0.00202271
-0.000470408
0.00203465
-0.000467375
0.00204673
-0.000464526
0.00205896
-0.000461883
0.00207135
-0.000459462
0.0020839
-0.000457292
0.00209662
-0.000455379
0.00210951
-0.000453769
0.00212259
-0.000452438
0.00213586
-0.000451489
0.00214934
-0.00045079
0.00216303
-0.000450627
0.00217694
-0.000450536
0.0021911
-0.000451372
0.00220548
-0.000451655
0.00222015
-0.000453985
0.00223505
-0.000453809
0.00225031
-0.000458975
0.00226578
-0.000455755
0.00228173
-0.000467062
-0.000449912
0.00182079
-0.000566301
0.00182135
-0.000565176
0.00182204
-0.000563794
0.00182287
-0.000562168
0.00182382
-0.000560309
0.0018249
-0.00055823
0.00182611
-0.000555942
0.00182743
-0.00055346
0.00182886
-0.000550795
0.0018304
-0.00054796
0.00183204
-0.000544969
0.00183379
-0.000541834
0.00183564
-0.000538569
0.00183758
-0.000535187
0.00183962
-0.000531701
0.00184174
-0.000528126
0.00184395
-0.000524475
0.00184625
-0.000520763
0.00184863
-0.000517002
0.00185108
-0.000513208
0.00185362
-0.000509396
0.00185623
-0.000505579
0.00185892
-0.000501773
0.00186168
-0.000497994
0.00186451
-0.000494257
0.00186741
-0.000490579
0.00187038
-0.000486975
0.00187343
-0.000483464
0.00187654
-0.000480063
0.00187972
-0.000476789
0.00188298
-0.000473662
0.0018863
-0.000470701
0.0018897
-0.000467924
0.00189317
-0.000465354
0.00189672
-0.000463007
0.00190034
-0.000460913
0.00190404
-0.000459078
0.00190782
-0.000457549
0.00191168
-0.0004563
0.00191563
-0.000455438
0.00191966
-0.000454824
0.0019238
-0.000454759
0.00192801
-0.000454754
0.00193235
-0.000455708
0.00193676
-0.000456066
0.00194133
-0.000458552
0.00194594
-0.000458417
0.00195079
-0.000463826
0.00195558
-0.000460549
0.00196083
-0.000472309
-0.000454924
0.00188806
-0.000566334
0.00188825
-0.000565358
0.00188857
-0.000564122
0.00188904
-0.000562637
0.00188965
-0.000560914
0.00189039
-0.000558967
0.00189125
-0.000556808
0.00189224
-0.000554449
0.00189335
-0.000551904
0.00189457
-0.000549185
0.00189591
-0.000546305
0.00189735
-0.000543279
0.0018989
-0.000540118
0.00190056
-0.000536838
0.0019023
-0.000533451
0.00190415
-0.000529971
0.00190609
-0.000526413
0.00190811
-0.00052279
0.00191023
-0.000519117
0.00191243
-0.000515409
0.00191471
-0.000511679
0.00191708
-0.000507944
0.00191952
-0.000504218
0.00192205
-0.000500518
0.00192465
-0.000496858
0.00192733
-0.000493256
0.00193008
-0.000489729
0.00193291
-0.000486293
0.00193581
-0.000482967
0.00193879
-0.000479768
0.00194185
-0.000476716
0.00194498
-0.000473831
0.00194818
-0.000471131
0.00195147
-0.000468638
0.00195483
-0.000466371
0.00195828
-0.000464357
0.0019618
-0.000462604
0.00196541
-0.000461161
0.00196911
-0.000459998
0.0019729
-0.000459228
0.00197678
-0.000458703
0.00198076
-0.000458741
0.00198483
-0.000458825
0.00198903
-0.0004599
0.0019933
-0.00046034
0.00199773
-0.000462984
0.00200221
-0.000462897
0.00200693
-0.000468548
0.00201161
-0.000465226
0.00201673
-0.000477429
-0.000459839
0.00195806
-0.000565963
0.00195785
-0.000565146
0.00195779
-0.000564063
0.00195788
-0.000562726
0.00195811
-0.000561147
0.00195848
-0.00055934
0.00195899
-0.000557315
0.00195963
-0.000555087
0.0019604
-0.000552668
0.00196128
-0.000550072
0.00196229
-0.000547311
0.00196341
-0.000544399
0.00196464
-0.00054135
0.00196598
-0.000538178
0.00196743
-0.000534895
0.00196897
-0.000531517
0.00197062
-0.000528058
0.00197236
-0.000524531
0.00197419
-0.000520951
0.00197612
-0.000517334
0.00197813
-0.000513693
0.00198023
-0.000510045
0.00198242
-0.000506405
0.00198469
-0.000502788
0.00198704
-0.000499212
0.00198948
-0.000495691
0.00199199
-0.000492245
0.00199459
-0.00048889
0.00199727
-0.000485644
0.00200002
-0.000482525
0.00200286
-0.000479554
0.00200578
-0.000476749
0.00200878
-0.00047413
0.00201186
-0.000471721
0.00201503
-0.000469537
0.00201828
-0.000467609
0.00202162
-0.000465942
0.00202504
-0.000464589
0.00202856
-0.000463516
0.00203218
-0.000462843
0.00203589
-0.000462412
0.0020397
-0.000462556
0.00204361
-0.000462736
0.00204765
-0.000463933
0.00205177
-0.000464462
0.00205605
-0.000467262
0.00206039
-0.000467239
0.00206496
-0.000473117
0.00206952
-0.000469786
0.00207447
-0.000482387
-0.00046466
0.00203088
-0.000565166
0.00203025
-0.000564515
0.00202978
-0.000563593
0.00202947
-0.000562413
0.00202931
-0.000560986
0.00202929
-0.000559325
0.00202942
-0.000557443
0.00202969
-0.000555353
0.00203009
-0.000553068
0.00203062
-0.000550601
0.00203127
-0.000547966
0.00203205
-0.000545176
0.00203294
-0.000542244
0.00203395
-0.000539186
0.00203507
-0.000536015
0.0020363
-0.000532745
0.00203763
-0.00052939
0.00203906
-0.000525965
0.0020406
-0.000522485
0.00204223
-0.000518964
0.00204395
-0.000515419
0.00204577
-0.000511864
0.00204768
-0.000508314
0.00204968
-0.000504787
0.00205177
-0.000501299
0.00205394
-0.000497866
0.0020562
-0.000494506
0.00205855
-0.000491236
0.00206098
-0.000488076
0.0020635
-0.000485043
0.0020661
-0.000482157
0.00206879
-0.000479438
0.00207157
-0.000476906
0.00207443
-0.000474584
0.00207738
-0.000472488
0.00208042
-0.000470651
0.00208356
-0.000469076
0.00208679
-0.000467817
0.00209011
-0.00046684
0.00209353
-0.000466267
0.00209706
-0.000465936
0.00210069
-0.000466188
0.00210442
-0.00046647
0.00210828
-0.000467792
0.00211224
-0.000468419
0.00211635
-0.000471371
0.00212053
-0.000471428
0.00212493
-0.000477518
0.00212936
-0.000474212
0.00213414
-0.000487166
-0.000469371
0.00210662
-0.000563921
0.00210555
-0.000563444
0.00210465
-0.000562691
0.00210391
-0.000561675
0.00210333
-0.000560408
0.00210291
-0.000558902
0.00210263
-0.00055717
0.00210251
-0.000555225
0.00210252
-0.000553081
0.00210267
-0.000550751
0.00210295
-0.000548248
0.00210336
-0.000545586
0.0021039
-0.00054278
0.00210455
-0.000539843
0.00210533
-0.000536789
0.00210621
-0.000533633
0.00210721
-0.000530389
0.00210832
-0.000527073
0.00210954
-0.000523698
0.00211085
-0.000520281
0.00211227
-0.000516836
0.00211379
-0.00051338
0.0021154
-0.000509928
0.00211711
-0.000506496
0.00211891
-0.000503102
0.00212081
-0.000499762
0.00212279
-0.000496493
0.00212487
-0.000493315
0.00212704
-0.000490246
0.0021293
-0.000487303
0.00213165
-0.000484508
0.0021341
-0.00048188
0.00213663
-0.00047944
0.00213926
-0.00047721
0.00214198
-0.000475208
0.00214479
-0.000473466
0.0021477
-0.000471988
0.00215072
-0.000470828
0.00215383
-0.000469951
0.00215704
-0.000469483
0.00216036
-0.000469256
0.0021638
-0.000469622
0.00216734
-0.000470011
0.002171
-0.000471458
0.00217478
-0.000472193
0.0021787
-0.000475294
0.00218272
-0.000475447
0.00218694
-0.000481734
0.00219121
-0.000478489
0.0021958
-0.000491751
-0.000473957
0.00218536
-0.000562204
0.00218383
-0.00056191
0.00218247
-0.000561335
0.00218129
-0.000560491
0.00218027
-0.000559391
0.00217941
-0.000558047
0.00217872
-0.000556473
0.00217817
-0.000554681
0.00217778
-0.000552685
0.00217753
-0.000550499
0.00217742
-0.000548136
0.00217744
-0.00054561
0.0021776
-0.000542935
0.00217788
-0.000540126
0.00217829
-0.000537197
0.00217882
-0.000534162
0.00217946
-0.000531036
0.00218022
-0.000527834
0.0021811
-0.000524572
0.00218208
-0.000521264
0.00218317
-0.000517926
0.00218436
-0.000514575
0.00218566
-0.000511225
0.00218706
-0.000507895
0.00218856
-0.000504601
0.00219016
-0.000501359
0.00219185
-0.000498189
0.00219365
-0.000495108
0.00219553
-0.000492134
0.00219752
-0.000489288
0.0021996
-0.000486589
0.00220178
-0.000484058
0.00220405
-0.000481714
0.00220642
-0.000479582
0.0022089
-0.000477679
0.00221147
-0.000476037
0.00221414
-0.00047466
0.00221692
-0.000473605
0.0022198
-0.000472833
0.00222279
-0.000472474
0.00222589
-0.000472356
0.00222911
-0.000472839
0.00223244
-0.000473342
0.0022359
-0.000474917
0.00223947
-0.000475768
0.00224319
-0.000479015
0.00224702
-0.00047928
0.00225104
-0.000485747
0.00225515
-0.000482599
0.00225952
-0.000496125
-0.000478404
0.0022672
-0.000559994
0.00226518
-0.000559891
0.00226334
-0.000559502
0.00226169
-0.000558838
0.00226021
-0.000557914
0.00225891
-0.00055674
0.00225777
-0.000555331
0.00225678
-0.0005537
0.00225596
-0.00055186
0.00225529
-0.000549825
0.00225476
-0.000547609
0.00225437
-0.000545226
0.00225413
-0.00054269
0.00225402
-0.000540016
0.00225404
-0.000537218
0.00225419
-0.00053431
0.00225446
-0.000531309
0.00225486
-0.000528229
0.00225537
-0.000525085
0.002256
-0.000521893
0.00225674
-0.000518668
0.00225759
-0.000515428
0.00225856
-0.000512188
0.00225963
-0.000508965
0.0022608
-0.000505777
0.00226208
-0.00050264
0.00226347
-0.000499573
0.00226495
-0.000496594
0.00226654
-0.000493723
0.00226823
-0.000490979
0.00227003
-0.000488381
0.00227192
-0.000485952
0.00227392
-0.000483711
0.00227602
-0.000481682
0.00227822
-0.000479883
0.00228053
-0.000478346
0.00228294
-0.000477076
0.00228547
-0.000476129
0.0022881
-0.000475467
0.00229085
-0.000475222
0.00229371
-0.000475219
0.0022967
-0.000475822
0.0022998
-0.000476445
0.00230303
-0.000478149
0.00230639
-0.000479125
0.00230989
-0.000482514
0.00231352
-0.00048291
0.00231731
-0.000489541
0.00232124
-0.000486524
0.00232538
-0.00050027
-0.000482693
0.00235222
-0.000557268
0.00234969
-0.000557365
0.00234736
-0.00055717
0.00234522
-0.000556695
0.00234326
-0.000555954
0.00234148
-0.000554959
0.00233987
-0.000553723
0.00233843
-0.00055226
0.00233715
-0.000550584
0.00233603
-0.000548708
0.00233507
-0.000546646
0.00233426
-0.000544413
0.00233359
-0.000542023
0.00233307
-0.000539491
0.00233268
-0.000536831
0.00233243
-0.000534058
0.00233231
-0.000531188
0.00233231
-0.000528236
0.00233245
-0.000525217
0.0023327
-0.000522147
0.00233307
-0.000519043
0.00233357
-0.00051592
0.00233417
-0.000512795
0.00233489
-0.000509686
0.00233573
-0.00050661
0.00233667
-0.000503583
0.00233772
-0.000500626
0.00233889
0.00234016
0.00234153
0.00234302
0.00234461
0.00234631
0.00234812
0.00235003
0.00235206
0.0023542
0.00235646
0.00235882
0.00236131
0.00236392
0.00236665
0.00236951
0.00237249
0.00237562
0.00237888
0.00238228
0.00238584
0.00238956
0.00239346
0.00244051
0.00243745
0.0024346
0.00243195
0.00242948
0.00242721
0.00242511
0.00242319
0.00242144
0.00241986
0.00241844
0.00241718
0.00241607
0.00241511
0.00241429
0.00241362
0.00241308
0.00241268
0.00241241
0.00241227
0.00241226
0.00241237
0.0024126
0.00241296
0.00241343
0.00241401
0.00167012
0.00168498
0.00169959
0.00171397
0.0017281
0.001742
0.00175566
0.0017691
0.0017823
0.00179528
0.00180805
0.00182059
0.00183293
0.00184507
0.00185701
0.00186876
0.00188033
0.00189173
0.00190296
0.00191404
0.00192496
0.00193575
0.00194641
0.00195693
0.00196737
0.00197765
0.00198791
0.00199788
0.00200801
)
;

boundaryField
{
    inlet
    {
        type            calculated;
        value           nonuniform 0();
    }
    outlet
    {
        type            calculated;
        value           nonuniform List<scalar> 
49
(
0.00196584
0.00202165
0.0020793
0.00213885
0.00220039
0.00226397
0.00232967
0.00239758
0.00201729
0.00201771
0.00201856
0.00201984
0.00202153
0.00202365
0.00202619
0.00202914
0.0020325
0.00203626
0.00204043
0.00204499
0.00204994
0.00205527
0.00206097
0.00206705
0.00207348
0.00208027
0.00208739
0.00209485
0.00210264
0.00211074
0.00211914
0.00212784
0.00213682
0.00214607
0.00215559
0.00216535
0.00217536
0.00218559
0.00219603
0.00220668
0.00221752
0.00222854
0.00223973
0.00225108
0.00226257
0.00227419
0.00228593
0.00229778
0.00201729
)
;
    }
    cylinder
    {
        type            calculated;
        value           nonuniform 0();
    }
    top
    {
        type            symmetryPlane;
        value           nonuniform 0();
    }
    bottom
    {
        type            symmetryPlane;
        value           nonuniform 0();
    }
    defaultFaces
    {
        type            empty;
        value           nonuniform 0();
    }
    procBoundary11to7
    {
        type            processor;
        value           nonuniform List<scalar> 
56
(
-1.94269e-10
-2.04462e-10
-2.14175e-10
-2.2336e-10
-2.32035e-10
-2.40137e-10
-2.47784e-10
-2.54911e-10
-2.61667e-10
-2.68051e-10
-2.74154e-10
-2.80044e-10
-2.8568e-10
-2.91196e-10
-2.96436e-10
-3.0148e-10
-3.06109e-10
-3.1023e-10
-3.13447e-10
-3.15242e-10
-3.14698e-10
-3.10262e-10
-2.98415e-10
-2.76311e-10
-2.2389e-10
-1.51028e-05
-1.48589e-05
-1.46162e-05
-1.43749e-05
-1.41356e-05
-1.38985e-05
-1.36642e-05
-1.34331e-05
-1.32055e-05
-1.2982e-05
-1.27631e-05
-1.25491e-05
-1.23406e-05
-1.21381e-05
-1.19421e-05
-1.17529e-05
-1.15713e-05
-1.13972e-05
-1.12322e-05
-1.1074e-05
-1.0928e-05
-1.07845e-05
-1.0662e-05
-1.05248e-05
-1.04378e-05
-1.02769e-05
-1.02628e-05
-9.97529e-06
-1.0128e-05
-9.27788e-06
-0.00165502
)
;
    }
    procBoundary11to10
    {
        type            processor;
        value           nonuniform List<scalar> 
53
(
-0.00120254
-0.00120383
-0.00120642
-0.00121028
-0.00121539
-0.00122174
-0.00122928
-0.00123798
-0.0012478
-0.00125867
-0.00127054
-0.00128336
-0.00129705
-0.00131154
-0.00132676
-0.00134263
-0.00135906
-0.00137597
-0.00139328
-0.000352217
-0.00142566
-0.00144298
-0.00146042
-0.00147787
-0.00149526
-0.00151248
-0.00152946
-0.00154609
-0.00045459
-0.00157323
-0.00158847
-0.00160313
-0.00161713
-0.00163038
-0.00164282
-0.00165437
-0.000520947
-0.00167336
-0.00168266
-0.00169092
-0.00169806
-0.00170405
-0.00170893
-0.000566893
-0.00182038
-0.00188803
-0.00195843
-0.00203168
-0.00210786
-0.00218708
-0.00226941
-0.00235494
-0.00244377
)
;
    }
    procBoundary11to15
    {
        type            processor;
        value           nonuniform List<scalar> 
52
(
-0.000497756
-0.000494993
-0.000492356
-0.000489866
-0.000487544
-0.00048541
-0.00048349
-0.0004818
-0.000480374
-0.000479216
-0.000478383
-0.000477836
-0.000477709
-0.000477827
-0.000478553
-0.000479302
-0.000481137
-0.000482247
-0.000485775
-0.000486317
-0.000493097
-0.000490247
-0.000504168
-0.000486808
-0.000554007
-0.000554311
-0.000554318
-0.000554041
-0.000553491
-0.000552682
-0.000551628
-0.000550341
-0.000548836
-0.000547126
-0.000545226
-0.00054315
-0.000540914
-0.00053853
-0.000536016
-0.000533385
-0.000530652
-0.000527835
-0.000524948
-0.000522007
-0.000519029
-0.00051603
-0.000513028
-0.000510038
-0.00050708
-0.00050417
0.00241472
-0.000501329
)
;
    }
}


// ************************************************************************* //
