/*--------------------------------*- C++ -*----------------------------------*\
  =========                 |
  \\      /  F ield         | OpenFOAM: The Open Source CFD Toolbox
   \\    /   O peration     | Website:  https://openfoam.org
    \\  /    A nd           | Version:  7
     \\/     M anipulation  |
\*---------------------------------------------------------------------------*/
FoamFile
{
    version     2.0;
    format      ascii;
    class       volVectorField;
    location    "30";
    object      U;
}
// * * * * * * * * * * * * * * * * * * * * * * * * * * * * * * * * * * * * * //

dimensions      [0 1 -1 0 0 0 0];

internalField   nonuniform List<vector> 
2625
(
(0.0297411 -0.00459464 -4.39968e-21)
(0.0384509 -0.00513342 2.12154e-21)
(0.0479319 -0.00562067 1.12413e-21)
(0.0580672 -0.00604293 -7.36649e-21)
(0.0687221 -0.00638425 -3.80537e-21)
(0.0797335 -0.00662617 -1.20043e-21)
(0.0909361 -0.00674907 -6.57121e-21)
(0.102041 -0.00672561 4.41882e-21)
(0.113044 -0.00658462 -7.52372e-22)
(0.0308772 -0.00765683 2.56817e-21)
(0.0397342 -0.00855209 5.58077e-21)
(0.0493648 -0.00936154 3.97421e-21)
(0.0596517 -0.0100628 1.74259e-20)
(0.0704597 -0.0106292 -1.45648e-22)
(0.0816249 -0.01103 -4.54509e-21)
(0.0929832 -0.0112323 -2.55264e-21)
(0.104229 -0.0111909 -6.27694e-21)
(0.115427 -0.0109503 1.51209e-20)
(0.0325816 -0.0107178 -2.09512e-21)
(0.0416592 -0.0119654 -1.65499e-20)
(0.0515136 -0.0130931 -1.15058e-21)
(0.0620274 -0.0140695 2.50188e-21)
(0.0730646 -0.0148573 -8.80812e-24)
(0.0844599 -0.0154135 1.108e-20)
(0.0960514 -0.0156913 6.70028e-21)
(0.107509 -0.0156285 -1.16012e-20)
(0.118997 -0.0152798 -4.86447e-21)
(0.0348547 -0.0137767 5.25997e-21)
(0.0442257 -0.0153712 -1.00226e-20)
(0.054378 -0.0168115 1.39339e-20)
(0.0651933 -0.0180576 -3.12408e-21)
(0.0765352 -0.0190618 -7.72681e-21)
(0.0882362 -0.0197683 -4.9383e-21)
(0.100137 -0.0201163 1.11011e-20)
(0.111875 -0.0200273 5.87258e-21)
(0.123749 -0.0195589 -1.18957e-20)
(0.0376973 -0.0168328 2.40145e-20)
(0.0474338 -0.0187667 1.4883e-20)
(0.057957 -0.0205125 -1.84033e-20)
(0.0691479 -0.0220216 -1.75788e-20)
(0.080869 -0.0232355 -8.20565e-22)
(0.0929505 -0.024086 7.12869e-21)
(0.105237 -0.0244975 -5.7245e-21)
(0.117323 -0.0243761 1.36051e-21)
(0.129676 -0.023773 1.96343e-20)
(0.0411098 -0.0198849 -5.88963e-21)
(0.0512834 -0.0221493 1.80348e-20)
(0.0622499 -0.0241919 4.54205e-21)
(0.0738893 -0.0259555 -1.83861e-20)
(0.0860631 -0.0273712 1.99232e-20)
(0.0985986 -0.0283579 5.05165e-21)
(0.111344 -0.0288246 2.20757e-20)
(0.123845 -0.0286637 1.19974e-20)
(0.136769 -0.0279076 -3.57276e-20)
(0.045093 -0.0229316 -2.09137e-20)
(0.0557743 -0.0255159 -6.61016e-21)
(0.0672553 -0.0278449 1.44668e-20)
(0.0794151 -0.0298532 2.82836e-20)
(0.092114 -0.0314612 -7.92006e-21)
(0.105176 -0.0325752 -1.37295e-20)
(0.118453 -0.0330874 -5.30982e-20)
(0.131434 -0.0328785 -7.06864e-21)
(0.145019 -0.0319483 4.68477e-21)
(0.0609062 -0.0288629 -2.21605e-20)
(0.072972 -0.0314665 2.6517e-20)
(0.0857227 -0.033708 1.65951e-21)
(0.0990173 -0.0354975 -3.67594e-20)
(0.112676 -0.0367284 -2.04013e-20)
(0.126556 -0.0372754 2.45987e-21)
(0.14008 -0.0370092 -2.07884e-20)
(0.154411 -0.0358804 -5.70452e-21)
(0.0666789 -0.0321867 1.28328e-20)
(0.0793981 -0.0350512 -4.94299e-20)
(0.0928087 -0.037513 1.386e-20)
(0.106768 -0.0394719 5.51938e-21)
(0.121092 -0.0408082 5.11156e-20)
(0.135645 -0.0413779 3.00633e-20)
(0.149773 -0.0410439 2.81301e-21)
(0.164934 -0.0396897 9.99771e-21)
(0.0730918 -0.0354827 -8.76974e-21)
(0.0865316 -0.0385931 2.71651e-20)
(0.100669 -0.0412609 -4.19381e-20)
(0.115361 -0.0433756 1.01788e-20)
(0.130416 -0.0448046 -1.50614e-21)
(0.145708 -0.0453836 -1.73026e-20)
(0.160498 -0.0449709 1.16344e-20)
(0.17657 -0.0433614 -2.76442e-20)
(0.0801444 -0.0387461 1.46871e-20)
(0.0943703 -0.0420858 -2.05355e-20)
(0.1093 -0.0449436 2.56617e-20)
(0.124789 -0.0471992 2.32046e-20)
(0.14064 -0.0487071 -1.00105e-21)
(0.156734 -0.0492813 -1.52711e-20)
(0.172243 -0.0487781 3.97336e-20)
(0.189301 -0.0468812 1.18473e-20)
(0.0878357 -0.0419717 3.02991e-20)
(0.102911 -0.0455222 -2.51767e-20)
(0.118697 -0.0485527 -3.2588e-20)
(0.135045 -0.0509331 -1.06331e-20)
(0.151753 -0.0525049 -3.07563e-20)
(0.168712 -0.0530591 3.15373e-20)
(0.184992 -0.0524532 -8.23406e-20)
(0.203107 -0.0502348 3.24249e-20)
(0.0961647 -0.0451533 -4.83093e-20)
(0.112152 -0.0488949 1.69009e-20)
(0.128854 -0.0520791 2.48037e-20)
(0.146121 -0.0545668 -2.52269e-20)
(0.163745 -0.0561867 -6.37632e-21)
(0.181626 -0.0567049 2.43371e-20)
(0.198728 -0.0559839 5.71872e-20)
(0.217967 -0.0534077 -2.49804e-20)
(0.10513 -0.0482844 6.62344e-20)
(0.122087 -0.0521956 5.30523e-20)
(0.139764 -0.0555133 -4.95104e-20)
(0.158008 -0.0580895 -3.48037e-20)
(0.176603 -0.0597405 3.26988e-20)
(0.195462 -0.0602062 -5.20233e-20)
(0.213431 -0.0593575 1.01433e-21)
(0.233857 -0.0563859 -2.22924e-20)
(0.11473 -0.0513578 -6.63931e-20)
(0.132715 -0.0554156 -4.4548e-20)
(0.151422 -0.0588449 6.29477e-20)
(0.170696 -0.0614897 1.50054e-20)
(0.190315 -0.0631541 1.4056e-20)
(0.210202 -0.0635498 3.81891e-20)
(0.229081 -0.0625611 1.22885e-20)
(0.25075 -0.0591552 -1.29128e-20)
(0.124962 -0.0543657 -1.64004e-20)
(0.144028 -0.0585455 4.0507e-20)
(0.163818 -0.0620631 -2.33087e-20)
(0.184174 -0.0647551 1.88316e-20)
(0.204865 -0.0664143 1.72565e-20)
(0.225827 -0.0667224 -4.77011e-20)
(0.245655 -0.0655817 1.44685e-20)
(0.268618 -0.0617018 8.57255e-20)
(0.135824 -0.0572996 6.29243e-21)
(0.156023 -0.0615751 -6.37585e-20)
(0.176945 -0.0651562 -3.67054e-20)
(0.19843 -0.0678729 4.95278e-20)
(0.220237 -0.0695076 -6.81311e-20)
(0.242318 -0.06971 1.17646e-20)
(0.26313 -0.0684058 -7.47804e-20)
(0.287431 -0.0640121 -5.73922e-20)
(0.168693 -0.0644937 8.46508e-20)
(0.190794 -0.0681121 3.06395e-20)
(0.21345 -0.0708298 -6.6832e-20)
(0.236414 -0.0724197 1.5131e-20)
(0.259652 -0.0724983 2.36201e-20)
(0.281478 -0.07102 6.45828e-20)
(0.307157 -0.0660726 9.73148e-21)
(0.182032 -0.0672901 -3.65276e-20)
(0.205353 -0.0709181 4.21891e-20)
(0.229221 -0.0736117 -3.44064e-20)
(0.253377 -0.0751359 -1.96431e-21)
(0.277806 -0.0750723 -1.87936e-20)
(0.300673 -0.0734105 6.05909e-21)
(0.327761 -0.0678701 2.25863e-20)
(0.19603 -0.0699524 3.73427e-20)
(0.220611 -0.0735607 8.80502e-21)
(0.245726 -0.0762039 4.38953e-20)
(0.271106 -0.0776407 4.16853e-20)
(0.296755 -0.0774167 -5.70485e-20)
(0.320683 -0.0755633 -1.09027e-20)
(0.349207 -0.0693921 7.07037e-20)
(0.210681 -0.0724681 -2.51112e-20)
(0.236556 -0.076026 6.53502e-21)
(0.262948 -0.0785913 3.31279e-20)
(0.289579 -0.0799183 4.95732e-20)
(0.316471 -0.0795155 4.81372e-20)
(0.341478 -0.077464 2.94481e-20)
(0.371455 -0.0706259 -1.26822e-20)
(0.225973 -0.0748244 -1.48024e-20)
(0.253174 -0.0782997 -5.7909e-21)
(0.28087 -0.0807581 -2.25449e-20)
(0.308773 -0.081952 -8.19555e-20)
(0.336925 -0.0813525 2.0866e-20)
(0.363023 -0.0790983 -5.86628e-20)
(0.394466 -0.0715595 -2.45536e-21)
(0.241896 -0.077008 4.43297e-20)
(0.270449 -0.0803672 2.98667e-20)
(0.299471 -0.0826884 -2.21128e-20)
(0.328662 -0.083725 1.13106e-20)
(0.358087 -0.0829108 -2.1357e-20)
(0.385283 -0.0804514 5.61173e-20)
(0.418196 -0.0721813 -1.25271e-20)
(0.288367 -0.0822134 -3.99268e-20)
(0.31873 -0.0843657 1.34964e-20)
(0.349221 -0.0852198 7.96522e-20)
(0.379924 -0.0841731 -2.77661e-20)
(0.40822 -0.0815083 -5.56326e-20)
(0.442601 -0.0724799 -4.92031e-20)
(0.306908 -0.0838233 -6.108e-20)
(0.338624 -0.0857737 -7.90432e-20)
(0.37042 -0.0864188 1.66475e-20)
(0.402402 -0.0851216 -1.72959e-20)
(0.431795 -0.0822537 2.06486e-20)
(0.467635 -0.0724444 4.93159e-20)
(0.326053 -0.0851821 -1.56835e-20)
(0.35913 -0.0868958 1.03535e-19)
(0.392231 -0.0873042 -1.13846e-19)
(0.425484 -0.0857383 9.15457e-21)
(0.455967 -0.0826717 2.4548e-20)
(0.493251 -0.072064 5.31403e-20)
(0.345782 -0.0862749 9.17502e-20)
(0.380222 -0.087716 -9.69279e-20)
(0.414622 -0.0878582 5.86868e-20)
(0.449132 -0.0860047 1.97609e-21)
(0.480695 -0.0827463 2.11648e-20)
(0.519397 -0.0713281 -1.56682e-19)
(0.366073 -0.0870877 3.52848e-20)
(0.401872 -0.0882188 4.96078e-20)
(0.43756 -0.0880632 -3.07328e-20)
(0.473309 -0.0859021 2.072e-20)
(0.505935 -0.0824604 7.26563e-20)
(0.546024 -0.0702259 -4.47723e-21)
(0.424051 -0.0883895 -3.5266e-20)
(0.461013 -0.0879024 2.3091e-20)
(0.497973 -0.0854118 1.98197e-20)
(0.531644 -0.0817961 -1.30193e-19)
(0.573078 -0.0687465 1.09421e-20)
(0.44673 -0.088215 8.04044e-20)
(0.484946 -0.0873599 4.43004e-20)
(0.523083 -0.0845151 -7.75338e-20)
(0.557779 -0.0807339 -4.41686e-20)
(0.600505 -0.0668776 1.89928e-20)
(0.469877 -0.0876837 -5.82055e-20)
(0.509323 -0.0864213 -1.91358e-20)
(0.548598 -0.0831943 -6.93918e-20)
(0.584299 -0.0792524 5.28089e-21)
(0.628248 -0.0646061 3.00669e-20)
(0.534108 -0.0850748 -4.38817e-20)
(0.574477 -0.0814326 1.25463e-19)
(0.611166 -0.0773269 3.03134e-20)
(0.656247 -0.0619156 -4.39062e-20)
(0.559263 -0.0833123 8.73164e-20)
(0.600681 -0.0792161 -1.7022e-20)
(0.638345 -0.0749283 6.32782e-21)
(0.68444 -0.0587858 -2.90001e-20)
(0.584752 -0.0811304 -2.3497e-20)
(0.627172 -0.0765353 -8.73641e-20)
(0.665815 -0.0720223 1.18126e-19)
(0.712761 -0.0551935 1.05282e-20)
(0.653915 -0.0733887 5.81361e-20)
(0.693565 -0.0685708 -1.09548e-19)
(0.741145 -0.0511145 7.5314e-20)
(0.680879 -0.0697876 -2.33264e-21)
(0.721599 -0.0645281 6.56657e-20)
(0.769519 -0.0464974 3.64916e-20)
(0.708036 -0.0657625 -9.77683e-20)
(0.74993 -0.0598207 -6.79603e-20)
(0.797743 -0.0411815 -3.87338e-20)
(0.778627 -0.0543545 1.05599e-19)
(0.825616 -0.034991 -8.2551e-21)
(0.807958 -0.0482245 -7.38472e-20)
(0.853694 -0.028632 -1.01913e-19)
(0.838081 -0.0421082 -1.5882e-20)
(0.885495 -0.0244562 -2.70955e-20)
(0.91541 -0.024508 1.20407e-19)
(0.942934 -0.0241658 3.45301e-20)
(0.191553 -0.00189268 -2.85788e-22)
(0.19769 -0.00190162 8.67997e-23)
(0.203945 -0.00190981 3.96441e-22)
(0.210318 -0.0019169 -6.5119e-22)
(0.216807 -0.0019226 4.29924e-22)
(0.223408 -0.0019267 9.55089e-23)
(0.230117 -0.00192903 -4.47215e-22)
(0.236931 -0.00192949 1.18695e-22)
(0.243843 -0.00192801 1.39502e-22)
(0.250849 -0.00192455 1.21073e-23)
(0.257941 -0.00191912 3.75201e-23)
(0.265114 -0.00191174 -1.13582e-22)
(0.272362 -0.00190247 2.6797e-23)
(0.279677 -0.00189136 -2.85896e-23)
(0.287054 -0.00187851 2.94119e-23)
(0.294486 -0.001864 2.9853e-23)
(0.301966 -0.00184792 1.84754e-23)
(0.309489 -0.00183038 -3.66905e-23)
(0.317047 -0.00181149 -3.14464e-23)
(0.324635 -0.00179134 1.43803e-24)
(0.332248 -0.00177004 1.19416e-22)
(0.339879 -0.0017477 2.1153e-23)
(0.347523 -0.00172441 -3.50381e-23)
(0.355175 -0.00170027 4.62121e-23)
(0.36283 -0.00167537 -6.30746e-24)
(0.370483 -0.00164981 -7.20577e-23)
(0.378129 -0.00162366 -9.82058e-24)
(0.385765 -0.00159701 1.78344e-23)
(0.393385 -0.00156993 4.33231e-23)
(0.400986 -0.00154249 -1.57818e-23)
(0.408565 -0.00151477 -4.15904e-24)
(0.416117 -0.00148681 -4.60185e-23)
(0.120832 -0.0061913 4.03678e-22)
(0.126227 -0.00598419 -5.26534e-22)
(0.131548 -0.00583498 -6.84045e-23)
(0.13684 -0.00572456 2.24703e-22)
(0.142124 -0.00564726 -6.96543e-22)
(0.147427 -0.00559741 -3.35509e-22)
(0.152774 -0.00556952 1.11097e-21)
(0.158181 -0.00555902 8.62678e-22)
(0.163666 -0.00556197 -1.47049e-21)
(0.169241 -0.005575 9.27094e-22)
(0.174915 -0.00559515 1.51809e-22)
(0.180697 -0.0056199 -1.0874e-21)
(0.186591 -0.00564709 6.30739e-22)
(0.192601 -0.00567486 -2.11538e-22)
(0.19873 -0.00570167 3.75451e-22)
(0.204977 -0.00572621 1.53243e-22)
(0.211341 -0.00574744 -3.57181e-22)
(0.217821 -0.00576451 -3.31955e-22)
(0.224413 -0.00577676 3.28443e-22)
(0.231113 -0.00578372 -1.13586e-22)
(0.237916 -0.00578506 -5.01333e-23)
(0.244818 -0.00578056 6.31703e-22)
(0.251812 -0.00577015 6.52265e-23)
(0.258893 -0.00575383 -7.47704e-22)
(0.266055 -0.00573167 -1.44802e-22)
(0.27329 -0.00570384 6.78006e-22)
(0.280593 -0.00567052 -1.41768e-22)
(0.287957 -0.00563197 -2.54627e-23)
(0.295375 -0.00558844 -3.6015e-22)
(0.302842 -0.00554022 -7.83994e-25)
(0.310351 -0.00548763 1.77276e-22)
(0.317895 -0.00543098 1.72387e-22)
(0.32547 -0.00537057 -3.48391e-22)
(0.333068 -0.00530672 -1.57163e-22)
(0.340685 -0.00523974 3.82202e-22)
(0.348315 -0.00516992 1.51334e-22)
(0.355952 -0.00509756 -4.13803e-22)
(0.363593 -0.00502293 -5.4201e-23)
(0.371231 -0.0049463 2.66468e-22)
(0.378863 -0.00486792 -2.93779e-23)
(0.386485 -0.00478803 5.02602e-23)
(0.394091 -0.00470686 -4.07585e-23)
(0.401678 -0.00462462 1.76124e-22)
(0.409242 -0.00454151 -1.86012e-22)
(0.41678 -0.00445771 -2.82704e-23)
(0.12323 -0.0102959 -1.38173e-21)
(0.128573 -0.00995411 2.52686e-21)
(0.133856 -0.00970779 9.40987e-22)
(0.139119 -0.00952543 -2.86459e-21)
(0.144377 -0.00939796 6.96015e-22)
(0.149657 -0.00931595 2.86628e-22)
(0.154982 -0.00927031 2.31169e-22)
(0.160371 -0.00925343 -1.06341e-21)
(0.165839 -0.00925884 1.18532e-21)
(0.171397 -0.00928088 5.02782e-23)
(0.177055 -0.0093147 -4.76696e-22)
(0.182822 -0.00935609 -2.568e-23)
(0.1887 -0.00940146 1.33972e-21)
(0.194695 -0.00944774 -1.88423e-21)
(0.200808 -0.00949236 3.07058e-22)
(0.207039 -0.00953318 3.06333e-22)
(0.213386 -0.00956843 1.37939e-21)
(0.219848 -0.00959673 -9.30839e-22)
(0.226421 -0.009617 -5.97157e-22)
(0.233102 -0.00962844 1.61364e-21)
(0.239885 -0.00963052 -2.00937e-21)
(0.246765 -0.00962289 6.39339e-22)
(0.253738 -0.00960542 -2.65627e-22)
(0.260796 -0.00957812 5.63509e-22)
(0.267933 -0.00954112 3.26005e-22)
(0.275144 -0.00949468 -1.30591e-21)
(0.282422 -0.00943913 1.69522e-21)
(0.28976 -0.00937486 -1.4181e-21)
(0.297152 -0.00930234 1.09525e-21)
(0.304592 -0.00922204 -1.1314e-21)
(0.312073 -0.00913446 1.18166e-21)
(0.31959 -0.00904013 1.82018e-23)
(0.327136 -0.00893957 -1.19634e-21)
(0.334706 -0.00883329 3.13836e-22)
(0.342295 -0.0087218 2.51462e-22)
(0.349896 -0.00860561 -5.45277e-24)
(0.357505 -0.00848518 -1.02206e-23)
(0.365116 -0.00836099 -7.49335e-25)
(0.372726 -0.00823347 -3.18587e-22)
(0.38033 -0.00810305 1.44979e-22)
(0.387922 -0.00797012 4.57911e-22)
(0.3955 -0.00783505 -4.15739e-23)
(0.403059 -0.00769821 -3.66863e-23)
(0.410595 -0.00755992 -1.35437e-22)
(0.418105 -0.0074205 -4.31062e-23)
(0.126823 -0.0143662 -5.82155e-22)
(0.132088 -0.0138947 -9.71089e-22)
(0.137314 -0.0135549 3.87573e-21)
(0.142533 -0.0133031 -4.10877e-21)
(0.147752 -0.0131275 2.96357e-21)
(0.152997 -0.0130149 5.7007e-22)
(0.158292 -0.0129528 -1.49986e-21)
(0.163652 -0.0129305 1.15573e-21)
(0.169094 -0.0129391 -9.6804e-22)
(0.174627 -0.0129707 3.7618e-22)
(0.180262 -0.0130185 -9.48429e-22)
(0.186005 -0.0130767 5.40963e-22)
(0.191861 -0.0131404 -8.54507e-22)
(0.197832 -0.0132051 -3.88594e-22)
(0.203921 -0.0132675 -1.19986e-22)
(0.210127 -0.0133244 1.87056e-21)
(0.216449 -0.0133735 2.55974e-22)
(0.222884 -0.0134128 -2.54005e-21)
(0.229429 -0.0134409 1.25244e-21)
(0.23608 -0.0134566 1.3483e-21)
(0.242833 -0.0134592 -9.14107e-22)
(0.249682 -0.0134482 -6.61919e-22)
(0.256621 -0.0134235 9.13806e-22)
(0.263644 -0.0133851 -6.26664e-22)
(0.270746 -0.0133331 -7.43414e-23)
(0.27792 -0.013268 -6.21962e-22)
(0.28516 -0.0131902 4.55902e-22)
(0.292459 -0.0131002 1.30233e-22)
(0.299812 -0.0129987 3.3636e-22)
(0.307211 -0.0128864 -4.65232e-22)
(0.314651 -0.012764 5.60108e-23)
(0.322127 -0.0126321 1.28523e-22)
(0.329631 -0.0124916 -6.28006e-22)
(0.337158 -0.0123431 -1.77451e-23)
(0.344704 -0.0121873 7.80352e-22)
(0.352262 -0.012025 1.38485e-22)
(0.359828 -0.0118568 -6.45438e-22)
(0.367397 -0.0116833 9.99531e-22)
(0.374964 -0.0115052 -3.09921e-22)
(0.382525 -0.011323 -4.46657e-22)
(0.390075 -0.0111374 4.88451e-22)
(0.39761 -0.0109487 8.57758e-23)
(0.405126 -0.0107576 -5.16422e-22)
(0.412621 -0.0105645 -4.96533e-23)
(0.420089 -0.0103698 2.50492e-22)
(0.131606 -0.0183883 -3.11825e-21)
(0.136767 -0.0177943 5.47984e-21)
(0.141917 -0.0173658 -4.79163e-22)
(0.147078 -0.0170482 1.35677e-21)
(0.152244 -0.0168273 2.91816e-21)
(0.157443 -0.0166865 -1.47289e-21)
(0.162696 -0.0166096 -6.95681e-22)
(0.168019 -0.0165832 5.77077e-24)
(0.173426 -0.016596 -5.79441e-21)
(0.178926 -0.0166378 4.45885e-21)
(0.184529 -0.0167002 1.76387e-21)
(0.190241 -0.0167755 -1.58073e-21)
(0.196066 -0.0168576 -8.28218e-22)
(0.202006 -0.0169408 -1.19743e-21)
(0.208063 -0.0170208 3.74849e-21)
(0.214236 -0.0170936 -2.5364e-21)
(0.220523 -0.0171563 -2.30664e-21)
(0.226923 -0.0172063 -3.09554e-22)
(0.233431 -0.0172418 7.58972e-22)
(0.240043 -0.0172615 -4.59491e-22)
(0.246754 -0.0172643 4.30514e-21)
(0.25356 -0.0172497 -3.77238e-21)
(0.260455 -0.0172175 1.97062e-21)
(0.267433 -0.0171677 -1.46826e-21)
(0.274487 -0.0171007 1.02344e-22)
(0.281612 -0.0170168 2.77588e-21)
(0.288801 -0.0169166 -3.64761e-22)
(0.296049 -0.016801 -1.77689e-21)
(0.303348 -0.0166706 -4.40101e-22)
(0.310694 -0.0165264 -1.85284e-22)
(0.31808 -0.0163692 1.49486e-21)
(0.325499 -0.0162001 -2.18536e-21)
(0.332948 -0.0160198 1.94628e-21)
(0.340419 -0.0158293 -7.83345e-22)
(0.347908 -0.0156296 -3.12425e-22)
(0.355409 -0.0154215 1.09884e-22)
(0.362918 -0.0152059 2.88588e-22)
(0.370429 -0.0149836 -6.51067e-23)
(0.377939 -0.0147553 9.54871e-23)
(0.385442 -0.0145218 -3.51243e-22)
(0.392936 -0.0142839 6.05431e-22)
(0.400414 -0.0140422 -2.74889e-22)
(0.407875 -0.0137973 -6.09046e-23)
(0.415313 -0.0135498 -3.98843e-23)
(0.422727 -0.0133003 3.54411e-22)
(0.137569 -0.0223486 9.47383e-22)
(0.142603 -0.021641 3.39621e-22)
(0.147658 -0.0211303 6.58213e-22)
(0.152746 -0.0207513 -4.87783e-21)
(0.157848 -0.0204888 5.63914e-21)
(0.162989 -0.0203226 -3.56791e-21)
(0.16819 -0.0202332 4.11048e-22)
(0.173466 -0.0202046 -1.37804e-21)
(0.178828 -0.0202228 2.21024e-21)
(0.184288 -0.0202759 1.31621e-21)
(0.189851 -0.0203533 6.07118e-22)
(0.195524 -0.0204462 -2.69725e-21)
(0.20131 -0.0205468 8.57918e-22)
(0.207211 -0.0206485 -1.91882e-21)
(0.213227 -0.0207459 3.08604e-21)
(0.219359 -0.0208344 1.05682e-23)
(0.225603 -0.0209103 -1.5426e-21)
(0.231957 -0.0209707 1.33479e-21)
(0.238418 -0.0210132 -3.12031e-21)
(0.244981 -0.0210364 3.82241e-21)
(0.251642 -0.021039 -3.18066e-21)
(0.258394 -0.0210205 1.29488e-21)
(0.265233 -0.0209805 -1.59121e-22)
(0.272153 -0.0209192 1.05085e-21)
(0.279148 -0.0208369 -3.64911e-22)
(0.286211 -0.0207341 1.26015e-21)
(0.293337 -0.0206116 -1.35405e-21)
(0.30052 -0.0204702 6.97884e-22)
(0.307754 -0.0203111 -1.26973e-21)
(0.315032 -0.0201351 1.57953e-21)
(0.322349 -0.0199434 -5.69209e-23)
(0.3297 -0.0197372 7.4981e-22)
(0.337078 -0.0195175 -2.18851e-21)
(0.344479 -0.0192855 1.89659e-21)
(0.351897 -0.0190423 -2.11748e-22)
(0.359327 -0.0187889 1.41773e-22)
(0.366765 -0.0185263 -1.39282e-21)
(0.374205 -0.0182556 1.20216e-21)
(0.381643 -0.0179777 -2.91283e-22)
(0.389076 -0.0176935 1.00107e-21)
(0.396498 -0.0174039 -7.19388e-22)
(0.403906 -0.0171097 -9.90268e-22)
(0.411297 -0.0168116 7.41089e-22)
(0.418666 -0.0165104 2.32146e-22)
(0.426011 -0.0162067 -3.31967e-22)
(0.144706 -0.0262333 3.41055e-21)
(0.149588 -0.0254229 -1.96309e-21)
(0.154529 -0.0248376 -1.7726e-21)
(0.159531 -0.0244028 2.04536e-21)
(0.164554 -0.0241033 5.5566e-22)
(0.169625 -0.0239153 -1.97194e-23)
(0.174765 -0.0238162 2.07944e-21)
(0.179984 -0.0237874 1.33447e-21)
(0.185294 -0.0238128 6.51931e-22)
(0.190703 -0.0238782 -5.67643e-21)
(0.196219 -0.0239716 2.78621e-22)
(0.201844 -0.0240824 1.34173e-21)
(0.207583 -0.0242018 3.03576e-21)
(0.213437 -0.0243219 -5.63465e-21)
(0.219405 -0.0244366 5.55802e-21)
(0.225486 -0.0245404 -5.85517e-21)
(0.231678 -0.0246291 6.57215e-22)
(0.237978 -0.0246994 8.12451e-23)
(0.244382 -0.0247485 3.84928e-21)
(0.250886 -0.0247747 -3.29702e-21)
(0.257485 -0.0247768 2.16444e-21)
(0.264172 -0.0247538 -2.84307e-21)
(0.270945 -0.0247057 1.06612e-21)
(0.277795 -0.0246325 -3.49429e-22)
(0.284718 -0.0245347 2.31538e-22)
(0.291707 -0.0244129 1.05556e-21)
(0.298758 -0.024268 3.02212e-22)
(0.305863 -0.024101 -1.17478e-21)
(0.313017 -0.0239132 2.1413e-21)
(0.320215 -0.0237057 -1.63125e-21)
(0.32745 -0.0234798 1.86571e-21)
(0.334718 -0.0232369 -2.85781e-21)
(0.342013 -0.0229782 2.44493e-21)
(0.349329 -0.0227051 -9.95518e-22)
(0.356662 -0.0224188 -9.06387e-22)
(0.364007 -0.0221206 -1.02153e-22)
(0.371359 -0.0218118 9.0886e-22)
(0.378714 -0.0214933 -1.47266e-21)
(0.386068 -0.0211665 3.52457e-22)
(0.393415 -0.0208323 1.07376e-21)
(0.400753 -0.0204917 3.91798e-22)
(0.408077 -0.0201457 -9.66279e-22)
(0.415384 -0.0197951 -3.03739e-22)
(0.422671 -0.0194409 -3.37279e-22)
(0.429933 -0.0190838 8.87173e-22)
(0.153003 -0.0300285 -1.74812e-21)
(0.15771 -0.029128 6.23336e-21)
(0.162519 -0.0284773 -4.69388e-21)
(0.167421 -0.0279932 1.10833e-20)
(0.172353 -0.0276619 -1.27118e-21)
(0.177344 -0.0274564 -8.36429e-21)
(0.18241 -0.027351 7.50083e-21)
(0.187563 -0.0273246 -5.13231e-21)
(0.192812 -0.0273589 1.01569e-21)
(0.198163 -0.0274382 -3.44441e-22)
(0.203622 -0.0275484 2.64916e-21)
(0.209193 -0.0276778 -5.24351e-21)
(0.214877 -0.0278161 1.53879e-21)
(0.220674 -0.0279547 1.86793e-21)
(0.226585 -0.0280864 4.14638e-22)
(0.232607 -0.0282052 -1.02477e-21)
(0.238738 -0.0283062 -4.49618e-22)
(0.244974 -0.0283858 -1.82549e-21)
(0.251312 -0.028441 -7.55201e-22)
(0.257746 -0.0284697 3.98601e-22)
(0.264271 -0.0284706 4.62754e-22)
(0.270884 -0.0284428 -3.29656e-22)
(0.277577 -0.0283862 1.66295e-21)
(0.284346 -0.0283008 -6.78479e-22)
(0.291185 -0.0281873 -5.86376e-22)
(0.298089 -0.0280463 -6.11431e-22)
(0.30505 -0.027879 3.17548e-21)
(0.312065 -0.0276864 -1.01785e-21)
(0.319127 -0.0274701 4.94238e-22)
(0.32623 -0.0272313 -1.57534e-21)
(0.33337 -0.0269715 9.47704e-22)
(0.340542 -0.0266923 1.61966e-21)
(0.347739 -0.0263951 -4.0944e-22)
(0.354957 -0.0260815 -1.33495e-21)
(0.362192 -0.0257528 6.80231e-22)
(0.369438 -0.0254106 -9.10543e-22)
(0.376691 -0.0250561 1.48813e-21)
(0.383947 -0.0246907 -1.58921e-21)
(0.391201 -0.0243157 1.1078e-21)
(0.39845 -0.0239323 5.25122e-22)
(0.40569 -0.0235416 -4.09653e-22)
(0.412917 -0.0231446 -6.98041e-22)
(0.420127 -0.0227425 1.94546e-22)
(0.427317 -0.0223362 -7.80971e-23)
(0.434484 -0.0219264 1.171e-21)
(0.162449 -0.0337204 -6.48721e-21)
(0.166957 -0.0327444 4.00792e-21)
(0.171618 -0.0320385 -1.14541e-21)
(0.176405 -0.0315127 5.79681e-21)
(0.181234 -0.0311558 -5.79479e-21)
(0.186132 -0.0309377 -3.18957e-21)
(0.191116 -0.0308298 -2.859e-21)
(0.196193 -0.0308088 4.19354e-21)
(0.201371 -0.0308544 3.46617e-21)
(0.206655 -0.030949 -7.5337e-21)
(0.21205 -0.0310772 5.25534e-21)
(0.217557 -0.0312258 -5.77513e-22)
(0.223177 -0.0313833 4.8188e-22)
(0.228911 -0.0315404 2.89032e-21)
(0.234756 -0.0316888 -8.95073e-21)
(0.24071 -0.0318222 1.0535e-20)
(0.24677 -0.0319351 -5.93156e-21)
(0.252932 -0.0320234 3.68469e-21)
(0.259193 -0.032084 -2.61296e-21)
(0.265547 -0.0321146 5.2825e-21)
(0.271989 -0.0321137 -4.25604e-21)
(0.278514 -0.0320806 1.1183e-21)
(0.285118 -0.032015 -6.0659e-21)
(0.291793 -0.0319171 8.02052e-21)
(0.298536 -0.0317876 -4.71188e-21)
(0.30534 -0.0316274 1.98592e-21)
(0.312201 -0.0314376 -2.8268e-21)
(0.319111 -0.0312197 2.48446e-21)
(0.326068 -0.030975 -8.55807e-22)
(0.333064 -0.0307053 5.32726e-22)
(0.340095 -0.030412 -2.13576e-22)
(0.347156 -0.0300971 -5.14672e-22)
(0.354243 -0.029762 1.19082e-21)
(0.361349 -0.0294084 -1.22085e-21)
(0.368471 -0.0290381 -6.96153e-22)
(0.375605 -0.0286525 1.34544e-21)
(0.382745 -0.0282533 -6.57961e-22)
(0.389889 -0.0278419 -1.36092e-22)
(0.397031 -0.0274196 2.23027e-22)
(0.404168 -0.0269879 -4.00118e-22)
(0.411296 -0.026548 -4.2314e-22)
(0.418412 -0.0261012 6.23423e-22)
(0.425512 -0.0256485 -8.02093e-22)
(0.432593 -0.025191 7.11622e-22)
(0.439652 -0.0247298 -6.37531e-22)
(0.173029 -0.0372952 -1.33768e-20)
(0.177316 -0.0362598 -6.52744e-22)
(0.181811 -0.0355105 7.26764e-21)
(0.18647 -0.0349516 -7.36855e-21)
(0.191183 -0.0345761 -1.89351e-21)
(0.195977 -0.034351 1.22021e-20)
(0.200868 -0.0342449 -9.07082e-21)
(0.20586 -0.0342327 3.19335e-21)
(0.210958 -0.0342922 -1.60491e-21)
(0.216167 -0.034404 3.06139e-21)
(0.221489 -0.0345514 -2.67664e-21)
(0.226924 -0.0347198 6.24468e-21)
(0.232472 -0.034897 -1.01526e-20)
(0.238133 -0.0350724 1.22233e-20)
(0.243903 -0.0352374 -1.95574e-21)
(0.249779 -0.0353848 -2.53485e-21)
(0.255759 -0.035509 3.86422e-23)
(0.261838 -0.0356054 4.62398e-23)
(0.268011 -0.0356706 -1.1525e-21)
(0.274274 -0.0357025 2.55786e-21)
(0.280621 -0.0356993 -2.55036e-21)
(0.287048 -0.0356603 4.82818e-21)
(0.293549 -0.0355853 -4.51454e-21)
(0.30012 -0.0354746 -1.5386e-21)
(0.306754 -0.0353289 -1.28855e-21)
(0.313446 -0.0351493 5.4745e-21)
(0.320192 -0.0349372 -3.1012e-21)
(0.326987 -0.0346939 -1.58566e-22)
(0.333824 -0.0344212 2.35948e-21)
(0.3407 -0.0341209 -4.63469e-21)
(0.347609 -0.0337947 1.67263e-21)
(0.354547 -0.0334446 9.42649e-22)
(0.361508 -0.0330723 2.46447e-21)
(0.36849 -0.0326796 -2.32287e-21)
(0.375486 -0.0322685 -1.20446e-22)
(0.382494 -0.0318405 -9.75172e-22)
(0.389508 -0.0313975 1.80003e-21)
(0.396526 -0.030941 3.29563e-23)
(0.403542 -0.0304725 -1.30029e-21)
(0.410554 -0.0299936 9.76351e-23)
(0.417558 -0.0295057 7.29013e-22)
(0.42455 -0.02901 -1.46108e-21)
(0.431527 -0.0285079 1.2025e-21)
(0.438486 -0.0280004 7.54881e-23)
(0.445424 -0.0274888 -1.77917e-24)
(0.184725 -0.0407393 -8.8924e-22)
(0.188771 -0.0396621 7.30352e-23)
(0.193083 -0.0388824 1.12856e-20)
(0.197601 -0.0382997 -1.06883e-20)
(0.202186 -0.0379135 3.01262e-21)
(0.206865 -0.0376877 -6.24674e-21)
(0.211652 -0.0375885 1.51794e-20)
(0.216549 -0.0375889 -2.71758e-21)
(0.221559 -0.0376651 6.51047e-22)
(0.226684 -0.0377962 -3.70895e-21)
(0.231924 -0.0379642 -5.46084e-21)
(0.237278 -0.0381533 3.47781e-21)
(0.242746 -0.0383504 -5.42347e-21)
(0.248324 -0.0385443 -9.56069e-22)
(0.25401 -0.0387255 9.39245e-21)
(0.2598 -0.0388865 -2.27771e-23)
(0.265689 -0.0390212 -2.51055e-21)
(0.271674 -0.039125 2.46751e-22)
(0.277749 -0.0391943 3.90772e-21)
(0.283909 -0.0392266 -3.25312e-21)
(0.290151 -0.0392204 -2.28742e-21)
(0.296467 -0.039175 -1.07635e-21)
(0.302855 -0.0390901 5.9851e-23)
(0.309307 -0.0389663 1.28319e-21)
(0.31582 -0.0388043 -7.13804e-22)
(0.322389 -0.0386053 1.62614e-21)
(0.329008 -0.0383708 -2.47169e-21)
(0.335672 -0.0381025 2.51609e-22)
(0.342378 -0.0378021 1.46933e-21)
(0.34912 -0.0374717 1.07019e-22)
(0.355893 -0.0371132 -3.34293e-21)
(0.362694 -0.0367285 3.896e-21)
(0.369518 -0.0363198 -8.15356e-22)
(0.376361 -0.0358889 2.61272e-21)
(0.383219 -0.0354379 -1.75923e-21)
(0.390087 -0.0349686 -3.08691e-21)
(0.396962 -0.0344828 3.26543e-22)
(0.40384 -0.0339824 2.66963e-21)
(0.410718 -0.0334689 -1.06603e-21)
(0.417592 -0.032944 4.58974e-22)
(0.424458 -0.0324092 -1.1248e-21)
(0.431314 -0.031866 8.58242e-22)
(0.438156 -0.0313157 -1.27147e-21)
(0.444981 -0.0307596 1.73315e-21)
(0.451786 -0.0301989 -3.06823e-22)
(0.197518 -0.0440387 6.57467e-22)
(0.201304 -0.0429392 3.84605e-21)
(0.205418 -0.0421431 -5.59585e-21)
(0.209781 -0.0415472 4.57902e-21)
(0.214226 -0.041159 -5.49056e-21)
(0.21878 -0.0409395 1.55859e-21)
(0.223453 -0.0408527 4.51645e-21)
(0.228246 -0.0408699 2.29483e-21)
(0.233158 -0.040966 -1.25438e-20)
(0.23819 -0.0411187 5.71615e-21)
(0.243339 -0.0413088 2.14713e-21)
(0.248604 -0.0415196 1.62276e-21)
(0.253982 -0.041737 -3.48279e-22)
(0.259469 -0.0419492 -2.11992e-21)
(0.265061 -0.0421464 -4.38843e-21)
(0.270753 -0.0423204 6.34037e-21)
(0.276542 -0.0424651 -7.32047e-21)
(0.282422 -0.0425755 3.64357e-21)
(0.288388 -0.0426479 -8.83151e-22)
(0.294435 -0.04268 5.67967e-22)
(0.300558 -0.0426702 3.07506e-21)
(0.306753 -0.0426178 -2.73375e-21)
(0.313014 -0.0425226 -3.17137e-21)
(0.319337 -0.0423853 5.80905e-21)
(0.325716 -0.0422068 -4.30304e-21)
(0.332147 -0.0419885 2.67062e-21)
(0.338626 -0.0417318 -2.46082e-21)
(0.345148 -0.0414387 2.75653e-21)
(0.351709 -0.0411112 -8.40357e-22)
(0.358303 -0.0407512 8.4021e-22)
(0.364929 -0.040361 -2.77229e-21)
(0.37158 -0.0399427 -3.83372e-22)
(0.378253 -0.0394985 1.37464e-21)
(0.384944 -0.0390304 -1.10399e-21)
(0.39165 -0.0385405 1.32227e-21)
(0.398366 -0.038031 -2.40894e-22)
(0.405089 -0.0375037 7.13251e-22)
(0.411815 -0.0369606 8.83784e-22)
(0.418542 -0.0364034 -1.44152e-21)
(0.425265 -0.0358339 4.29673e-22)
(0.431982 -0.0352536 7.14901e-22)
(0.438688 -0.0346643 -8.86798e-22)
(0.445383 -0.0340672 -1.52048e-21)
(0.452061 -0.0334638 1.07113e-21)
(0.458721 -0.0328553 9.90363e-22)
(0.211387 -0.04718 1.61783e-20)
(0.214895 -0.0460787 -7.01373e-21)
(0.218795 -0.0452816 -2.42102e-21)
(0.222992 -0.044684 4.20118e-21)
(0.227286 -0.0443031 2.23914e-21)
(0.231703 -0.0440977 8.75108e-22)
(0.236253 -0.0440293 -1.21071e-20)
(0.240932 -0.0440681 1.2321e-20)
(0.245737 -0.0441876 -1.22643e-20)
(0.250666 -0.0443645 7.66383e-21)
(0.255716 -0.0445783 -7.3161e-21)
(0.260883 -0.0448118 1.30671e-20)
(0.266161 -0.04505 -1.34014e-20)
(0.271547 -0.0452805 6.44712e-21)
(0.277036 -0.0454932 -4.02485e-21)
(0.282621 -0.0456797 -1.33156e-22)
(0.288298 -0.0458336 4.97657e-21)
(0.294062 -0.0459498 2.42502e-21)
(0.299908 -0.0460247 3.12318e-22)
(0.30583 -0.0460559 2.02024e-21)
(0.311823 -0.0460418 -4.53282e-22)
(0.317883 -0.0459818 3.95313e-22)
(0.324006 -0.045876 -8.0902e-21)
(0.330186 -0.045725 3.6493e-21)
(0.336418 -0.0455299 -2.94183e-21)
(0.3427 -0.0452922 3.83019e-21)
(0.349026 -0.0450136 8.51832e-22)
(0.355392 -0.0446962 -2.37348e-21)
(0.361795 -0.044342 1.36383e-21)
(0.36823 -0.0439532 -2.93542e-21)
(0.374693 -0.0435321 2.34511e-21)
(0.381182 -0.043081 7.58356e-22)
(0.387691 -0.0426023 -1.36599e-21)
(0.394218 -0.0420981 -2.53559e-21)
(0.400759 -0.0415707 2.26819e-21)
(0.40731 -0.0410223 7.24614e-22)
(0.413868 -0.0404548 -2.56633e-21)
(0.420431 -0.0398704 1.22588e-21)
(0.426993 -0.0392709 9.07722e-22)
(0.433554 -0.0386582 -8.22935e-22)
(0.440108 -0.038034 2.10021e-21)
(0.446655 -0.0373999 -3.18941e-21)
(0.453189 -0.0367576 3.85603e-22)
(0.45971 -0.0361084 2.03311e-21)
(0.466213 -0.0354538 -5.8564e-22)
(0.226309 -0.0501496 3.1512e-21)
(0.229522 -0.0490685 7.54209e-22)
(0.233195 -0.0482869 -2.7536e-21)
(0.237214 -0.0476998 -4.03466e-21)
(0.241345 -0.0473368 5.81273e-21)
(0.245615 -0.0471537 -2.6364e-21)
(0.250032 -0.0471103 -6.0281e-21)
(0.254587 -0.0471758 -2.44637e-22)
(0.259277 -0.0473226 3.66479e-21)
(0.264095 -0.0475263 -5.3779e-22)
(0.269036 -0.0477658 5.30828e-21)
(0.274095 -0.0480229 -4.16399e-21)
(0.279265 -0.0482823 -3.28944e-21)
(0.28454 -0.0485312 -1.46553e-21)
(0.289914 -0.0487591 2.68419e-21)
(0.295381 -0.0489575 -1.05864e-21)
(0.300936 -0.0491199 3.40228e-21)
(0.306573 -0.0492411 -3.32421e-21)
(0.312286 -0.0493176 -2.21341e-22)
(0.318071 -0.0493471 -2.03756e-21)
(0.323922 -0.0493281 2.57571e-21)
(0.329836 -0.0492601 -4.67722e-21)
(0.335807 -0.0491432 5.45445e-21)
(0.341831 -0.0489784 -5.62211e-21)
(0.347904 -0.0487667 2.26735e-21)
(0.354023 -0.0485099 -4.80276e-22)
(0.360183 -0.0482097 -8.59976e-22)
(0.366381 -0.0478684 1.1786e-21)
(0.372613 -0.0474882 3.0623e-21)
(0.378875 -0.0470713 -8.77966e-22)
(0.385164 -0.0466204 3.91991e-22)
(0.391477 -0.0461376 -1.18289e-21)
(0.39781 -0.0456255 1.91409e-21)
(0.40416 -0.0450865 -3.22888e-21)
(0.410524 -0.0445229 2.23106e-21)
(0.416898 -0.0439369 -2.82314e-21)
(0.423279 -0.0433308 3.47937e-21)
(0.429665 -0.0427066 1.66171e-21)
(0.436052 -0.0420664 -6.49518e-22)
(0.442438 -0.0414121 -2.94082e-21)
(0.448819 -0.0407455 2.97034e-21)
(0.455193 -0.0400685 -1.13839e-21)
(0.461556 -0.0393825 -4.18677e-22)
(0.467908 -0.0386893 5.4781e-22)
(0.474244 -0.0379902 -2.18896e-21)
(0.24226 -0.0529342 1.28973e-20)
(0.245163 -0.0518965 5.28685e-22)
(0.248596 -0.0511478 -5.44903e-21)
(0.252425 -0.0505847 -3.32948e-21)
(0.256382 -0.0502505 7.73785e-21)
(0.260495 -0.0500989 4.68843e-21)
(0.26477 -0.0500876 -4.52461e-21)
(0.269193 -0.0501853 -3.93346e-21)
(0.273758 -0.0503635 -3.73042e-21)
(0.278455 -0.050597 6.81479e-21)
(0.283279 -0.0508641 -4.60273e-21)
(0.28822 -0.051146 2.00759e-21)
(0.293271 -0.0514271 -3.35784e-21)
(0.298424 -0.0516943 -2.7589e-21)
(0.303673 -0.051937 8.64772e-21)
(0.309011 -0.0521467 -4.12917e-21)
(0.314432 -0.0523167 4.6298e-21)
(0.31993 -0.0524422 -7.90204e-21)
(0.325498 -0.0525196 1.12138e-20)
(0.331134 -0.0525467 -3.68916e-21)
(0.33683 -0.0525222 -4.5577e-21)
(0.342584 -0.0524457 5.04287e-22)
(0.348391 -0.0523176 1.76999e-21)
(0.354247 -0.0521388 5.37897e-21)
(0.360148 -0.0519106 -6.46115e-21)
(0.366091 -0.0516349 2.54845e-22)
(0.372073 -0.0513137 3.46029e-21)
(0.378089 -0.0509491 -2.83161e-22)
(0.384137 -0.0505437 -2.5861e-21)
(0.390214 -0.0500998 2.09376e-21)
(0.396316 -0.0496199 -2.067e-21)
(0.402441 -0.0491067 8.12236e-22)
(0.408585 -0.0485626 1.44705e-21)
(0.414746 -0.0479901 -3.23929e-21)
(0.42092 -0.0473917 2.34237e-21)
(0.427105 -0.0467698 -1.47855e-21)
(0.433298 -0.0461266 4.31871e-21)
(0.439496 -0.0454643 -4.27968e-21)
(0.445696 -0.0447851 1.51605e-21)
(0.451895 -0.044091 -1.88783e-21)
(0.458091 -0.0433838 3.11266e-21)
(0.464282 -0.0426655 -2.91576e-21)
(0.470464 -0.0419377 8.63366e-22)
(0.476635 -0.0412021 1.74212e-21)
(0.482793 -0.0404603 4.59544e-22)
(0.259212 -0.0555207 -3.23065e-20)
(0.261791 -0.0545507 2.92053e-20)
(0.264971 -0.0538535 -1.33246e-20)
(0.268602 -0.0533284 3.75747e-21)
(0.272375 -0.0530351 6.7536e-23)
(0.276322 -0.0529245 -8.40253e-21)
(0.280444 -0.0529531 6.30521e-21)
(0.284727 -0.0530889 5.85776e-21)
(0.289157 -0.0533029 -7.34112e-21)
(0.293725 -0.0535694 -2.51809e-21)
(0.298421 -0.053866 4.89726e-21)
(0.303234 -0.0541739 -6.00802e-22)
(0.308156 -0.0544771 6.93887e-21)
(0.313177 -0.0547626 -4.94763e-21)
(0.31829 -0.0550198 -1.32427e-21)
(0.323487 -0.0552401 2.43686e-21)
(0.328762 -0.0554171 -4.02339e-21)
(0.334108 -0.0555461 4.31269e-21)
(0.33952 -0.0556236 -4.55999e-22)
(0.344993 -0.0556476 1.21598e-21)
(0.350522 -0.0556171 -5.96257e-21)
(0.356103 -0.0555318 3.06222e-21)
(0.361733 -0.0553923 -2.94532e-21)
(0.367407 -0.0551996 3.06321e-21)
(0.373123 -0.0549552 -4.93802e-22)
(0.378878 -0.054661 -3.26365e-21)
(0.384668 -0.0543193 2.06748e-21)
(0.39049 -0.0539323 -1.55078e-21)
(0.396342 -0.0535025 7.19605e-22)
(0.40222 -0.0530326 8.39507e-22)
(0.408123 -0.0525251 1.0294e-21)
(0.414048 -0.0519827 5.77611e-22)
(0.419991 -0.0514081 -4.84398e-21)
(0.425951 -0.0508037 1.04885e-21)
(0.431924 -0.0501722 2.0151e-21)
(0.437908 -0.049516 -1.50374e-21)
(0.443901 -0.0488375 1.00127e-21)
(0.449899 -0.0481389 -1.43315e-21)
(0.4559 -0.0474225 -3.59833e-22)
(0.461903 -0.0466903 -7.99323e-22)
(0.467903 -0.0459445 6.00156e-22)
(0.4739 -0.0451868 5.75877e-22)
(0.47989 -0.0444191 1.17273e-21)
(0.48587 -0.043643 -1.72632e-21)
(0.49184 -0.0428603 8.57014e-22)
(0.277135 -0.0578961 -2.09103e-20)
(0.279379 -0.0570191 3.28563e-20)
(0.282297 -0.0563929 -1.7556e-20)
(0.285718 -0.0559209 1.54556e-21)
(0.289299 -0.0556813 -1.48369e-20)
(0.293071 -0.0556222 -8.56986e-21)
(0.297033 -0.0556987 9.19137e-21)
(0.301165 -0.0558789 -4.01717e-21)
(0.305452 -0.0561333 1.41976e-21)
(0.309881 -0.0564359 6.52252e-21)
(0.314439 -0.0567642 1.38624e-21)
(0.319115 -0.0570992 -8.7088e-21)
(0.323896 -0.0574251 1.138e-20)
(0.328774 -0.0577289 -5.95876e-21)
(0.333739 -0.058 5.75339e-21)
(0.338783 -0.0582304 5.54159e-21)
(0.343899 -0.0584136 -8.45664e-21)
(0.34908 -0.0585453 2.19422e-22)
(0.354322 -0.0586223 -7.4736e-22)
(0.359619 -0.0586428 -2.40975e-21)
(0.364968 -0.0586059 2.11084e-22)
(0.370363 -0.0585116 7.13372e-21)
(0.375803 -0.0583606 -1.95902e-21)
(0.381283 -0.0581541 -2.86977e-21)
(0.3868 -0.0578938 5.28381e-21)
(0.392353 -0.0575818 -2.27846e-21)
(0.397939 -0.0572203 -6.47156e-22)
(0.403554 -0.0568118 3.56778e-21)
(0.409197 -0.0563588 -6.02871e-21)
(0.414866 -0.0558642 1.34634e-21)
(0.420557 -0.0553304 3.51314e-21)
(0.42627 -0.0547604 1.44558e-21)
(0.432 -0.0541568 -1.19668e-21)
(0.437747 -0.0535223 -1.6152e-21)
(0.443508 -0.0528594 -5.0508e-22)
(0.44928 -0.0521708 -2.30737e-21)
(0.455061 -0.0514588 2.1292e-21)
(0.460849 -0.0507258 1.03859e-21)
(0.466642 -0.0499742 -2.86271e-22)
(0.472437 -0.0492061 -1.51645e-21)
(0.478231 -0.0484235 1.96698e-21)
(0.484024 -0.0476284 -6.2498e-22)
(0.489811 -0.0468228 -1.72489e-21)
(0.495592 -0.0460083 2.15612e-21)
(0.501363 -0.0451868 -4.44114e-22)
(0.295998 -0.0600479 -5.54311e-21)
(0.297898 -0.0592901 7.15153e-21)
(0.300544 -0.0587554 7.04672e-21)
(0.303748 -0.0583525 5.36201e-21)
(0.307129 -0.0581799 -2.00792e-20)
(0.310717 -0.0581832 1.45244e-20)
(0.31451 -0.0583163 -1.04568e-20)
(0.318483 -0.0585474 -3.55804e-21)
(0.322618 -0.0588471 1.38668e-20)
(0.326899 -0.0591892 -5.39766e-21)
(0.33131 -0.0595513 -1.10459e-20)
(0.335836 -0.0599147 6.26845e-21)
(0.340466 -0.0602637 7.21154e-22)
(0.345188 -0.0605857 5.72243e-21)
(0.349992 -0.0608704 5.60414e-21)
(0.35487 -0.0611101 -1.05822e-20)
(0.359814 -0.061299 -2.83757e-21)
(0.364818 -0.0614327 1.13397e-20)
(0.369877 -0.0615086 -1.68246e-20)
(0.374985 -0.0615251 1.52048e-21)
(0.380139 -0.0614815 6.27943e-21)
(0.385335 -0.0613781 -1.45389e-21)
(0.390571 -0.0612157 -1.90146e-21)
(0.395843 -0.0609959 5.89934e-21)
(0.401149 -0.0607203 -4.07836e-21)
(0.406488 -0.0603912 -1.36423e-21)
(0.411856 -0.0600109 3.79888e-21)
(0.417252 -0.059582 8.83359e-22)
(0.422674 -0.0591071 -2.44912e-21)
(0.428121 -0.0585891 6.75742e-22)
(0.433589 -0.0580307 5.00004e-22)
(0.439077 -0.0574347 6.87809e-22)
(0.444584 -0.0568039 1.05253e-21)
(0.450107 -0.056141 -4.56111e-21)
(0.455644 -0.0554487 1.77972e-21)
(0.461194 -0.0547296 1.9081e-21)
(0.466753 -0.0539862 -8.05247e-22)
(0.472321 -0.053221 -2.12445e-21)
(0.477894 -0.0524363 -4.51815e-22)
(0.483471 -0.0516342 3.73425e-21)
(0.48905 -0.050817 -4.14768e-21)
(0.494629 -0.0499868 2.97615e-21)
(0.500204 -0.0491453 -3.24825e-23)
(0.505775 -0.0482946 -6.67019e-23)
(0.511339 -0.0474362 -2.28353e-22)
(0.315768 -0.0619641 -5.8118e-21)
(0.317316 -0.0613524 4.87247e-21)
(0.319683 -0.0609306 -7.54874e-21)
(0.322663 -0.0606135 -1.17708e-20)
(0.325836 -0.0605221 1.29846e-20)
(0.329233 -0.0605993 -5.51421e-21)
(0.33285 -0.0607979 5.10046e-21)
(0.336656 -0.0610868 -2.56294e-21)
(0.34063 -0.0614368 -5.53483e-21)
(0.344753 -0.0618217 1.10289e-20)
(0.349005 -0.0622198 1.46584e-22)
(0.353372 -0.0626127 -1.39453e-20)
(0.357838 -0.0629852 1.02812e-20)
(0.362392 -0.0633253 -1.37298e-20)
(0.367022 -0.0636232 -1.56632e-21)
(0.37172 -0.0638718 1.47149e-20)
(0.376479 -0.0640656 -1.21902e-20)
(0.381291 -0.0642008 2.24538e-21)
(0.386152 -0.0642752 9.33965e-21)
(0.391057 -0.0642873 -1.09902e-21)
(0.396003 -0.064237 5.90168e-21)
(0.400986 -0.0641246 -1.41888e-20)
(0.406005 -0.0639513 4.55718e-21)
(0.411056 -0.0637186 1.10695e-20)
(0.416138 -0.0634285 -9.16624e-21)
(0.421249 -0.0630832 1.47119e-21)
(0.426388 -0.0626852 -4.77276e-22)
(0.431552 -0.0622372 -1.66561e-21)
(0.436742 -0.061742 3.95287e-21)
(0.441954 -0.0612022 -4.51135e-21)
(0.447187 -0.0606209 1.09341e-21)
(0.452441 -0.0600008 1.38689e-21)
(0.457713 -0.0593447 6.06826e-22)
(0.463001 -0.0586555 1.16869e-21)
(0.468304 -0.0579358 -3.13368e-21)
(0.473621 -0.0571884 -1.68823e-21)
(0.478949 -0.0564158 4.405e-21)
(0.484286 -0.0556205 -2.79771e-21)
(0.48963 -0.0548048 2.96539e-22)
(0.494981 -0.0539711 3.82445e-22)
(0.500335 -0.0531216 -1.09357e-21)
(0.50569 -0.0522583 4.44865e-22)
(0.511045 -0.0513833 2.41131e-21)
(0.516398 -0.0504985 -1.01383e-21)
(0.521746 -0.0496056 -4.50361e-22)
(0.336409 -0.0636329 -4.96508e-21)
(0.337601 -0.0631952 -1.28675e-20)
(0.339683 -0.0629084 4.59965e-21)
(0.342434 -0.0626945 -1.1522e-20)
(0.345393 -0.0626992 2.18302e-20)
(0.348592 -0.0628622 -9.35847e-21)
(0.352025 -0.0631357 1.35027e-21)
(0.355657 -0.0634894 -8.10697e-21)
(0.359461 -0.0638946 6.03992e-21)
(0.363415 -0.0643259 3.66649e-21)
(0.367498 -0.064762 -1.13394e-20)
(0.371693 -0.0651855 3.36085e-21)
(0.375983 -0.0655819 -3.59457e-21)
(0.380355 -0.06594 1.24434e-21)
(0.384798 -0.0662508 1.08833e-20)
(0.389303 -0.0665077 -7.98879e-21)
(0.393861 -0.0667059 3.04357e-21)
(0.398467 -0.0668422 -9.73165e-21)
(0.403116 -0.0669147 4.49152e-21)
(0.407804 -0.0669224 1.13332e-20)
(0.412527 -0.0668654 -9.98446e-21)
(0.417284 -0.0667444 -5.70992e-21)
(0.422071 -0.0665607 3.64473e-22)
(0.426888 -0.0663159 1.34929e-20)
(0.431732 -0.0660123 -5.49532e-21)
(0.436604 -0.065652 -5.61961e-21)
(0.441501 -0.0652378 4.20288e-21)
(0.446422 -0.0647723 1.88859e-22)
(0.451366 -0.0642582 3.79714e-21)
(0.456333 -0.0636986 1.40679e-21)
(0.461321 -0.0630962 -9.99978e-21)
(0.466329 -0.062454 4.33287e-21)
(0.471355 -0.0617748 3.39023e-22)
(0.476399 -0.0610614 -1.33364e-21)
(0.481458 -0.0603167 4.13538e-22)
(0.486532 -0.0595432 2.67547e-21)
(0.491618 -0.0587437 -1.51295e-21)
(0.496716 -0.0579206 -2.32967e-21)
(0.501823 -0.0570764 3.29563e-21)
(0.506937 -0.0562134 -1.16708e-23)
(0.512057 -0.0553339 -1.31969e-21)
(0.517181 -0.05444 1.76177e-21)
(0.522308 -0.0535337 -4.53638e-22)
(0.527434 -0.0526171 -1.84068e-22)
(0.532558 -0.0516919 -7.53915e-23)
(0.537679 -0.0507599 -2.25122e-22)
(0.357884 -0.0650431 -3.16698e-20)
(0.358718 -0.0648079 1.83127e-20)
(0.360512 -0.064679 -2.5192e-20)
(0.363029 -0.0645867 1.31251e-20)
(0.365769 -0.0647029 8.7055e-21)
(0.368766 -0.0649641 -1.13641e-20)
(0.372009 -0.065322 1.45095e-20)
(0.375458 -0.0657476 -1.02479e-20)
(0.379083 -0.066213 5.98792e-21)
(0.382858 -0.0666938 -5.58342e-21)
(0.386761 -0.06717 -5.155e-21)
(0.390771 -0.0676251 -7.14414e-21)
(0.394871 -0.0680458 1.73215e-20)
(0.399047 -0.0684217 -4.75392e-21)
(0.403288 -0.068745 -8.15823e-21)
(0.407584 -0.0690099 4.63596e-21)
(0.411927 -0.0692122 1.25784e-20)
(0.416312 -0.0693494 -1.52251e-20)
(0.420735 -0.0694199 7.02687e-21)
(0.42519 -0.0694234 5.92907e-21)
(0.429677 -0.0693601 -1.40731e-20)
(0.434192 -0.069231 5.13163e-21)
(0.438735 -0.0690377 1.03109e-20)
(0.443304 -0.0687819 -4.23091e-21)
(0.447899 -0.068466 -1.69244e-21)
(0.452517 -0.0680922 9.29478e-22)
(0.45716 -0.0676633 -7.55586e-22)
(0.461826 -0.067182 -3.27731e-21)
(0.466515 -0.0666511 -3.81757e-22)
(0.471225 -0.0660736 6.63606e-21)
(0.475957 -0.0654523 -2.871e-21)
(0.480708 -0.0647902 1.19438e-21)
(0.485479 -0.0640902 -1.98289e-21)
(0.490269 -0.063355 1.73281e-21)
(0.495075 -0.0625875 -3.79569e-21)
(0.499897 -0.0617905 8.54675e-23)
(0.504733 -0.0609665 4.06284e-21)
(0.509582 -0.0601181 8.13032e-22)
(0.514442 -0.0592478 -2.76293e-21)
(0.519313 -0.058358 -4.99192e-22)
(0.524191 -0.0574509 3.34541e-22)
(0.529076 -0.0565288 -6.76444e-22)
(0.533966 -0.0555938 1.24334e-21)
(0.538858 -0.0546478 2.28197e-22)
(0.543751 -0.0536927 -8.67395e-22)
(0.548644 -0.0527304 3.10459e-22)
(0.380154 -0.0661843 -1.46497e-20)
(0.380629 -0.0661806 4.1544e-20)
(0.382134 -0.0662334 -3.65313e-20)
(0.384416 -0.0662816 1.85513e-20)
(0.386934 -0.0665252 1.83557e-21)
(0.389724 -0.0668973 -1.10963e-20)
(0.392771 -0.0673492 2.84084e-20)
(0.39603 -0.0678537 -1.77688e-20)
(0.399466 -0.0683842 -1.34639e-20)
(0.403052 -0.0689178 4.27687e-21)
(0.406762 -0.0694358 -1.3246e-21)
(0.410574 -0.0699234 -4.86169e-21)
(0.41447 -0.0703686 2.45345e-20)
(0.418435 -0.0707624 -2.32865e-20)
(0.422458 -0.071098 4.97584e-21)
(0.42653 -0.0713705 1.64688e-20)
(0.430643 -0.0715767 3.36249e-21)
(0.434791 -0.0717147 -1.48995e-20)
(0.438971 -0.0717835 1.28283e-21)
(0.44318 -0.0717831 8.38929e-21)
(0.447415 -0.0717142 -2.27909e-21)
(0.451676 -0.071578 4.43835e-21)
(0.45596 -0.0713761 1.16613e-21)
(0.460268 -0.0711107 -1.79594e-20)
(0.4646 -0.0707839 8.51781e-21)
(0.468954 -0.0703984 -2.85884e-21)
(0.473331 -0.0699567 -4.37973e-21)
(0.47773 -0.0694616 1.28992e-20)
(0.482152 -0.068916 -1.07991e-20)
(0.486596 -0.0683229 6.62755e-21)
(0.491061 -0.067685 -7.76934e-22)
(0.495547 -0.0670054 2.99181e-21)
(0.500053 -0.066287 4.98492e-23)
(0.504578 -0.0655325 -2.3491e-21)
(0.509122 -0.0647449 -5.17836e-21)
(0.513684 -0.0639268 3.05699e-21)
(0.518261 -0.0630809 -4.87866e-22)
(0.522854 -0.0622099 -2.06048e-21)
(0.52746 -0.0613161 1.75896e-21)
(0.532079 -0.060402 -1.54942e-22)
(0.536708 -0.05947 7.24377e-22)
(0.541347 -0.0585223 1.38774e-21)
(0.545992 -0.057561 -1.94511e-21)
(0.550644 -0.0565881 2.23281e-21)
(0.555299 -0.0556056 1.62601e-22)
(0.559957 -0.0546153 -2.26709e-22)
(0.403178 -0.0670466 -5.61724e-21)
(0.403298 -0.0673044 -8.1211e-21)
(0.404516 -0.0675631 -1.85832e-21)
(0.406562 -0.0677714 -4.114e-21)
(0.408857 -0.0681588 1.80679e-20)
(0.411437 -0.0686546 -2.20369e-20)
(0.414283 -0.06921 1.14089e-20)
(0.417344 -0.0698002 5.37649e-21)
(0.420583 -0.0704004 -6.1554e-22)
(0.423967 -0.0709896 -5.57507e-21)
(0.427471 -0.0715512 7.1656e-21)
(0.43107 -0.072072 7.97769e-21)
(0.434746 -0.072542 -2.80024e-20)
(0.438485 -0.0729535 1.97027e-20)
(0.442274 -0.0733012 -6.83322e-21)
(0.446105 -0.0735813 6.34319e-21)
(0.449971 -0.0737915 -2.07425e-21)
(0.453866 -0.0739305 5.24985e-22)
(0.457788 -0.0739981 -1.16263e-20)
(0.461735 -0.0739946 8.78717e-21)
(0.465704 -0.0739211 5.95746e-21)
(0.469695 -0.073779 2.96067e-21)
(0.473708 -0.0735701 -1.12533e-20)
(0.477743 -0.0732966 -8.43685e-21)
(0.481798 -0.0729609 8.69906e-21)
(0.485876 -0.0725656 -7.11326e-21)
(0.489976 -0.0721132 2.24222e-21)
(0.494098 -0.0716066 7.58408e-21)
(0.498242 -0.0710487 -7.32438e-21)
(0.502409 -0.0704424 1.10092e-21)
(0.506598 -0.0697905 6.55708e-21)
(0.510809 -0.0690961 -7.00821e-21)
(0.515041 -0.0683619 4.61984e-21)
(0.519295 -0.0675908 3.30117e-21)
(0.523568 -0.0667857 -4.22717e-21)
(0.527861 -0.0659493 2.98347e-21)
(0.532173 -0.0650843 -2.04106e-21)
(0.536502 -0.0641932 8.90702e-23)
(0.540847 -0.0632787 -2.19816e-21)
(0.545207 -0.0623431 -7.53993e-22)
(0.54958 -0.0613888 2.33908e-21)
(0.553965 -0.060418 3.07662e-21)
(0.558361 -0.0594331 -2.5586e-21)
(0.562765 -0.0584359 7.4062e-22)
(0.567176 -0.0574285 -1.71283e-22)
(0.571593 -0.0564128 -6.75636e-22)
(0.426913 -0.067621 -9.30259e-21)
(0.426685 -0.0681707 -7.5396e-21)
(0.42762 -0.0686606 2.32422e-20)
(0.429433 -0.069049 -2.54466e-20)
(0.431506 -0.0695968 2.39225e-20)
(0.433874 -0.0702289 -4.33877e-21)
(0.436514 -0.0708972 1.90738e-21)
(0.43937 -0.0715795 -3.17823e-20)
(0.4424 -0.0722536 2.76496e-20)
(0.445571 -0.072901 -2.68127e-20)
(0.448854 -0.0735074 4.89607e-21)
(0.452225 -0.0740622 9.69638e-21)
(0.455665 -0.0745571 6.56688e-21)
(0.45916 -0.0749865 -8.03451e-22)
(0.462698 -0.0753464 -1.05365e-20)
(0.46627 -0.0756342 8.16024e-21)
(0.469872 -0.0758488 -5.56353e-23)
(0.473499 -0.0759895 1.55308e-21)
(0.477147 -0.0760567 2.5061e-22)
(0.480816 -0.0760512 -2.27674e-21)
(0.484504 -0.0759744 3.72203e-21)
(0.488212 -0.075828 -4.16034e-21)
(0.49194 -0.0756139 -1.4462e-21)
(0.495688 -0.0753344 3.02755e-21)
(0.499456 -0.0749919 3.76845e-21)
(0.503246 -0.074589 -4.94296e-21)
(0.507058 -0.0741284 -8.95286e-21)
(0.510892 -0.0736129 3.29665e-22)
(0.514749 -0.0730453 1.39063e-20)
(0.518629 -0.0724285 -4.37116e-21)
(0.522533 -0.0717654 5.23125e-22)
(0.52646 -0.0710588 -1.9098e-21)
(0.530411 -0.0703117 -4.64324e-21)
(0.534384 -0.0695269 2.02998e-21)
(0.53838 -0.0687072 2.01891e-21)
(0.542397 -0.0678553 -1.5018e-21)
(0.546436 -0.066974 1.80626e-21)
(0.550494 -0.0660658 -1.50281e-21)
(0.554571 -0.0651333 4.58702e-22)
(0.558666 -0.0641789 -2.53886e-21)
(0.562777 -0.0632051 3.15202e-21)
(0.566903 -0.0622141 -6.3143e-22)
(0.571043 -0.0612081 1.15587e-21)
(0.575194 -0.0601893 1.05528e-21)
(0.579356 -0.0591596 1.02718e-22)
(0.583527 -0.058121 -3.53643e-21)
(0.451315 -0.0678993 4.02274e-21)
(0.45075 -0.0687723 1.49046e-20)
(0.45141 -0.0695191 6.19324e-21)
(0.452996 -0.0701083 -2.01282e-20)
(0.454849 -0.070833 -1.78176e-20)
(0.457005 -0.0716139 -2.19589e-21)
(0.459434 -0.0724038 1.86895e-20)
(0.462077 -0.0731841 1.04218e-20)
(0.464888 -0.0739358 -6.32547e-21)
(0.467832 -0.0746434 -8.87293e-22)
(0.470878 -0.0752958 1.2245e-20)
(0.474004 -0.0758849 -6.78086e-22)
(0.47719 -0.076405 -1.29339e-20)
(0.480422 -0.0768524 -9.52531e-21)
(0.48369 -0.0772248 1.57539e-20)
(0.486987 -0.0775209 -5.65692e-21)
(0.490307 -0.0777405 -3.24272e-21)
(0.493647 -0.077884 1.08895e-20)
(0.497006 -0.0779521 -1.6833e-20)
(0.500382 -0.0779462 5.70988e-21)
(0.503775 -0.077868 -2.26686e-21)
(0.507186 -0.0777192 1.02701e-20)
(0.510615 -0.0775021 -6.47561e-21)
(0.514064 -0.077219 -2.96044e-21)
(0.517533 -0.0768722 4.66556e-21)
(0.521024 -0.0764645 1.68756e-21)
(0.524537 -0.0759984 2.1397e-21)
(0.528073 -0.0754767 -5.53113e-21)
(0.531634 -0.0749023 -7.52206e-22)
(0.535219 -0.074278 5.25931e-21)
(0.53883 -0.0736065 -2.76581e-21)
(0.542465 -0.0728909 5.50119e-21)
(0.546126 -0.0721339 -7.26217e-21)
(0.549812 -0.0713383 -5.26378e-21)
(0.553523 -0.070507 1.13854e-20)
(0.557258 -0.0696426 -7.15343e-21)
(0.561017 -0.0687479 2.39341e-21)
(0.564799 -0.0678255 -1.97351e-21)
(0.568602 -0.066878 -2.10475e-21)
(0.572426 -0.0659077 5.55765e-21)
(0.57627 -0.0649172 -1.28372e-21)
(0.580132 -0.0639087 -3.38494e-21)
(0.58401 -0.0628845 2.48194e-21)
(0.587904 -0.0618467 2.02784e-21)
(0.591812 -0.0607974 -5.30667e-21)
(0.595732 -0.0597386 -3.49539e-22)
(0.476339 -0.0678743 -4.41253e-21)
(0.475452 -0.0691031 -1.27191e-21)
(0.47585 -0.0701332 -4.87839e-21)
(0.477217 -0.070944 7.07812e-21)
(0.478855 -0.0718619 8.39511e-21)
(0.480798 -0.0728034 -2.03455e-20)
(0.483012 -0.0737228 2.18397e-21)
(0.485433 -0.0746062 -9.61904e-22)
(0.488012 -0.0754384 8.20194e-21)
(0.490714 -0.0762078 1.8425e-20)
(0.493507 -0.0769069 -1.06631e-20)
(0.496369 -0.0775307 1.34732e-21)
(0.499281 -0.0780763 -1.6063e-20)
(0.502232 -0.0785421 1.50656e-20)
(0.505211 -0.0789276 -2.28264e-21)
(0.508213 -0.079233 9.74421e-21)
(0.511234 -0.0794589 -2.15838e-20)
(0.51427 -0.0796066 1.25605e-20)
(0.517323 -0.0796774 7.7317e-21)
(0.52039 -0.0796732 -5.21266e-21)
(0.523473 -0.0795957 -6.11769e-21)
(0.526573 -0.0794472 5.82185e-21)
(0.529692 -0.0792297 -4.96568e-21)
(0.532829 -0.0789456 1.20981e-20)
(0.535988 -0.0785975 -1.47595e-20)
(0.539169 -0.0781879 1.08148e-20)
(0.542374 -0.0777194 -3.68933e-21)
(0.545604 -0.0771947 -6.78491e-21)
(0.548859 -0.0766166 7.60943e-21)
(0.552141 -0.0759878 -1.30709e-21)
(0.555451 -0.0753113 1.21947e-22)
(0.558788 -0.0745897 1.05431e-21)
(0.562152 -0.0738259 1.18224e-21)
(0.565545 -0.0730228 -2.57743e-21)
(0.568965 -0.072183 -3.09422e-22)
(0.572412 -0.0713092 -1.04829e-21)
(0.575886 -0.0704043 -1.248e-21)
(0.579385 -0.0694708 -2.09978e-21)
(0.58291 -0.0685112 8.59838e-21)
(0.586458 -0.067528 -5.61298e-21)
(0.590029 -0.0665237 -8.39594e-22)
(0.593622 -0.0655006 1.92062e-21)
(0.597235 -0.064461 -6.8606e-22)
(0.600867 -0.063407 5.30233e-21)
(0.604517 -0.0623408 -6.66852e-21)
(0.608182 -0.0612643 2.83455e-21)
(0.501941 -0.0675402 1.84839e-20)
(0.500751 -0.0691584 -2.75051e-21)
(0.500903 -0.0704988 2.69467e-20)
(0.502063 -0.071552 -2.30076e-20)
(0.503492 -0.0726788 -1.06894e-20)
(0.505223 -0.0737916 7.81751e-21)
(0.507219 -0.0748474 3.85123e-21)
(0.509407 -0.0758378 -1.17829e-20)
(0.51174 -0.0767525 1.09537e-20)
(0.514182 -0.0775847 1.34591e-21)
(0.516703 -0.0783309 1.45402e-21)
(0.51928 -0.0789898 -1.25442e-20)
(0.521898 -0.0795614 1.49281e-20)
(0.524546 -0.0800464 -2.71894e-21)
(0.527217 -0.0804461 2.97347e-21)
(0.529905 -0.080762 -1.19099e-20)
(0.532607 -0.0809961 1.52128e-20)
(0.535323 -0.0811501 -2.59322e-21)
(0.538053 -0.081226 -4.04162e-21)
(0.540796 -0.081226 -5.80044e-21)
(0.543556 -0.0811522 1.0543e-22)
(0.546332 -0.0810067 4.63262e-21)
(0.549127 -0.0807919 5.39157e-21)
(0.551942 -0.0805102 -1.65384e-20)
(0.55478 -0.0801639 1.36554e-21)
(0.557642 -0.0797557 1.34337e-20)
(0.560529 -0.0792881 7.71657e-22)
(0.563444 -0.0787637 -7.35208e-21)
(0.566386 -0.0781853 -3.4047e-21)
(0.569358 -0.0775556 3.39952e-21)
(0.572359 -0.0768773 7.37234e-22)
(0.575391 -0.0761532 5.74542e-21)
(0.578453 -0.075386 -4.63107e-21)
(0.581546 -0.0745785 -6.49313e-21)
(0.58467 -0.0737335 3.9682e-21)
(0.587824 -0.0728537 3.41614e-21)
(0.591008 -0.0719417 -3.43528e-21)
(0.594221 -0.0710001 3.69314e-21)
(0.597462 -0.0700315 -2.33917e-21)
(0.600731 -0.0690385 -3.60208e-22)
(0.604026 -0.0680234 2.98974e-21)
(0.607346 -0.0669886 -1.88913e-21)
(0.61069 -0.0659365 -5.82855e-21)
(0.614056 -0.0648691 3.34352e-21)
(0.617443 -0.0637887 8.94658e-22)
(0.62085 -0.0626973 2.06638e-21)
(0.528072 -0.0668923 -1.41154e-20)
(0.526606 -0.0689351 1.79174e-20)
(0.526536 -0.0706133 6.3155e-21)
(0.527504 -0.0719295 5.6011e-21)
(0.528732 -0.0732798 -1.32043e-21)
(0.530253 -0.074573 -1.63052e-20)
(0.532022 -0.0757703 -5.00752e-21)
(0.533966 -0.0768703 8.7356e-21)
(0.536037 -0.0778686 -5.80056e-21)
(0.538199 -0.0787639 1.15068e-21)
(0.540425 -0.0795575 1.1127e-20)
(0.542696 -0.0802519 5.39363e-21)
(0.544998 -0.0808502 -1.88796e-21)
(0.547322 -0.0813556 -1.38035e-20)
(0.549662 -0.0817712 1.51752e-20)
(0.552016 -0.0820998 5.38689e-22)
(0.554382 -0.0823444 -5.10265e-21)
(0.55676 -0.0825075 -4.85473e-21)
(0.559151 -0.0825915 1.16358e-20)
(0.561556 -0.0825989 -2.32788e-21)
(0.563977 -0.082532 -7.89456e-21)
(0.566417 -0.0823931 -3.46456e-21)
(0.568877 -0.0821845 -1.32596e-21)
(0.57136 -0.0819087 8.94302e-21)
(0.573867 -0.081568 5.35336e-21)
(0.5764 -0.0811648 -1.73723e-20)
(0.578962 -0.0807018 2.92666e-21)
(0.581554 -0.0801814 -2.71665e-21)
(0.584176 -0.0796064 1.10592e-20)
(0.58683 -0.0789792 -8.62323e-21)
(0.589518 -0.0783028 7.73506e-21)
(0.592238 -0.0775796 -3.38385e-21)
(0.594993 -0.0768125 1.23548e-21)
(0.597782 -0.0760042 5.9221e-21)
(0.600605 -0.0751574 -8.36724e-21)
(0.603461 -0.0742748 4.25507e-21)
(0.606351 -0.073359 -3.33771e-21)
(0.609273 -0.0724126 -5.80772e-22)
(0.612228 -0.0714382 -3.87138e-22)
(0.615213 -0.0704384 2.90993e-21)
(0.618229 -0.0694155 -1.96404e-21)
(0.621273 -0.068372 2.67888e-21)
(0.624345 -0.0673102 1.3085e-21)
(0.627443 -0.0662323 -1.32861e-21)
(0.630565 -0.0651405 2.77393e-21)
(0.633711 -0.0640369 -6.56807e-21)
(0.636879 -0.0629235 4.41675e-21)
(0.554688 -0.0659278 -8.35386e-21)
(0.552979 -0.0684324 5.35321e-21)
(0.552715 -0.0704762 -2.68837e-21)
(0.55351 -0.0720751 6.42453e-21)
(0.554548 -0.0736616 -2.63068e-21)
(0.555858 -0.075142 4.72407e-21)
(0.557392 -0.0764839 1.07606e-20)
(0.559077 -0.0776943 -1.72346e-20)
(0.560865 -0.0787763 2.42213e-20)
(0.562725 -0.0797345 -2.44405e-20)
(0.564632 -0.0805756 -2.01749e-21)
(0.566572 -0.0813062 1.83754e-20)
(0.568534 -0.0819325 4.88309e-21)
(0.57051 -0.0824601 -1.09798e-20)
(0.572499 -0.0828939 -1.05466e-20)
(0.574499 -0.0832381 3.64715e-21)
(0.57651 -0.0834964 -2.57579e-21)
(0.578533 -0.083672 1.12262e-20)
(0.580569 -0.0837678 -1.46769e-20)
(0.582622 -0.0837865 3.63493e-21)
(0.584692 -0.0837304 -2.30123e-22)
(0.586784 -0.0836021 9.16319e-21)
(0.588898 -0.0834038 -6.90917e-21)
(0.591038 -0.0831379 1.70087e-21)
(0.593205 -0.0828067 -7.38983e-21)
(0.595402 -0.0824126 5.49172e-21)
(0.597631 -0.0819581 3.98586e-21)
(0.599893 -0.0814457 -4.70318e-21)
(0.602189 -0.0808779 1.03249e-20)
(0.60452 -0.0802572 -5.98589e-21)
(0.606888 -0.0795863 4.07243e-21)
(0.609294 -0.0788678 -4.87534e-21)
(0.611736 -0.0781044 1.43986e-21)
(0.614217 -0.0772988 5.35321e-21)
(0.616735 -0.0764537 -4.32211e-21)
(0.61929 -0.0755717 -1.7533e-21)
(0.621883 -0.0746555 -7.4216e-22)
(0.624512 -0.0737076 3.20156e-21)
(0.627176 -0.0727306 7.46584e-23)
(0.629876 -0.0717271 -1.9739e-21)
(0.632609 -0.0706996 -9.32804e-22)
(0.635375 -0.0696504 1.13592e-22)
(0.638172 -0.0685819 1.61204e-22)
(0.641 -0.0674963 1.80803e-22)
(0.643856 -0.0663959 -1.38587e-21)
(0.646738 -0.0652828 2.26587e-21)
(0.649647 -0.064159 6.79908e-22)
(0.581743 -0.0646462 -1.16425e-20)
(0.579836 -0.0676521 1.72543e-20)
(0.579413 -0.0700891 -1.22873e-20)
(0.580058 -0.0719887 5.05939e-21)
(0.580916 -0.0738211 -8.10235e-21)
(0.582012 -0.0754925 8.53041e-21)
(0.583299 -0.0769795 -2.32888e-20)
(0.584704 -0.0782996 -1.50614e-22)
(0.586186 -0.079464 1.47493e-20)
(0.587717 -0.0804846 -8.78228e-22)
(0.589279 -0.0813734 2.0263e-20)
(0.590861 -0.0821414 -1.28487e-20)
(0.592457 -0.0827977 -2.15889e-21)
(0.594063 -0.0833503 -6.41075e-22)
(0.595679 -0.0838056 8.67041e-21)
(0.597304 -0.084169 -1.21294e-20)
(0.598942 -0.0844451 1.10973e-20)
(0.600593 -0.0846374 -1.88775e-20)
(0.60226 -0.0847494 1.85752e-20)
(0.603946 -0.0847838 1.43471e-21)
(0.605653 -0.0847431 -1.51976e-20)
(0.607385 -0.0846299 1.45831e-21)
(0.609144 -0.0844464 -9.98999e-22)
(0.610933 -0.0841948 9.49732e-22)
(0.612752 -0.0838776 1.47634e-20)
(0.614606 -0.083497 -1.4569e-20)
(0.616495 -0.0830553 1.06021e-20)
(0.618421 -0.082555 -7.94578e-21)
(0.620385 -0.0819985 2.4727e-21)
(0.62239 -0.0813882 1.33401e-21)
(0.624434 -0.0807268 5.18516e-21)
(0.62652 -0.0800169 -6.49969e-21)
(0.628647 -0.079261 1.82932e-21)
(0.630815 -0.0784618 -7.40116e-21)
(0.633026 -0.077622 3.82411e-21)
(0.635277 -0.0767441 3.82552e-21)
(0.63757 -0.0758308 -2.68328e-21)
(0.639903 -0.0748848 -2.96371e-21)
(0.642276 -0.0739085 2.57281e-22)
(0.644688 -0.0729046 3.2318e-21)
(0.647137 -0.0718755 4.09816e-21)
(0.649623 -0.0708236 -5.0123e-21)
(0.652145 -0.0697513 4.64933e-21)
(0.6547 -0.068661 -4.67888e-21)
(0.657287 -0.0675548 1.65218e-21)
(0.659906 -0.0664349 -7.31292e-23)
(0.662554 -0.0653035 -7.10604e-22)
(0.609195 -0.0630499 1.55122e-20)
(0.607146 -0.0665994 -2.16022e-20)
(0.606609 -0.0694561 3.65151e-20)
(0.60713 -0.0716715 -2.41053e-20)
(0.607815 -0.0737555 1.35622e-21)
(0.60869 -0.0756177 -1.4134e-20)
(0.609712 -0.0772473 4.52786e-21)
(0.610812 -0.0786741 2.63814e-20)
(0.611957 -0.079919 -1.39264e-20)
(0.613129 -0.0810013 2.50192e-21)
(0.614316 -0.0819385 -1.29661e-20)
(0.615513 -0.0827457 -5.33252e-21)
(0.616716 -0.083435 2.15517e-20)
(0.617927 -0.0840163 -9.79387e-21)
(0.619148 -0.0844974 8.96296e-21)
(0.620379 -0.0848848 6.80878e-21)
(0.621625 -0.0851836 -2.90469e-21)
(0.622889 -0.0853979 -1.20888e-21)
(0.624173 -0.0855312 -6.39796e-21)
(0.62548 -0.0855865 8.09162e-21)
(0.626813 -0.0855664 2.35721e-21)
(0.628176 -0.0854733 -8.56645e-21)
(0.629571 -0.0853096 5.75961e-21)
(0.630999 -0.0850774 -1.54873e-20)
(0.632465 -0.0847789 1.14834e-20)
(0.633968 -0.0844163 2.86257e-21)
(0.635512 -0.083992 1.14214e-21)
(0.637098 -0.0835082 -4.18145e-21)
(0.638727 -0.0829673 2.46263e-21)
(0.640399 -0.0823717 -3.30089e-21)
(0.642117 -0.081724 -9.64794e-21)
(0.64388 -0.0810265 9.23692e-21)
(0.645689 -0.080282 -1.47022e-21)
(0.647543 -0.079493 2.22333e-21)
(0.649444 -0.0786621 -6.29179e-21)
(0.65139 -0.0777919 1.55269e-21)
(0.653382 -0.0768851 9.1887e-23)
(0.655418 -0.0759443 -2.76349e-21)
(0.657497 -0.074972 5.15755e-21)
(0.65962 -0.0739708 -5.975e-21)
(0.661784 -0.0729433 5.67567e-21)
(0.663989 -0.0718917 3.43026e-21)
(0.666234 -0.0708187 -3.51198e-21)
(0.668516 -0.0697265 3.80837e-21)
(0.670834 -0.0686173 -5.25573e-21)
(0.673188 -0.0674934 -2.08574e-21)
(0.675575 -0.066357 3.19021e-21)
(0.637007 -0.0611457 -3.00096e-20)
(0.634889 -0.0652842 2.93684e-21)
(0.634293 -0.0685841 -4.96712e-21)
(0.634714 -0.0711256 1.26983e-20)
(0.635229 -0.0734607 1.48937e-20)
(0.635869 -0.0755085 -3.896e-22)
(0.636597 -0.0772748 -1.37032e-20)
(0.637359 -0.0788039 5.74891e-21)
(0.638134 -0.0801268 -7.45614e-22)
(0.638912 -0.0812704 -8.02653e-21)
(0.639691 -0.0822576 1.40689e-20)
(0.640472 -0.0831072 -2.71757e-21)
(0.641256 -0.0838336 -2.64611e-21)
(0.642048 -0.0844486 -6.7663e-21)
(0.642851 -0.0849612 5.145e-21)
(0.64367 -0.0853784 -5.06595e-21)
(0.644508 -0.0857059 6.10294e-21)
(0.645369 -0.0859482 9.09081e-21)
(0.646257 -0.0861088 1.71072e-21)
(0.647174 -0.086191 -1.35451e-20)
(0.648123 -0.0861972 -5.18725e-21)
(0.649108 -0.0861299 1.35388e-20)
(0.650131 -0.0859914 -6.47293e-21)
(0.651193 -0.0857838 -3.56277e-22)
(0.652298 -0.0855091 4.63737e-21)
(0.653447 -0.0851696 -3.86124e-21)
(0.654642 -0.0847675 1.851e-21)
(0.655884 -0.0843049 2.51548e-21)
(0.657173 -0.0837841 -1.59434e-21)
(0.658512 -0.0832075 -9.30968e-21)
(0.6599 -0.0825776 7.52118e-22)
(0.661338 -0.0818968 4.20944e-21)
(0.662827 -0.0811676 -3.54799e-21)
(0.664367 -0.0803926 9.47593e-21)
(0.665956 -0.0795743 -1.58144e-21)
(0.667596 -0.0787155 -3.66828e-21)
(0.669285 -0.0778187 3.43576e-21)
(0.671023 -0.0768866 -3.24481e-21)
(0.672809 -0.0759216 3.75553e-21)
(0.674642 -0.0749264 -3.37048e-21)
(0.676521 -0.0739035 1.04883e-21)
(0.678445 -0.0728554 2.50864e-21)
(0.680412 -0.0717845 -2.16472e-21)
(0.682421 -0.0706933 -3.76589e-21)
(0.684471 -0.0695839 1.66399e-21)
(0.686559 -0.0684588 2.61997e-21)
(0.688685 -0.06732 -1.331e-21)
(0.665147 -0.0589466 -1.40791e-20)
(0.66306 -0.0637216 3.5561e-20)
(0.662465 -0.0674826 -3.19884e-20)
(0.662809 -0.0703528 1.44105e-20)
(0.663146 -0.0729308 -1.35587e-20)
(0.663523 -0.0751532 4.12353e-21)
(0.66392 -0.0770471 2.13575e-21)
(0.664302 -0.0786725 1.6565e-20)
(0.664664 -0.080071 -1.95273e-20)
(0.66501 -0.0812766 9.01393e-21)
(0.665346 -0.0823169 -9.81219e-21)
(0.665679 -0.0832135 2.48812e-20)
(0.666017 -0.083983 -1.70121e-20)
(0.666366 -0.0846383 1.97584e-20)
(0.666732 -0.0851892 -1.26167e-20)
(0.66712 -0.0856433 -4.47397e-21)
(0.667535 -0.0860066 1.14242e-21)
(0.66798 -0.0862838 -9.85375e-22)
(0.66846 -0.0864786 3.03383e-21)
(0.668977 -0.0865942 -8.41583e-21)
(0.669534 -0.0866331 1.72671e-20)
(0.670134 -0.0865978 -5.80367e-21)
(0.670779 -0.0864904 -4.49004e-21)
(0.67147 -0.086313 1.95845e-21)
(0.672211 -0.0860677 -5.29857e-21)
(0.673001 -0.0857565 7.22565e-21)
(0.673843 -0.0853815 -3.05027e-21)
(0.674738 -0.0849449 6.78782e-21)
(0.675686 -0.084449 -1.35464e-20)
(0.676689 -0.0838959 1.04286e-20)
(0.677747 -0.0832882 -4.49228e-21)
(0.67886 -0.0826281 4.7232e-21)
(0.680028 -0.0819183 -1.88077e-21)
(0.681251 -0.0811612 2.68611e-21)
(0.682529 -0.0803595 -6.5515e-21)
(0.683862 -0.0795157 3.1116e-21)
(0.685249 -0.0786324 5.68284e-22)
(0.68669 -0.0777123 -3.98851e-21)
(0.688182 -0.076758 2.43974e-21)
(0.689726 -0.075772 1.53627e-21)
(0.69132 -0.0747569 3.01529e-21)
(0.692963 -0.0737153 -5.25811e-21)
(0.694653 -0.0726495 1.39572e-21)
(0.69639 -0.0715621 -3.49088e-22)
(0.698171 -0.0704554 2.06364e-21)
(0.699995 -0.0693316 7.34302e-22)
(0.70186 -0.0681931 -5.04411e-22)
(0.693602 -0.0564761 -4.0669e-21)
(0.691675 -0.0619359 3.43268e-20)
(0.69115 -0.0661643 -2.04253e-20)
(0.691425 -0.0693539 8.24127e-21)
(0.691558 -0.0721562 -1.70678e-20)
(0.691626 -0.0745355 2.00987e-20)
(0.691639 -0.0765451 -4.36897e-21)
(0.691589 -0.0782608 2.85729e-21)
(0.691491 -0.0797337 -8.25829e-21)
(0.691362 -0.0810039 -1.45416e-21)
(0.691218 -0.0821024 -3.41638e-21)
(0.691073 -0.0830528 1.08715e-20)
(0.690937 -0.0838731 -6.25538e-21)
(0.690821 -0.0845769 1.13701e-20)
(0.69073 -0.0851745 -1.76828e-20)
(0.690672 -0.0856739 3.67954e-21)
(0.69065 -0.0860813 1.81681e-21)
(0.690668 -0.0864013 -1.7242e-22)
(0.690731 -0.0866379 1.10881e-21)
(0.69084 -0.0867942 1.40146e-21)
(0.690998 -0.0868727 -1.85052e-21)
(0.691207 -0.086876 -6.05529e-21)
(0.691469 -0.086806 1.50521e-20)
(0.691786 -0.0866649 -1.7597e-21)
(0.692158 -0.0864546 -1.56664e-20)
(0.692588 -0.0861772 -9.2175e-22)
(0.693075 -0.0858347 9.56682e-21)
(0.693622 -0.0854291 -6.24786e-21)
(0.694228 -0.0849628 -3.37368e-21)
(0.694894 -0.0844378 1.17297e-20)
(0.695621 -0.0838567 -6.57886e-21)
(0.696408 -0.0832217 -4.25257e-21)
(0.697256 -0.0825353 1.0976e-20)
(0.698164 -0.0818001 -7.98598e-22)
(0.699131 -0.0810187 -4.92558e-21)
(0.700158 -0.0801936 -1.96138e-21)
(0.701244 -0.0793274 3.5881e-21)
(0.702387 -0.0784228 -2.46581e-21)
(0.703587 -0.0774825 4.73307e-21)
(0.704843 -0.0765089 -2.86898e-21)
(0.706153 -0.0755048 -3.26863e-21)
(0.707516 -0.0744726 6.21783e-21)
(0.708931 -0.0734149 3.98024e-22)
(0.710396 -0.0723341 -1.9547e-21)
(0.71191 -0.0712328 -8.62505e-22)
(0.713471 -0.0701131 -1.72126e-21)
(0.715077 -0.0689774 -2.00929e-21)
(0.722383 -0.0537775 -1.1104e-20)
(0.720788 -0.0599626 -1.37939e-20)
(0.720396 -0.0646415 -5.03631e-21)
(0.720582 -0.0681231 1.70292e-20)
(0.720456 -0.0711184 -2.28587e-21)
(0.720144 -0.0736314 -8.31598e-21)
(0.719703 -0.0757438 -5.46067e-21)
(0.719158 -0.0775452 -7.58309e-21)
(0.718546 -0.0790941 1.12489e-20)
(0.717897 -0.0804344 1.67027e-21)
(0.717237 -0.0815991 1.21246e-21)
(0.716583 -0.0826128 1.24826e-21)
(0.71595 -0.0834939 6.6036e-21)
(0.715348 -0.0842564 5.6063e-21)
(0.714784 -0.0849108 -2.0967e-20)
(0.714266 -0.0854652 6.85437e-21)
(0.713796 -0.0859259 -3.16173e-21)
(0.713378 -0.0862977 -1.74497e-21)
(0.713016 -0.0865844 9.17211e-21)
(0.712711 -0.0867893 -4.74998e-22)
(0.712465 -0.0869151 -7.67244e-21)
(0.712279 -0.086964 1.13572e-20)
(0.712156 -0.0869381 -1.05471e-21)
(0.712095 -0.0868396 -1.18695e-20)
(0.712098 -0.0866704 3.40792e-21)
(0.712166 -0.0864324 4.49522e-21)
(0.712299 -0.0861278 -5.46484e-21)
(0.712497 -0.0857584 1.08822e-20)
(0.712761 -0.0853266 -5.02677e-21)
(0.713091 -0.0848345 -6.78035e-21)
(0.713488 -0.0842844 3.48006e-21)
(0.71395 -0.0836788 -2.42164e-21)
(0.714478 -0.0830201 6.49033e-21)
(0.715072 -0.0823107 -2.81298e-21)
(0.71573 -0.0815534 -2.31715e-21)
(0.716453 -0.0807507 -3.10317e-21)
(0.717238 -0.0799051 6.57356e-21)
(0.718086 -0.0790195 -1.86585e-22)
(0.718995 -0.0780964 -5.02545e-21)
(0.719965 -0.0771385 4.9809e-22)
(0.720993 -0.0761484 7.74283e-21)
(0.722078 -0.0751286 -3.8699e-21)
(0.72322 -0.0740819 -2.28957e-22)
(0.724415 -0.0730106 6.02997e-22)
(0.725664 -0.0719173 2.24017e-21)
(0.726963 -0.0708043 -1.7587e-21)
(0.728311 -0.069674 2.07708e-21)
(0.729708 -0.0685287 -2.86799e-21)
(0.751555 -0.050916 -1.91172e-20)
(0.750511 -0.0578382 -4.33002e-22)
(0.750286 -0.0629129 1.71335e-20)
(0.750309 -0.0666379 -4.13446e-20)
(0.749823 -0.0697838 2.39446e-20)
(0.749031 -0.0724048 -1.01655e-20)
(0.748048 -0.0746098 -4.10201e-21)
(0.746936 -0.0764967 1.69335e-20)
(0.745753 -0.0781278 -7.06529e-21)
(0.74454 -0.0795481 4.59098e-21)
(0.743328 -0.0807908 9.60333e-21)
(0.742139 -0.0818803 -2.74487e-20)
(0.740986 -0.0828348 1.52376e-20)
(0.739881 -0.0836683 2.29568e-21)
(0.738831 -0.0843913 1.95993e-22)
(0.737841 -0.0850119 -2.02588e-21)
(0.736915 -0.0855364 -6.92381e-21)
(0.736054 -0.0859697 -6.29972e-21)
(0.735262 -0.0863158 6.19914e-21)
(0.734539 -0.0865779 1.82382e-20)
(0.733887 -0.0867588 -7.24557e-21)
(0.733305 -0.0868609 -1.41013e-20)
(0.732794 -0.0868863 7.72191e-21)
(0.732356 -0.086837 7.23487e-21)
(0.73199 -0.0867151 -1.14279e-20)
(0.731696 -0.0865225 1.32917e-20)
(0.731474 -0.0862613 -8.60782e-22)
(0.731325 -0.0859334 -1.11113e-20)
(0.731249 -0.0855411 -2.74723e-21)
(0.731245 -0.0850867 3.57962e-21)
(0.731313 -0.0845723 4.59807e-21)
(0.731452 -0.0840004 5.78118e-21)
(0.731663 -0.0833735 -2.16937e-21)
(0.731944 -0.082694 -1.97546e-21)
(0.732296 -0.0819646 -2.50185e-21)
(0.732716 -0.081188 9.67697e-22)
(0.733204 -0.0803666 5.013e-21)
(0.733759 -0.0795034 -8.68675e-21)
(0.73438 -0.0786008 3.32384e-21)
(0.735066 -0.0776617 -2.43307e-22)
(0.735814 -0.0766887 2.97281e-21)
(0.736624 -0.0756843 -2.65685e-21)
(0.737494 -0.0746514 -1.61059e-21)
(0.738423 -0.0735924 -1.57906e-21)
(0.739408 -0.0725098 6.69424e-21)
(0.740448 -0.0714061 -3.13432e-21)
(0.741542 -0.0702837 7.7493e-22)
(0.742687 -0.069145 -7.37236e-22)
(0.781286 -0.0479639 2.24036e-20)
(0.78105 -0.0555966 -5.09854e-21)
(0.780937 -0.0609682 4.84819e-22)
(0.78063 -0.0648676 -1.21844e-21)
(0.779622 -0.0681149 3.56772e-21)
(0.778217 -0.0708208 -1.85286e-21)
(0.776589 -0.073114 6.88589e-21)
(0.774834 -0.0750927 2.86069e-21)
(0.773023 -0.0768178 6.82186e-23)
(0.771204 -0.0783326 -1.40234e-20)
(0.76941 -0.0796686 1.66802e-20)
(0.767661 -0.0808491 4.68996e-21)
(0.765972 -0.0818918 -2.29096e-21)
(0.764351 -0.0828103 -1.65871e-20)
(0.762805 -0.0836148 2.32044e-20)
(0.761337 -0.0843136 -2.28682e-20)
(0.759949 -0.0849131 7.29663e-21)
(0.758642 -0.0854183 -2.29208e-21)
(0.757418 -0.0858334 1.06359e-20)
(0.756276 -0.0861617 2.15806e-21)
(0.755216 -0.086406 -8.86297e-21)
(0.754237 -0.0865689 -2.17957e-21)
(0.753341 -0.0866526 8.98378e-21)
(0.752526 -0.0866593 -1.35155e-20)
(0.751791 -0.086591 8.65061e-21)
(0.751138 -0.0864496 6.37096e-21)
(0.750564 -0.0862374 -3.89869e-21)
(0.75007 -0.0859563 -3.50456e-21)
(0.749656 -0.0856086 -3.33722e-21)
(0.74932 -0.0851964 1.53995e-21)
(0.749062 -0.0847222 1.89038e-21)
(0.748882 -0.0841884 -6.73647e-21)
(0.748778 -0.0835973 2.31862e-21)
(0.748751 -0.0829517 2.27516e-21)
(0.748798 -0.082254 3.3023e-21)
(0.748919 -0.081507 -2.73314e-21)
(0.749113 -0.0807134 -2.41353e-21)
(0.749378 -0.0798758 -3.44522e-21)
(0.749714 -0.0789971 4.37212e-21)
(0.750119 -0.0780798 -3.09279e-21)
(0.750591 -0.0771269 3.34124e-21)
(0.751129 -0.0761409 5.32171e-21)
(0.751731 -0.0751245 -6.23938e-21)
(0.752395 -0.0740804 2.38676e-21)
(0.753121 -0.0730112 -5.65298e-22)
(0.753905 -0.0719194 2.55508e-22)
(0.754746 -0.0708074 -1.37315e-21)
(0.755642 -0.0696776 1.84254e-21)
(0.811952 -0.0451264 4.12738e-21)
(0.812721 -0.0533717 2.46063e-20)
(0.81248 -0.0588303 -1.74217e-20)
(0.811537 -0.0627932 -5.60444e-21)
(0.809778 -0.0660848 5.77893e-21)
(0.807598 -0.0688595 -3.25793e-21)
(0.805215 -0.0712465 -1.50817e-20)
(0.802743 -0.0733316 9.68803e-21)
(0.800254 -0.075169 -8.15583e-21)
(0.797795 -0.0767972 -1.92298e-21)
(0.795395 -0.0782448 8.4521e-21)
(0.79307 -0.0795336 1.10978e-20)
(0.790833 -0.0806804 -6.23513e-21)
(0.788688 -0.0816982 7.49246e-22)
(0.786641 -0.0825977 -9.43963e-21)
(0.784691 -0.0833868 1.0873e-20)
(0.78284 -0.0840724 -5.8461e-21)
(0.781087 -0.0846596 -4.40617e-21)
(0.779431 -0.0851529 9.71294e-21)
(0.77787 -0.0855557 -1.40363e-21)
(0.776405 -0.0858714 -9.70574e-21)
(0.775032 -0.0861023 6.55697e-23)
(0.773752 -0.0862512 1.28966e-20)
(0.772563 -0.08632 -1.15317e-20)
(0.771464 -0.0863111 1.41391e-20)
(0.770454 -0.0862265 -1.82163e-20)
(0.769531 -0.0860684 3.18849e-21)
(0.768696 -0.085839 -5.22873e-22)
(0.767947 -0.0855404 9.87538e-21)
(0.767283 -0.0851749 -6.1629e-21)
(0.766704 -0.084745 1.59256e-21)
(0.766208 -0.0842531 -3.55033e-21)
(0.765794 -0.0837018 9.74188e-21)
(0.765461 -0.0830935 -4.48069e-21)
(0.765208 -0.082431 -1.00068e-21)
(0.765034 -0.081717 -3.1973e-21)
(0.764938 -0.0809542 -1.55801e-22)
(0.764918 -0.0801454 3.43879e-21)
(0.764972 -0.0792933 9.12862e-22)
(0.7651 -0.0784008 7.61835e-22)
(0.765299 -0.0774706 -3.88947e-22)
(0.765569 -0.0765056 1.42631e-21)
(0.765906 -0.0755084 1.93403e-21)
(0.76631 -0.0744817 8.23822e-22)
(0.766779 -0.0734282 -3.01844e-21)
(0.76731 -0.0723504 -1.48191e-21)
(0.767903 -0.071251 3.53174e-21)
(0.768554 -0.0701324 -3.53908e-21)
(0.84435 -0.0431 -1.28915e-20)
(0.846005 -0.0512724 9.76642e-21)
(0.84503 -0.0563252 5.21111e-21)
(0.842955 -0.0602137 3.87561e-21)
(0.840155 -0.0635225 -1.53179e-20)
(0.83703 -0.0663883 8.26015e-21)
(0.83379 -0.0689063 -2.75247e-20)
(0.830539 -0.0711362 1.09496e-20)
(0.827335 -0.0731216 -4.98234e-21)
(0.824212 -0.0748953 2.5013e-20)
(0.821191 -0.076483 -1.18014e-20)
(0.818283 -0.0779051 1.42672e-20)
(0.815493 -0.079178 -1.00107e-20)
(0.812823 -0.0803149 -3.65102e-21)
(0.810274 -0.0813267 3.72879e-21)
(0.807845 -0.0822218 -4.45114e-21)
(0.805533 -0.0830075 -4.40773e-21)
(0.803336 -0.0836894 2.90492e-21)
(0.801251 -0.0842724 7.62138e-21)
(0.799276 -0.0847604 -1.16215e-20)
(0.797409 -0.0851569 1.24666e-21)
(0.795647 -0.0854648 9.98263e-21)
(0.793987 -0.0856869 -8.63039e-22)
(0.792429 -0.0858255 -1.49738e-20)
(0.790969 -0.085883 9.01351e-21)
(0.789607 -0.0858617 -4.79275e-21)
(0.788341 -0.0857639 8.52249e-21)
(0.78717 -0.0855917 4.36558e-21)
(0.786091 -0.0853476 -1.05506e-20)
(0.785104 -0.0850339 1.8499e-21)
(0.784208 -0.084653 -4.55749e-21)
(0.7834 -0.0842075 7.29498e-21)
(0.782681 -0.0837 1.60266e-21)
(0.782048 -0.083133 -4.55491e-21)
(0.7815 -0.0825094 -8.87603e-22)
(0.781035 -0.0818319 3.4062e-21)
(0.780653 -0.0811032 -1.99777e-21)
(0.780352 -0.0803262 5.04953e-21)
(0.78013 -0.0795038 -1.72787e-21)
(0.779985 -0.0786389 -2.80083e-21)
(0.779916 -0.0777342 1.7085e-21)
(0.779921 -0.0767925 9.10589e-22)
(0.779998 -0.0758168 -4.75859e-21)
(0.780146 -0.0748098 9.41248e-22)
(0.780362 -0.0737741 -1.78242e-21)
(0.780645 -0.0727125 7.65381e-21)
(0.780993 -0.0716277 -2.13005e-22)
(0.781403 -0.070522 -5.77233e-21)
(0.880456 -0.04189 8.27196e-21)
(0.881651 -0.0482406 7.85885e-21)
(0.878579 -0.0525993 1.30517e-20)
(0.874655 -0.0565096 -7.53049e-21)
(0.870512 -0.059953 2.79737e-21)
(0.8663 -0.0630199 -1.26853e-20)
(0.862134 -0.06576 -1.62912e-20)
(0.85807 -0.068211 1.94731e-20)
(0.854134 -0.0704089 -4.20348e-21)
(0.850341 -0.0723834 -4.09244e-21)
(0.846699 -0.0741592 -6.16966e-23)
(0.84321 -0.0757566 8.41154e-21)
(0.839872 -0.0771929 -1.03926e-20)
(0.836682 -0.0784821 3.6328e-21)
(0.833639 -0.0796358 4.72847e-21)
(0.830736 -0.0806637 -7.06791e-21)
(0.827969 -0.0815736 1.15273e-21)
(0.825335 -0.0823722 -8.45092e-21)
(0.822829 -0.083065 9.07218e-21)
(0.820446 -0.0836565 -1.91854e-21)
(0.818184 -0.0841508 -7.28933e-21)
(0.816038 -0.0845512 1.81539e-20)
(0.814005 -0.0848609 -3.57572e-21)
(0.812084 -0.0850827 5.72557e-22)
(0.810271 -0.0852191 -3.72248e-21)
(0.808563 -0.0852727 -7.1488e-23)
(0.806959 -0.0852459 -9.06773e-21)
(0.805457 -0.0851413 9.73834e-21)
(0.804055 -0.0849611 -1.43973e-22)
(0.802751 -0.0847081 -4.86902e-21)
(0.801543 -0.0843846 1.19617e-20)
(0.800431 -0.0839934 -1.32844e-20)
(0.799411 -0.0835371 8.1637e-21)
(0.798484 -0.0830185 -5.64595e-21)
(0.797646 -0.0824404 -3.29454e-21)
(0.796897 -0.0818056 7.27205e-21)
(0.796234 -0.081117 7.27494e-22)
(0.795657 -0.0803775 -1.76529e-21)
(0.795163 -0.07959 1.68884e-21)
(0.794751 -0.0787576 -3.23217e-21)
(0.794419 -0.077883 -2.8355e-21)
(0.794164 -0.0769693 1.22595e-21)
(0.793986 -0.0760194 1.3328e-21)
(0.793882 -0.075036 2.16603e-21)
(0.79385 -0.074022 7.15178e-22)
(0.793889 -0.0729802 -3.04007e-21)
(0.793996 -0.0719132 5.65463e-21)
(0.794169 -0.0708238 -6.57687e-22)
(0.917099 -0.0380189 0)
(0.912873 -0.0443044 0)
(0.906407 -0.048831 0)
(0.90055 -0.0529938 0)
(0.895232 -0.0566458 0)
(0.890124 -0.0599036 0)
(0.885221 -0.0628284 0)
(0.880523 -0.0654577 0)
(0.876025 -0.0678258 0)
(0.87172 -0.0699616 0)
(0.867606 -0.0718896 0)
(0.863676 -0.0736304 0)
(0.859924 -0.0752015 0)
(0.856342 -0.0766173 0)
(0.852925 -0.07789 0)
(0.849665 -0.0790298 0)
(0.846556 -0.0800452 0)
(0.843593 -0.0809433 0)
(0.840769 -0.08173 0)
(0.838079 -0.0824106 0)
(0.835519 -0.0829892 0)
(0.833084 -0.0834699 0)
(0.830771 -0.0838559 0)
(0.828576 -0.0841503 0)
(0.826496 -0.0843561 0)
(0.824528 -0.0844759 0)
(0.82267 -0.0845123 0)
(0.820918 -0.0844681 0)
(0.819272 -0.0843457 0)
(0.817728 -0.0841478 0)
(0.816285 -0.0838771 0)
(0.814941 -0.0835362 0)
(0.813695 -0.083128 0)
(0.812543 -0.0826553 0)
(0.811486 -0.0821208 0)
(0.81052 -0.0815276 0)
(0.809644 -0.0808785 0)
(0.808856 -0.0801765 0)
(0.808155 -0.0794247 0)
(0.807538 -0.0786259 0)
(0.807004 -0.0777833 0)
(0.80655 -0.0768997 0)
(0.806175 -0.075978 0)
(0.805877 -0.0750213 0)
(0.805654 -0.0740324 0)
(0.805503 -0.073014 0)
(0.805423 -0.071969 0)
(0.805412 -0.0709 0)
(0.805467 -0.0698097 0)
(0.944342 -0.031869 0)
(0.939944 -0.0397176 0)
(0.931817 -0.0452264 0)
(0.92459 -0.0498106 0)
(0.918294 -0.0537279 0)
(0.912405 -0.0571816 0)
(0.906848 -0.0602713 0)
(0.901585 -0.0630497 0)
(0.896582 -0.0655564 0)
(0.891818 -0.0678225 0)
(0.88728 -0.0698733 0)
(0.882953 -0.0717302 0)
(0.878827 -0.0734107 0)
(0.874891 -0.0749297 0)
(0.871135 -0.0762998 0)
(0.867552 -0.0775315 0)
(0.864133 -0.0786336 0)
(0.86087 -0.0796137 0)
(0.857757 -0.0804781 0)
(0.854788 -0.0812322 0)
(0.851957 -0.0818808 0)
(0.849258 -0.0824279 0)
(0.846689 -0.0828772 0)
(0.844244 -0.0832321 0)
(0.84192 -0.0834956 0)
(0.839713 -0.0836706 0)
(0.837621 -0.08376 0)
(0.835641 -0.0837665 0)
(0.83377 -0.0836928 0)
(0.832006 -0.0835417 0)
(0.830347 -0.0833159 0)
(0.82879 -0.0830182 0)
(0.827333 -0.0826515 0)
(0.825976 -0.0822185 0)
(0.824714 -0.0817223 0)
(0.823548 -0.0811658 0)
(0.822474 -0.0805518 0)
(0.821491 -0.0798836 0)
(0.820597 -0.079164 0)
(0.81979 -0.0783961 0)
(0.819068 -0.0775829 0)
(0.818428 -0.0767273 0)
(0.81787 -0.0758325 0)
(0.817391 -0.0749013 0)
(0.816988 -0.0739365 0)
(0.81666 -0.0729411 0)
(0.816405 -0.0719179 0)
(0.816221 -0.0708695 0)
(0.816104 -0.0697987 0)
(0.968669 -0.0264616 0)
(0.964863 -0.0346914 0)
(0.956275 -0.0409464 0)
(0.94827 -0.0460225 0)
(0.94124 -0.0503066 0)
(0.934695 -0.0540379 0)
(0.928556 -0.0573522 0)
(0.922772 -0.060324 0)
(0.917295 -0.0630031 0)
(0.912095 -0.0654262 0)
(0.907149 -0.067622 0)
(0.902439 -0.0696133 0)
(0.89795 -0.0714191 0)
(0.893669 -0.0730552 0)
(0.889583 -0.0745349 0)
(0.885683 -0.0758694 0)
(0.881958 -0.0770681 0)
(0.8784 -0.0781391 0)
(0.875001 -0.0790892 0)
(0.871755 -0.0799242 0)
(0.868655 -0.0806494 0)
(0.865695 -0.0812691 0)
(0.86287 -0.0817874 0)
(0.860176 -0.0822078 0)
(0.857609 -0.0825339 0)
(0.855164 -0.0827686 0)
(0.852839 -0.082915 0)
(0.850629 -0.0829761 0)
(0.848534 -0.0829547 0)
(0.846549 -0.0828536 0)
(0.844672 -0.0826759 0)
(0.842902 -0.0824243 0)
(0.841235 -0.0821017 0)
(0.83967 -0.0817111 0)
(0.838204 -0.0812555 0)
(0.836836 -0.0807379 0)
(0.835563 -0.0801613 0)
(0.834383 -0.0795288 0)
(0.833295 -0.0788434 0)
(0.832296 -0.0781082 0)
(0.831385 -0.0773262 0)
(0.830558 -0.0765004 0)
(0.829815 -0.075634 0)
(0.829153 -0.0747298 0)
(0.828569 -0.0737908 0)
(0.828062 -0.0728198 0)
(0.82763 -0.0718197 0)
(0.827271 -0.0707933 0)
(0.826982 -0.0697432 0)
(0.991419 -0.0218769 0)
(0.988096 -0.0297337 0)
(0.979641 -0.0362845 0)
(0.971319 -0.0417504 0)
(0.963832 -0.0464089 0)
(0.956801 -0.0504562 0)
(0.950188 -0.0540363 0)
(0.943955 -0.057238 0)
(0.938056 -0.0601206 0)
(0.932458 -0.0627272 0)
(0.927134 -0.0650903 0)
(0.922065 -0.0672355 0)
(0.917232 -0.0691837 0)
(0.91262 -0.0709521 0)
(0.908216 -0.0725552 0)
(0.904009 -0.0740049 0)
(0.899988 -0.0753115 0)
(0.896142 -0.0764838 0)
(0.892464 -0.0775291 0)
(0.888947 -0.078454 0)
(0.885582 -0.079264 0)
(0.882364 -0.079964 0)
(0.879287 -0.0805584 0)
(0.876347 -0.0810512 0)
(0.873538 -0.0814461 0)
(0.870857 -0.0817464 0)
(0.8683 -0.0819555 0)
(0.865863 -0.0820763 0)
(0.863544 -0.0821121 0)
(0.861339 -0.0820659 0)
(0.859246 -0.0819405 0)
(0.857262 -0.0817391 0)
(0.855385 -0.0814646 0)
(0.853612 -0.0811202 0)
(0.851942 -0.0807087 0)
(0.850371 -0.0802334 0)
(0.848899 -0.0796973 0)
(0.847522 -0.0791035 0)
(0.846239 -0.0784552 0)
(0.845048 -0.0777554 0)
(0.843946 -0.0770072 0)
(0.842931 -0.0762137 0)
(0.842002 -0.0753779 0)
(0.841156 -0.074503 0)
(0.84039 -0.0735918 0)
(0.839703 -0.0726473 0)
(0.839093 -0.0716723 0)
(0.838557 -0.0706696 0)
(0.838093 -0.069642 0)
(1.01303 -0.0176703 0)
(1.01 -0.024973 0)
(1.00193 -0.0315356 0)
(0.993603 -0.0372391 0)
(0.985901 -0.0422077 0)
(0.978563 -0.0465572 0)
(0.971604 -0.0504105 0)
(0.965013 -0.0538568 0)
(0.958759 -0.0569594 0)
(0.952813 -0.0597653 0)
(0.947151 -0.0623104 0)
(0.941754 -0.0646231 0)
(0.936603 -0.0667261 0)
(0.931683 -0.0686381 0)
(0.92698 -0.0703749 0)
(0.922481 -0.0719494 0)
(0.918175 -0.0733728 0)
(0.914054 -0.0746546 0)
(0.910106 -0.075803 0)
(0.906325 -0.0768249 0)
(0.902703 -0.0777264 0)
(0.899233 -0.0785131 0)
(0.89591 -0.0791896 0)
(0.892728 -0.0797604 0)
(0.889682 -0.0802294 0)
(0.886769 -0.0806003 0)
(0.883983 -0.0808767 0)
(0.881321 -0.0810619 0)
(0.87878 -0.0811592 0)
(0.876357 -0.0811717 0)
(0.874048 -0.0811027 0)
(0.871852 -0.0809552 0)
(0.869766 -0.0807323 0)
(0.867787 -0.0804373 0)
(0.865912 -0.0800733 0)
(0.86414 -0.0796434 0)
(0.862469 -0.0791507 0)
(0.860895 -0.0785985 0)
(0.859417 -0.07799 0)
(0.858033 -0.0773282 0)
(0.856741 -0.0766163 0)
(0.855537 -0.0758575 0)
(0.854421 -0.0750548 0)
(0.85339 -0.0742114 0)
(0.852442 -0.0733302 0)
(0.851574 -0.0724142 0)
(0.850785 -0.0714663 0)
(0.850072 -0.0704893 0)
(0.849433 -0.0694861 0)
(1.03373 -0.0136357 0)
(1.03083 -0.0203976 0)
(1.02322 -0.0268244 0)
(1.01507 -0.03263 0)
(1.00734 -0.0378203 0)
(0.999858 -0.0424279 0)
(0.99268 -0.0465377 0)
(0.985832 -0.0502261 0)
(0.9793 -0.0535529 0)
(0.973067 -0.0565656 0)
(0.967116 -0.0593017 0)
(0.961431 -0.0617909 0)
(0.955995 -0.0640578 0)
(0.950794 -0.0661222 0)
(0.945814 -0.0680011 0)
(0.941043 -0.0697084 0)
(0.936471 -0.0712562 0)
(0.932088 -0.0726548 0)
(0.927883 -0.0739129 0)
(0.92385 -0.0750383 0)
(0.91998 -0.0760375 0)
(0.916267 -0.0769166 0)
(0.912705 -0.0776807 0)
(0.909288 -0.0783346 0)
(0.906011 -0.0788826 0)
(0.902869 -0.0793288 0)
(0.899859 -0.079677 0)
(0.896976 -0.0799307 0)
(0.894217 -0.0800935 0)
(0.891579 -0.0801686 0)
(0.889059 -0.0801595 0)
(0.886653 -0.0800694 0)
(0.884359 -0.0799016 0)
(0.882175 -0.0796593 0)
(0.880098 -0.0793457 0)
(0.878126 -0.0789641 0)
(0.876256 -0.0785178 0)
(0.874487 -0.07801 0)
(0.872815 -0.0774438 0)
(0.871239 -0.0768226 0)
(0.869756 -0.0761496 0)
(0.868364 -0.0754279 0)
(0.867062 -0.0746606 0)
(0.865846 -0.0738509 0)
(0.864715 -0.0730019 0)
(0.863666 -0.0721165 0)
(0.862697 -0.0711977 0)
(0.861807 -0.0702485 0)
(0.860992 -0.0692716 0)
(1.05362 -0.00968382 0)
(1.05073 -0.015976 0)
(1.04357 -0.0221974 0)
(1.0357 -0.0280032 0)
(1.02808 -0.0333279 0)
(1.02059 -0.0381364 0)
(1.01331 -0.0424702 0)
(1.00631 -0.0463846 0)
(0.99958 -0.0499296 0)
(0.993128 -0.053149 0)
(0.986944 -0.056079 0)
(0.981017 -0.0587498 0)
(0.975334 -0.0611864 0)
(0.969885 -0.0634097 0)
(0.964656 -0.0654372 0)
(0.959638 -0.067284 0)
(0.954821 -0.0689627 0)
(0.950193 -0.0704844 0)
(0.945748 -0.0718584 0)
(0.941477 -0.0730932 0)
(0.937372 -0.0741958 0)
(0.933427 -0.0751727 0)
(0.929635 -0.0760295 0)
(0.925992 -0.0767715 0)
(0.922491 -0.0774033 0)
(0.919129 -0.0779294 0)
(0.915901 -0.0783536 0)
(0.912803 -0.07868 0)
(0.909831 -0.0789122 0)
(0.906982 -0.0790538 0)
(0.904253 -0.0791083 0)
(0.901641 -0.0790791 0)
(0.899144 -0.0789696 0)
(0.896758 -0.0787832 0)
(0.894481 -0.0785232 0)
(0.892311 -0.078193 0)
(0.890245 -0.0777959 0)
(0.888281 -0.0773352 0)
(0.886416 -0.0768142 0)
(0.88465 -0.0762362 0)
(0.882978 -0.0756044 0)
(0.881399 -0.0749222 0)
(0.879911 -0.0741927 0)
(0.878511 -0.073419 0)
(0.877197 -0.0726044 0)
(0.875968 -0.0717518 0)
(0.87482 -0.0708642 0)
(0.873751 -0.0699447 0)
(0.87276 -0.068996 0)
(1.07276 -0.00576862 0)
(1.06981 -0.0116766 0)
(1.06306 -0.0176714 0)
(1.05551 -0.0234102 0)
(1.04809 -0.0287951 0)
(1.0407 -0.0337448 0)
(1.03342 -0.0382613 0)
(1.02635 -0.0423754 0)
(1.01951 -0.0461234 0)
(1.01291 -0.0495415 0)
(1.00655 -0.0526625 0)
(1.00043 -0.0555151 0)
(0.994547 -0.0581237 0)
(0.988887 -0.0605092 0)
(0.983442 -0.0626897 0)
(0.978205 -0.0646807 0)
(0.973166 -0.0664954 0)
(0.968317 -0.0681453 0)
(0.96365 -0.0696405 0)
(0.959158 -0.0709897 0)
(0.954833 -0.0722007 0)
(0.950669 -0.0732804 0)
(0.946661 -0.0742348 0)
(0.942802 -0.0750695 0)
(0.939088 -0.0757896 0)
(0.935514 -0.0763997 0)
(0.932075 -0.0769043 0)
(0.928769 -0.0773073 0)
(0.92559 -0.0776128 0)
(0.922537 -0.0778246 0)
(0.919605 -0.0779462 0)
(0.916792 -0.0779814 0)
(0.914095 -0.0779336 0)
(0.911511 -0.0778063 0)
(0.909038 -0.077603 0)
(0.906673 -0.0773271 0)
(0.904414 -0.0769821 0)
(0.902259 -0.0765713 0)
(0.900204 -0.0760981 0)
(0.898249 -0.0755659 0)
(0.89639 -0.0749781 0)
(0.894625 -0.0743378 0)
(0.892953 -0.0736484 0)
(0.89137 -0.0729131 0)
(0.889875 -0.0721351 0)
(0.888466 -0.0713174 0)
(0.88714 -0.0704632 0)
(0.885894 -0.0695754 0)
(0.884728 -0.0686569 0)
(1.09118 -0.00186722 0)
(1.08813 -0.00747208 0)
(1.08174 -0.0132487 0)
(1.07452 -0.0188824 0)
(1.06735 -0.0242704 0)
(1.06013 -0.0293065 0)
(1.05295 -0.0339613 0)
(1.04589 -0.0382426 0)
(1.03901 -0.0421713 0)
(1.03233 -0.0457738 0)
(1.02586 -0.0490772 0)
(1.0196 -0.0521068 0)
(1.01356 -0.0548856 0)
(1.00773 -0.0574337 0)
(1.0021 -0.0597688 0)
(0.99668 -0.0619065 0)
(0.991448 -0.0638603 0)
(0.986403 -0.0656421 0)
(0.981536 -0.0672624 0)
(0.976843 -0.0687302 0)
(0.972316 -0.0700538 0)
(0.967949 -0.0712404 0)
(0.963738 -0.0722966 0)
(0.959677 -0.0732282 0)
(0.955761 -0.0740406 0)
(0.951986 -0.0747388 0)
(0.948347 -0.0753275 0)
(0.944841 -0.075811 0)
(0.941465 -0.0761934 0)
(0.938214 -0.0764789 0)
(0.935086 -0.0766711 0)
(0.932078 -0.0767739 0)
(0.929187 -0.076791 0)
(0.926411 -0.076726 0)
(0.923746 -0.0765824 0)
(0.921191 -0.0763638 0)
(0.918743 -0.0760737 0)
(0.916399 -0.0757156 0)
(0.914158 -0.075293 0)
(0.912017 -0.0748092 0)
(0.909974 -0.0742677 0)
(0.908026 -0.0736719 0)
(0.906172 -0.073025 0)
(0.904408 -0.0723304 0)
(0.902734 -0.0715912 0)
(0.901146 -0.0708107 0)
(0.899643 -0.0699919 0)
(0.898223 -0.0691379 0)
(0.896882 -0.0682517 0)
(1.10887 0.00202922 0)
(1.10572 -0.00334266 0)
(1.09965 -0.00892387 0)
(1.09276 -0.0144363 0)
(1.08586 -0.0197877 0)
(1.07886 -0.0248639 0)
(1.07183 -0.0296146 0)
(1.06486 -0.0340283 0)
(1.05801 -0.0381109 0)
(1.05131 -0.0418782 0)
(1.04479 -0.0453503 0)
(1.03845 -0.0485479 0)
(1.0323 -0.0514912 0)
(1.02634 -0.0541987 0)
(1.02058 -0.0566872 0)
(1.015 -0.0589719 0)
(1.0096 -0.0610661 0)
(1.00439 -0.0629817 0)
(0.99935 -0.0647295 0)
(0.994478 -0.0663189 0)
(0.989769 -0.0677583 0)
(0.985219 -0.0690552 0)
(0.980822 -0.0702165 0)
(0.976573 -0.0712485 0)
(0.972469 -0.0721567 0)
(0.968506 -0.0729465 0)
(0.964679 -0.0736228 0)
(0.960984 -0.0741901 0)
(0.957419 -0.0746529 0)
(0.95398 -0.0750153 0)
(0.950665 -0.0752814 0)
(0.947469 -0.075455 0)
(0.944392 -0.0755401 0)
(0.941429 -0.0755402 0)
(0.938579 -0.0754593 0)
(0.935839 -0.0753008 0)
(0.933207 -0.0750684 0)
(0.93068 -0.0747658 0)
(0.928256 -0.0743963 0)
(0.925933 -0.0739635 0)
(0.923709 -0.0734709 0)
(0.921582 -0.0729219 0)
(0.919549 -0.0723199 0)
(0.917607 -0.0716683 0)
(0.915756 -0.0709702 0)
(0.913993 -0.070229 0)
(0.912315 -0.0694478 0)
(0.910721 -0.0686297 0)
(0.909208 -0.0677778 0)
(1.12583 0.0059203 0)
(1.12259 0.000723969 0)
(1.1168 -0.00469015 0)
(1.11023 -0.0100792 0)
(1.10362 -0.0153691 0)
(1.09686 -0.0204495 0)
(1.09003 -0.0252584 0)
(1.08321 -0.0297702 0)
(1.07645 -0.033978 0)
(1.06979 -0.0378873 0)
(1.06327 -0.0415107 0)
(1.0569 -0.0448634 0)
(1.00831 -0.0149167 -4.74458e-20)
(0.986716 -0.0173364 1.43006e-20)
(0.964418 -0.0196663 2.28833e-20)
(0.939369 -0.0238578 5.23324e-21)
(1.02869 -0.0104092 -2.27843e-20)
(1.00873 -0.0134641 -5.22584e-21)
(0.988163 -0.0167232 -3.81967e-20)
(0.963847 -0.0216909 2.42609e-20)
(1.04768 -0.00682499 1.0089e-20)
(1.02891 -0.0105409 -3.41592e-20)
(1.00946 -0.0144855 -1.31681e-20)
(0.985992 -0.0195097 2.37467e-20)
(1.06584 -0.00338547 2.64621e-20)
(1.04813 -0.007567 1.77821e-20)
(1.02968 -0.0118666 -1.12032e-20)
(1.00731 -0.0166829 -2.58465e-20)
(1.08343 0.000212119 -1.26846e-20)
(1.0667 -0.00428823 2.93431e-20)
(1.04915 -0.00877576 3.609e-20)
(1.02791 -0.0133865 -2.91075e-20)
(1.10038 0.00390144 1.03873e-20)
(1.08456 -0.000827267 7.94262e-21)
(1.06786 -0.00542282 1.85379e-21)
(1.04775 -0.00986576 3.17866e-20)
(1.11667 0.00765569 -5.81774e-21)
(1.10171 0.00276677 -4.71693e-21)
(1.08585 -0.00189019 -3.99635e-20)
(1.06687 -0.00620564 3.29125e-21)
(1.13231 0.0114744 -1.95618e-20)
(1.11819 0.00647605 -9.68184e-21)
(1.10317 0.00178263 4.19439e-20)
(1.0853 -0.00244525 -2.74612e-20)
(1.13401 0.0102715 -1.10965e-20)
(1.11981 0.00555562 -1.86826e-20)
(1.10302 0.00138437 4.2465e-20)
(1.13578 0.0093951 5.18568e-21)
(1.12005 0.00525977 -1.61282e-20)
)
;

boundaryField
{
    inlet
    {
        type            uniformFixedValue;
        uniformValue    constant (1 0 0);
        value           nonuniform 0();
    }
    outlet
    {
        type            pressureInletOutletVelocity;
        value           nonuniform 0();
    }
    cylinder
    {
        type            fixedValue;
        value           nonuniform 0();
    }
    top
    {
        type            symmetryPlane;
    }
    bottom
    {
        type            symmetryPlane;
    }
    defaultFaces
    {
        type            empty;
    }
    procBoundary10to6
    {
        type            processor;
        value           nonuniform List<vector> 
55
(
(0.0291732 -0.00153167 -8.91717e-23)
(0.0378092 -0.00171154 1.17438e-22)
(0.0472153 -0.00187422 1.84392e-21)
(0.0572748 -0.00201523 1.16236e-21)
(0.067853 -0.00212924 -2.40436e-22)
(0.0787874 -0.00221012 4.31145e-22)
(0.089912 -0.00225134 -1.71564e-21)
(0.100946 -0.00224375 -1.61889e-22)
(0.111852 -0.00219731 1.96246e-21)
(0.119632 -0.00206608 -5.7497e-22)
(0.125053 -0.00199671 -1.7899e-22)
(0.130393 -0.00194673 7.43179e-23)
(0.1357 -0.00190976 2.06678e-22)
(0.140997 -0.00188385 5.54265e-22)
(0.146312 -0.00186713 -6.4267e-22)
(0.151668 -0.00185775 -6.87288e-23)
(0.157086 -0.00185419 4.40698e-22)
(0.162579 -0.00185512 -2.30416e-22)
(0.168162 -0.00185943 -3.9542e-22)
(0.173844 -0.00186612 4.30986e-22)
(0.179633 -0.00187436 -3.91619e-22)
(0.185535 -0.00188342 1.64265e-22)
(0.185535 -0.00188342 1.64265e-22)
(0.191553 0.00189268 2.85935e-23)
(0.19769 0.00190162 -1.1422e-22)
(0.203945 0.00190981 -3.77997e-22)
(0.210318 0.0019169 6.38003e-22)
(0.216807 0.0019226 -3.92932e-22)
(0.223408 0.0019267 -9.01787e-23)
(0.230117 0.00192904 4.39396e-22)
(0.236931 0.00192949 -1.01152e-22)
(0.243843 0.00192801 -8.04473e-23)
(0.250849 0.00192455 -4.59193e-23)
(0.257941 0.00191912 -4.95473e-23)
(0.265114 0.00191174 1.00982e-22)
(0.272362 0.00190247 -8.02913e-24)
(0.279677 0.00189136 -1.18084e-23)
(0.287054 0.00187851 -2.10679e-23)
(0.294486 0.001864 -2.79203e-23)
(0.301966 0.00184792 -1.01951e-23)
(0.309489 0.00183038 2.7975e-23)
(0.317047 0.00181149 6.32095e-23)
(0.324635 0.00179134 3.28121e-23)
(0.332248 0.00177004 -8.11261e-23)
(0.339879 0.0017477 -1.07705e-23)
(0.347523 0.00172441 3.47857e-23)
(0.355175 0.00170027 -8.44031e-23)
(0.36283 0.00167538 2.91797e-23)
(0.370483 0.00164981 8.58902e-23)
(0.378129 0.00162366 5.09096e-24)
(0.385765 0.00159701 -4.72953e-23)
(0.393385 0.00156993 -2.73843e-23)
(0.400986 0.0015425 6.9762e-23)
(0.408565 0.00151477 -5.99981e-23)
(0.416117 0.00148681 6.66206e-23)
)
;
    }
    procBoundary10to9
    {
        type            processor;
        value           nonuniform List<vector> 
60
(
(0.0219036 -0.00401585 5.26735e-21)
(0.0228949 -0.00669488 6.50267e-21)
(0.0243827 -0.0093767 -1.70243e-20)
(0.0263676 -0.0120622 2.70617e-21)
(0.0288508 -0.0147522 -2.62651e-20)
(0.0318335 -0.0174471 1.20196e-20)
(0.0353172 -0.0201471 9.26386e-21)
(0.0496478 -0.0259709 8.92054e-21)
(0.0496478 -0.0259709 8.92054e-21)
(0.0547749 -0.0290007 -1.56133e-20)
(0.0604754 -0.0320183 -1.84988e-20)
(0.06675 -0.0350204 5.78477e-20)
(0.0735995 -0.0380032 -4.68516e-20)
(0.0810247 -0.0409625 1.57547e-20)
(0.0890262 -0.0438932 2.5799e-20)
(0.0976042 -0.0467898 -2.92423e-20)
(0.106759 -0.049646 -4.57459e-20)
(0.11649 -0.0524549 1.05633e-20)
(0.147312 -0.0601503 -6.27314e-20)
(0.147312 -0.0601503 -6.27314e-20)
(0.159423 -0.0629081 9.27113e-20)
(0.172152 -0.0655625 -7.57367e-20)
(0.185495 -0.0681027 2.16541e-20)
(0.199444 -0.0705171 9.08177e-21)
(0.213992 -0.0727938 -8.0364e-20)
(0.258439 -0.0790053 8.4791e-20)
(0.258439 -0.0790053 8.4791e-20)
(0.275587 -0.0808026 7.8886e-21)
(0.293326 -0.0823861 -3.62389e-20)
(0.31164 -0.0837422 6.06108e-21)
(0.330511 -0.0848575 5.2874e-20)
(0.386901 -0.0876071 5.27638e-20)
(0.386901 -0.0876071 5.27638e-20)
(0.408241 -0.0878209 2.42781e-20)
(0.430064 -0.087718 -3.38079e-20)
(0.493457 -0.0867868 -8.14497e-20)
(0.493457 -0.0867868 -8.14497e-20)
(0.517435 -0.0855183 -7.92232e-21)
(0.541773 -0.0838764 5.18686e-20)
(0.610535 -0.0785325 2.0059e-20)
(0.610535 -0.0785325 2.0059e-20)
(0.63657 -0.0755313 4.08167e-20)
(0.662811 -0.0721512 -1.16321e-20)
(0.735373 -0.0613734 -1.67264e-19)
(0.735373 -0.0613734 -1.67264e-19)
(0.762886 -0.0567301 7.8595e-20)
(0.790453 -0.0520105 4.50574e-20)
(0.867398 -0.0371529 -1.95809e-19)
(0.867398 -0.0371529 -1.95809e-19)
(0.895229 -0.0327556 1.01279e-19)
(0.968374 -0.0226289 4.80409e-20)
(0.968374 -0.0226289 4.80409e-20)
(1.02918 -0.0119214 -2.70452e-20)
(1.04816 -0.00700219 5.22411e-20)
(1.06604 -0.00289208 -1.60085e-20)
(1.08317 0.000974909 1.80718e-20)
(1.09979 0.00489891 -1.98548e-20)
(1.11582 0.00884224 -3.1068e-20)
(1.13123 0.0127871 9.21763e-21)
(1.14602 0.0167414 1.2482e-21)
)
;
    }
    procBoundary10to11
    {
        type            processor;
        value           nonuniform List<vector> 
53
(
(0.423639 -0.00145869 -3.81842e-23)
(0.424288 -0.00437342 -1.95106e-22)
(0.425586 -0.00728023 1.67853e-22)
(0.427529 -0.0101739 2.84842e-22)
(0.430111 -0.0130492 1.83193e-23)
(0.433327 -0.0159011 1.88827e-22)
(0.437168 -0.0187244 -5.10055e-22)
(0.441625 -0.0215142 6.65999e-22)
(0.446686 -0.0242657 -2.54673e-22)
(0.452338 -0.026974 -1.6569e-22)
(0.458568 -0.0296347 4.67626e-22)
(0.46536 -0.0322431 1.54286e-21)
(0.472697 -0.0347951 -8.04137e-22)
(0.480562 -0.0372866 4.318e-22)
(0.488935 -0.0397136 1.56451e-21)
(0.497795 -0.0420724 7.87476e-22)
(0.507123 -0.0443596 9.17196e-22)
(0.516895 -0.0465719 1.21291e-21)
(0.527088 -0.0487063 6.32546e-22)
(0.527088 -0.0487063 6.32546e-22)
(0.542795 -0.0498228 5.59839e-22)
(0.553534 -0.0517625 1.40142e-21)
(0.564615 -0.053619 2.04028e-21)
(0.576014 -0.0553905 -2.09232e-21)
(0.587705 -0.0570753 -1.04073e-21)
(0.599662 -0.058672 -1.7678e-21)
(0.611861 -0.0601795 -1.39764e-22)
(0.624275 -0.0615968 2.99385e-21)
(0.624275 -0.0615968 2.99385e-21)
(0.640066 -0.0618021 1.81411e-21)
(0.652579 -0.0630266 -1.56162e-21)
(0.665229 -0.0641625 7.71123e-23)
(0.677993 -0.06521 7.12675e-22)
(0.690847 -0.0661696 -5.04728e-22)
(0.703765 -0.067042 2.0988e-21)
(0.716726 -0.067828 -7.00799e-21)
(0.716726 -0.067828 -7.00799e-21)
(0.731149 -0.0673706 1.03191e-21)
(0.743881 -0.0679922 -1.2057e-21)
(0.756592 -0.0685325 -1.21634e-21)
(0.769262 -0.068997 -3.64269e-22)
(0.781873 -0.0693981 2.74585e-21)
(0.794406 -0.0697144 5.30435e-21)
(0.794406 -0.0697144 5.30435e-21)
(0.805587 -0.0687006 0)
(0.816055 -0.0687079 0)
(0.826761 -0.0686721 0)
(0.8377 -0.0685921 0)
(0.848866 -0.0684593 0)
(0.86025 -0.0682697 0)
(0.871845 -0.068021 0)
(0.883638 -0.0677106 0)
(0.895619 -0.0673361 0)
)
;
    }
    procBoundary10to14
    {
        type            processor;
        value           nonuniform List<vector> 
57
(
(1.05069 -0.047962 0)
(1.04465 -0.0508226 0)
(1.03879 -0.0534605 0)
(1.03309 -0.0558898 0)
(1.02757 -0.0581234 0)
(1.02222 -0.0601731 0)
(1.01703 -0.0620494 0)
(1.01201 -0.0637618 0)
(1.00714 -0.0653189 0)
(1.00243 -0.0667285 0)
(0.997862 -0.0679976 0)
(0.993444 -0.0691326 0)
(0.989168 -0.0701396 0)
(0.985031 -0.0710239 0)
(0.981029 -0.0717908 0)
(0.977158 -0.072445 0)
(0.973416 -0.0729911 0)
(0.9698 -0.0734334 0)
(0.966306 -0.0737762 0)
(0.962933 -0.0740236 0)
(0.959676 -0.0741795 0)
(0.956535 -0.0742477 0)
(0.953507 -0.0742321 0)
(0.950589 -0.0741365 0)
(0.947779 -0.0739645 0)
(0.945074 -0.0737198 0)
(0.942474 -0.073406 0)
(0.939974 -0.0730267 0)
(0.937574 -0.0725855 0)
(0.935271 -0.0720857 0)
(0.933063 -0.071531 0)
(0.930948 -0.0709246 0)
(0.928923 -0.0702699 0)
(0.926987 -0.0695702 0)
(0.925138 -0.0688287 0)
(0.923373 -0.0680486 0)
(0.92169 -0.0672329 0)
(1.14206 0.00979963 0)
(1.13636 0.0091615 -9.35619e-21)
(1.13875 0.00473345 0)
(1.13322 -0.000541942 0)
(1.12694 -0.00581427 0)
(1.12061 -0.0110293 0)
(1.11413 -0.0160876 0)
(1.10753 -0.0209232 0)
(1.1009 -0.0255015 0)
(1.09428 -0.0298059 0)
(1.08772 -0.0338328 0)
(1.08125 -0.0375874 0)
(1.05069 -0.047962 0)
(1.0749 -0.0410794 0)
(1.14731 0.0153419 -4.51721e-20)
(1.14731 0.0153419 -4.51721e-20)
(1.14916 0.0141228 -5.40003e-21)
(1.14916 0.0141228 -5.40003e-21)
(1.15106 0.0132736 1.47432e-21)
(1.13636 0.0091615 -9.35619e-21)
)
;
    }
    procBoundary10to15
    {
        type            processor;
        value           uniform (0.907774 -0.0668949 0);
    }
}


// ************************************************************************* //
