/*--------------------------------*- C++ -*----------------------------------*\
  =========                 |
  \\      /  F ield         | OpenFOAM: The Open Source CFD Toolbox
   \\    /   O peration     | Website:  https://openfoam.org
    \\  /    A nd           | Version:  7
     \\/     M anipulation  |
\*---------------------------------------------------------------------------*/
FoamFile
{
    version     2.0;
    format      ascii;
    class       surfaceScalarField;
    location    "15";
    object      phi;
}
// * * * * * * * * * * * * * * * * * * * * * * * * * * * * * * * * * * * * * //

dimensions      [0 3 -1 0 0 0 0];

internalField   nonuniform List<scalar> 
5144
(
0.00299246
-0.000225919
0.00297548
-0.000243631
0.00295899
-0.000260679
0.00294299
-0.000277093
0.00292748
-0.000292899
0.00291244
-0.000308124
0.00289788
-0.000322789
0.00288377
-0.000336914
0.00287011
-0.000350514
0.00285688
-0.000363602
0.00284407
-0.000376191
0.00283168
-0.000388289
0.00281969
-0.000399903
0.00280809
-0.000411041
0.00279687
-0.000421706
0.00278603
-0.000431903
0.00277555
-0.000441635
0.00276542
-0.000450907
0.00275564
-0.000459719
0.00274621
-0.000468076
0.0027371
-0.000475979
0.00272833
-0.000483433
0.00271987
-0.00049044
0.00271173
-0.000497005
0.00270389
-0.00050313
0.00269636
-0.000508822
0.00268912
-0.000514086
0.00268217
-0.000518927
0.0026755
-0.000523351
0.00266911
-0.000527367
0.00266298
-0.00053098
0.00265713
-0.000534201
0.00265153
-0.000537037
0.00264618
-0.000539498
0.00264109
-0.000541594
0.00263623
-0.000543336
-0.000544733
0.0033382
4.78523e-05
-0.00335415
0.00332156
2.7527e-05
0.00330415
5.76449e-06
0.00328602
-1.662e-05
0.00326729
-3.94432e-05
0.00324816
-6.23017e-05
0.00322882
-8.48912e-05
0.00320946
-0.000107019
0.0031902
-0.000128561
0.00317117
-0.000149446
0.00315244
-0.000169643
0.00313408
-0.000189144
0.00311612
-0.000207958
0.00309859
-0.000226101
0.0030815
-0.000243595
0.00306487
-0.000260463
0.0030487
-0.000276726
0.00303298
-0.000292406
0.00301771
-0.000307521
0.00300289
-0.000322089
0.0029885
-0.000336125
0.00297454
-0.000349641
0.002961
-0.000362649
0.00294786
-0.000375156
0.00293513
-0.000387172
0.00292279
-0.000398701
0.00291084
-0.00040975
0.00289926
-0.000420323
0.00288804
-0.000430423
0.00287719
-0.000440054
0.00286669
-0.00044922
0.00285654
-0.000457922
0.00284672
-0.000466165
0.00283724
-0.000473951
0.00282809
-0.000481285
0.00281925
-0.000488169
0.00281073
-0.000494609
0.00280252
-0.000500608
0.0027946
-0.000506173
0.00278699
-0.00051131
0.00277966
-0.000516024
0.00277262
-0.000520324
0.00276585
-0.000524216
0.00275936
-0.000527708
0.00275313
-0.000530811
0.00274717
-0.000533532
0.00274145
-0.000535883
0.00273599
-0.000537873
-0.000539513
0.0034635
6.36817e-05
-0.00347933
0.0034471
4.39234e-05
0.00343004
2.28258e-05
0.00341231
1.10991e-06
0.00339398
-2.11145e-05
0.00337519
-4.35138e-05
0.00335611
-6.58042e-05
0.00333688
-8.77884e-05
0.00331764
-0.000109325
0.00329851
-0.00013032
0.00327959
-0.000150718
0.00326093
-0.000170491
0.00324261
-0.00018963
0.00322464
-0.000208136
0.00320706
-0.000226019
0.00318989
-0.000243293
0.00317314
-0.000259973
0.00315681
-0.000276075
0.0031409
-0.000291615
0.00312542
-0.000306605
0.00311035
-0.00032106
0.0030957
-0.000334991
0.00308146
-0.000348407
0.00306762
-0.000361317
0.00305418
-0.000373728
0.00304112
-0.000385646
0.00302845
-0.000397077
0.00301615
-0.000408025
0.00300422
-0.000418493
0.00299266
-0.000428486
0.00298144
-0.000438007
0.00297058
-0.000447058
0.00296006
-0.000455643
0.00294987
-0.000463766
0.00294002
-0.00047143
0.00293049
-0.000478639
0.00292127
-0.000485397
0.00291238
-0.00049171
0.00290379
-0.000497583
0.0028955
-0.000503021
0.0028875
-0.000508031
0.0028798
-0.00051262
0.00287238
-0.000516797
0.00286524
-0.000520568
0.00285837
-0.000523944
0.00285177
-0.000526932
0.00284544
-0.000529544
0.00283935
-0.00053179
-0.00053368
0.00359057
7.93368e-05
-0.00360623
0.00357445
6.00502e-05
0.00355774
3.9531e-05
0.00354042
1.84263e-05
0.00352252
-3.21236e-06
0.00350413
-2.51198e-05
0.00348537
-4.70434e-05
0.00346637
-6.87932e-05
0.00344727
-9.0222e-05
0.00342817
-0.000111222
0.00340918
-0.000131721
0.00339036
-0.000151674
0.00337178
-0.000171053
0.00335349
-0.000189848
0.00333553
-0.000208055
0.00331792
-0.00022568
0.00330067
-0.00024273
0.00328381
-0.000259214
0.00326734
-0.000275143
0.00325127
-0.000290528
0.00323558
-0.000305379
0.0032203
-0.000319704
0.0032054
-0.000333513
0.0031909
-0.000346812
0.00317678
-0.000359609
0.00316304
-0.000371908
0.00314968
-0.000383714
0.00313669
-0.000395033
0.00312406
-0.000405866
0.00311179
-0.000416219
0.00309988
-0.000426094
0.00308832
-0.000435494
0.0030771
-0.000444423
0.00306622
-0.000452884
0.00305567
-0.000460881
0.00304544
-0.000468417
0.00303555
-0.000475498
0.00302596
-0.000482128
0.00301669
-0.000488312
0.00300773
-0.000494056
0.00299906
-0.000499367
0.00299069
-0.000504251
0.00298261
-0.000508717
0.00297482
-0.000512773
0.0029673
-0.000516427
0.00296006
-0.000519689
0.00295308
-0.000522568
0.00294637
-0.000525076
-0.000527222
0.00371934
9.47535e-05
-0.00373475
0.00370352
7.58706e-05
0.00368719
5.58616e-05
0.0036703
3.53149e-05
0.00365285
1.42392e-05
0.00363489
-7.16249e-06
0.00361652
-2.86728e-05
0.00359784
-5.01176e-05
0.00357897
-7.1353e-05
0.00356002
-9.22653e-05
0.00354107
-0.000112771
0.0035222
-0.000132811
0.0035035
-0.000152346
0.003485
-0.000171351
0.00346676
-0.000189814
0.00344881
-0.000207727
0.00343117
-0.000225092
0.00341387
-0.000241911
0.00339691
-0.000258189
0.00338031
-0.000273933
0.00336408
-0.000289149
0.00334822
-0.000303843
0.00333273
-0.000318023
0.00331761
-0.000331693
0.00330286
-0.000344859
0.00328848
-0.000357526
0.00327447
-0.000369698
0.00326081
-0.000381378
0.00324752
-0.00039257
0.00323457
-0.000403277
0.00322198
-0.000413503
0.00320974
-0.000423249
0.00319783
-0.00043252
0.00318627
-0.000441318
0.00317504
-0.000449648
0.00316413
-0.000457513
0.00315355
-0.000464917
0.00314329
-0.000471865
0.00313334
-0.000478363
0.0031237
-0.000484416
0.00311436
-0.000490031
0.00310533
-0.000495214
0.00309658
-0.000499974
0.00308813
-0.000504318
0.00307996
-0.000508255
0.00307206
-0.000511795
0.00306444
-0.000514947
0.00305709
-0.000517721
-0.000520129
0.00384969
0.000109863
-0.0038648
0.00383422
9.13378e-05
0.00381829
7.17883e-05
0.00380185
5.17541e-05
0.00378488
3.12154e-05
0.00376739
1.03214e-05
0.00374947
-1.0746e-05
0.00373118
-3.18327e-05
0.00371263
-5.28043e-05
0.00369392
-7.35478e-05
0.00367512
-9.39742e-05
0.00365632
-0.000114016
0.0036376
-0.000133622
0.00361901
-0.000152759
0.0036006
-0.000171403
0.00358241
-0.000189539
0.00356448
-0.000207159
0.00354683
-0.000224259
0.00352948
-0.000240839
0.00351244
-0.0002569
0.00349574
-0.000272444
0.00347937
-0.000287476
0.00346335
-0.000301999
0.00344767
-0.000316016
0.00343234
-0.000329532
0.00341737
-0.000342549
0.00340274
-0.000355071
0.00338846
-0.0003671
0.00337453
-0.00037864
0.00336095
-0.000389693
0.00334771
-0.000400261
0.0033348
-0.000410348
0.00332224
-0.000419955
0.00331001
-0.000429087
0.00329811
-0.000437747
0.00328653
-0.000445938
0.00327528
-0.000453665
0.00326435
-0.000460932
0.00325373
-0.000467744
0.00324342
-0.000474107
0.00323342
-0.000480027
0.00322371
-0.000485511
0.00321431
-0.000490567
0.00320519
-0.000495203
0.00319636
-0.000499427
0.00318782
-0.000503248
0.00317954
-0.000506676
0.00317154
-0.000509722
-0.000512396
0.00398151
0.000124591
-0.00399624
0.00396645
0.000106398
0.00395097
8.72723e-05
0.003935
6.77148e-05
0.00391853
4.76881e-05
0.00390156
2.7297e-05
0.00388412
6.69031e-06
0.00386629
-1.39996e-05
0.00384813
-3.46513e-05
0.00382974
-5.51575e-05
0.0038112
-7.54283e-05
0.00379257
-9.53914e-05
0.00377394
-0.00011499
0.00375536
-0.000134181
0.00373689
-0.000152933
0.00371857
-0.000171222
0.00370045
-0.000189034
0.00368255
-0.000206357
0.00366489
-0.000223186
0.00364751
-0.000239517
0.00363042
-0.000255348
0.00361362
-0.00027068
0.00359713
-0.000285513
0.00358097
-0.000299848
0.00356512
-0.000313688
0.0035496
-0.000327032
0.00353442
-0.000339884
0.00351956
-0.000352246
0.00350504
-0.000364118
0.00349085
-0.000375503
0.00347699
-0.000386403
0.00346347
-0.000396821
0.00345027
-0.000406757
0.0034374
-0.000416217
0.00342485
-0.000425201
0.00341263
-0.000433714
0.00340072
-0.00044176
0.00338913
-0.000449342
0.00337786
-0.000456467
0.00336689
-0.000463139
0.00335623
-0.000469364
0.00334586
-0.00047515
0.0033358
-0.000480503
0.00332603
-0.000485431
0.00331654
-0.000489943
0.00330734
-0.000494048
0.00329842
-0.000497755
0.00328977
-0.000501075
-0.000504018
0.00411468
0.000138865
-0.00412895
0.00410009
0.00012099
0.00408509
0.000102267
0.00406965
8.31608e-05
0.00405371
6.36249e-05
0.00403728
4.37292e-05
0.00402037
2.3593e-05
0.00400305
3.32768e-06
0.00398536
-1.69603e-05
0.00396737
-3.71723e-05
0.00394916
-5.72214e-05
0.00393081
-7.70343e-05
0.00391237
-9.65503e-05
0.00389391
-0.000115721
0.00387548
-0.000134507
0.00385714
-0.000152881
0.00383893
-0.000170819
0.00382087
-0.000188305
0.00380301
-0.000205327
0.00378537
-0.000221876
0.00376797
-0.000237948
0.00375083
-0.000253537
0.00373396
-0.000268642
0.00371737
-0.000283261
0.00370108
-0.000297393
0.00368508
-0.000311038
0.0036694
-0.000324196
0.00365402
-0.000336868
0.00363895
-0.000349054
0.00362421
-0.000360755
0.00360977
-0.000371972
0.00359566
-0.000382707
0.00358186
-0.000392961
0.00356838
-0.000402737
0.00355522
-0.000412038
0.00354237
-0.000420865
0.00352984
-0.000429224
0.00351761
-0.000437117
0.0035057
-0.00044455
0.00349408
-0.000451528
0.00348278
-0.000458056
0.00347177
-0.000464141
0.00346105
-0.00046979
0.00345063
-0.00047501
0.0034405
-0.00047981
0.00343065
-0.000484199
0.00342109
-0.000488187
0.00341179
-0.000491782
-0.000494997
0.00424907
0.000152608
-0.00426282
0.00423501
0.000135051
0.00422056
0.000116722
0.00420567
9.80497e-05
0.00419031
7.89888e-05
0.00417445
5.9581e-05
0.00415813
3.99206e-05
0.00414136
2.00996e-05
0.00412419
2.09216e-07
0.00410668
-1.9662e-05
0.00408889
-3.94331e-05
0.00407089
-5.90323e-05
0.00405273
-7.83978e-05
0.00403449
-9.74779e-05
0.00401621
-0.00011623
0.00399795
-0.000134619
0.00397975
-0.000152617
0.00396165
-0.000170203
0.00394368
-0.000187359
0.00392588
-0.000204073
0.00390826
-0.000220334
0.00389086
-0.000236135
0.00387369
-0.00025147
0.00385676
-0.000266333
0.00384009
-0.000280723
0.00382369
-0.000294637
0.00380756
-0.000308072
0.00379172
-0.000321028
0.00377617
-0.000333504
0.00376092
-0.000345499
0.00374596
-0.000357015
0.0037313
-0.00036805
0.00371695
-0.000378607
0.0037029
-0.000388687
0.00368915
-0.000398292
0.00367571
-0.000407424
0.00366258
-0.000416087
0.00364974
-0.000424283
0.00363721
-0.000432018
0.00362498
-0.000439295
0.00361304
-0.000446121
0.0036014
-0.000452502
0.00359006
-0.000458443
0.003579
-0.000463954
0.00356823
-0.000469041
0.00355774
-0.000473713
0.00354754
-0.00047798
0.00353761
-0.000481851
-0.000485338
0.00438457
0.000165745
-0.0043977
0.0043711
0.000148515
0.00435725
0.000130578
0.00434296
0.000112334
0.00432821
9.37382e-05
0.00431298
7.4813e-05
0.00429727
5.56316e-05
0.0042811
3.62693e-05
0.00426451
1.6803e-05
0.00424753
-2.68985e-06
0.00423024
-2.21353e-05
0.00421267
-4.14654e-05
0.00419489
-6.06197e-05
0.00417696
-7.9545e-05
0.00415892
-9.8196e-05
0.00414084
-0.000116534
0.00412275
-0.000134528
0.0041047
-0.000152152
0.00408672
-0.000169383
0.00406885
-0.000186204
0.00405112
-0.000202601
0.00403355
-0.000218564
0.00401616
-0.000234082
0.00399898
-0.000249148
0.00398201
-0.000263757
0.00396528
-0.000277902
0.00394879
-0.000291582
0.00393255
-0.000304792
0.00391658
-0.000317531
0.00390088
-0.000329796
0.00388545
-0.000341587
0.0038703
-0.000352903
0.00385544
-0.000363745
0.00384086
-0.000374112
0.00382658
-0.000384006
0.00381258
-0.000393429
0.00379888
-0.000402384
0.00378547
-0.000410873
0.00377235
-0.000418899
0.00375952
-0.000426469
0.00374699
-0.000433585
0.00373474
-0.000440255
0.00372278
-0.000446484
0.00371111
-0.00045228
0.00369972
-0.000457649
0.0036886
-0.000462602
0.00367777
-0.000467146
0.00366721
-0.000471292
-0.000475049
0.00452103
0.000178202
-0.00453348
0.00450823
0.000161314
0.00449503
0.000143779
0.0044814
0.000125963
0.00446731
0.000107828
0.00445274
8.9383e-05
0.00443769
7.06839e-05
0.00442217
5.17916e-05
0.0044062
3.27702e-05
0.00438982
1.36864e-05
0.00437308
-5.39361e-06
0.00435602
-2.44071e-05
0.0043387
-4.32962e-05
0.00432116
-6.20084e-05
0.00430346
-8.04975e-05
0.00428565
-9.8723e-05
0.00426777
-0.00011665
0.00424987
-0.000134249
0.00423198
-0.000151495
0.00421414
-0.000168366
0.00419639
-0.000184845
0.00417874
-0.000200917
0.00416123
-0.00021657
0.00414387
-0.000231792
0.00412669
-0.000246577
0.00410971
-0.000260916
0.00409293
-0.000274803
0.00407637
-0.000288234
0.00406004
-0.000301204
0.00404396
-0.000313711
0.00402812
-0.000325751
0.00401254
-0.000337324
0.00399723
-0.000348428
0.00398218
-0.000359062
0.0039674
-0.000369227
0.00395289
-0.000378925
0.00393866
-0.000388156
0.00392472
-0.000396924
0.00391105
-0.000405231
0.00389766
-0.00041308
0.00388455
-0.000420478
0.00387173
-0.000427428
0.00385918
-0.000433937
0.00384691
-0.000440011
0.00383492
-0.000445658
0.0038232
-0.000450886
0.00381176
-0.000455704
0.00380059
-0.00046012
-0.000464145
0.00465834
0.000189907
-0.00467004
0.00464627
0.000173383
0.00463378
0.000156262
0.00462086
0.000138882
0.00460748
0.00012121
0.00459362
0.000103247
0.00457927
8.50342e-05
0.00456444
6.66217e-05
0.00454915
4.80623e-05
0.00453342
2.94129e-05
0.00451729
1.07317e-05
0.00450081
-7.92444e-06
0.00448402
-2.65012e-05
0.00446696
-4.49482e-05
0.00444968
-6.32196e-05
0.00443223
-8.12739e-05
0.00441465
-9.90747e-05
0.00439699
-0.00011659
0.00437929
-0.000133791
0.00436158
-0.000150655
0.0043439
-0.00016716
0.00432627
-0.000183288
0.00430872
-0.000199025
0.00429129
-0.000214357
0.00427398
-0.000229272
0.00425683
-0.000243761
0.00423984
-0.000257817
0.00422304
-0.000271431
0.00420643
-0.000284598
0.00419003
-0.000297314
0.00417386
-0.000309574
0.00415791
-0.000321375
0.0041422
-0.000332716
0.00412673
-0.000343594
0.00411151
-0.000354009
0.00409655
-0.000363962
0.00408184
-0.000373452
0.0040674
-0.000382482
0.00405322
-0.000391053
0.00403931
-0.00039917
0.00402567
-0.000406836
0.0040123
-0.000414055
0.0039992
-0.000420834
0.00398636
-0.000427178
0.0039738
-0.000433094
0.0039615
-0.00043859
0.00394947
-0.000443674
0.00393771
-0.000448356
-0.000452644
0.00479638
0.000200792
-0.00480726
0.0047851
0.000184658
0.00477339
0.00016797
0.00476124
0.000151037
0.00474861
0.000133836
0.0047355
0.000116359
0.0047219
9.86385e-05
0.0047078
8.07153e-05
0.00469323
6.26327e-05
0.00467821
4.44389e-05
0.00466275
2.61847e-05
0.00464691
7.9209e-06
0.00463071
-1.03026e-05
0.0046142
-2.84382e-05
0.00459742
-4.64413e-05
0.00458042
-6.42711e-05
0.00456323
-8.18901e-05
0.00454591
-9.92648e-05
0.00452848
-0.000116365
0.00451099
-0.000133165
0.00449347
-0.000149641
0.00447596
-0.000165772
0.00445847
-0.000181541
0.00444105
-0.000196932
0.00442371
-0.000211931
0.00440647
-0.000226526
0.00438936
-0.000240707
0.0043724
-0.000254464
0.00435559
-0.000267791
0.00433896
-0.000280681
0.00432251
-0.000293128
0.00430626
-0.000305127
0.00429022
-0.000316676
0.0042744
-0.000327772
0.0042588
-0.000338412
0.00424344
-0.000348596
0.00422831
-0.000358324
0.00421342
-0.000367596
0.00419879
-0.000376415
0.0041844
-0.000384782
0.00417026
-0.000392701
0.00415638
-0.000400176
0.00414276
-0.000407212
0.0041294
-0.000413813
0.00411629
-0.000419988
0.00410344
-0.000425743
0.00409086
-0.000431085
0.00407852
-0.000436024
-0.00044057
0.00493504
0.000210795
-0.00494505
0.00492462
0.000195077
0.00491375
0.000178845
0.00490241
0.000162376
0.00489059
0.000145655
0.00487828
0.000128672
0.00486546
0.000111452
0.00485215
9.40283e-05
0.00483835
7.64361e-05
0.00482407
5.87165e-05
0.00480934
4.09134e-05
0.00479419
2.30719e-05
0.00477865
5.23728e-06
0.00476276
-1.25462e-05
0.00474655
-3.02361e-05
0.00473007
-4.77926e-05
0.00471336
-6.51786e-05
0.00469646
-8.23599e-05
0.0046794
-9.93055e-05
0.00466222
-0.000115987
0.00464496
-0.00013238
0.00462765
-0.000148461
0.00461032
-0.00016421
0.004593
-0.00017961
0.00457571
-0.000194644
0.00455848
-0.000209298
0.00454133
-0.00022356
0.00452429
-0.000237419
0.00450736
-0.000250865
0.00449057
-0.000263891
0.00447393
-0.000276489
0.00445746
-0.000288654
0.00444116
-0.000300379
0.00442505
-0.000311662
0.00440914
-0.0003225
0.00439344
-0.00033289
0.00437794
-0.000342831
0.00436267
-0.000352324
0.00434763
-0.000361369
0.00433281
-0.000369967
0.00431823
-0.000378121
0.00430389
-0.000385835
0.00428979
-0.000393112
0.00427594
-0.000399958
0.00426233
-0.000406379
0.00424896
-0.00041238
0.00423585
-0.00041797
0.00422298
-0.000423157
-0.00042795
0.00507424
0.000219858
-0.0050833
0.00506473
0.000204586
0.00505475
0.000188832
0.00504428
0.000172845
0.00503331
0.000156619
0.00502184
0.000140141
0.00500986
0.000123432
0.00499737
0.000106518
0.00498438
8.94287e-05
0.0049709
7.21999e-05
0.00495694
5.48689e-05
0.00494254
3.74756e-05
0.00492772
2.00609e-05
0.0049125
2.66535e-06
0.00489694
-1.46713e-05
0.00488106
-3.19108e-05
0.0048649
-4.9017e-05
0.00484849
-6.59558e-05
0.00483188
-8.26958e-05
0.0048151
-9.92079e-05
0.00479819
-0.000115466
0.00478117
-0.000131445
0.00476408
-0.000147123
0.00474696
-0.000162481
0.00472981
-0.000177501
0.00471268
-0.000192167
0.00469559
-0.000206465
0.00467855
-0.000220381
0.00466159
-0.000233905
0.00464473
-0.000247027
0.00462797
-0.000259739
0.00461135
-0.000272031
0.00459487
-0.0002839
0.00457855
-0.000295338
0.00456239
-0.000306343
0.00454641
-0.00031691
0.00453062
-0.000327038
0.00451502
-0.000336726
0.00449963
-0.000345973
0.00448444
-0.000354781
0.00446947
-0.00036315
0.00445472
-0.000371083
0.00444019
-0.000378584
0.00442589
-0.000385658
0.00441182
-0.000392309
0.00439798
-0.000398543
0.00438438
-0.000404368
0.00437101
-0.000409791
-0.00041482
0.00521389
0.000227932
-0.00522197
0.00520535
0.000213133
0.0051963
0.000197881
0.00518674
0.000182398
0.00517668
0.000166682
0.0051661
0.000150722
0.005155
0.000134534
0.00514338
0.000118141
0.00513124
0.000101569
0.00511859
8.48458e-05
0.00510545
6.80057e-05
0.00509184
5.10834e-05
0.00507779
3.41155e-05
0.00506332
1.71392e-05
0.00504845
1.91205e-07
0.00503324
-1.66922e-05
0.00501769
-3.34762e-05
0.00500187
-5.01276e-05
0.00498579
-6.66149e-05
0.00496949
-8.29088e-05
0.004953
-9.89819e-05
0.00493637
-0.000114809
0.00491961
-0.000130367
0.00490276
-0.000145634
0.00488586
-0.000160592
0.00486891
-0.000175222
0.00485196
-0.000189509
0.00483501
-0.000203438
0.0048181
-0.000216997
0.00480125
-0.000230174
0.00478447
-0.000242958
0.00476778
-0.000255341
0.0047512
-0.000267316
0.00473473
-0.000278875
0.0047184
-0.000290014
0.00470222
-0.000300728
0.0046862
-0.000311013
0.00467034
-0.000320868
0.00465466
-0.000330292
0.00463916
-0.000339284
0.00462385
-0.000347844
0.00460875
-0.000355976
0.00459384
-0.000363681
0.00457915
-0.000370962
0.00456467
-0.000377826
0.0045504
-0.000384277
0.00453635
-0.000390321
0.00452253
-0.000395965
-0.000401218
0.00535394
0.000234974
-0.00536099
0.0053464
0.000220675
0.00533833
0.00020595
0.00532974
0.00019099
0.00532062
0.000175801
0.00531097
0.000160373
0.00530079
0.000144719
0.00529007
0.00012886
0.00527882
0.000112816
0.00526705
9.66137e-05
0.00525478
8.02814e-05
0.00524201
6.38502e-05
0.00522877
4.73528e-05
0.00521509
3.08231e-05
0.00520098
1.42951e-05
0.00518649
-2.19749e-06
0.00517164
-1.86214e-05
0.00515645
-3.49444e-05
0.00514097
-5.11359e-05
0.00512523
-6.71665e-05
0.00510926
-8.30088e-05
0.00509309
-9.86367e-05
0.00507674
-0.000114026
0.00506027
-0.000129155
0.00504368
-0.000144003
0.005027
-0.000158551
0.00501028
-0.00017278
0.00499351
-0.000186677
0.00497674
-0.000200226
0.00495999
-0.000213415
0.00494326
-0.000226231
0.00492658
-0.000238666
0.00490998
-0.000250708
0.00489345
-0.000262352
0.00487703
-0.00027359
0.00486072
-0.000284417
0.00484453
-0.000294828
0.00482848
-0.000304821
0.00481258
-0.000314392
0.00479684
-0.000323541
0.00478126
-0.000332268
0.00476586
-0.000340573
0.00475064
-0.000348459
0.00473561
-0.000355928
0.00472076
-0.000362984
0.00470612
-0.000369632
0.00469167
-0.000375877
0.00467744
-0.000381727
-0.000387188
0.00549436
0.00024095
-0.00550033
0.00548785
0.000227177
0.0054808
0.000212999
0.00547321
0.000198583
0.00546507
0.000183938
0.00545639
0.000169057
0.00544716
0.000153951
0.00543738
0.000138637
0.00542706
0.000123135
0.00541621
0.000107466
0.00540483
9.16571e-05
0.00539295
7.57349e-05
0.00538057
5.9729e-05
0.00536772
4.36701e-05
0.00535443
2.75893e-05
0.00534071
1.15184e-05
0.0053266
-4.51143e-06
0.00531213
-2.04695e-05
0.00529732
-3.63259e-05
0.0052822
-5.20519e-05
0.00526682
-6.76201e-05
0.00525118
-8.30045e-05
0.00523534
-9.81805e-05
0.00521931
-0.000113125
0.00520312
-0.000127817
0.00518681
-0.000142236
0.00517039
-0.000156363
0.0051539
-0.000170183
0.00513735
-0.000183678
0.00512077
-0.000196836
0.00510418
-0.000209643
0.0050876
-0.000222087
0.00507105
-0.000234159
0.00505455
-0.000245849
0.00503811
-0.00025715
0.00502175
-0.000268055
0.00500548
-0.000278558
0.00498931
-0.000288656
0.00497326
-0.000298344
0.00495734
-0.000307621
0.00494156
-0.000316486
0.00492593
-0.000324939
0.00491045
-0.000332981
0.00489513
-0.000340613
0.00487999
-0.000347839
0.00486502
-0.000354664
0.00485024
-0.000361091
0.00483564
-0.000367127
-0.000372778
0.00563511
0.000245835
-0.00564
0.00562968
0.000232611
0.00562368
0.000219001
0.00561711
0.000205148
0.00560999
0.000191063
0.0056023
0.000176743
0.00559406
0.000162197
0.00558525
0.000147441
0.0055759
0.000132492
0.00556599
0.00011737
0.00555555
0.000102098
0.00554459
8.67009e-05
0.00553311
7.12048e-05
0.00552114
5.56378e-05
0.0055087
4.00285e-05
0.00549581
2.44063e-05
0.0054825
8.80048e-06
0.00546879
-6.75971e-06
0.00545471
-2.22456e-05
0.00544029
-3.76294e-05
0.00542555
-5.2884e-05
0.00541053
-6.79836e-05
0.00539526
-8.29036e-05
0.00537975
-9.76205e-05
0.00536405
-0.000112112
0.00534817
-0.000126359
0.00533215
-0.00014034
0.005316
-0.000154038
0.00529976
-0.000167436
0.00528344
-0.00018052
0.00526708
-0.000193275
0.00525068
-0.000205688
0.00523427
-0.000217749
0.00521787
-0.000229447
0.00520149
-0.000240773
0.00518515
-0.000251719
0.00516887
-0.00026228
0.00515267
-0.000272449
0.00513655
-0.000282222
0.00512052
-0.000291596
0.0051046
-0.00030057
0.00508881
-0.000309142
0.00507314
-0.000317312
0.00505761
-0.000325082
0.00504222
-0.000332454
0.00502699
-0.000339431
0.00501192
-0.000346018
0.00499701
-0.00035222
-0.000358042
0.00577623
0.000249615
-0.00578001
0.00577188
0.000236959
0.00576695
0.000223935
0.00576144
0.00021066
0.00575535
0.00019715
0.00574869
0.000183404
0.00574145
0.00016943
0.00573365
0.000155243
0.00572528
0.000140859
0.00571636
0.000126295
0.00570688
0.000111574
0.00569687
9.67158e-05
0.00568633
8.17458e-05
0.00567528
6.66892e-05
0.00566373
5.15725e-05
0.00565172
3.64227e-05
0.00563925
2.12674e-05
0.00562636
6.13413e-06
0.00561306
-8.94973e-06
0.00559939
-2.39573e-05
0.00558537
-3.88623e-05
0.00557102
-5.36394e-05
0.00555638
-6.8264e-05
0.00554147
-8.27127e-05
0.00552632
-9.69633e-05
0.00551096
-0.000110995
0.00549541
-0.000124787
0.00547969
-0.000138321
0.00546383
-0.00015158
0.00544786
-0.000164548
0.0054318
-0.000177209
0.00541566
-0.000189551
0.00539947
-0.00020156
0.00538325
-0.000213226
0.00536702
-0.000224539
0.00535079
-0.00023549
0.00533458
-0.000246071
0.0053184
-0.000256276
0.00530228
-0.0002661
0.00528623
-0.000275539
0.00527025
-0.00028459
0.00525436
-0.000293251
0.00523857
-0.000301521
0.00522288
-0.000309401
0.00520732
-0.000316893
0.00519189
-0.000323998
0.00517659
-0.000330721
0.00516144
-0.000337065
-0.000343037
0.00591774
0.000252285
-0.00592041
0.00591449
0.000240213
0.00591064
0.000227786
0.00590619
0.000215104
0.00590116
0.000202182
0.00589554
0.000189021
0.00588934
0.00017563
0.00588256
0.000162023
0.00587521
0.000148213
0.00586728
0.000134219
0.0058588
0.000120059
0.00584976
0.000105753
0.00584019
9.13229e-05
0.00583008
7.67928e-05
0.00581947
6.21868e-05
0.00580836
4.75301e-05
0.00579678
3.28484e-05
0.00578475
1.81677e-05
0.00577228
3.51389e-06
0.00575941
-1.10872e-05
0.00574616
-2.56102e-05
0.00573255
-4.00304e-05
0.00571861
-5.43236e-05
0.00570436
-6.84667e-05
0.00568984
-8.24373e-05
0.00567506
-9.62141e-05
0.00566005
-0.000109777
0.00564483
-0.000123107
0.00562944
-0.000136185
0.00561389
-0.000148996
0.0055982
-0.000161523
0.0055824
-0.000173753
0.00556652
-0.000185671
0.00555055
-0.000197266
0.00553454
-0.000208527
0.0055185
-0.000219444
0.00550244
-0.000230009
0.00548637
-0.000240215
0.00547033
-0.000250055
0.00545432
-0.000259525
0.00543835
-0.00026862
0.00542243
-0.000277339
0.00540659
-0.000285679
0.00539083
-0.00029364
0.00537516
-0.000301223
0.00535959
-0.000308429
0.00534413
-0.000315262
0.00532879
-0.000321725
-0.000327822
0.00605972
0.000253848
-0.00606128
0.00605756
0.000242371
0.00605479
0.000230553
0.00605142
0.000218474
0.00604745
0.00020615
0.00604289
0.000193583
0.00603774
0.000180784
0.006032
0.000167764
0.00602567
0.000154539
0.00601877
0.000141122
0.00601129
0.000127533
0.00600325
0.00011379
0.00599467
9.99123e-05
0.00598554
8.59225e-05
0.00597588
7.1843e-05
0.00596571
5.76972e-05
0.00595505
4.35091e-05
0.00594392
2.93031e-05
0.00593233
1.51039e-05
0.0059203
9.36085e-07
0.00590787
-1.3176e-05
0.00589505
-2.72084e-05
0.00588186
-4.11376e-05
0.00586834
-5.49408e-05
0.00585449
-6.85958e-05
0.00584036
-8.20814e-05
0.00582596
-9.53772e-05
0.00581132
-0.000108464
0.00579646
-0.000121323
0.0057814
-0.000133938
0.00576617
-0.000146292
0.00575078
-0.000158369
0.00573527
-0.000170157
0.00571965
-0.000181642
0.00570393
-0.000192813
0.00568815
-0.000203659
0.00567231
-0.000214171
0.00565644
-0.000224341
0.00564054
-0.000234162
0.00562465
-0.000243628
0.00560876
-0.000252735
0.0055929
-0.000261479
0.00557708
-0.000269857
0.00556131
-0.000277868
0.0055456
-0.000285513
0.00552996
-0.000292792
0.00551441
-0.000299708
0.00549894
-0.000306263
-0.000312461
0.00620224
0.000254319
-0.00620271
0.00620117
0.000243444
0.00619948
0.000232241
0.00619718
0.000220771
0.00619428
0.000209051
0.00619078
0.000197086
0.00618668
0.000184885
0.00618198
0.00017246
0.0061767
0.000159825
0.00617083
0.000146994
0.00616438
0.000133983
0.00615735
0.000120811
0.00614977
0.000107496
0.00614163
9.40583e-05
0.00613296
8.05185e-05
0.00612376
6.68986e-05
0.00611405
5.32211e-05
0.00610384
3.95091e-05
0.00609316
2.57858e-05
0.00608202
1.20746e-05
0.00607044
-1.60111e-06
0.00605845
-1.52183e-05
0.00604607
-2.87542e-05
0.00603332
-4.21865e-05
0.00602021
-5.54934e-05
0.00600679
-6.86539e-05
0.00599306
-8.16478e-05
0.00597905
-9.44556e-05
0.00596478
-0.000107059
0.00595029
-0.00011944
0.00593558
-0.000131583
0.00592068
-0.000143471
0.00590561
-0.00015509
0.0058904
-0.000166428
0.00587506
-0.000177471
0.00585961
-0.000188209
0.00584407
-0.000198631
0.00582845
-0.000208729
0.00581279
-0.000218496
0.00579708
-0.000227923
0.00578135
-0.000237007
0.00576562
-0.000245742
0.00574989
-0.000254126
0.00573417
-0.000262157
0.0057185
-0.000269834
0.00570286
-0.000277156
0.00568728
-0.000284126
0.00567176
-0.000290745
-0.000297018
0.00634544
0.00025372
-0.00634484
0.00634544
0.00024345
0.00634481
0.000232863
0.00634358
0.000222005
0.00634174
0.000210894
0.00633929
0.000199534
0.00633624
0.000187935
0.00633259
0.000176109
0.00632835
0.000164068
0.00632351
0.000151828
0.00631809
0.000139402
0.0063121
0.000126808
0.00630553
0.000114063
0.0062984
0.000101187
0.00629072
8.81971e-05
0.00628251
7.51155e-05
0.00627376
6.1963e-05
0.00626451
4.87612e-05
0.00625477
3.5532e-05
0.00624454
2.22976e-05
0.00623386
9.08036e-06
0.00622274
-4.09756e-06
0.0062112
-1.72142e-05
0.00619926
-3.02479e-05
0.00618695
-4.31774e-05
0.00617427
-5.59822e-05
0.00616127
-6.86421e-05
0.00614795
-8.11379e-05
0.00613434
-9.3451e-05
0.00612047
-0.000105564
0.00610634
-0.00011746
0.006092
-0.000129122
0.00607744
-0.000140537
0.00606271
-0.000151691
0.0060478
-0.00016257
0.00603276
-0.000173163
0.00601759
-0.00018346
0.00600231
-0.00019345
0.00598694
-0.000203126
0.0059715
-0.000212481
0.005956
-0.000221507
0.00594046
-0.000230201
0.00592489
-0.000238559
0.00590931
-0.000246576
0.00589373
-0.000254254
0.00587816
-0.000261589
0.00586262
-0.000268584
0.00584711
-0.00027524
-0.000281559
0.00648946
0.000252081
-0.00648782
0.00649049
0.000242415
0.00649091
0.000232442
0.00649072
0.000222196
0.00648993
0.000211692
0.00648852
0.000200938
0.00648651
0.000189942
0.00648391
0.000178717
0.0064807
0.000167273
0.0064769
0.000155626
0.00647252
0.000143789
0.00646755
0.000131778
0.006462
0.000119609
0.00645589
0.0001073
0.00644922
9.48691e-05
0.006442
8.23358e-05
0.00643424
6.97198e-05
0.00642596
5.70415e-05
0.00641717
4.43216e-05
0.00640789
3.15811e-05
0.00639812
1.88414e-05
0.0063879
6.12363e-06
0.00637724
-6.55108e-06
0.00636615
-1.91618e-05
0.00635466
-3.16879e-05
0.00634279
-4.41093e-05
0.00633056
-5.64062e-05
0.00631798
-6.85597e-05
0.00630508
-8.05513e-05
0.00629188
-9.23634e-05
0.0062784
-0.000103979
0.00626466
-0.000115383
0.00625068
-0.000126559
0.00623648
-0.000137494
0.00622209
-0.000148174
0.00620751
-0.000158588
0.00619277
-0.000168724
0.0061779
-0.000178572
0.00616289
-0.000188123
0.00614778
-0.00019737
0.00613258
-0.000206306
0.0061173
-0.000214925
0.00610197
-0.000223222
0.00608659
-0.000231195
0.00607117
-0.000238842
0.00605574
-0.00024616
0.00604031
-0.00025315
0.00602488
-0.000259813
-0.00026615
0.00663446
0.000249441
-0.00663182
0.0066365
0.000240373
0.00663794
0.000231008
0.00663877
0.000221369
0.00663899
0.000211469
0.00663861
0.000201318
0.00663763
0.000190923
0.00663605
0.000180297
0.00663387
0.000169451
0.0066311
0.000158397
0.00662774
0.00014715
0.00662379
0.000135723
0.00661927
0.000124134
0.00661417
0.000112397
0.00660851
0.000100531
0.00660229
8.85538e-05
0.00659553
7.64833e-05
0.00658823
6.43391e-05
0.00658041
5.21409e-05
0.00657208
3.99086e-05
0.00656326
2.76623e-05
0.00655396
1.54224e-05
0.0065442
3.20916e-06
0.006534
-8.95732e-06
0.00652337
-2.10571e-05
0.00651233
-3.30706e-05
0.0065009
-4.49786e-05
0.0064891
-5.67625e-05
0.00647696
-6.84041e-05
0.00646448
-7.9886e-05
0.00645169
-9.11914e-05
0.00643861
-0.000102304
0.00642526
-0.00011321
0.00641166
-0.000123893
0.00639783
-0.000134341
0.00638378
-0.000144542
0.00636954
-0.000154484
0.00635513
-0.000164156
0.00634055
-0.000173549
0.00632584
-0.000182655
0.006311
-0.000191467
0.00629605
-0.000199978
0.00628102
-0.000208184
0.0062659
-0.00021608
0.00625072
-0.000223664
0.0062355
-0.000230934
0.00622024
-0.000237889
0.00620495
-0.000244529
-0.000250857
0.00678064
0.000245843
-0.00677704
0.00678365
0.000237363
0.00678606
0.000228597
0.00678787
0.000219556
0.00678909
0.000210254
0.00678971
0.0002007
0.00678973
0.000190902
0.00678916
0.00018087
0.00678799
0.000170618
0.00678623
0.000160156
0.00678388
0.000149497
0.00678095
0.000138656
0.00677744
0.000127647
0.00677335
0.000116485
0.00676869
0.000105187
0.00676348
9.37705e-05
0.00675771
8.2252e-05
0.0067514
7.065e-05
0.00674456
5.89831e-05
0.00673719
4.72702e-05
0.00672933
3.55305e-05
0.00672097
2.37833e-05
0.00671213
1.2048e-05
0.00670283
3.43887e-07
0.00669308
-1.13098e-05
0.0066829
-2.2894e-05
0.00667231
-3.43903e-05
0.00666133
-4.57803e-05
0.00664997
-5.70463e-05
0.00663826
-6.81711e-05
0.00662621
-7.91383e-05
0.00661383
-8.99318e-05
0.00660116
-0.000100537
0.00658821
-0.000110938
0.00657499
-0.000121124
0.00656153
-0.00013108
0.00654784
-0.000140796
0.00653394
-0.00015026
0.00651985
-0.000159463
0.0065056
-0.000168396
0.00649118
-0.000177051
0.00647662
-0.000185423
0.00646195
-0.000193505
0.00644716
-0.000201293
0.00643228
-0.000208784
0.00641732
-0.000215975
0.0064023
-0.000222865
0.00638722
-0.000229454
-0.000235742
0.00692821
0.000241336
-0.0069237
0.00693214
0.000233431
0.00693549
0.000225249
0.00693825
0.000216796
0.00694042
0.000208081
0.006942
0.000199115
0.006943
0.000189906
0.00694341
0.000180463
0.00694323
0.000170799
0.00694246
0.000160924
0.0069411
0.00015085
0.00693917
0.000140592
0.00693665
0.000130162
0.00693356
0.000119575
0.0069299
0.000108847
0.00692568
9.79931e-05
0.0069209
8.70307e-05
0.00691558
7.59764e-05
0.00690971
6.4848e-05
0.00690332
5.36632e-05
0.00689641
4.24404e-05
0.00688899
3.11979e-05
0.00688109
1.99541e-05
0.0068727
8.72771e-06
0.00686386
-2.46294e-06
0.00685456
-1.35996e-05
0.00684484
-2.46641e-05
0.0068347
-3.56389e-05
0.00682416
-4.65067e-05
0.00681324
-5.72505e-05
0.00680195
-6.78543e-05
0.00679032
-7.83023e-05
0.00677836
-8.85795e-05
0.0067661
-9.86717e-05
0.00675354
-0.000108565
0.00674071
-0.000118248
0.00672762
-0.000127708
0.00671429
-0.000136934
0.00670075
-0.000145916
0.006687
-0.000154646
0.00667306
-0.000163115
0.00665895
-0.000171316
0.00664469
-0.000179244
0.00663029
-0.000186893
0.00661577
-0.00019426
0.00660113
-0.000201343
0.00658641
-0.000208138
0.0065716
-0.000214646
-0.000220867
0.00707739
0.00023597
-0.00707202
0.00708219
0.000228625
0.00708643
0.000221012
0.0070901
0.000213131
0.00709319
0.000204991
0.0070957
0.000196602
0.00709763
0.00018797
0.00709899
0.000179108
0.00709977
0.000170023
0.00709996
0.000160728
0.00709958
0.000151234
0.00709862
0.000141553
0.00709708
0.000131699
0.00709497
0.000121685
0.00709229
0.000111525
0.00708905
0.000101235
0.00708525
9.08307e-05
0.0070809
8.03274e-05
0.007076
6.97421e-05
0.00707057
5.90917e-05
0.00706462
4.83935e-05
0.00705815
3.76649e-05
0.00705118
2.69236e-05
0.00704372
1.61874e-05
0.00703579
5.47373e-06
0.00702739
-5.19969e-06
0.00701854
-1.58155e-05
0.00700926
-2.63567e-05
0.00699956
-3.68063e-05
0.00698945
-4.71481e-05
0.00697897
-5.73662e-05
0.00696811
-6.74452e-05
0.0069569
-7.73703e-05
0.00694536
-8.71275e-05
0.00693349
-9.67035e-05
0.00692133
-0.000106086
0.00690889
-0.000115262
0.00689617
-0.000124222
0.00688321
-0.000132955
0.00687002
-0.000141452
0.00685661
-0.000149705
0.006843
-0.000157707
0.00682921
-0.000165451
0.00681525
-0.000172932
0.00680113
-0.000180147
0.00678688
-0.000187091
0.00677251
-0.000193763
0.00675802
-0.000200162
-0.000206287
0.00722843
0.000229801
-0.00722226
0.00723405
0.000222995
0.00723913
0.000215934
0.00724366
0.000208609
0.00724762
0.000201028
0.00725102
0.0001932
0.00725386
0.000185135
0.00725612
0.00017684
0.00725782
0.000168325
0.00725895
0.000159601
0.0072595
0.000150678
0.00725949
0.000141569
0.0072589
0.000132285
0.00725775
0.000122839
0.00725603
0.000113245
0.00725375
0.000103517
0.00725091
9.36693e-05
0.00724752
8.37179e-05
0.00724358
7.36781e-05
0.00723911
6.35659e-05
0.00723411
5.33976e-05
0.00722858
4.31898e-05
0.00722254
3.29594e-05
0.00721601
2.27231e-05
0.00720899
1.24979e-05
0.00720148
2.3005e-06
0.00719352
-7.85231e-06
0.00718511
-1.79441e-05
0.00717626
-2.79586e-05
0.00716699
-3.78799e-05
0.00715732
-4.76927e-05
0.00714726
-5.73819e-05
0.00713682
-6.69332e-05
0.00712602
-7.63326e-05
0.00711489
-8.5567e-05
0.00710343
-9.46239e-05
0.00709166
-0.000103492
0.00707959
-0.000112159
0.00706726
-0.000120616
0.00705466
-0.000128854
0.00704182
-0.000136864
0.00702875
-0.000144639
0.00701547
-0.000152172
0.007002
-0.000159458
0.00698834
-0.000166492
0.00697452
-0.000173271
0.00696055
-0.000179792
0.00694644
-0.000186054
-0.000192056
0.00738157
0.000222881
-0.00737466
0.00738797
0.000216596
0.00739384
0.000210064
0.00739918
0.000203276
0.00740397
0.000196237
0.00740821
0.000188956
0.00741191
0.000181441
0.00741504
0.000173701
0.00741763
0.000165743
0.00741965
0.000157579
0.00742111
0.000149218
0.00742201
0.00014067
0.00742234
0.000131949
0.00742212
0.000123065
0.00742133
0.000114031
0.00741999
0.000104861
0.00741809
9.55688e-05
0.00741564
8.61683e-05
0.00741264
7.66742e-05
0.0074091
6.71019e-05
0.00740504
5.74667e-05
0.00740044
4.77843e-05
0.00739533
3.80707e-05
0.00738971
2.83419e-05
0.00738359
1.8614e-05
0.00737699
8.90299e-06
0.00736991
-7.75036e-07
0.00736238
-1.04043e-05
0.00735439
-1.99692e-05
0.00734596
-2.94543e-05
0.00733711
-3.88448e-05
0.00732786
-4.81261e-05
0.00731821
-5.72842e-05
0.00730818
-6.63055e-05
0.00729779
-7.51771e-05
0.00728705
-8.38868e-05
0.00727598
-9.2423e-05
0.0072646
-0.000100775
0.00725292
-0.000108932
0.00724095
-0.000116886
0.00722871
-0.000124627
0.00721622
-0.000132149
0.00720349
-0.000139445
0.00719055
-0.000146509
0.00717739
-0.000153336
0.00716404
-0.000159923
0.00715052
-0.000166267
0.00713683
-0.000172366
-0.000178219
0.0075371
0.000215266
-0.00752949
0.00754422
0.000209478
0.00755083
0.000203455
0.00755692
0.000197183
0.00756249
0.000190667
0.00756753
0.000183915
0.00757204
0.000176934
0.00757601
0.000169732
0.00757943
0.000162318
0.00758231
0.000154701
0.00758464
0.000146889
0.00758642
0.000138894
0.00758764
0.000130726
0.00758831
0.000122396
0.00758842
0.000113916
0.00758799
0.000105298
0.007587
9.65567e-05
0.00758546
8.7704e-05
0.00758338
7.87541e-05
0.00758076
6.97214e-05
0.00757761
6.06204e-05
0.00757393
5.14659e-05
0.00756972
4.2273e-05
0.00756501
3.30569e-05
0.00755979
2.3833e-05
0.00755408
1.46164e-05
0.00754788
5.42257e-06
0.00754121
-3.73343e-06
0.00753408
-1.28366e-05
0.00752649
-2.18723e-05
0.00751848
-3.0826e-05
0.00751003
-3.96837e-05
0.00750118
-4.84318e-05
0.00749193
-5.70572e-05
0.0074823
-6.55472e-05
0.00747231
-7.38899e-05
0.00746196
-8.2074e-05
0.00745127
-9.00886e-05
0.00744026
-9.7924e-05
0.00742895
-0.000105571
0.00741734
-0.000113021
0.00740546
-0.000120267
0.00739331
-0.000127301
0.00738092
-0.000134119
0.0073683
-0.000140715
0.00735547
-0.000147085
0.00734243
-0.000153227
0.0073292
-0.000159138
-0.000164816
0.00769528
0.000207008
-0.00768702
0.00770306
0.000201694
0.00771036
0.000196156
0.00771716
0.000190379
0.00772347
0.000184365
0.00772926
0.000178123
0.00773453
0.000171659
0.00773929
0.00016498
0.00774351
0.000158094
0.0077472
0.000151009
0.00775036
0.000143734
0.00775297
0.000136279
0.00775505
0.000128653
0.00775657
0.000120868
0.00775756
0.000112933
0.00775799
0.000104861
0.00775789
9.66643e-05
0.00775724
8.83548e-05
0.00775604
7.99458e-05
0.00775431
7.14507e-05
0.00775205
6.28832e-05
0.00774926
5.42572e-05
0.00774595
4.5587e-05
0.00774212
3.6887e-05
0.00773778
2.81717e-05
0.00773294
1.94556e-05
0.00772761
1.07532e-05
0.00772179
2.07899e-06
0.00771551
-6.55272e-06
0.00770877
-1.51278e-05
0.00770157
-2.36325e-05
0.00769394
-3.20533e-05
0.00768589
-4.0377e-05
0.00767742
-4.85909e-05
0.00766856
-5.66828e-05
0.00765931
-6.46412e-05
0.00764969
-7.24548e-05
0.00763971
-8.01133e-05
0.0076294
-8.76069e-05
0.00761875
-9.49266e-05
0.0076078
-0.000102064
0.00759654
-0.000109012
0.007585
-0.000115763
0.0075732
-0.000122313
0.00756114
-0.000128655
0.00754884
-0.000134786
0.00753631
-0.000140702
0.00752357
-0.000146401
-0.000151883
0.00785638
0.000198155
-0.00784753
0.00786479
0.000193292
0.00787273
0.000188217
0.00788019
0.000182912
0.00788718
0.00017738
0.00789367
0.000171628
0.00789967
0.000165661
0.00790516
0.000159488
0.00791014
0.000153113
0.00791461
0.000146546
0.00791855
0.000139794
0.00792196
0.000132866
0.00792484
0.000125771
0.00792719
0.000118519
0.007929
0.00011112
0.00793028
0.000103585
0.00793102
9.59261e-05
0.00793122
8.8154e-05
0.00793088
8.02812e-05
0.00793001
7.23203e-05
0.00792861
6.4284e-05
0.00792668
5.61857e-05
0.00792423
4.80385e-05
0.00792126
3.98562e-05
0.00791778
3.16524e-05
0.0079138
2.34408e-05
0.00790932
1.52353e-05
0.00790434
7.04953e-06
0.0078989
-1.10286e-06
0.00789298
-9.20843e-06
0.0078866
-1.72539e-05
0.00787977
-2.52265e-05
0.00787251
-3.31134e-05
0.00786482
-4.09025e-05
0.00785672
-4.85821e-05
0.00784822
-5.61408e-05
0.00783933
-6.35679e-05
0.00783007
-7.08533e-05
0.00782045
-7.79876e-05
0.00781049
-8.49618e-05
0.00780019
-9.17678e-05
0.00778958
-9.83983e-05
0.00777866
-0.000104847
0.00776745
-0.000111107
0.00775597
-0.000117174
0.00774423
-0.000123044
0.00773224
-0.000128714
0.00772002
-0.000134181
-0.000139443
0.0080207
0.000188754
-0.0080113
0.00802968
0.000184319
0.00803821
0.000179683
0.00804629
0.000174829
0.00805392
0.000169757
0.00806107
0.000164475
0.00806775
0.000158987
0.00807393
0.0001533
0.00807963
0.000147421
0.00808482
0.000141355
0.0080895
0.000135111
0.00809367
0.000128696
0.00809732
0.000122119
0.00810045
0.000115389
0.00810306
0.000108516
0.00810513
0.000101509
0.00810668
9.43792e-05
0.00810769
8.71375e-05
0.00810818
7.97951e-05
0.00810814
7.23637e-05
0.00810757
6.48554e-05
0.00810647
5.72823e-05
0.00810485
4.96572e-05
0.00810271
4.19928e-05
0.00810006
3.43019e-05
0.00809691
2.65975e-05
0.00809325
1.88926e-05
0.0080891
1.12002e-05
0.00808446
3.5332e-06
0.00807935
-4.09558e-06
0.00807377
-1.16736e-05
0.00806773
-1.91885e-05
0.00806125
-2.66283e-05
0.00805433
-3.39812e-05
0.00804698
-4.1236e-05
0.00803922
-4.83819e-05
0.00803106
-5.54084e-05
0.00802251
-6.2306e-05
0.00801359
-6.90652e-05
0.00800431
-7.56776e-05
0.00799468
-8.21353e-05
0.00798471
-8.8431e-05
0.00797442
-9.45582e-05
0.00796382
-0.000100511
0.00795293
-0.000106285
0.00794177
-0.000111875
0.00793033
-0.000117279
0.00791864
-0.000122494
-0.000127517
0.00818853
0.000178847
-0.00817862
0.00819803
0.000174816
0.00820712
0.000170597
0.00821577
0.000166171
0.00822399
0.000161539
0.00823176
0.000156707
0.00823907
0.000151679
0.00824591
0.000146461
0.00825227
0.000141059
0.00825814
0.000135478
0.00826353
0.000129727
0.00826841
0.000123811
0.00827279
0.000117739
0.00827666
0.000111519
0.00828002
0.00010516
0.00828286
9.86715e-05
0.00828517
9.20624e-05
0.00828697
8.53433e-05
0.00828824
7.85246e-05
0.00828898
7.16173e-05
0.00828921
6.46324e-05
0.00828891
5.75815e-05
0.00828809
5.04763e-05
0.00828675
4.33288e-05
0.0082849
3.61509e-05
0.00828255
2.8955e-05
0.00827968
2.17532e-05
0.00827633
1.45577e-05
0.00827248
7.38083e-06
0.00826815
2.34542e-07
0.00826335
-6.86923e-06
0.00825808
-1.39188e-05
0.00825235
-2.09026e-05
0.00824618
-2.78097e-05
0.00823957
-3.46292e-05
0.00823254
-4.13508e-05
0.0082251
-4.79646e-05
0.00821725
-5.44612e-05
0.00820902
-6.08317e-05
0.00820041
-6.7068e-05
0.00819144
-7.31623e-05
0.00818211
-7.91076e-05
0.00817245
-8.48976e-05
0.00816247
-9.05268e-05
0.00815217
-9.59901e-05
0.00814158
-0.000101284
0.00813071
-0.000106404
0.00811956
-0.000111348
-0.000116114
0.00836015
0.000168471
-0.00834978
0.00837015
0.000164823
0.00837974
0.000160998
0.00838894
0.00015698
0.00839771
0.000152767
0.00840605
0.000148364
0.00841395
0.000143778
0.0084214
0.000139011
0.00842839
0.000134069
0.00843491
0.000128958
0.00844095
0.000123684
0.00844651
0.000118253
0.00845158
0.000112672
0.00845615
0.00010695
0.00846021
0.000101094
0.00846377
9.51131e-05
0.00846682
8.90154e-05
0.00846935
8.28106e-05
0.00847137
7.65084e-05
0.00847287
7.01189e-05
0.00847385
6.36525e-05
0.00847431
5.71197e-05
0.00847425
5.05316e-05
0.00847368
4.38991e-05
0.0084726
3.72337e-05
0.00847101
3.05465e-05
0.00846891
2.38492e-05
0.00846632
1.71531e-05
0.00846323
1.04698e-05
0.00845965
3.81043e-06
0.0084556
-2.81364e-06
0.00845107
-9.3914e-06
0.00844608
-1.5912e-05
0.00844063
-2.2365e-05
0.00843475
-2.87402e-05
0.00842842
-3.50276e-05
0.00842168
-4.1218e-05
0.00841452
-4.73024e-05
0.00840696
-5.32722e-05
0.00839901
-5.91196e-05
0.00839068
-6.48373e-05
0.008382
-7.04184e-05
0.00837295
-7.5857e-05
0.00836358
-8.11475e-05
0.00835387
-8.62853e-05
0.00834385
-9.12662e-05
0.00833354
-9.60869e-05
0.00832293
-0.000100745
-0.000105238
0.00853588
0.000157661
-0.00852507
0.00854633
0.000154374
0.00855641
0.000150922
0.00856609
0.00014729
0.00857538
0.000143477
0.00858426
0.000139486
0.00859272
0.000135321
0.00860074
0.000130988
0.00860832
0.00012649
0.00861545
0.000121832
0.00862211
0.00011702
0.0086283
0.00011206
0.00863402
0.000106959
0.00863925
0.000101722
0.00864398
9.63576e-05
0.00864822
9.08736e-05
0.00865196
8.52778e-05
0.00865519
7.9579e-05
0.00865791
7.37859e-05
0.00866012
6.79079e-05
0.00866182
6.19544e-05
0.00866301
5.59354e-05
0.00866368
4.98609e-05
0.00866384
4.37412e-05
0.00866348
3.75867e-05
0.00866262
3.14081e-05
0.00866125
2.52158e-05
0.00865939
1.90208e-05
0.00865702
1.28335e-05
0.00865417
6.66463e-06
0.00865083
5.24693e-07
0.00864701
-5.57598e-06
0.00864273
-1.16272e-05
0.00863798
-1.76191e-05
0.00863279
-2.35421e-05
0.00862715
-2.93869e-05
0.00862107
-3.51446e-05
0.00861458
-4.08067e-05
0.00860767
-4.63653e-05
0.00860036
-5.18127e-05
0.00859267
-5.7142e-05
0.0085846
-6.23468e-05
0.00857616
-6.74212e-05
0.00856737
-7.23601e-05
0.00855825
-7.71587e-05
0.00854879
-8.18133e-05
0.00853903
-8.63205e-05
0.00852896
-9.06779e-05
-9.48835e-05
0.00871602
0.000146442
-0.0087048
0.0087269
0.000143496
0.00873742
0.000140399
0.00874758
0.000137134
0.00875735
0.000133701
0.00876673
0.000130104
0.00877571
0.000126345
0.00878427
0.000122428
0.0087924
0.000118358
0.00880009
0.000114139
0.00880734
0.000109775
0.00881413
0.000105272
0.00882045
0.000100636
0.0088263
9.58728e-05
0.00883167
9.09892e-05
0.00883655
8.59923e-05
0.00884094
8.08893e-05
0.00884483
7.5688e-05
0.00884822
7.03967e-05
0.0088511
6.50237e-05
0.00885348
5.95778e-05
0.00885535
5.4068e-05
0.0088567
4.85035e-05
0.00885755
4.28939e-05
0.00885789
3.72487e-05
0.00885772
3.15778e-05
0.00885705
2.58908e-05
0.00885587
2.01978e-05
0.00885419
1.45086e-05
0.00885202
8.83309e-06
0.00884937
3.18098e-06
0.00884623
-2.43808e-06
0.00884262
-8.01462e-06
0.00883854
-1.35394e-05
0.008834
-1.90034e-05
0.00882901
-2.43981e-05
0.00882358
-2.97149e-05
0.00881772
-3.4946e-05
0.00881144
-4.00839e-05
0.00880475
-4.51214e-05
0.00879766
-5.0052e-05
0.00879018
-5.48696e-05
0.00878233
-5.95686e-05
0.00877411
-6.41441e-05
0.00876554
-6.85917e-05
0.00875664
-7.29076e-05
0.00874741
-7.70888e-05
0.00873786
-8.11327e-05
-8.50376e-05
0.00890089
0.000134839
-0.00888929
0.00891217
0.000132216
0.00892311
0.000129454
0.00893371
0.00012654
0.00894394
0.00012347
0.0089538
0.000120248
0.00896326
0.000116879
0.00897233
0.000113363
0.00898098
0.000109706
0.00898921
0.000105911
0.008997
0.000101981
0.00900435
9.79231e-05
0.00901124
9.37408e-05
0.00901768
8.944e-05
0.00902364
8.50268e-05
0.00902912
8.05073e-05
0.00903412
7.58883e-05
0.00903864
7.11768e-05
0.00904265
6.63802e-05
0.00904617
6.1506e-05
0.00904919
5.65624e-05
0.0090517
5.15574e-05
0.0090537
4.64995e-05
0.0090552
4.13973e-05
0.00905619
3.62597e-05
0.00905667
3.10956e-05
0.00905665
2.59139e-05
0.00905612
2.07238e-05
0.00905509
1.55343e-05
0.00905357
1.03546e-05
0.00905156
5.19353e-06
0.00904906
6.0101e-08
0.00904608
-5.03703e-06
0.00904263
-1.00892e-05
0.00903872
-1.50882e-05
0.00903435
-2.0026e-05
0.00902953
-2.48947e-05
0.00902427
-2.9687e-05
0.00901858
-3.43958e-05
0.00901247
-3.90146e-05
0.00900596
-4.35371e-05
0.00899905
-4.79577e-05
0.00899175
-5.22712e-05
0.00898408
-5.64729e-05
0.00897604
-6.05587e-05
0.00896766
-6.4525e-05
0.00895894
-6.8369e-05
0.0089499
-7.20881e-05
-7.56806e-05
0.00909083
0.000122871
-0.00907886
0.00910249
0.000120553
0.00911383
0.00011811
0.00912484
0.000115529
0.00913551
0.000112807
0.00914581
0.000109946
0.00915574
0.000106951
0.00916528
0.000103822
0.00917442
0.000100564
0.00918315
9.718e-05
0.00919146
9.36728e-05
0.00919933
9.00472e-05
0.00920677
8.63075e-05
0.00921375
8.24588e-05
0.00922027
7.85062e-05
0.00922632
7.44555e-05
0.0092319
7.03124e-05
0.00923699
6.60834e-05
0.0092416
6.17751e-05
0.00924571
5.73942e-05
0.00924932
5.2948e-05
0.00925243
4.84438e-05
0.00925505
4.38893e-05
0.00925715
3.92923e-05
0.00925875
3.46607e-05
0.00925984
3.00027e-05
0.00926043
2.53264e-05
0.00926051
2.064e-05
0.0092601
1.59519e-05
0.00925918
1.12702e-05
0.00925777
6.6033e-06
0.00925587
1.9592e-06
0.00925349
-2.65409e-06
0.00925063
-7.22871e-06
0.0092473
-1.1757e-05
0.0092435
-1.62317e-05
0.00923925
-2.06455e-05
0.00923456
-2.49917e-05
0.00922943
-2.92638e-05
0.00922387
-3.34558e-05
0.00921789
-3.75618e-05
0.00921151
-4.15766e-05
0.00920473
-4.54954e-05
0.00919758
-4.9314e-05
0.00919005
-5.30283e-05
0.00918216
-5.66352e-05
0.00917392
-6.01318e-05
0.00916535
-6.35158e-05
-6.67857e-05
0.00928617
0.00011055
-0.00927385
0.0092982
0.000108523
0.00930993
0.000106384
0.00932134
0.000104122
0.00933241
0.000101733
0.00934314
9.92197e-05
0.0093535
9.65851e-05
0.00936349
9.3831e-05
0.0093731
9.09599e-05
0.0093823
8.79746e-05
0.0093911
8.48785e-05
0.00939947
8.1675e-05
0.00940741
7.83682e-05
0.00941491
7.49623e-05
0.00942195
7.1462e-05
0.00942853
6.78721e-05
0.00943465
6.4198e-05
0.00944029
6.04451e-05
0.00944544
5.66194e-05
0.00945011
5.2727e-05
0.00945428
4.87741e-05
0.00945796
4.47675e-05
0.00946113
4.07139e-05
0.00946381
3.66202e-05
0.00946597
3.24936e-05
0.00946764
2.83413e-05
0.00946879
2.41707e-05
0.00946944
1.99892e-05
0.00946959
1.58042e-05
0.00946924
1.16231e-05
0.00946839
7.45342e-06
0.00946704
3.30241e-06
0.00946521
-8.22703e-07
0.0094629
-4.91483e-06
0.00946011
-8.96706e-06
0.00945685
-1.29727e-05
0.00945313
-1.69253e-05
0.00944896
-2.08186e-05
0.00944434
-2.46468e-05
0.00943929
-2.84043e-05
0.00943381
-3.20858e-05
0.00942792
-3.56867e-05
0.00942163
-3.92025e-05
0.00941494
-4.26291e-05
0.00940788
-4.59632e-05
0.00940045
-4.92016e-05
0.00939266
-5.23418e-05
0.00938452
-5.53816e-05
-5.83196e-05
0.0094873
9.78869e-05
-0.00947464
0.00949969
9.6138e-05
0.00951178
9.42902e-05
0.00952357
9.23337e-05
0.00953504
9.02656e-05
0.00954617
8.80878e-05
0.00955695
8.58025e-05
0.00956737
8.34114e-05
0.00957741
8.09166e-05
0.00958707
7.83204e-05
0.00959632
7.56256e-05
0.00960516
7.28353e-05
0.00961357
6.99529e-05
0.00962155
6.6982e-05
0.00962909
6.39267e-05
0.00963617
6.07911e-05
0.00964279
5.758e-05
0.00964894
5.42981e-05
0.0096546
5.09506e-05
0.00965979
4.75427e-05
0.00966448
4.40801e-05
0.00966868
4.05685e-05
0.00967238
3.70139e-05
0.00967558
3.34225e-05
0.00967827
2.98005e-05
0.00968046
2.61543e-05
0.00968214
2.24904e-05
0.00968331
1.88153e-05
0.00968398
1.51357e-05
0.00968415
1.14581e-05
0.00968381
7.78905e-06
0.00968298
4.1351e-06
0.00968165
5.02669e-07
0.00967984
-3.10196e-06
0.00967755
-6.67262e-06
0.00967478
-1.02033e-05
0.00967154
-1.36883e-05
0.00966784
-1.71221e-05
0.0096637
-2.04994e-05
0.00965911
-2.38151e-05
0.00965409
-2.70647e-05
0.00964864
-3.02439e-05
0.00964279
-3.33486e-05
0.00963654
-3.63754e-05
0.00962989
-3.93209e-05
0.00962287
-4.21825e-05
0.00961549
-4.49578e-05
0.00960775
-4.7645e-05
-5.02426e-05
0.0096946
8.48884e-05
-0.0096816
0.00970733
8.3406e-05
0.00971978
8.18386e-05
0.00973194
8.01772e-05
0.00974378
7.84196e-05
0.00975531
7.65671e-05
0.00976649
7.46214e-05
0.00977731
7.2584e-05
0.00978777
7.04565e-05
0.00979785
6.82409e-05
0.00980754
6.59396e-05
0.00981682
6.3555e-05
0.00982568
6.109e-05
0.00983412
5.85478e-05
0.00984211
5.59317e-05
0.00984966
5.32454e-05
0.00985675
5.04927e-05
0.00986337
4.76778e-05
0.00986951
4.48051e-05
0.00987517
4.18791e-05
0.00988035
3.89047e-05
0.00988503
3.58868e-05
0.00988921
3.28306e-05
0.0098929
2.97414e-05
0.00989607
2.66245e-05
0.00989874
2.34855e-05
0.0099009
2.033e-05
0.00990255
1.71637e-05
0.0099037
1.39924e-05
0.00990433
1.08216e-05
0.00990446
7.6572e-06
0.00990409
4.50477e-06
0.00990323
1.36991e-06
0.00990187
-1.74188e-06
0.00990002
-4.82523e-06
0.00989769
-7.87493e-06
0.00989489
-1.08859e-05
0.00989162
-1.38534e-05
0.00988789
-1.67727e-05
0.00988372
-1.96396e-05
0.0098791
-2.24498e-05
0.00987406
-2.51996e-05
0.0098686
-2.78856e-05
0.00986273
-3.05046e-05
0.00985646
-3.30537e-05
0.00984981
-3.55306e-05
0.00984278
-3.79332e-05
0.0098354
-4.02598e-05
-4.25092e-05
0.00990849
7.15576e-05
-0.00989515
0.00992156
7.03331e-05
0.00993436
6.90371e-05
0.00994687
6.76625e-05
0.00995909
6.6207e-05
0.00997098
6.46717e-05
0.00998255
6.30579e-05
0.00999376
6.13668e-05
0.0100046
5.95997e-05
0.0100151
5.77581e-05
0.0100252
5.58441e-05
0.0100349
5.38595e-05
0.0100442
5.18068e-05
0.010053
4.96886e-05
0.0100615
4.75075e-05
0.0100694
4.52668e-05
0.010077
4.29695e-05
0.010084
4.06192e-05
0.0100906
3.82194e-05
0.0100967
3.57741e-05
0.0101023
3.32872e-05
0.0101075
3.07629e-05
0.0101121
2.82055e-05
0.0101162
2.56194e-05
0.0101198
2.30092e-05
0.0101229
2.03797e-05
0.0101255
1.77353e-05
0.0101276
1.50811e-05
0.0101292
1.24217e-05
0.0101302
9.76206e-06
0.0101308
7.10693e-06
0.0101308
4.4611e-06
0.0101304
1.82933e-06
0.0101294
-7.83759e-07
0.010128
-3.3736e-06
0.010126
-5.93578e-06
0.0101236
-8.466e-06
0.0101207
-1.09602e-05
0.0101173
-1.34144e-05
0.0101135
-1.58249e-05
0.0101093
-1.81882e-05
0.0101046
-2.05011e-05
0.0100994
-2.27607e-05
0.0100939
-2.49642e-05
0.010088
-2.71092e-05
0.0100816
-2.91937e-05
0.0100749
-3.12159e-05
0.0100678
-3.31743e-05
-3.50678e-05
0.0101294
5.78964e-05
-0.0101157
0.0101428
5.69231e-05
0.010156
5.58922e-05
0.0101688
5.47979e-05
0.0101814
5.36384e-05
0.0101937
5.24144e-05
0.0102056
5.11269e-05
0.0102172
4.97767e-05
0.0102284
4.8365e-05
0.0102393
4.68928e-05
0.0102498
4.53617e-05
0.0102598
4.37734e-05
0.0102695
4.21296e-05
0.0102788
4.04324e-05
0.0102876
3.8684e-05
0.010296
3.68869e-05
0.0103039
3.50437e-05
0.0103114
3.31571e-05
0.0103184
3.123e-05
0.0103249
2.92655e-05
0.0103309
2.72669e-05
0.0103364
2.52375e-05
0.0103414
2.31808e-05
0.010346
2.11003e-05
0.01035
1.89998e-05
0.0103535
1.6883e-05
0.0103564
1.47537e-05
0.0103589
1.26158e-05
0.0103609
1.04732e-05
0.0103623
8.32984e-06
0.0103632
6.18958e-06
0.0103636
4.05632e-06
0.0103635
1.93391e-06
0.0103629
-1.73874e-07
0.0103618
-2.26334e-06
0.0103602
-4.33089e-06
0.0103581
-6.37303e-06
0.0103555
-8.38641e-06
0.0103525
-1.03678e-05
0.010349
-1.23143e-05
0.010345
-1.42229e-05
0.0103406
-1.60911e-05
0.0103357
-1.79164e-05
0.0103305
-1.96965e-05
0.0103248
-2.14297e-05
0.0103187
-2.3114e-05
0.0103122
-2.47481e-05
0.0103054
-2.63308e-05
-2.78612e-05
0.0103578
4.39059e-05
-0.0103439
0.0103716
4.31796e-05
0.0103851
4.24096e-05
0.0103983
4.15916e-05
0.0104112
4.07241e-05
0.0104238
3.98075e-05
0.0104361
3.88426e-05
0.010448
3.78301e-05
0.0104596
3.67706e-05
0.0104709
3.56651e-05
0.0104817
3.45147e-05
0.0104922
3.33206e-05
0.0105022
3.20843e-05
0.0105118
3.08071e-05
0.010521
2.9491e-05
0.0105298
2.81375e-05
0.0105381
2.67488e-05
0.0105459
2.53268e-05
0.0105532
2.38739e-05
0.0105601
2.23922e-05
0.0105665
2.08844e-05
0.0105724
1.93528e-05
0.0105778
1.78002e-05
0.0105826
1.62293e-05
0.010587
1.46428e-05
0.0105908
1.30436e-05
0.0105942
1.14345e-05
0.010597
9.81865e-06
0.0105992
8.19886e-06
0.010601
6.57813e-06
0.0106022
4.95944e-06
0.0106029
3.34574e-06
0.0106031
1.73995e-06
0.0106028
1.44955e-07
0.010602
-1.43644e-06
0.0106006
-3.00148e-06
0.0105988
-4.54751e-06
0.0105965
-6.07197e-06
0.0105937
-7.57243e-06
0.0105904
-9.04658e-06
0.0105867
-1.04922e-05
0.0105825
-1.19074e-05
0.0105779
-1.32902e-05
0.0105728
-1.46389e-05
0.0105674
-1.59521e-05
0.0105615
-1.72284e-05
0.0105552
-1.84667e-05
0.0105485
-1.96661e-05
-2.08258e-05
0.0105943
2.95889e-05
-0.01058
0.0106084
2.91074e-05
0.0106222
2.85961e-05
0.0106357
2.80521e-05
0.010649
2.74743e-05
0.0106619
2.68631e-05
0.0106746
2.62191e-05
0.0106868
2.55426e-05
0.0106988
2.48343e-05
0.0107104
2.40948e-05
0.0107215
2.33248e-05
0.0107323
2.25252e-05
0.0107427
2.16968e-05
0.0107527
2.08409e-05
0.0107622
1.99584e-05
0.0107713
1.90507e-05
0.0107799
1.81189e-05
0.0107881
1.71647e-05
0.0107958
1.61893e-05
0.010803
1.51945e-05
0.0108097
1.41818e-05
0.0108159
1.3153e-05
0.0108216
1.21097e-05
0.0108268
1.1054e-05
0.0108314
9.98754e-06
0.0108355
8.91237e-06
0.0108391
7.83042e-06
0.0108422
6.74366e-06
0.0108448
5.6541e-06
0.0108468
4.56374e-06
0.0108483
3.47459e-06
0.0108492
2.38864e-06
0.0108497
1.30788e-06
0.0108496
2.34242e-07
0.010849
-8.30363e-07
0.0108478
-1.88408e-06
0.0108462
-2.9251e-06
0.0108441
-3.9517e-06
0.0108415
-4.96223e-06
0.0108384
-5.95513e-06
0.0108348
-6.9289e-06
0.0108308
-7.8822e-06
0.0108263
-8.81375e-06
0.0108214
-9.7224e-06
0.0108161
-1.06071e-05
0.0108103
-1.14671e-05
0.0108041
-1.23015e-05
0.0107976
-1.31096e-05
-1.38911e-05
0.0108393
1.49499e-05
-0.0108247
0.0108537
1.47121e-05
0.0108679
1.44581e-05
0.0108817
1.41868e-05
0.0108953
1.38978e-05
0.0109086
1.35916e-05
0.0109215
1.32684e-05
0.0109342
1.29287e-05
0.0109464
1.25726e-05
0.0109583
1.22006e-05
0.0109698
1.18131e-05
0.0109809
1.14105e-05
0.0109916
1.09933e-05
0.0110019
1.0562e-05
0.0110118
1.01173e-05
0.0110212
9.65971e-06
0.0110301
9.18996e-06
0.0110385
8.70874e-06
0.0110465
8.21681e-06
0.011054
7.71496e-06
0.011061
7.20402e-06
0.0110674
6.68486e-06
0.0110734
6.15838e-06
0.0110788
5.62549e-06
0.0110837
5.08716e-06
0.0110881
4.54434e-06
0.0110919
3.99804e-06
0.0110952
3.44926e-06
0.011098
2.899e-06
0.0111002
2.34829e-06
0.0111019
1.79814e-06
0.011103
1.24956e-06
0.0111036
7.03552e-07
0.0111037
1.61103e-07
0.0111032
-3.76823e-07
0.0111022
-9.09283e-07
0.0111008
-1.43536e-06
0.0110988
-1.95419e-06
0.0110963
-2.46492e-06
0.0110933
-2.96676e-06
0.0110898
-3.45897e-06
0.0110859
-3.94084e-06
0.0110815
-4.41173e-06
0.0110766
-4.87107e-06
0.0110713
-5.31833e-06
0.0110656
-5.75307e-06
0.0110595
-6.17488e-06
0.011053
-6.58346e-06
-6.97857e-06
0.0110935
-0.0110785
0.0111082
0.0111227
0.0111368
0.0111507
0.0111643
0.0111776
0.0111905
0.0112031
0.0112153
0.0112271
0.0112385
0.0112495
0.0112601
0.0112702
0.0112799
0.0112891
0.0112978
0.011306
0.0113137
0.0113209
0.0113276
0.0113337
0.0113394
0.0113445
0.011349
0.011353
0.0113564
0.0113593
0.0113617
0.0113635
0.0113647
0.0113654
0.0113656
0.0113652
0.0113643
0.0113629
0.0113609
0.0113585
0.0113555
0.011352
0.0113481
0.0113437
0.0113388
0.0113335
0.0113277
0.0113216
0.011315
0.00210135
0.00315707
0.00211381
0.00212577
0.00327157
0.00212407
0.00325978
0.00213755
0.00324628
0.00214876
0.00215944
0.00338777
0.00213208
0.00337828
0.00214704
0.00336714
0.0021599
0.00217243
0.00350558
0.00213777
0.00349846
0.00215416
0.00348975
0.0021686
0.00218285
0.00362493
0.00214109
0.00362024
0.00215885
0.00361404
0.0021748
0.00219066
0.00374572
0.00214197
0.00374352
0.00216105
0.00373989
0.00217844
0.0021958
0.00386786
0.00214036
0.00386821
0.0021607
0.0038672
0.00217944
0.00219821
0.00399125
0.00213622
0.0039942
0.00215775
0.00399587
0.00217778
0.00219784
0.00411577
0.00212951
0.00412137
0.00215215
0.00412576
0.00217339
0.00219464
0.00424134
0.0021202
0.00424961
0.00214388
0.00425676
0.00216623
0.00218859
0.00436784
0.00210827
0.00437882
0.00213291
0.00438876
0.00215629
0.00217964
0.00449519
0.0020937
0.00450888
0.00211922
0.00452163
0.00214355
0.00216779
0.00462329
0.00207649
0.00463971
0.0021028
0.00465527
0.00212798
0.00215302
0.00475207
0.00205666
0.0047712
0.00208367
0.00478958
0.00210961
0.00213534
0.00488146
0.00203422
0.00490329
0.00206184
0.00492446
0.00208843
0.00211475
0.0050114
0.00200921
0.0050359
0.00203734
0.00505985
0.00206449
0.0020913
0.00514187
0.00198167
0.005169
0.00201022
0.00519568
0.00203781
0.00206501
0.00527285
0.00195164
0.00530256
0.00198051
0.00533191
0.00200845
0.00203593
0.00540434
0.00191921
0.00543656
0.00194829
0.00546854
0.00197648
0.00200414
0.00553636
0.00188442
0.00557103
0.00191362
0.00560556
0.00194195
0.0019697
0.00566897
0.00184737
0.00570601
0.00187658
0.005743
0.00190495
0.0019327
0.00580223
0.00180813
0.00584155
0.00183726
0.00588093
0.00186557
0.00189321
0.00593624
0.0017668
0.00597775
0.00179575
0.00601942
0.0018239
0.00185135
0.0060711
0.00172346
0.00611471
0.00175214
0.00615857
0.00178004
0.00180721
0.00620697
0.00167821
0.00625258
0.00170653
0.00629853
0.00173409
0.0017609
0.00634398
0.00163114
0.00639149
0.00165901
0.00643944
0.00168615
0.00171252
0.00648231
0.00158235
0.00653164
0.00160968
0.00658147
0.00163632
0.00166217
0.00662215
0.00153191
0.0066732
0.00155864
0.00672483
0.00158469
0.00160995
0.0067637
0.0014799
0.00681638
0.00150596
0.00686972
0.00153135
0.00155597
0.00690717
0.00142642
0.00696141
0.00145173
0.00701636
0.0014764
0.0015003
0.00705279
0.00137151
0.0071085
0.00139602
0.007165
0.00141991
0.00144304
0.00720078
0.00131524
0.00725791
0.00133889
0.00731587
0.00136194
0.00138426
0.00735138
0.00125767
0.00740987
0.0012804
0.00746924
0.00130256
0.00132402
0.00750483
0.00119883
0.00756463
0.0012206
0.00762537
0.00124182
0.00126237
0.00766137
0.00772245
0.00115952
0.00778452
0.00117976
0.00119936
0.0078836
0.00109718
0.00794696
0.0011164
0.00113501
0.00804833
0.00103361
0.00811297
0.00105177
0.00106936
0.00821692
0.000968799
0.00828282
0.00098587
0.0010024
0.00838964
0.000902756
0.00845681
0.000918701
0.000934145
0.00856678
0.000835464
0.00863523
0.000850252
0.000864577
0.00874863
0.000766899
0.00881839
0.000780499
0.000793677
0.00893551
0.00069703
0.00900659
0.000709414
0.000721415
0.00912773
0.000625818
0.00920019
0.000636954
0.000647749
0.00932564
0.000553212
0.00939952
0.000563071
0.00057263
0.00952961
0.000479155
0.00960497
0.000487707
0.000496
0.00974003
0.00040358
0.00981694
0.000410793
0.000417789
0.00995734
0.000326411
0.0100359
0.000332253
0.000337921
0.010182
0.000247564
0.0102622
0.000252001
0.000256307
0.0104145
0.000166946
0.0104965
0.000169943
0.000172852
0.0106553
8.44589e-05
0.0107393
8.59775e-05
8.74525e-05
0.0109051
0.0109911
)
;

boundaryField
{
    inlet
    {
        type            calculated;
        value           nonuniform 0();
    }
    outlet
    {
        type            calculated;
        value           nonuniform 0();
    }
    cylinder
    {
        type            calculated;
        value           nonuniform 0();
    }
    top
    {
        type            symmetryPlane;
        value           uniform 0;
    }
    bottom
    {
        type            symmetryPlane;
        value           nonuniform 0();
    }
    defaultFaces
    {
        type            empty;
        value           nonuniform 0();
    }
    procBoundary14to9
    {
        type            processor;
        value           nonuniform List<scalar> 
11
(
-0.0030589
-0.00316952
-0.00328183
-0.00339577
-0.00351127
-0.00362824
-0.0037466
-0.00386625
-0.00398711
-0.00410906
-0.00423203
)
;
    }
    procBoundary14to10
    {
        type            processor;
        value           nonuniform List<scalar> 
57
(
0.000243392
0.000260616
0.000277171
0.000293092
0.000308412
0.000323158
0.000337355
0.000351022
0.000364176
0.00037683
0.000388996
0.000400681
0.000411894
0.00042264
0.000432923
0.000442748
0.000452116
0.000461032
0.000469496
0.000477512
0.000485082
0.000492209
0.000498897
0.000505148
0.000510966
0.000516357
0.000521326
0.000525878
0.00053002
0.000533759
0.000537102
0.000540058
0.000542635
0.000544843
0.000546692
0.000548192
0.000549354
-3.1906e-05
0.00323078
-1.08849e-05
1.16465e-05
3.47548e-05
5.81715e-05
8.14307e-05
0.000104225
0.000126385
0.000147816
0.000168479
0.000188371
-0.00300994
0.000207509
-0.00208678
0.00304432
-0.00211175
0.00314305
-0.00213525
-0.00214395
)
;
    }
    procBoundary14to13
    {
        type            processor;
        value           nonuniform List<scalar> 
42
(
-0.00435591
-0.00448062
-0.00460609
-0.00473224
-0.00485902
-0.00498639
-0.00511433
-0.00524283
-0.0053719
-0.00550158
-0.00563192
-0.00576299
-0.0058949
-0.00602777
-0.00616172
-0.00629691
-0.00643351
-0.00657171
-0.0067117
-0.00685369
-0.00699788
-0.00714451
-0.0072938
-0.00744599
-0.0076013
0.00113875
-0.00782127
-0.00798476
-0.00815212
-0.0083236
-0.00849949
-0.00868007
-0.00886564
-0.00905651
-0.00925303
-0.00945555
-0.00966445
-0.00988017
-0.0101031
-0.0103339
-0.0105729
-0.0108206
)
;
    }
    procBoundary14to15
    {
        type            processor;
        value           nonuniform List<scalar> 
50
(
0.00263161
0.00273077
0.00283352
0.00293991
0.00304999
0.00316381
0.0032814
0.00340277
0.00352795
0.00365692
0.00378968
0.00392621
0.00406645
0.00421036
0.00435788
0.00450892
0.00466341
0.00482123
0.00498227
0.00514643
0.00531358
0.00548358
0.00565632
0.00583166
0.00600947
0.00618966
0.00637211
0.00655672
0.00674344
0.00693221
0.00712299
0.0073158
0.00751064
0.00770759
0.00790672
0.00810816
0.00831206
0.0085186
0.00872802
0.00894054
0.00915645
0.00937605
0.00959968
0.00982766
0.0100604
0.0102982
0.0105415
0.0107907
0.011046
0.011308
)
;
    }
}


// ************************************************************************* //
