/*--------------------------------*- C++ -*----------------------------------*\
  =========                 |
  \\      /  F ield         | OpenFOAM: The Open Source CFD Toolbox
   \\    /   O peration     | Website:  https://openfoam.org
    \\  /    A nd           | Version:  7
     \\/     M anipulation  |
\*---------------------------------------------------------------------------*/
FoamFile
{
    version     2.0;
    format      ascii;
    class       surfaceScalarField;
    location    "5";
    object      phi;
}
// * * * * * * * * * * * * * * * * * * * * * * * * * * * * * * * * * * * * * //

dimensions      [0 3 -1 0 0 0 0];

internalField   nonuniform List<scalar> 
5147
(
0.00219266
-0.000162599
0.00219099
-0.000148898
0.00218947
-0.000136011
0.0021881
-0.000123929
0.00218687
-0.000112638
0.00218576
-0.00010212
0.00218477
-9.23529e-05
0.00218388
-8.3312e-05
0.00218309
-7.49702e-05
0.00218238
-6.72979e-05
0.00218175
-6.02641e-05
0.00218118
-5.38359e-05
0.00218069
-4.79797e-05
0.00218025
-4.26609e-05
0.00217986
-3.78448e-05
0.00217952
-3.34966e-05
0.00217922
-2.95819e-05
0.00217895
-2.60673e-05
0.00217872
-2.29204e-05
0.00217852
-2.01099e-05
0.00217834
-1.76075e-05
0.00217819
-1.53822e-05
0.00217805
-1.34102e-05
0.00217794
-1.16669e-05
0.00217783
-1.01281e-05
0.00217775
-8.77537e-06
0.00217767
-7.58529e-06
0.00217761
-6.54674e-06
0.00217755
-5.63346e-06
0.0021775
-4.84664e-06
0.00217746
-4.14867e-06
0.00217743
-3.56525e-06
0.0021774
-3.02801e-06
0.00217737
-2.61568e-06
0.00217735
-2.18572e-06
0.00217733
-1.93343e-06
-1.544e-06
0.00225797
-0.000417766
0.00225239
-0.000397375
0.00224716
-0.000376857
0.00224228
-0.000356349
0.00223775
-0.000335983
0.00223354
-0.00031588
0.00222966
-0.000296151
0.00222607
-0.000276892
0.00222278
-0.000258187
0.00221975
-0.000240109
0.00221698
-0.000222713
0.00221446
-0.000206046
0.00221215
-0.000190141
0.00221006
-0.00017502
0.00220815
-0.000160696
0.00220643
-0.000147174
0.00220487
-0.000134452
0.00220346
-0.000122522
0.00220219
-0.000111371
0.00220105
-0.00010098
0.00220003
-9.13295e-05
0.00219911
-8.23952e-05
0.00219829
-7.41505e-05
0.00219756
-6.65666e-05
0.00219691
-5.96128e-05
0.00219633
-5.32571e-05
0.00219582
-4.74663e-05
0.00219537
-4.22065e-05
0.00219496
-3.74434e-05
0.00219461
-3.31427e-05
0.0021943
-2.92705e-05
0.00219403
-2.57939e-05
0.00219379
-2.26807e-05
0.00219358
-1.99003e-05
0.00219339
-1.74244e-05
0.00219323
-1.52227e-05
0.00219309
-1.32715e-05
0.00219297
-1.15465e-05
0.00219287
-1.00238e-05
0.00219278
-8.68513e-06
0.0021927
-7.50744e-06
0.00219263
-6.47962e-06
0.00219258
-5.57583e-06
0.00219253
-4.79705e-06
0.00219249
-4.10637e-06
0.00219245
-3.52879e-06
0.00219242
-2.9973e-06
0.00219239
-2.58885e-06
0.00219237
-2.16377e-06
0.00219235
-1.91335e-06
-1.52851e-06
0.00227464
-0.000411707
0.00226895
-0.000391686
0.00226363
-0.000371531
0.00225866
-0.000351379
0.00225403
-0.000331359
0.00224974
-0.00031159
0.00224577
-0.000292181
0.00224211
-0.000273229
0.00223874
-0.000254816
0.00223564
-0.000237013
0.00223281
-0.000219878
0.00223022
-0.000203455
0.00222785
-0.000187778
0.0022257
-0.000172869
0.00222375
-0.000158742
0.00222198
-0.000145403
0.00222038
-0.00013285
0.00221893
-0.000121075
0.00221763
-0.000110066
0.00221645
-9.98064e-05
0.0022154
-9.02757e-05
0.00221445
-8.14509e-05
0.00221361
-7.33058e-05
0.00221285
-6.58126e-05
0.00221218
-5.89412e-05
0.00221159
-5.26601e-05
0.00221106
-4.69367e-05
0.00221059
-4.17376e-05
0.00221017
-3.7029e-05
0.00220981
-3.27773e-05
0.00220949
-2.89489e-05
0.0022092
-2.55114e-05
0.00220896
-2.24331e-05
0.00220874
-1.96836e-05
0.00220855
-1.72351e-05
0.00220839
-1.50578e-05
0.00220824
-1.31281e-05
0.00220812
-1.14219e-05
0.00220801
-9.91586e-06
0.00220792
-8.59178e-06
0.00220784
-7.42689e-06
0.00220777
-6.41017e-06
0.00220771
-5.5162e-06
0.00220765
-4.74574e-06
0.00220761
-4.0626e-06
0.00220757
-3.49106e-06
0.00220754
-2.9655e-06
0.00220751
-2.56108e-06
0.00220749
-2.14104e-06
0.00220747
-1.89258e-06
-1.51247e-06
0.00229142
-0.000405546
0.00228563
-0.000385897
0.00228021
-0.000366108
0.00227514
-0.000346315
0.00227043
-0.000326644
0.00226605
-0.000307212
0.002262
-0.000288128
0.00225826
-0.000269487
0.00225481
-0.00025137
0.00225164
-0.000233847
0.00224874
-0.000216976
0.00224609
-0.000200801
0.00224367
-0.000185356
0.00224146
-0.000170663
0.00223946
-0.000156738
0.00223764
-0.000143585
0.00223599
-0.000131204
0.0022345
-0.000119588
0.00223316
-0.000108725
0.00223196
-9.85991e-05
0.00223087
-8.91913e-05
0.0022299
-8.04786e-05
0.00222903
-7.2436e-05
0.00222825
-6.50359e-05
0.00222756
-5.82491e-05
0.00222694
-5.20446e-05
0.0022264
-4.63905e-05
0.00222591
-4.12538e-05
0.00222549
-3.66015e-05
0.00222511
-3.24002e-05
0.00222478
-2.8617e-05
0.00222449
-2.52198e-05
0.00222423
-2.21774e-05
0.00222401
-1.94598e-05
0.00222381
-1.70396e-05
0.00222364
-1.48874e-05
0.00222349
-1.29799e-05
0.00222336
-1.12932e-05
0.00222325
-9.80433e-06
0.00222316
-8.49528e-06
0.00222307
-7.34363e-06
0.002223
-6.33837e-06
0.00222294
-5.45453e-06
0.00222289
-4.69267e-06
0.00222284
-4.01733e-06
0.0022228
-3.45203e-06
0.00222277
-2.93262e-06
0.00222274
-2.53236e-06
0.00222272
-2.1175e-06
0.0022227
-1.87111e-06
-1.49588e-06
0.00230831
-0.000399282
0.00230242
-0.000380007
0.0022969
-0.000360588
0.00229174
-0.000341157
0.00228694
-0.000321838
0.00228247
-0.000302748
0.00227834
-0.000283992
0.00227452
-0.000265665
0.00227099
-0.000247848
0.00226776
-0.000230609
0.00226479
-0.000214006
0.00226207
-0.000198083
0.00225959
-0.000182874
0.00225733
-0.000168402
0.00225527
-0.000154682
0.0022534
-0.000141719
0.00225171
-0.000129514
0.00225019
-0.00011806
0.00224881
-0.000107346
0.00224757
-9.7358e-05
0.00224645
-8.80759e-05
0.00224545
-7.94783e-05
0.00224456
-7.15406e-05
0.00224376
-6.42362e-05
0.00224304
-5.75362e-05
0.00224241
-5.14106e-05
0.00224185
-4.58276e-05
0.00224135
-4.07553e-05
0.00224091
-3.61607e-05
0.00224052
-3.20113e-05
0.00224018
-2.82746e-05
0.00223987
-2.49189e-05
0.00223961
-2.19136e-05
0.00223938
-1.92289e-05
0.00223918
-1.68378e-05
0.002239
-1.47115e-05
0.00223885
-1.28268e-05
0.00223872
-1.11603e-05
0.0022386
-9.68915e-06
0.0022385
-8.39562e-06
0.00223842
-7.25762e-06
0.00223834
-6.26419e-06
0.00223828
-5.39082e-06
0.00223822
-4.63784e-06
0.00223818
-3.97055e-06
0.00223814
-3.41171e-06
0.0022381
-2.89862e-06
0.00223807
-2.50268e-06
0.00223805
-2.09316e-06
0.00223803
-1.84895e-06
-1.47872e-06
0.00232531
-0.000392915
0.00231932
-0.000374018
0.00231371
-0.000354971
0.00230845
-0.000335904
0.00230356
-0.000316941
0.00229901
-0.000298196
0.00229479
-0.000279773
0.00229089
-0.000261764
0.00228729
-0.00024425
0.00228398
-0.0002273
0.00228094
-0.000210969
0.00227816
-0.000195302
0.00227562
-0.000180333
0.0022733
-0.000166086
0.00227119
-0.000152574
0.00226928
-0.000139805
0.00226755
-0.000127779
0.00226598
-0.000116491
0.00226456
-0.000105931
0.00226329
-9.60826e-05
0.00226214
-8.69294e-05
0.00226111
-7.84497e-05
0.00226019
-7.06197e-05
0.00225937
-6.34134e-05
0.00225863
-5.68026e-05
0.00225798
-5.07578e-05
0.0022574
-4.5248e-05
0.00225689
-4.02417e-05
0.00225643
-3.57066e-05
0.00225603
-3.16106e-05
0.00225568
-2.79217e-05
0.00225537
-2.46088e-05
0.0022551
-2.16415e-05
0.00225486
-1.89907e-05
0.00225465
-1.66297e-05
0.00225447
-1.45301e-05
0.00225431
-1.2669e-05
0.00225417
-1.10232e-05
0.00225406
-9.57028e-06
0.00225395
-8.29275e-06
0.00225386
-7.16883e-06
0.00225379
-6.18761e-06
0.00225372
-5.32505e-06
0.00225367
-4.58123e-06
0.00225362
-3.92224e-06
0.00225358
-3.37007e-06
0.00225354
-2.86351e-06
0.00225351
-2.47204e-06
0.00225348
-2.06801e-06
0.00225346
-1.82608e-06
-1.46099e-06
0.00234243
-0.000386446
0.00233634
-0.000367928
0.00233062
-0.000349256
0.00232528
-0.000330558
0.00232029
-0.000311954
0.00231565
-0.000293557
0.00231135
-0.000275469
0.00230737
-0.000257783
0.00230369
-0.000240576
0.00230031
-0.000223918
0.00229721
-0.000207864
0.00229436
-0.000192457
0.00229176
-0.000177732
0.00228939
-0.000163713
0.00228723
-0.000150414
0.00228527
-0.000137843
0.00228349
-0.000126
0.00228188
-0.000114882
0.00228042
-0.000104477
0.00227911
-9.47729e-05
0.00227794
-8.57515e-05
0.00227688
-7.73925e-05
0.00227593
-6.96729e-05
0.00227509
-6.25672e-05
0.00227433
-5.60479e-05
0.00227366
-5.00861e-05
0.00227306
-4.46515e-05
0.00227253
-3.9713e-05
0.00227207
-3.5239e-05
0.00227165
-3.11979e-05
0.00227129
-2.75582e-05
0.00227097
-2.42892e-05
0.00227069
-2.13612e-05
0.00227045
-1.87453e-05
0.00227023
-1.64151e-05
0.00227004
-1.4343e-05
0.00226988
-1.25062e-05
0.00226974
-1.08817e-05
0.00226962
-9.44769e-06
0.00226951
-8.18665e-06
0.00226942
-7.07725e-06
0.00226934
-6.10862e-06
0.00226927
-5.25719e-06
0.00226921
-4.52283e-06
0.00226916
-3.8724e-06
0.00226912
-3.32711e-06
0.00226909
-2.82727e-06
0.00226905
-2.44043e-06
0.00226903
-2.04203e-06
0.002269
-1.80249e-06
-1.44268e-06
0.00235965
-0.000379875
0.00235347
-0.000361739
0.00234765
-0.000343445
0.00234221
-0.000325117
0.00233714
-0.000306876
0.00233241
-0.00028883
0.00232802
-0.000271082
0.00232396
-0.000253721
0.00232021
-0.000236827
0.00231676
-0.000220464
0.00231358
-0.00020469
0.00231067
-0.000189548
0.00230801
-0.000175071
0.00230558
-0.000161284
0.00230337
-0.000148202
0.00230136
-0.000135832
0.00229954
-0.000124177
0.00229789
-0.000113231
0.0022964
-0.000102986
0.00229505
-9.34285e-05
0.00229384
-8.4542e-05
0.00229276
-7.63067e-05
0.00229178
-6.87001e-05
0.00229091
-6.16975e-05
0.00229014
-5.5272e-05
0.00228945
-4.93954e-05
0.00228883
-4.40379e-05
0.00228829
-3.91691e-05
0.00228781
-3.47578e-05
0.00228738
-3.07731e-05
0.00228701
-2.7184e-05
0.00228668
-2.39602e-05
0.00228639
-2.10725e-05
0.00228614
-1.84925e-05
0.00228592
-1.61941e-05
0.00228573
-1.41503e-05
0.00228556
-1.23384e-05
0.00228541
-1.0736e-05
0.00228529
-9.32135e-06
0.00228518
-8.0773e-06
0.00228508
-6.98285e-06
0.002285
-6.02719e-06
0.00228493
-5.18723e-06
0.00228487
-4.46262e-06
0.00228482
-3.821e-06
0.00228477
-3.28282e-06
0.00228474
-2.78989e-06
0.0022847
-2.40784e-06
0.00228468
-2.01523e-06
0.00228465
-1.77819e-06
-1.42379e-06
0.00237699
-0.000373202
0.0023707
-0.000355451
0.0023648
-0.000337537
0.00235926
-0.000319583
0.00235409
-0.000301707
0.00234928
-0.000284017
0.00234481
-0.000266611
0.00234067
-0.00024958
0.00233684
-0.000233001
0.00233331
-0.000216938
0.00233007
-0.000201448
0.0023271
-0.000186575
0.00232438
-0.00017235
0.00232189
-0.000158799
0.00231963
-0.000145937
0.00231757
-0.000133773
0.0023157
-0.000122308
0.00231401
-0.000111539
0.00231248
-0.000101457
0.0023111
-9.20492e-05
0.00230986
-8.33007e-05
0.00230874
-7.51919e-05
0.00230774
-6.77011e-05
0.00230685
-6.08041e-05
0.00230605
-5.44748e-05
0.00230534
-4.86855e-05
0.00230471
-4.34072e-05
0.00230415
-3.86098e-05
0.00230366
-3.4263e-05
0.00230322
-3.03362e-05
0.00230284
-2.6799e-05
0.0023025
-2.36216e-05
0.0023022
-2.07754e-05
0.00230194
-1.82323e-05
0.00230171
-1.59666e-05
0.00230152
-1.39519e-05
0.00230134
-1.21657e-05
0.00230119
-1.05859e-05
0.00230106
-9.19123e-06
0.00230095
-7.96466e-06
0.00230085
-6.88561e-06
0.00230077
-5.9433e-06
0.0023007
-5.11515e-06
0.00230063
-4.40058e-06
0.00230058
-3.76804e-06
0.00230054
-3.23717e-06
0.0023005
-2.75137e-06
0.00230046
-2.37426e-06
0.00230044
-1.9876e-06
0.00230041
-1.75317e-06
-1.40432e-06
0.00239444
-0.000366429
0.00238806
-0.000349063
0.00238205
-0.000331532
0.00237642
-0.000313955
0.00237116
-0.000296447
0.00236626
-0.000279115
0.00236171
-0.000262057
0.00235749
-0.000245359
0.00235358
-0.000229098
0.00234999
-0.00021334
0.00234668
-0.000198138
0.00234364
-0.000183537
0.00234086
-0.000169568
0.00233831
-0.000156257
0.002336
-0.00014362
0.00233389
-0.000131665
0.00233197
-0.000120394
0.00233024
-0.000109805
0.00232867
-9.98888e-05
0.00232726
-9.06349e-05
0.00232598
-8.20274e-05
0.00232484
-7.40481e-05
0.00232382
-6.66757e-05
0.0023229
-5.98869e-05
0.00232208
-5.36561e-05
0.00232135
-4.79564e-05
0.0023207
-4.27592e-05
0.00232013
-3.80351e-05
0.00231962
-3.37544e-05
0.00231917
-2.9887e-05
0.00231877
-2.64031e-05
0.00231843
-2.32735e-05
0.00231812
-2.04698e-05
0.00231785
-1.79646e-05
0.00231762
-1.57326e-05
0.00231741
-1.37477e-05
0.00231724
-1.1988e-05
0.00231708
-1.04315e-05
0.00231695
-9.0573e-06
0.00231683
-7.84872e-06
0.00231673
-6.7855e-06
0.00231665
-5.85694e-06
0.00231657
-5.04094e-06
0.00231651
-4.33671e-06
0.00231645
-3.7135e-06
0.00231641
-3.19018e-06
0.00231637
-2.71169e-06
0.00231633
-2.33968e-06
0.0023163
-1.95912e-06
0.00231628
-1.72742e-06
-1.38426e-06
0.002412
-0.000359554
0.00240552
-0.000342578
0.00239942
-0.000325431
0.0023937
-0.000308234
0.00238835
-0.000291098
0.00238336
-0.000274127
0.00237872
-0.000257418
0.00237442
-0.000241057
0.00237044
-0.000225119
0.00236677
-0.000209669
0.00236339
-0.000194759
0.00236029
-0.000180434
0.00235744
-0.000166726
0.00235485
-0.000153659
0.00235248
-0.00014125
0.00235032
-0.000129507
0.00234836
-0.000118434
0.00234658
-0.000108029
0.00234498
-9.82826e-05
0.00234353
-8.91853e-05
0.00234222
-8.0722e-05
0.00234105
-7.28749e-05
0.00234
-6.56238e-05
0.00233906
-5.89457e-05
0.00233822
-5.28159e-05
0.00233747
-4.72078e-05
0.0023368
-4.20937e-05
0.00233621
-3.74449e-05
0.00233569
-3.32319e-05
0.00233523
-2.94255e-05
0.00233482
-2.59963e-05
0.00233446
-2.29156e-05
0.00233415
-2.01557e-05
0.00233387
-1.76894e-05
0.00233363
-1.5492e-05
0.00233342
-1.35378e-05
0.00233324
-1.18052e-05
0.00233308
-1.02726e-05
0.00233294
-8.91954e-06
0.00233282
-7.72945e-06
0.00233272
-6.68251e-06
0.00233263
-5.76808e-06
0.00233256
-4.96458e-06
0.00233249
-4.27098e-06
0.00233243
-3.65737e-06
0.00233239
-3.14182e-06
0.00233234
-2.67085e-06
0.00233231
-2.30411e-06
0.00233228
-1.9298e-06
0.00233225
-1.70093e-06
-1.3636e-06
0.00242968
-0.00035258
0.00242309
-0.000335994
0.0024169
-0.000319235
0.00241108
-0.00030242
0.00240564
-0.000285658
0.00240057
-0.000269052
0.00239585
-0.000252696
0.00239146
-0.000236676
0.00238741
-0.000221064
0.00238367
-0.000205925
0.00238022
-0.000191312
0.00237705
-0.000177266
0.00237415
-0.000163822
0.00237149
-0.000151003
0.00236907
-0.000138826
0.00236686
-0.000127301
0.00236486
-0.000116429
0.00236304
-0.000106211
0.00236139
-9.66377e-05
0.00235991
-8.77003e-05
0.00235857
-7.93842e-05
0.00235737
-7.16724e-05
0.00235629
-6.45452e-05
0.00235532
-5.79804e-05
0.00235446
-5.19539e-05
0.00235369
-4.64397e-05
0.00235301
-4.14108e-05
0.00235241
-3.68389e-05
0.00235187
-3.26955e-05
0.0023514
-2.89516e-05
0.00235098
-2.55785e-05
0.00235061
-2.25481e-05
0.00235029
-1.9833e-05
0.00235
-1.74067e-05
0.00234976
-1.52447e-05
0.00234954
-1.33221e-05
0.00234935
-1.16173e-05
0.00234919
-1.01093e-05
0.00234905
-8.77792e-06
0.00234893
-7.60683e-06
0.00234882
-6.57662e-06
0.00234873
-5.67672e-06
0.00234865
-4.88606e-06
0.00234858
-4.20339e-06
0.00234852
-3.59965e-06
0.00234848
-3.09209e-06
0.00234843
-2.62884e-06
0.0023484
-2.26753e-06
0.00234837
-1.89963e-06
0.00234834
-1.67371e-06
-1.34234e-06
0.00244747
-0.000345506
0.00244078
-0.000329312
0.00243449
-0.000312943
0.00242858
-0.000296512
0.00242305
-0.000280127
0.00241789
-0.000263889
0.00241309
-0.000247891
0.00240862
-0.000232214
0.00240449
-0.000216933
0.00240068
-0.000202109
0.00239716
-0.000187795
0.00239393
-0.000174034
0.00239096
-0.000160857
0.00238825
-0.000148291
0.00238577
-0.00013635
0.00238352
-0.000125044
0.00238147
-0.000114378
0.00237961
-0.00010435
0.00237792
-9.4954e-05
0.0023764
-8.61797e-05
0.00237503
-7.80139e-05
0.0023738
-7.04404e-05
0.00237269
-6.34398e-05
0.0023717
-5.69909e-05
0.00237082
-5.107e-05
0.00237003
-4.5652e-05
0.00236933
-4.07102e-05
0.00236871
-3.62173e-05
0.00236816
-3.2145e-05
0.00236767
-2.84652e-05
0.00236725
-2.51497e-05
0.00236687
-2.21707e-05
0.00236654
-1.95017e-05
0.00236625
-1.71163e-05
0.00236599
-1.49908e-05
0.00236577
-1.31005e-05
0.00236558
-1.14243e-05
0.00236541
-9.94155e-06
0.00236526
-8.63242e-06
0.00236514
-7.48084e-06
0.00236503
-6.46782e-06
0.00236494
-5.58284e-06
0.00236486
-4.80537e-06
0.00236479
-4.13394e-06
0.00236473
-3.54032e-06
0.00236468
-3.04098e-06
0.00236463
-2.58565e-06
0.00236459
-2.22994e-06
0.00236456
-1.8686e-06
0.00236454
-1.64575e-06
-1.32048e-06
0.00246536
-0.000338333
0.00245859
-0.000322534
0.0024522
-0.000306556
0.0024462
-0.000290512
0.00244058
-0.000274508
0.00243533
-0.00025864
0.00243044
-0.000243001
0.0024259
-0.000227672
0.00242169
-0.000212724
0.0024178
-0.00019822
0.00241422
-0.00018421
0.00241092
-0.000170736
0.00240789
-0.000157832
0.00240512
-0.000145521
0.00240259
-0.00013382
0.00240029
-0.000122738
0.00239819
-0.000112281
0.00239629
-0.000102448
0.00239457
-9.32313e-05
0.00239301
-8.46234e-05
0.00239161
-7.66111e-05
0.00239034
-6.91786e-05
0.00238921
-6.23075e-05
0.0023882
-5.5977e-05
0.00238729
-5.01642e-05
0.00238649
-4.48445e-05
0.00238577
-3.9992e-05
0.00238513
-3.55799e-05
0.00238456
-3.15805e-05
0.00238407
-2.79663e-05
0.00238363
-2.47097e-05
0.00238324
-2.17836e-05
0.0023829
-1.91616e-05
0.0023826
-1.68184e-05
0.00238234
-1.47301e-05
0.00238211
-1.2873e-05
0.00238191
-1.12261e-05
0.00238174
-9.76931e-06
0.00238159
-8.48301e-06
0.00238146
-7.35146e-06
0.00238135
-6.35608e-06
0.00238126
-5.48642e-06
0.00238117
-4.72248e-06
0.0023811
-4.06259e-06
0.00238104
-3.47938e-06
0.00238099
-2.98848e-06
0.00238094
-2.54128e-06
0.0023809
-2.19133e-06
0.00238087
-1.8367e-06
0.00238084
-1.61704e-06
-1.29801e-06
0.00248338
-0.000331063
0.0024765
-0.000315658
0.00247002
-0.000300075
0.00246393
-0.000284421
0.00245822
-0.000268798
0.00245288
-0.000253305
0.00244791
-0.000238029
0.00244329
-0.00022305
0.002439
-0.00020844
0.00243504
-0.000194258
0.00243139
-0.000180556
0.00242803
-0.000167374
0.00242494
-0.000154745
0.00242211
-0.000142693
0.00241953
-0.000131236
0.00241717
-0.000120383
0.00241503
-0.000110138
0.00241308
-0.000100502
0.00241132
-9.14694e-05
0.00240973
-8.30312e-05
0.00240829
-7.51755e-05
0.002407
-6.78871e-05
0.00240584
-6.11482e-05
0.0024048
-5.49387e-05
0.00240388
-4.92364e-05
0.00240305
-4.40172e-05
0.00240231
-3.9256e-05
0.00240166
-3.49265e-05
0.00240108
-3.10018e-05
0.00240057
-2.74548e-05
0.00240012
-2.42586e-05
0.00239972
-2.13865e-05
0.00239937
-1.88129e-05
0.00239907
-1.65127e-05
0.0023988
-1.44627e-05
0.00239857
-1.26396e-05
0.00239836
-1.10228e-05
0.00239819
-9.59256e-06
0.00239803
-8.32969e-06
0.0023979
-7.21868e-06
0.00239779
-6.24139e-06
0.00239769
-5.38745e-06
0.0023976
-4.6374e-06
0.00239753
-3.98936e-06
0.00239747
-3.41681e-06
0.00239741
-2.93459e-06
0.00239737
-2.49571e-06
0.00239733
-2.1517e-06
0.00239729
-1.80395e-06
0.00239726
-1.58758e-06
-1.27493e-06
0.0025015
-0.000323694
0.00249453
-0.000308687
0.00248795
-0.0002935
0.00248177
-0.000278237
0.00247597
-0.000263
0.00247055
-0.000247883
0.00246549
-0.000232973
0.00246079
-0.000218349
0.00245643
-0.000204079
0.0024524
-0.000190224
0.00244867
-0.000176833
0.00244525
-0.000163946
0.0024421
-0.000151597
0.00243921
-0.000139809
0.00243658
-0.000128599
0.00243417
-0.000117977
0.00243198
-0.000107949
0.00242999
-9.85143e-05
0.00242819
-8.96684e-05
0.00242656
-8.14031e-05
0.0024251
-7.3707e-05
0.00242377
-6.65657e-05
0.00242259
-5.99618e-05
0.00242153
-5.38759e-05
0.00242058
-4.82864e-05
0.00241973
-4.31701e-05
0.00241897
-3.85022e-05
0.00241831
-3.42573e-05
0.00241771
-3.04089e-05
0.00241719
-2.69307e-05
0.00241673
-2.37962e-05
0.00241632
-2.09795e-05
0.00241596
-1.84554e-05
0.00241565
-1.61993e-05
0.00241537
-1.41886e-05
0.00241513
-1.24003e-05
0.00241493
-1.08144e-05
0.00241474
-9.41129e-06
0.00241459
-8.17243e-06
0.00241445
-7.08249e-06
0.00241433
-6.12374e-06
0.00241423
-5.28592e-06
0.00241414
-4.55012e-06
0.00241407
-3.91423e-06
0.00241401
-3.35261e-06
0.00241395
-2.8793e-06
0.0024139
-2.44895e-06
0.00241386
-2.11105e-06
0.00241383
-1.77032e-06
0.0024138
-1.55738e-06
-1.25123e-06
0.00251974
-0.000316229
0.00251267
-0.000301621
0.002506
-0.000286831
0.00249973
-0.000271962
0.00249384
-0.000257113
0.00248833
-0.000242375
0.00248319
-0.000227835
0.00247841
-0.000213568
0.00247397
-0.000199643
0.00246987
-0.000186117
0.00246608
-0.000173041
0.00246258
-0.000160454
0.00245937
-0.000148388
0.00245643
-0.000136867
0.00245374
-0.000125908
0.00245129
-0.000115522
0.00244905
-0.000105714
0.00244702
-9.64837e-05
0.00244518
-8.7828e-05
0.00244351
-7.9739e-05
0.00244201
-7.22057e-05
0.00244066
-6.52143e-05
0.00243945
-5.87481e-05
0.00243836
-5.27884e-05
0.00243739
-4.73143e-05
0.00243652
-4.2303e-05
0.00243575
-3.77305e-05
0.00243506
-3.3572e-05
0.00243446
-2.98017e-05
0.00243392
-2.63939e-05
0.00243345
-2.33226e-05
0.00243303
-2.05626e-05
0.00243266
-1.80891e-05
0.00243234
-1.58782e-05
0.00243206
-1.39076e-05
0.00243182
-1.2155e-05
0.0024316
-1.06007e-05
0.00243142
-9.22547e-06
0.00243126
-8.01121e-06
0.00243112
-6.94286e-06
0.002431
-6.00311e-06
0.00243089
-5.18183e-06
0.0024308
-4.46062e-06
0.00243072
-3.83719e-06
0.00243066
-3.28677e-06
0.0024306
-2.82261e-06
0.00243055
-2.40099e-06
0.00243051
-2.06937e-06
0.00243048
-1.73582e-06
0.00243045
-1.52642e-06
-1.22692e-06
0.00253808
-0.000308668
0.00253092
-0.00029446
0.00252416
-0.000280069
0.0025178
-0.000265596
0.00251182
-0.000251137
0.00250623
-0.000236782
0.00250101
-0.000222614
0.00249615
-0.000208707
0.00249163
-0.00019513
0.00248745
-0.000181938
0.00248359
-0.00016918
0.00248004
-0.000156896
0.00247676
-0.000145117
0.00247377
-0.000133867
0.00247102
-0.000123163
0.00246852
-0.000113017
0.00246623
-0.000103432
0.00246416
-9.44103e-05
0.00246228
-8.59482e-05
0.00246058
-7.80387e-05
0.00245905
-7.06713e-05
0.00245766
-6.38328e-05
0.00245642
-5.75072e-05
0.00245531
-5.16763e-05
0.00245432
-4.63199e-05
0.00245343
-4.14158e-05
0.00245264
-3.69409e-05
0.00245194
-3.28707e-05
0.00245132
-2.91803e-05
0.00245077
-2.58443e-05
0.00245028
-2.28377e-05
0.00244986
-2.01357e-05
0.00244948
-1.7714e-05
0.00244915
-1.55494e-05
0.00244886
-1.36199e-05
0.00244861
-1.19038e-05
0.00244839
-1.03817e-05
0.0024482
-9.03511e-06
0.00244804
-7.84604e-06
0.0024479
-6.79979e-06
0.00244777
-5.87951e-06
0.00244767
-5.07516e-06
0.00244757
-4.36889e-06
0.00244749
-3.75824e-06
0.00244743
-3.21929e-06
0.00244737
-2.7645e-06
0.00244732
-2.35183e-06
0.00244728
-2.02666e-06
0.00244724
-1.70044e-06
0.00244721
-1.4947e-06
-1.20198e-06
0.00255655
-0.000301011
0.00254929
-0.000287204
0.00254244
-0.000273215
0.00253598
-0.00025914
0.00252992
-0.000245073
0.00252424
-0.000231103
0.00251894
-0.00021731
0.002514
-0.000203768
0.00250941
-0.000190541
0.00250516
-0.000177686
0.00250123
-0.000165251
0.0024976
-0.000153273
0.00249427
-0.000141785
0.00249122
-0.00013081
0.00248842
-0.000120365
0.00248586
-0.000110461
0.00248353
-0.000101104
0.00248142
-9.2294e-05
0.0024795
-8.40291e-05
0.00247776
-7.63023e-05
0.00247619
-6.91039e-05
0.00247478
-6.24213e-05
0.00247351
-5.6239e-05
0.00247238
-5.05395e-05
0.00247136
-4.53032e-05
0.00247045
-4.05087e-05
0.00246965
-3.61333e-05
0.00246893
-3.21533e-05
0.00246829
-2.85444e-05
0.00246773
-2.52821e-05
0.00246723
-2.23416e-05
0.0024668
-1.96988e-05
0.00246641
-1.73301e-05
0.00246608
-1.52127e-05
0.00246578
-1.33253e-05
0.00246553
-1.16466e-05
0.0024653
-1.01576e-05
0.00246511
-8.84017e-06
0.00246494
-7.67689e-06
0.00246479
-6.65327e-06
0.00246466
-5.75292e-06
0.00246455
-4.9659e-06
0.00246446
-4.27494e-06
0.00246438
-3.67738e-06
0.00246431
-3.15017e-06
0.00246425
-2.70499e-06
0.0024642
-2.30145e-06
0.00246416
-1.98291e-06
0.00246412
-1.66418e-06
0.00246409
-1.46223e-06
-1.17643e-06
0.00257512
-0.00029326
0.00256777
-0.000279856
0.00256083
-0.000266269
0.00255428
-0.000252594
0.00254813
-0.000238923
0.00254237
-0.00022534
0.00253698
-0.000211925
0.00253196
-0.000198749
0.0025273
-0.000185877
0.00252297
-0.000173363
0.00251898
-0.000161253
0.00251529
-0.000149586
0.0025119
-0.000138393
0.00250878
-0.000127696
0.00250593
-0.000117514
0.00250333
-0.000107856
0.00250095
-9.87292e-05
0.00249879
-9.01349e-05
0.00249683
-8.20704e-05
0.00249506
-7.45297e-05
0.00249346
-6.75035e-05
0.00249202
-6.09796e-05
0.00249072
-5.49434e-05
0.00248956
-4.93779e-05
0.00248852
-4.42642e-05
0.00248759
-3.95814e-05
0.00248677
-3.53076e-05
0.00248604
-3.14198e-05
0.00248539
-2.78943e-05
0.00248481
-2.4707e-05
0.0024843
-2.1834e-05
0.00248386
-1.92518e-05
0.00248346
-1.69373e-05
0.00248312
-1.48683e-05
0.00248282
-1.30238e-05
0.00248255
-1.13833e-05
0.00248232
-9.92819e-06
0.00248213
-8.64067e-06
0.00248195
-7.50376e-06
0.0024818
-6.5033e-06
0.00248167
-5.62334e-06
0.00248156
-4.85406e-06
0.00248146
-4.17876e-06
0.00248138
-3.59459e-06
0.00248131
-3.07939e-06
0.00248125
-2.64406e-06
0.0024812
-2.24987e-06
0.00248115
-1.93813e-06
0.00248112
-1.62704e-06
0.00248108
-1.42901e-06
-1.15025e-06
0.00259381
-0.000285414
0.00258637
-0.000272415
0.00257933
-0.000259232
0.00257269
-0.000245959
0.00256646
-0.000232685
0.00256061
-0.000219492
0.00255514
-0.000206458
0.00255004
-0.000193652
0.00254531
-0.000181138
0.00254091
-0.000168967
0.00253684
-0.000157187
0.00253309
-0.000145834
0.00252964
-0.000134939
0.00252647
-0.000124525
0.00252356
-0.000114608
0.00252091
-0.000105201
0.00251848
-9.63084e-05
0.00251628
-8.7933e-05
0.00251429
-8.00724e-05
0.00251248
-7.2721e-05
0.00251084
-6.58699e-05
0.00250937
-5.95078e-05
0.00250805
-5.36205e-05
0.00250686
-4.81916e-05
0.0025058
-4.32028e-05
0.00250485
-3.86341e-05
0.00250401
-3.4464e-05
0.00250326
-3.06702e-05
0.0025026
-2.72297e-05
0.00250201
-2.41192e-05
0.00250149
-2.13152e-05
0.00250103
-1.87948e-05
0.00250063
-1.65357e-05
0.00250028
-1.4516e-05
0.00249997
-1.27156e-05
0.0024997
-1.11141e-05
0.00249947
-9.69354e-06
0.00249926
-8.43658e-06
0.00249908
-7.32664e-06
0.00249893
-6.34987e-06
0.0024988
-5.49076e-06
0.00249868
-4.73964e-06
0.00249859
-4.08035e-06
0.0024985
-3.50988e-06
0.00249843
-3.00697e-06
0.00249837
-2.58172e-06
0.00249831
-2.19707e-06
0.00249827
-1.89232e-06
0.00249823
-1.58902e-06
0.0024982
-1.39503e-06
-1.12345e-06
0.00261261
-0.000277476
0.00260507
-0.000264882
0.00259795
-0.000252105
0.00259122
-0.000239236
0.0025849
-0.00022636
0.00257897
-0.00021356
0.00257342
-0.00020091
0.00256824
-0.000188477
0.00256343
-0.000176323
0.00255896
-0.0001645
0.00255483
-0.000153052
0.00255101
-0.000142017
0.0025475
-0.000131424
0.00254427
-0.000121296
0.00254131
-0.000111649
0.0025386
-0.000102496
0.00253614
-9.38413e-05
0.00253389
-8.56883e-05
0.00253186
-7.8035e-05
0.00253001
-7.0876e-05
0.00252834
-6.42034e-05
0.00252684
-5.80059e-05
0.00252549
-5.22702e-05
0.00252428
-4.69805e-05
0.0025232
-4.21191e-05
0.00252223
-3.76666e-05
0.00252137
-3.36023e-05
0.0025206
-2.99045e-05
0.00251992
-2.65508e-05
0.00251932
-2.35185e-05
0.00251879
-2.0785e-05
0.00251833
-1.83278e-05
0.00251791
-1.61252e-05
0.00251755
-1.4156e-05
0.00251724
-1.24004e-05
0.00251696
-1.08389e-05
0.00251672
-9.45364e-06
0.00251652
-8.22791e-06
0.00251633
-7.14554e-06
0.00251618
-6.19297e-06
0.00251604
-5.35518e-06
0.00251593
-4.62262e-06
0.00251582
-3.9797e-06
0.00251574
-3.42325e-06
0.00251566
-2.93289e-06
0.0025156
-2.51797e-06
0.00251555
-2.14306e-06
0.0025155
-1.84547e-06
0.00251546
-1.55011e-06
0.00251543
-1.36029e-06
-1.09602e-06
0.00263152
-0.000269446
0.0026239
-0.000257257
0.00261668
-0.000244888
0.00260987
-0.000232424
0.00260346
-0.00021995
0.00259744
-0.000207545
0.00259181
-0.000195281
0.00258656
-0.000183224
0.00258167
-0.000171434
0.00257713
-0.000159962
0.00257293
-0.00014885
0.00256905
-0.000138136
0.00256547
-0.000127849
0.00256219
-0.00011801
0.00255918
-0.000108637
0.00255642
-9.97409e-05
0.00255391
-9.13281e-05
0.00255162
-8.3401e-05
0.00254954
-7.59582e-05
0.00254766
-6.8995e-05
0.00254596
-6.25037e-05
0.00254443
-5.64739e-05
0.00254305
-5.08926e-05
0.00254182
-4.57447e-05
0.00254071
-4.10131e-05
0.00253972
-3.66791e-05
0.00253884
-3.27227e-05
0.00253806
-2.91227e-05
0.00253737
-2.58575e-05
0.00253676
-2.29051e-05
0.00253621
-2.02434e-05
0.00253574
-1.78507e-05
0.00253532
-1.57058e-05
0.00253495
-1.37882e-05
0.00253463
-1.20784e-05
0.00253435
-1.05576e-05
0.0025341
-9.20849e-06
0.00253389
-8.01467e-06
0.0025337
-6.96045e-06
0.00253354
-6.03262e-06
0.0025334
-5.2166e-06
0.00253328
-4.503e-06
0.00253318
-3.87681e-06
0.00253309
-3.3347e-06
0.00253302
-2.85715e-06
0.00253295
-2.4528e-06
0.0025329
-2.08784e-06
0.00253285
-1.79759e-06
0.00253281
-1.51033e-06
0.00253277
-1.3248e-06
-1.06796e-06
0.00265054
-0.000261325
0.00264283
-0.000249543
0.00263552
-0.000237581
0.00262862
-0.000225525
0.00262213
-0.000213455
0.00261603
-0.000201447
0.00261032
-0.000189572
0.00260499
-0.000177894
0.00260003
-0.000166471
0.00259542
-0.000155352
0.00259115
-0.000144581
0.00258721
-0.000134191
0.00258357
-0.000124213
0.00258023
-0.000114668
0.00257716
-0.000105572
0.00257436
-9.69365e-05
0.0025718
-8.87688e-05
0.00256947
-8.1071e-05
0.00256735
-7.38421e-05
0.00256543
-6.70779e-05
0.0025637
-6.07711e-05
0.00256214
-5.49118e-05
0.00256073
-4.94877e-05
0.00255947
-4.44842e-05
0.00255835
-3.98848e-05
0.00255734
-3.56715e-05
0.00255644
-3.1825e-05
0.00255564
-2.83248e-05
0.00255494
-2.51499e-05
0.00255431
-2.22789e-05
0.00255376
-1.96905e-05
0.00255327
-1.73636e-05
0.00255284
-1.52776e-05
0.00255247
-1.34125e-05
0.00255214
-1.17496e-05
0.00255185
-1.02704e-05
0.0025516
-8.9581e-06
0.00255138
-7.79685e-06
0.00255119
-6.77139e-06
0.00255103
-5.86881e-06
0.00255089
-5.07503e-06
0.00255076
-4.38081e-06
0.00255066
-3.77169e-06
0.00255057
-3.24423e-06
0.00255049
-2.77977e-06
0.00255042
-2.38622e-06
0.00255037
-2.03141e-06
0.00255032
-1.74868e-06
0.00255028
-1.46965e-06
0.00255024
-1.28855e-06
-1.03928e-06
0.00266968
-0.000253112
0.00266188
-0.000241738
0.00265448
-0.000230187
0.0026475
-0.00021854
0.00264092
-0.000206875
0.00263474
-0.000195266
0.00262895
-0.000183783
0.00262354
-0.000172487
0.0026185
-0.000161434
0.00261382
-0.000150672
0.00260949
-0.000140244
0.00260548
-0.000130183
0.00260178
-0.000120517
0.00259838
-0.000111269
0.00259527
-0.000102453
0.00259241
-9.40827e-05
0.00258981
-8.61635e-05
0.00258743
-7.86985e-05
0.00258528
-7.16869e-05
0.00258333
-6.51249e-05
0.00258156
-5.90056e-05
0.00257997
-5.33198e-05
0.00257854
-4.80555e-05
0.00257725
-4.3199e-05
0.0025761
-3.87342e-05
0.00257507
-3.46439e-05
0.00257416
-3.09094e-05
0.00257334
-2.75108e-05
0.00257262
-2.44279e-05
0.00257198
-2.164e-05
0.00257142
-1.91264e-05
0.00257092
-1.68665e-05
0.00257048
-1.48406e-05
0.0025701
-1.30291e-05
0.00256977
-1.14139e-05
0.00256947
-9.97714e-06
0.00256922
-8.70247e-06
0.00256899
-7.57446e-06
0.0025688
-6.57834e-06
0.00256863
-5.70155e-06
0.00256849
-4.93047e-06
0.00256836
-4.25603e-06
0.00256826
-3.66435e-06
0.00256816
-3.15184e-06
0.00256809
-2.70074e-06
0.00256802
-2.31823e-06
0.00256796
-1.97376e-06
0.00256791
-1.69874e-06
0.00256787
-1.4281e-06
0.00256783
-1.25155e-06
-1.00997e-06
0.00268893
-0.000244811
0.00268104
-0.000233845
0.00267356
-0.000222705
0.00266649
-0.000211468
0.00265982
-0.000200211
0.00265356
-0.000189004
0.00264769
-0.000177915
0.00264221
-0.000167003
0.0026371
-0.000156323
0.00263235
-0.000145922
0.00262794
-0.00013584
0.00262387
-0.000126111
0.00262012
-0.000116761
0.00261666
-0.000107813
0.00261349
-9.92822e-05
0.00261059
-9.11797e-05
0.00260794
-8.35125e-05
0.00260552
-7.62836e-05
0.00260333
-6.94926e-05
0.00260134
-6.3136e-05
0.00259954
-5.72074e-05
0.00259792
-5.16979e-05
0.00259646
-4.65962e-05
0.00259515
-4.18892e-05
0.00259398
-3.75615e-05
0.00259293
-3.35964e-05
0.00259199
-2.99758e-05
0.00259116
-2.66808e-05
0.00259043
-2.36917e-05
0.00258978
-2.09884e-05
0.0025892
-1.85509e-05
0.00258869
-1.63594e-05
0.00258825
-1.43947e-05
0.00258786
-1.26379e-05
0.00258752
-1.10714e-05
0.00258722
-9.67793e-06
0.00258695
-8.44162e-06
0.00258673
-7.34752e-06
0.00258653
-6.38134e-06
0.00258636
-5.53085e-06
0.00258621
-4.78293e-06
0.00258609
-4.12867e-06
0.00258598
-3.55478e-06
0.00258588
-3.05755e-06
0.0025858
-2.62007e-06
0.00258573
-2.24883e-06
0.00258567
-1.91491e-06
0.00258562
-1.64777e-06
0.00258558
-1.38567e-06
0.00258554
-1.21381e-06
-9.80039e-07
0.0027083
-0.00023642
0.00270032
-0.000225864
0.00269275
-0.000215136
0.00268559
-0.000204311
0.00267884
-0.000193463
0.0026725
-0.000182661
0.00266655
-0.000171968
0.00266099
-0.000161444
0.00265581
-0.00015114
0.00265099
-0.000141102
0.00264652
-0.00013137
0.00264238
-0.000121976
0.00263857
-0.000112946
0.00263506
-0.000104302
0.00263183
-9.60585e-05
0.00262888
-8.82276e-05
0.00262619
-8.0816e-05
0.00262373
-7.38267e-05
0.0026215
-6.72595e-05
0.00261947
-6.11114e-05
0.00261764
-5.53764e-05
0.00261599
-5.00462e-05
0.0026145
-4.51099e-05
0.00261317
-4.05549e-05
0.00261197
-3.63666e-05
0.00261091
-3.25289e-05
0.00260995
-2.90245e-05
0.00260911
-2.58349e-05
0.00260836
-2.29412e-05
0.00260769
-2.03241e-05
0.00260711
-1.79642e-05
0.00260659
-1.58424e-05
0.00260613
-1.39401e-05
0.00260574
-1.2239e-05
0.00260539
-1.07221e-05
0.00260508
-9.37277e-06
0.00260482
-8.17556e-06
0.00260458
-7.11604e-06
0.00260438
-6.18039e-06
0.00260421
-5.35673e-06
0.00260406
-4.63242e-06
0.00260393
-3.99875e-06
0.00260382
-3.443e-06
0.00260372
-2.96135e-06
0.00260364
-2.53776e-06
0.00260357
-2.17803e-06
0.00260351
-1.85486e-06
0.00260346
-1.59578e-06
0.00260341
-1.34236e-06
0.00260337
-1.17532e-06
-9.49484e-07
0.00272777
-0.000227942
0.00271971
-0.000217796
0.00271205
-0.000207481
0.00270481
-0.00019707
0.00269798
-0.000186633
0.00269156
-0.000176237
0.00268553
-0.000165944
0.0026799
-0.000155809
0.00267464
-0.000145884
0.00266975
-0.000136213
0.00266521
-0.000126834
0.00266102
-0.000117778
0.00265714
-0.000109071
0.00265357
-0.000100734
0.0026503
-9.27825e-05
0.0026473
-8.52269e-05
0.00264456
-7.80742e-05
0.00264206
-7.13278e-05
0.00263979
-6.49878e-05
0.00263773
-5.90514e-05
0.00263586
-5.3513e-05
0.00263418
-4.83648e-05
0.00263267
-4.35966e-05
0.00263131
-3.91962e-05
0.00263009
-3.51498e-05
0.002629
-3.14417e-05
0.00262804
-2.80553e-05
0.00262717
-2.4973e-05
0.00262641
-2.21765e-05
0.00262573
-1.96472e-05
0.00262513
-1.73663e-05
0.00262461
-1.53155e-05
0.00262414
-1.34767e-05
0.00262374
-1.18324e-05
0.00262338
-1.03661e-05
0.00262307
-9.06169e-06
0.0026228
-7.90433e-06
0.00262256
-6.88004e-06
0.00262236
-5.9755e-06
0.00262218
-5.17919e-06
0.00262203
-4.47895e-06
0.00262189
-3.86628e-06
0.00262178
-3.32901e-06
0.00262168
-2.86325e-06
0.0026216
-2.45382e-06
0.00262153
-2.10585e-06
0.00262147
-1.79361e-06
0.00262141
-1.54278e-06
0.00262137
-1.29818e-06
0.00262133
-1.13609e-06
-9.18308e-07
0.00274736
-0.000219376
0.00273921
-0.000209641
0.00273147
-0.000199741
0.00272414
-0.000189745
0.00271723
-0.000179721
0.00271073
-0.000169733
0.00270463
-0.000159841
0.00269892
-0.0001501
0.00269359
-0.000140557
0.00268863
-0.000131255
0.00268403
-0.000122232
0.00267977
-0.000113518
0.00267583
-0.000105138
0.00267221
-9.71117e-05
0.00266888
-8.94547e-05
0.00266584
-8.21776e-05
0.00266305
-7.52873e-05
0.00266051
-6.87872e-05
0.0026582
-6.26776e-05
0.0026561
-5.6956e-05
0.00265421
-5.16173e-05
0.0026525
-4.6654e-05
0.00265096
-4.20566e-05
0.00264957
-3.78134e-05
0.00264833
-3.3911e-05
0.00264723
-3.03347e-05
0.00264624
-2.70685e-05
0.00264536
-2.40954e-05
0.00264458
-2.13977e-05
0.00264389
-1.89577e-05
0.00264329
-1.67573e-05
0.00264275
-1.47787e-05
0.00264228
-1.30046e-05
0.00264186
-1.14182e-05
0.0026415
-1.00033e-05
0.00264118
-8.74471e-06
0.00264091
-7.62795e-06
0.00264067
-6.63955e-06
0.00264046
-5.7667e-06
0.00264028
-4.99826e-06
0.00264012
-4.32255e-06
0.00263998
-3.73127e-06
0.00263987
-3.21283e-06
0.00263977
-2.76327e-06
0.00263968
-2.36825e-06
0.00263961
-2.03227e-06
0.00263955
-1.73117e-06
0.00263949
-1.48877e-06
0.00263945
-1.25312e-06
0.00263941
-1.09612e-06
-8.86514e-07
0.00276707
-0.000210724
0.00275883
-0.000201401
0.002751
-0.000191916
0.00274359
-0.000182337
0.0027366
-0.000172728
0.00273002
-0.00016315
0.00272384
-0.000153662
0.00271805
-0.000144316
0.00271265
-0.000135158
0.00270763
-0.000126229
0.00270296
-0.000117565
0.00269864
-0.000109196
0.00269465
-0.000101146
0.00269097
-9.34342e-05
0.00268759
-8.60754e-05
0.00268449
-7.90803e-05
0.00268166
-7.24558e-05
0.00267908
-6.62052e-05
0.00267673
-6.03292e-05
0.0026746
-5.48255e-05
0.00267267
-4.96894e-05
0.00267093
-4.49139e-05
0.00266937
-4.04899e-05
0.00266796
-3.64064e-05
0.0026667
-3.26505e-05
0.00266557
-2.92082e-05
0.00266457
-2.60642e-05
0.00266368
-2.3202e-05
0.00266288
-2.0605e-05
0.00266218
-1.82558e-05
0.00266156
-1.61372e-05
0.00266101
-1.42322e-05
0.00266053
-1.25239e-05
0.00266011
-1.09963e-05
0.00265974
-9.63391e-06
0.00265942
-8.42188e-06
0.00265914
-7.34644e-06
0.00265889
-6.3946e-06
0.00265868
-5.55402e-06
0.0026585
-4.81395e-06
0.00265834
-4.16322e-06
0.0026582
-3.59373e-06
0.00265808
-3.09447e-06
0.00265798
-2.66142e-06
0.00265789
-2.28108e-06
0.00265782
-1.95732e-06
0.00265775
-1.66754e-06
0.0026577
-1.43375e-06
0.00265765
-1.20721e-06
0.00265761
-1.05543e-06
-8.54105e-07
0.00278688
-0.000201986
0.00277856
-0.000193076
0.00277065
-0.000184007
0.00276316
-0.000174846
0.00275608
-0.000165654
0.00274942
-0.000156489
0.00274317
-0.000147407
0.00273731
-0.000138459
0.00273184
-0.000129688
0.00272675
-0.000121135
0.00272201
-0.000112834
0.00271763
-0.000104813
0.00271358
-9.70962e-05
0.00270985
-8.97021e-05
0.00270642
-8.2645e-05
0.00270327
-7.59353e-05
0.0027004
-6.95799e-05
0.00269778
-6.35822e-05
0.00269539
-5.79429e-05
0.00269322
-5.26602e-05
0.00269126
-4.77297e-05
0.0026895
-4.31448e-05
0.0026879
-3.88969e-05
0.00268647
-3.49755e-05
0.00268519
-3.13684e-05
0.00268404
-2.80623e-05
0.00268302
-2.50424e-05
0.00268211
-2.22931e-05
0.00268131
-1.97983e-05
0.00268059
-1.75415e-05
0.00267996
-1.55062e-05
0.0026794
-1.36759e-05
0.00267891
-1.20346e-05
0.00267849
-1.05669e-05
0.00267811
-9.25783e-06
0.00267778
-8.09324e-06
0.00267749
-7.05986e-06
0.00267724
-6.14521e-06
0.00267703
-5.33749e-06
0.00267684
-4.6263e-06
0.00267668
-4.00099e-06
0.00267654
-3.45368e-06
0.00267642
-2.97395e-06
0.00267631
-2.55771e-06
0.00267623
-2.1923e-06
0.00267615
-1.88101e-06
0.00267608
-1.60274e-06
0.00267603
-1.37774e-06
0.00267598
-1.16043e-06
0.00267594
-1.01401e-06
-8.21085e-07
0.00280681
-0.000193164
0.0027984
-0.000184666
0.00279041
-0.000176016
0.00278284
-0.000167274
0.00277568
-0.0001585
0.00276894
-0.00014975
0.00276261
-0.000141077
0.00275668
-0.000132529
0.00275114
-0.000124148
0.00274598
-0.000115974
0.00274119
-0.000108039
0.00273674
-0.000100369
0.00273264
-9.29891e-05
0.00272885
-8.5916e-05
0.00272537
-7.91639e-05
0.00272218
-7.2743e-05
0.00271926
-6.666e-05
0.00271659
-6.09184e-05
0.00271417
-5.55191e-05
0.00271197
-5.04605e-05
0.00270998
-4.57384e-05
0.00270818
-4.13469e-05
0.00270656
-3.72777e-05
0.00270511
-3.35209e-05
0.0027038
-3.0065e-05
0.00270264
-2.68971e-05
0.0027016
-2.40033e-05
0.00270068
-2.13687e-05
0.00269985
-1.89778e-05
0.00269913
-1.6815e-05
0.00269849
-1.48642e-05
0.00269792
-1.311e-05
0.00269742
-1.15369e-05
0.00269699
-1.013e-05
0.0026966
-8.87519e-06
0.00269627
-7.75883e-06
0.00269598
-6.76824e-06
0.00269572
-5.89144e-06
0.0026955
-5.11713e-06
0.00269531
-4.43533e-06
0.00269515
-3.83588e-06
0.002695
-3.31116e-06
0.00269488
-2.85129e-06
0.00269478
-2.45216e-06
0.00269469
-2.10194e-06
0.00269461
-1.80334e-06
0.00269454
-1.53677e-06
0.00269449
-1.32075e-06
0.00269444
-1.1128e-06
0.0026944
-9.71877e-07
-7.87458e-07
0.00282685
-0.000184258
0.00281836
-0.000176174
0.00281028
-0.000167942
0.00280263
-0.000159621
0.0027954
-0.000151267
0.00278858
-0.000142934
0.00278218
-0.000134672
0.00277618
-0.000126527
0.00277057
-0.00011854
0.00276534
-0.000110747
0.00276048
-0.00010318
0.00275598
-9.58655e-05
0.00275181
-8.88252e-05
0.00274797
-8.20764e-05
0.00274444
-7.56327e-05
0.0027412
-6.95039e-05
0.00273824
-6.36965e-05
0.00273554
-5.82143e-05
0.00273308
-5.30581e-05
0.00273084
-4.82265e-05
0.00272882
-4.37158e-05
0.00272699
-3.95204e-05
0.00272535
-3.56325e-05
0.00272387
-3.20428e-05
0.00272254
-2.87403e-05
0.00272136
-2.57129e-05
0.0027203
-2.29471e-05
0.00271936
-2.0429e-05
0.00271853
-1.81437e-05
0.00271779
-1.60763e-05
0.00271714
-1.42115e-05
0.00271656
-1.25346e-05
0.00271606
-1.10307e-05
0.00271561
-9.68566e-06
0.00271522
-8.48603e-06
0.00271488
-7.41872e-06
0.00271459
-6.47163e-06
0.00271433
-5.63331e-06
0.0027141
-4.89298e-06
0.00271391
-4.24107e-06
0.00271374
-3.66793e-06
0.0027136
-3.16617e-06
0.00271347
-2.7265e-06
0.00271337
-2.34479e-06
0.00271327
-2.01001e-06
0.00271319
-1.72434e-06
0.00271313
-1.46964e-06
0.00271307
-1.26278e-06
0.00271302
-1.06433e-06
0.00271298
-9.29038e-07
-7.53229e-07
0.002847
-0.000175268
0.00283843
-0.000167599
0.00283028
-0.000159788
0.00282254
-0.000151889
0.00281523
-0.000143957
0.00280834
-0.000136042
0.00280186
-0.000128193
0.00279579
-0.000120453
0.00279011
-0.000112862
0.00278482
-0.000105454
0.0027799
-9.82588e-05
0.00277533
-9.13022e-05
0.00277111
-8.4605e-05
0.00276722
-7.81839e-05
0.00276364
-7.20519e-05
0.00276035
-6.62184e-05
0.00275735
-6.069e-05
0.0027546
-5.54703e-05
0.00275211
-5.05602e-05
0.00274984
-4.59587e-05
0.00274778
-4.16623e-05
0.00274593
-3.76657e-05
0.00274426
-3.39617e-05
0.00274276
-3.05414e-05
0.00274141
-2.73946e-05
0.00274021
-2.45097e-05
0.00273914
-2.1874e-05
0.00273818
-1.94742e-05
0.00273733
-1.72961e-05
0.00273658
-1.53256e-05
0.00273592
-1.35482e-05
0.00273533
-1.19497e-05
0.00273482
-1.05161e-05
0.00273437
-9.23401e-06
0.00273397
-8.09043e-06
0.00273363
-7.07297e-06
0.00273332
-6.17009e-06
0.00273306
-5.37088e-06
0.00273283
-4.66509e-06
0.00273264
-4.04357e-06
0.00273247
-3.49716e-06
0.00273232
-3.01876e-06
0.00273219
-2.59961e-06
0.00273208
-2.23562e-06
0.00273199
-1.91653e-06
0.00273191
-1.64401e-06
0.00273184
-1.40138e-06
0.00273178
-1.20384e-06
0.00273173
-1.01502e-06
0.00273169
-8.85501e-07
-7.18404e-07
0.00286727
-0.000166196
0.00285862
-0.000158943
0.00285038
-0.000151552
0.00284257
-0.000144077
0.00283518
-0.000136569
0.00282821
-0.000129075
0.00282166
-0.000121641
0.00281552
-0.000114309
0.00280977
-0.000107117
0.00280441
-0.000100096
0.00279943
-9.32757e-05
0.00279481
-8.66802e-05
0.00279053
-8.03293e-05
0.00278659
-7.4239e-05
0.00278296
-6.84219e-05
0.00277963
-6.28872e-05
0.00277658
-5.76409e-05
0.00277379
-5.26868e-05
0.00277126
-4.8026e-05
0.00276896
-4.36575e-05
0.00276687
-3.95782e-05
0.00276499
-3.57831e-05
0.0027633
-3.22655e-05
0.00276177
-2.90172e-05
0.00276041
-2.60283e-05
0.00275918
-2.32879e-05
0.00275809
-2.07842e-05
0.00275712
-1.85043e-05
0.00275626
-1.64351e-05
0.0027555
-1.4563e-05
0.00275483
-1.28743e-05
0.00275423
-1.13555e-05
0.00275371
-9.99338e-06
0.00275325
-8.77512e-06
0.00275285
-7.68847e-06
0.0027525
-6.72164e-06
0.00275219
-5.86368e-06
0.00275192
-5.1042e-06
0.00275169
-4.43351e-06
0.00275149
-3.84285e-06
0.00275132
-3.32361e-06
0.00275117
-2.86894e-06
0.00275104
-2.47065e-06
0.00275093
-2.12466e-06
0.00275083
-1.82151e-06
0.00275075
-1.56238e-06
0.00275068
-1.33198e-06
0.00275062
-1.14396e-06
0.00275057
-9.64884e-07
0.00275053
-8.41277e-07
-6.82989e-07
0.00288765
-0.000157043
0.00287891
-0.000150205
0.0028706
-0.000143237
0.00286271
-0.000136187
0.00285524
-0.000129104
0.0028482
-0.000122033
0.00284158
-0.000115017
0.00283536
-0.000108096
0.00282955
-0.000101304
0.00282413
-9.46738e-05
0.00281909
-8.82314e-05
0.00281441
-8.2e-05
0.00281008
-7.59987e-05
0.00280608
-7.02425e-05
0.0028024
-6.47436e-05
0.00279902
-5.95107e-05
0.00279593
-5.45498e-05
0.00279311
-4.98644e-05
0.00279054
-4.54559e-05
0.00278821
-4.13233e-05
0.00278609
-3.74639e-05
0.00278418
-3.3873e-05
0.00278246
-3.05443e-05
0.00278091
-2.74702e-05
0.00277953
-2.46415e-05
0.00277829
-2.20478e-05
0.00277718
-1.96779e-05
0.0027762
-1.75198e-05
0.00277532
-1.5561e-05
0.00277455
-1.37887e-05
0.00277386
-1.219e-05
0.00277326
-1.07521e-05
0.00277273
-9.46252e-06
0.00277226
-8.30908e-06
0.00277185
-7.28024e-06
0.0027715
-6.36481e-06
0.00277119
-5.55246e-06
0.00277092
-4.83333e-06
0.00277068
-4.19827e-06
0.00277048
-3.63897e-06
0.0027703
-3.14732e-06
0.00277015
-2.71676e-06
0.00277002
-2.33965e-06
0.0027699
-2.01196e-06
0.00276981
-1.72498e-06
0.00276972
-1.47945e-06
0.00276965
-1.26147e-06
0.00276959
-1.08314e-06
0.00276954
-9.13934e-07
0.0027695
-7.96376e-07
-6.46992e-07
0.00290814
-0.000147808
0.00289933
-0.000141388
0.00289093
-0.000134843
0.00288297
-0.00012822
0.00287542
-0.000121563
0.00286831
-0.000114917
0.00286161
-0.000108322
0.00285533
-0.000101813
0.00284945
-9.54257e-05
0.00284397
-8.91884e-05
0.00283886
-8.31268e-05
0.00283413
-7.72626e-05
0.00282974
-7.16139e-05
0.00282569
-6.61951e-05
0.00282197
-6.10175e-05
0.00281855
-5.60896e-05
0.00281541
-5.14172e-05
0.00281255
-4.70037e-05
0.00280995
-4.28504e-05
0.00280758
-3.89566e-05
0.00280544
-3.53198e-05
0.0028035
-3.19357e-05
0.00280175
-2.87985e-05
0.00280018
-2.5901e-05
0.00279878
-2.32345e-05
0.00279752
-2.07894e-05
0.0027964
-1.85553e-05
0.0027954
-1.65207e-05
0.00279451
-1.46739e-05
0.00279372
-1.30029e-05
0.00279303
-1.14955e-05
0.00279242
-1.01397e-05
0.00279188
-8.92366e-06
0.00279141
-7.83601e-06
0.00279099
-6.86582e-06
0.00279063
-6.00257e-06
0.00279031
-5.2365e-06
0.00279004
-4.55833e-06
0.0027898
-3.95945e-06
0.00278959
-3.43198e-06
0.00278941
-2.96833e-06
0.00278926
-2.56224e-06
0.00278913
-2.20663e-06
0.00278901
-1.89752e-06
0.00278891
-1.62695e-06
0.00278883
-1.39526e-06
0.00278876
-1.18987e-06
0.0027887
-1.0214e-06
0.00278864
-8.62179e-07
0.0027886
-7.50811e-07
-6.1042e-07
0.00292875
-0.000138494
0.00291985
-0.000132491
0.00291138
-0.000126371
0.00290334
-0.000120176
0.00289572
-0.000113948
0.00288853
-0.000107729
0.00288177
-0.000101555
0.00287542
-9.54627e-05
0.00286947
-8.94818e-05
0.00286392
-8.36404e-05
0.00285876
-7.79626e-05
0.00285397
-7.24688e-05
0.00284953
-6.71758e-05
0.00284543
-6.20974e-05
0.00284166
-5.72444e-05
0.00283819
-5.26246e-05
0.00283502
-4.82438e-05
0.00283212
-4.41052e-05
0.00282948
-4.02101e-05
0.00282708
-3.65579e-05
0.00282491
-3.31465e-05
0.00282294
-2.99718e-05
0.00282117
-2.70284e-05
0.00281958
-2.43097e-05
0.00281816
-2.18077e-05
0.00281688
-1.95133e-05
0.00281574
-1.74167e-05
0.00281473
-1.55072e-05
0.00281383
-1.3774e-05
0.00281303
-1.22057e-05
0.00281233
-1.07909e-05
0.00281171
-9.51831e-06
0.00281116
-8.37694e-06
0.00281068
-7.35602e-06
0.00281026
-6.44533e-06
0.00280989
-5.63501e-06
0.00280957
-4.91589e-06
0.00280929
-4.27928e-06
0.00280905
-3.71709e-06
0.00280884
-3.22192e-06
0.00280866
-2.78668e-06
0.0028085
-2.40543e-06
0.00280836
-2.07164e-06
0.00280825
-1.78138e-06
0.00280815
-1.52747e-06
0.00280806
-1.30982e-06
0.00280799
-1.11718e-06
0.00280793
-9.58763e-07
0.00280788
-8.09632e-07
0.00280783
-7.04594e-07
-5.73282e-07
0.00294947
0.00294049
-0.000123516
0.00293194
-0.000117821
0.00292382
-0.000112056
0.00291613
-0.000106259
0.00290887
-0.000100469
0.00290204
-9.47198e-05
0.00289562
-8.90451e-05
0.00288961
-8.34735e-05
0.002884
-7.80309e-05
0.00287878
-7.27398e-05
0.00287393
-6.76192e-05
0.00286944
-6.26851e-05
0.00286529
-5.79503e-05
0.00286147
-5.34249e-05
0.00285796
-4.91165e-05
0.00285475
-4.50303e-05
0.00285182
-4.11695e-05
0.00284914
-3.75355e-05
0.00284671
-3.41278e-05
0.00284451
-3.09443e-05
0.00284252
-2.79816e-05
0.00284072
-2.52345e-05
0.00283911
-2.26969e-05
0.00283767
-2.03614e-05
0.00283637
-1.82196e-05
0.00283522
-1.62624e-05
0.00283419
-1.44798e-05
0.00283328
-1.28616e-05
0.00283247
-1.13974e-05
0.00283175
-1.00764e-05
0.00283112
-8.88822e-06
0.00283057
-7.82251e-06
0.00283008
-6.86924e-06
0.00282966
-6.01887e-06
0.00282928
-5.26222e-06
0.00282896
-4.59072e-06
0.00282868
-3.99624e-06
0.00282843
-3.47127e-06
0.00282822
-3.00885e-06
0.00282803
-2.60243e-06
0.00282787
-2.24637e-06
0.00282774
-1.9347e-06
0.00282762
-1.66358e-06
0.00282752
-1.42654e-06
0.00282743
-1.22317e-06
0.00282736
-1.04344e-06
0.00282729
-8.95235e-07
0.00282724
-7.56307e-07
0.00282719
-6.5774e-07
-5.35586e-07
0.00296125
-0.000114463
0.00295262
-0.000109195
0.00294442
-0.000103861
0.00293666
-9.84965e-05
0.00292933
-9.31372e-05
0.00292243
-8.78155e-05
0.00291594
-8.25613e-05
0.00290987
-7.74017e-05
0.0029042
-7.23607e-05
0.00289892
-6.74593e-05
0.00289402
-6.2715e-05
0.00288947
-5.81428e-05
0.00288528
-5.37547e-05
0.00288141
-4.956e-05
0.00287786
-4.55659e-05
0.00287461
-4.17773e-05
0.00287164
-3.81973e-05
0.00286893
-3.48273e-05
0.00286647
-3.16667e-05
0.00286424
-2.87139e-05
0.00286222
-2.59656e-05
0.0028604
-2.34172e-05
0.00285877
-2.1063e-05
0.0028573
-1.88961e-05
0.00285599
-1.69088e-05
0.00285482
-1.50927e-05
0.00285378
-1.34385e-05
0.00285286
-1.19369e-05
0.00285204
-1.05781e-05
0.00285132
-9.35225e-06
0.00285068
-8.24957e-06
0.00285011
-7.26051e-06
0.00284962
-6.3758e-06
0.00284919
-5.58657e-06
0.00284881
-4.88431e-06
0.00284848
-4.26107e-06
0.00284819
-3.7093e-06
0.00284794
-3.22205e-06
0.00284773
-2.79284e-06
0.00284754
-2.41563e-06
0.00284738
-2.08511e-06
0.00284724
-1.79585e-06
0.00284712
-1.54415e-06
0.00284702
-1.32421e-06
0.00284693
-1.13531e-06
0.00284686
-9.68657e-07
0.00284679
-8.30841e-07
0.00284674
-7.02219e-07
0.00284669
-6.10265e-07
-4.97344e-07
0.00298211
-0.000105332
0.00297341
-0.000100493
0.00296514
-9.55916e-05
0.00295731
-9.0662e-05
0.0029499
-8.57359e-05
0.00294293
-8.08435e-05
0.00293638
-7.60124e-05
0.00293025
-7.12675e-05
0.00292452
-6.66309e-05
0.00291918
-6.2122e-05
0.00291422
-5.77571e-05
0.00290963
-5.35498e-05
0.00290539
-4.95113e-05
0.00290148
-4.56504e-05
0.00289789
-4.19737e-05
0.00289459
-3.84857e-05
0.00289159
-3.51894e-05
0.00288885
-3.20861e-05
0.00288635
-2.91755e-05
0.0028841
-2.64559e-05
0.00288205
-2.39245e-05
0.00288021
-2.1577e-05
0.00287856
-1.94083e-05
0.00287708
-1.7412e-05
0.00287575
-1.55812e-05
0.00287456
-1.39079e-05
0.00287351
-1.23838e-05
0.00287257
-1.10003e-05
0.00287174
-9.74821e-06
0.00287101
-8.61862e-06
0.00287036
-7.60253e-06
0.00286979
-6.69112e-06
0.00286929
-5.87585e-06
0.00286885
-5.14856e-06
0.00286847
-4.50139e-06
0.00286814
-3.92704e-06
0.00286785
-3.41855e-06
0.00286759
-2.96952e-06
0.00286737
-2.57395e-06
0.00286719
-2.22633e-06
0.00286702
-1.9217e-06
0.00286688
-1.65515e-06
0.00286676
-1.42312e-06
0.00286666
-1.22049e-06
0.00286657
-1.04629e-06
0.00286649
-8.92859e-07
0.00286643
-7.65601e-07
0.00286637
-6.47383e-07
0.00286632
-5.62183e-07
-4.58565e-07
0.00300309
-9.6125e-05
0.00299431
-9.17158e-05
0.00298597
-8.72494e-05
0.00297806
-8.27562e-05
0.00297059
-7.82655e-05
0.00296356
-7.38048e-05
0.00295694
-6.93993e-05
0.00295075
-6.50718e-05
0.00294496
-6.08425e-05
0.00293957
-5.6729e-05
0.00293455
-5.27463e-05
0.00292991
-4.8907e-05
0.00292562
-4.52213e-05
0.00292167
-4.16972e-05
0.00291804
-3.83407e-05
0.00291471
-3.51563e-05
0.00291166
-3.21466e-05
0.00290889
-2.93127e-05
0.00290637
-2.66547e-05
0.00290408
-2.41709e-05
0.00290202
-2.18587e-05
0.00290016
-1.97145e-05
0.00289848
-1.77334e-05
0.00289698
-1.59097e-05
0.00289563
-1.42371e-05
0.00289444
-1.27084e-05
0.00289337
-1.1316e-05
0.00289242
-1.00518e-05
0.00289158
-8.90786e-06
0.00289084
-7.87575e-06
0.00289018
-6.94731e-06
0.0028896
-6.11452e-06
0.0028891
-5.36955e-06
0.00288865
-4.70497e-06
0.00288827
-4.11359e-06
0.00288793
-3.58875e-06
0.00288763
-3.12408e-06
0.00288738
-2.71374e-06
0.00288716
-2.35225e-06
0.00288696
-2.03459e-06
0.0028868
-1.75619e-06
0.00288666
-1.51263e-06
0.00288653
-1.30054e-06
0.00288643
-1.11544e-06
0.00288634
-9.56124e-07
0.00288626
-8.16069e-07
0.0028862
-6.99538e-07
0.00288614
-5.91817e-07
0.00288609
-5.13513e-07
-4.19261e-07
0.00302418
-8.68421e-05
0.00301533
-8.28646e-05
0.00300692
-7.88347e-05
0.00299894
-7.478e-05
0.0029914
-7.0727e-05
0.0029843
-6.67005e-05
0.00297762
-6.27232e-05
0.00297136
-5.88158e-05
0.00296552
-5.49965e-05
0.00296007
-5.12814e-05
0.00295501
-4.76839e-05
0.00295032
-4.42156e-05
0.00294598
-4.08855e-05
0.00294199
-3.77011e-05
0.00293831
-3.46679e-05
0.00293495
-3.17899e-05
0.00293187
-2.90695e-05
0.00292906
-2.65079e-05
0.00292651
-2.4105e-05
0.0029242
-2.18594e-05
0.00292211
-1.97689e-05
0.00292023
-1.78301e-05
0.00291853
-1.60387e-05
0.00291701
-1.43896e-05
0.00291565
-1.28771e-05
0.00291444
-1.14946e-05
0.00291336
-1.02353e-05
0.0029124
-9.09201e-06
0.00291155
-8.05736e-06
0.0029108
-7.12387e-06
0.00291013
-6.28414e-06
0.00290955
-5.53089e-06
0.00290904
-4.85707e-06
0.00290859
-4.25595e-06
0.0029082
-3.72103e-06
0.00290785
-3.2463e-06
0.00290756
-2.82598e-06
0.0029073
-2.45482e-06
0.00290707
-2.12782e-06
0.00290688
-1.84049e-06
0.00290671
-1.58863e-06
0.00290657
-1.36835e-06
0.00290644
-1.17644e-06
0.00290634
-1.00908e-06
0.00290625
-8.64853e-07
0.00290617
-7.38315e-07
0.0029061
-6.32675e-07
0.00290604
-5.35539e-07
0.002906
-4.64273e-07
-3.79446e-07
0.00304539
-7.74841e-05
0.00303646
-7.394e-05
0.00302797
-7.03486e-05
0.00301993
-6.67345e-05
0.00301232
-6.31215e-05
0.00300515
-5.95316e-05
0.00299842
-5.59852e-05
0.0029921
-5.25006e-05
0.0029862
-4.90942e-05
0.0029807
-4.57803e-05
0.00297559
-4.2571e-05
0.00297085
-3.94765e-05
0.00296647
-3.65051e-05
0.00296243
-3.36634e-05
0.00295872
-3.09563e-05
0.00295531
-2.83875e-05
0.0029522
-2.59592e-05
0.00294937
-2.36725e-05
0.00294679
-2.15272e-05
0.00294445
-1.95223e-05
0.00294234
-1.76557e-05
0.00294043
-1.59245e-05
0.00293872
-1.43249e-05
0.00293718
-1.28522e-05
0.00293581
-1.15015e-05
0.00293458
-1.02668e-05
0.00293349
-9.14215e-06
0.00293252
-8.12108e-06
0.00293166
-7.197e-06
0.00293089
-6.36325e-06
0.00293022
-5.61323e-06
0.00292963
-4.94044e-06
0.00292911
-4.33858e-06
0.00292866
-3.80166e-06
0.00292826
-3.32386e-06
0.00292792
-2.89982e-06
0.00292762
-2.52437e-06
0.00292735
-2.19284e-06
0.00292713
-1.90074e-06
0.00292693
-1.64409e-06
0.00292676
-1.41909e-06
0.00292661
-1.22235e-06
0.00292649
-1.05088e-06
0.00292638
-9.01444e-07
0.00292629
-7.72509e-07
0.00292621
-6.59623e-07
0.00292614
-5.65037e-07
0.00292609
-4.78568e-07
0.00292604
-4.14483e-07
-3.39131e-07
0.0030667
-6.80517e-05
0.0030577
-6.49427e-05
0.00304915
-6.17918e-05
0.00304103
-5.86207e-05
0.00303336
-5.54501e-05
0.00302613
-5.22993e-05
0.00301933
-4.91863e-05
0.00301296
-4.61273e-05
0.003007
-4.31366e-05
0.00300145
-4.02268e-05
0.00299628
-3.74086e-05
0.0029915
-3.46909e-05
0.00298708
-3.20811e-05
0.002983
-2.95849e-05
0.00297925
-2.72069e-05
0.00297581
-2.49501e-05
0.00297267
-2.28165e-05
0.0029698
-2.08072e-05
0.0029672
-1.89221e-05
0.00296483
-1.71603e-05
0.0029627
-1.55199e-05
0.00296077
-1.39984e-05
0.00295904
-1.25924e-05
0.00295749
-1.12981e-05
0.0029561
-1.01108e-05
0.00295485
-9.02554e-06
0.00295375
-8.03695e-06
0.00295277
-7.1394e-06
0.0029519
-6.32708e-06
0.00295113
-5.59416e-06
0.00295045
-4.93483e-06
0.00294985
-4.34338e-06
0.00294933
-3.81429e-06
0.00294887
-3.34227e-06
0.00294847
-2.92222e-06
0.00294812
-2.54944e-06
0.00294781
-2.21936e-06
0.00294755
-1.9279e-06
0.00294732
-1.67109e-06
0.00294712
-1.44547e-06
0.00294695
-1.24763e-06
0.0029468
-1.0747e-06
0.00294667
-9.23896e-07
0.00294656
-7.92584e-07
0.00294647
-6.79125e-07
0.00294639
-5.80023e-07
0.00294632
-4.96652e-07
0.00294626
-4.20924e-07
0.00294621
-3.64163e-07
-2.98331e-07
0.00308813
-5.85456e-05
0.00307906
-5.58737e-05
0.00307043
-5.31654e-05
0.00306225
-5.04395e-05
0.00305452
-4.77137e-05
0.00304722
-4.50047e-05
0.00304036
-4.23279e-05
0.00303393
-3.96972e-05
0.00302792
-3.71251e-05
0.00302232
-3.46223e-05
0.00301711
-3.2198e-05
0.00301228
-2.98601e-05
0.00300781
-2.76147e-05
0.00300369
-2.5467e-05
0.00299991
-2.34207e-05
0.00299643
-2.14786e-05
0.00299326
-1.96425e-05
0.00299037
-1.79131e-05
0.00298773
-1.62906e-05
0.00298535
-1.47741e-05
0.00298319
-1.33621e-05
0.00298124
-1.20523e-05
0.00297949
-1.0842e-05
0.00297792
-9.72771e-06
0.00297652
-8.70555e-06
0.00297526
-7.77122e-06
0.00297415
-6.92009e-06
0.00297316
-6.14733e-06
0.00297228
-5.44793e-06
0.0029715
-4.81689e-06
0.00297081
-4.2492e-06
0.00297021
-3.73995e-06
0.00296968
-3.28438e-06
0.00296922
-2.87796e-06
0.00296881
-2.51627e-06
0.00296846
-2.19529e-06
0.00296815
-1.91107e-06
0.00296788
-1.66011e-06
0.00296765
-1.43896e-06
0.00296745
-1.2447e-06
0.00296727
-1.07433e-06
0.00296712
-9.25442e-07
0.002967
-7.95544e-07
0.00296689
-6.82538e-07
0.00296679
-5.84742e-07
0.00296671
-4.99547e-07
0.00296664
-4.27547e-07
0.00296658
-3.62629e-07
0.00296653
-3.13337e-07
-2.57061e-07
0.00310967
-4.89664e-05
0.00310053
-4.67337e-05
0.00309183
-4.44704e-05
0.00308359
-4.2192e-05
0.00307579
-3.99136e-05
0.00306843
-3.7649e-05
0.00306151
-3.54111e-05
0.00305503
-3.32117e-05
0.00304896
-3.10609e-05
0.00304331
-2.8968e-05
0.00303805
-2.69406e-05
0.00303318
-2.49852e-05
0.00302867
-2.31072e-05
0.00302451
-2.13107e-05
0.00302069
-1.95989e-05
0.00301719
-1.79742e-05
0.00301398
-1.6438e-05
0.00301106
-1.49911e-05
0.0030084
-1.36336e-05
0.003006
-1.23646e-05
0.00300382
-1.11831e-05
0.00300185
-1.0087e-05
0.00300008
-9.0742e-06
0.0029985
-8.1417e-06
0.00299708
-7.28627e-06
0.00299581
-6.50433e-06
0.00299468
-5.79201e-06
0.00299368
-5.14525e-06
0.00299279
-4.5599e-06
0.00299201
-4.03175e-06
0.00299132
-3.55661e-06
0.00299071
-3.13039e-06
0.00299017
-2.74908e-06
0.0029897
-2.40891e-06
0.00298929
-2.10618e-06
0.00298893
-1.83752e-06
0.00298862
-1.59962e-06
0.00298835
-1.38957e-06
0.00298812
-1.20446e-06
0.00298791
-1.04187e-06
0.00298774
-8.99241e-07
0.00298759
-7.7465e-07
0.00298746
-6.65878e-07
0.00298735
-5.71353e-07
0.00298725
-4.89397e-07
0.00298717
-4.18227e-07
0.0029871
-3.57753e-07
0.00298704
-3.03707e-07
0.00298699
-2.62027e-07
-2.15337e-07
0.00313132
-3.93149e-05
0.00312211
-3.75236e-05
0.00311335
-3.57076e-05
0.00310504
-3.38794e-05
0.00309717
-3.20509e-05
0.00308976
-3.02335e-05
0.00308278
-2.84373e-05
0.00307624
-2.66719e-05
0.00307013
-2.49455e-05
0.00306443
-2.32653e-05
0.00305912
-2.16377e-05
0.0030542
-2.00677e-05
0.00304966
-1.85598e-05
0.00304546
-1.71172e-05
0.00304161
-1.57427e-05
0.00303807
-1.4438e-05
0.00303484
-1.32043e-05
0.00303189
-1.20423e-05
0.00302921
-1.09519e-05
0.00302678
-9.93271e-06
0.00302458
-8.98366e-06
0.00302259
-8.1033e-06
0.00302081
-7.28973e-06
0.00301921
-6.54067e-06
0.00301777
-5.85351e-06
0.00301649
-5.22537e-06
0.00301536
-4.65315e-06
0.00301434
-4.13359e-06
0.00301345
-3.66336e-06
0.00301266
-3.23907e-06
0.00301196
-2.85736e-06
0.00301134
-2.51494e-06
0.0030108
-2.20862e-06
0.00301033
-1.93533e-06
0.00300991
-1.69212e-06
0.00300955
-1.47628e-06
0.00300924
-1.28515e-06
0.00300896
-1.1164e-06
0.00300873
-9.67673e-07
0.00300852
-8.3706e-07
0.00300835
-7.22455e-07
0.00300819
-6.22387e-07
0.00300806
-5.34953e-07
0.00300795
-4.59077e-07
0.00300785
-3.93134e-07
0.00300777
-3.36099e-07
0.0030077
-2.87301e-07
0.00300764
-2.44182e-07
0.00300759
-2.10259e-07
-1.73176e-07
0.00315308
-2.95917e-05
0.0031438
-2.82442e-05
0.00313497
-2.68781e-05
0.0031266
-2.55026e-05
0.00311867
-2.41269e-05
0.0031112
-2.27594e-05
0.00310417
-2.14079e-05
0.00309758
-2.00793e-05
0.00309141
-1.87801e-05
0.00308566
-1.75156e-05
0.00308031
-1.62906e-05
0.00307536
-1.5109e-05
0.00307077
-1.39739e-05
0.00306654
-1.28881e-05
0.00306265
-1.18533e-05
0.00305908
-1.08711e-05
0.00305582
-9.9424e-06
0.00305285
-9.06756e-06
0.00305014
-8.24665e-06
0.00304769
-7.4793e-06
0.00304547
-6.76474e-06
0.00304347
-6.10188e-06
0.00304167
-5.4893e-06
0.00304005
-4.92529e-06
0.00303861
-4.40787e-06
0.00303732
-3.93489e-06
0.00303617
-3.50401e-06
0.00303515
-3.11277e-06
0.00303424
-2.75868e-06
0.00303344
-2.43918e-06
0.00303274
-2.15174e-06
0.00303212
-1.89389e-06
0.00303157
-1.66322e-06
0.00303109
-1.45742e-06
0.00303067
-1.27427e-06
0.00303031
-1.11173e-06
0.00302999
-9.67799e-07
0.00302972
-8.40728e-07
0.00302948
-7.28718e-07
0.00302927
-6.30374e-07
0.00302909
-5.44047e-07
0.00302894
-4.68722e-07
0.00302881
-4.0283e-07
0.00302869
-3.45761e-07
0.0030286
-2.95997e-07
0.00302851
-2.53199e-07
0.00302844
-2.16225e-07
0.00302838
-1.84078e-07
0.00302833
-1.58059e-07
-1.30595e-07
0.00317495
-1.97977e-05
0.00316561
-1.88965e-05
0.00315671
-1.79829e-05
0.00314827
-1.7063e-05
0.00314029
-1.61429e-05
0.00313276
-1.52282e-05
0.00312567
-1.43241e-05
0.00311903
-1.34355e-05
0.00311281
-1.25663e-05
0.00310702
-1.17205e-05
0.00310163
-1.09009e-05
0.00309663
-1.01104e-05
0.00309201
-9.351e-06
0.00308774
-8.62449e-06
0.00308382
-7.93217e-06
0.00308023
-7.27498e-06
0.00307694
-6.65354e-06
0.00307394
-6.06815e-06
0.00307121
-5.51884e-06
0.00306874
-5.00535e-06
0.0030665
-4.52719e-06
0.00306448
-4.08361e-06
0.00306267
-3.67367e-06
0.00306104
-3.29623e-06
0.00305958
-2.94996e-06
0.00305828
-2.63343e-06
0.00305712
-2.34507e-06
0.00305609
-2.08325e-06
0.00305518
-1.84627e-06
0.00305437
-1.63245e-06
0.00305366
-1.44008e-06
0.00305303
-1.26752e-06
0.00305248
-1.11313e-06
0.003052
-9.75406e-07
0.00305158
-8.5283e-07
0.00305121
-7.44054e-07
0.00305089
-6.47718e-07
0.00305061
-5.62681e-07
0.00305037
-4.87706e-07
0.00305016
-4.21903e-07
0.00304998
-3.64103e-07
0.00304983
-3.13726e-07
0.00304969
-2.69573e-07
0.00304958
-2.31458e-07
0.00304948
-1.98033e-07
0.0030494
-1.69565e-07
0.00304933
-1.44561e-07
0.00304927
-1.23422e-07
0.00304921
-1.05456e-07
-8.76118e-08
0.00319693
-9.93351e-06
0.00318752
-9.48148e-06
0.00317856
-9.02316e-06
0.00317006
-8.56169e-06
0.00316202
-8.1001e-06
0.00315443
-7.64122e-06
0.00314729
-7.18767e-06
0.0031406
-6.74182e-06
0.00313434
-6.30577e-06
0.0031285
-5.88137e-06
0.00312307
-5.47018e-06
0.00311803
-5.07353e-06
0.00311337
-4.6925e-06
0.00310908
-4.32796e-06
0.00310513
-3.98057e-06
0.0031015
-3.6508e-06
0.00309819
-3.33897e-06
0.00309516
-3.04522e-06
0.00309241
-2.76957e-06
0.00308992
-2.5119e-06
0.00308767
-2.27194e-06
0.00308563
-2.04935e-06
0.0030838
-1.84363e-06
0.00308216
-1.65421e-06
0.00308069
-1.48044e-06
0.00307938
-1.3216e-06
0.00307821
-1.17689e-06
0.00307717
-1.04549e-06
0.00307625
-9.26565e-07
0.00307544
-8.19257e-07
0.00307472
-7.22717e-07
0.00307409
-6.36116e-07
0.00307354
-5.58637e-07
0.00307305
-4.89519e-07
0.00307262
-4.28001e-07
0.00307225
-3.73415e-07
0.00307193
-3.25062e-07
0.00307165
-2.82395e-07
0.00307141
-2.44753e-07
0.0030712
-2.11751e-07
0.00307102
-1.8271e-07
0.00307086
-1.57478e-07
0.00307073
-1.35245e-07
0.00307061
-1.16226e-07
0.00307051
-9.92891e-08
0.00307043
-8.52412e-08
0.00307036
-7.23406e-08
0.00307029
-6.22473e-08
0.00307024
-5.24728e-08
-4.42493e-08
0.00321902
0.00320954
0.00320052
0.00319196
0.00318386
0.00317622
0.00316903
0.00316229
0.00315598
0.0031501
0.00314463
0.00313956
0.00313486
0.00313054
0.00312656
0.00312291
0.00311957
0.00311652
0.00311375
0.00311124
0.00310897
0.00310692
0.00310507
0.00310342
0.00310194
0.00310062
0.00309944
0.0030984
0.00309747
0.00309665
0.00309593
0.00309529
0.00309473
0.00309424
0.00309382
0.00309344
0.00309312
0.00309283
0.00309259
0.00309238
0.0030922
0.00309204
0.0030919
0.00309179
0.00309169
0.0030916
0.00309153
0.00309147
0.00309141
)
;

boundaryField
{
    inlet
    {
        type            calculated;
        value           nonuniform 0();
    }
    outlet
    {
        type            calculated;
        value           nonuniform List<scalar> 
52
(
0.00217732
0.00219233
0.00220745
0.00222268
0.00223801
0.00225344
0.00226899
0.00228463
0.00230039
0.00231626
0.00233223
0.00234832
0.00236451
0.00238082
0.00239724
0.00241378
0.00243042
0.00244719
0.00246406
0.00248106
0.00249817
0.0025154
0.00253275
0.00255021
0.0025678
0.00258551
0.00260334
0.0026213
0.00263938
0.00265758
0.00267591
0.00269436
0.00271294
0.00273165
0.00275049
0.00276946
0.00278856
0.00280779
0.00282716
0.00284665
0.00286629
0.00288605
0.00290596
0.002926
0.00294617
0.00296649
0.00298695
0.00300755
0.00302829
0.00304917
0.0030702
0.00309137
)
;
    }
    cylinder
    {
        type            calculated;
        value           nonuniform 0();
    }
    top
    {
        type            symmetryPlane;
        value           uniform 0;
    }
    bottom
    {
        type            symmetryPlane;
        value           nonuniform 0();
    }
    defaultFaces
    {
        type            empty;
        value           nonuniform 0();
    }
    procBoundary15to10
    {
        type            processor;
        value           nonuniform List<scalar> 3(-0.00226393 -0.0022807 -0.00229758);
    }
    procBoundary15to11
    {
        type            processor;
        value           nonuniform List<scalar> 
52
(
0.000164451
0.000150575
0.000137527
0.000125297
0.00011387
0.000103227
9.33462e-05
8.42014e-05
7.5765e-05
6.80069e-05
6.08952e-05
5.43966e-05
4.84769e-05
4.31008e-05
3.82333e-05
3.3839e-05
2.98831e-05
2.63317e-05
2.31521e-05
2.03126e-05
1.77845e-05
1.55363e-05
1.35442e-05
1.17832e-05
1.02289e-05
8.86253e-06
7.66047e-06
6.61156e-06
5.6891e-06
4.89452e-06
4.18949e-06
3.60044e-06
3.05764e-06
2.64158e-06
2.20688e-06
1.95284e-06
1.55895e-06
0.000423722
0.000402964
0.000382085
0.000361225
0.000340517
0.000320084
0.000300037
0.000280475
0.000261483
0.000243133
0.000225482
0.000208575
0.000192446
-0.00219452
0.000177116
)
;
    }
    procBoundary15to14
    {
        type            processor;
        value           nonuniform List<scalar> 
49
(
-0.00231458
-0.00233168
-0.0023489
-0.00236623
-0.00238366
-0.00240122
-0.00241888
-0.00243665
-0.00245454
-0.00247254
-0.00249065
-0.00250887
-0.0025272
-0.00254565
-0.0025642
-0.00258287
-0.00260165
-0.00262055
-0.00263955
-0.00265867
-0.00267789
-0.00269724
-0.00271669
-0.00273625
-0.00275593
-0.00277572
-0.00279562
-0.00281563
-0.00283576
-0.00285599
-0.00287634
-0.00289681
-0.00291738
-0.00293806
-0.00295886
-0.000129099
-0.0029703
-0.00299124
-0.0030123
-0.00303346
-0.00305474
-0.00307613
-0.00309764
-0.00311925
-0.00314097
-0.00316281
-0.00318475
-0.0032068
-0.00322896
)
;
    }
}


// ************************************************************************* //
