/*--------------------------------*- C++ -*----------------------------------*\
  =========                 |
  \\      /  F ield         | OpenFOAM: The Open Source CFD Toolbox
   \\    /   O peration     | Website:  https://openfoam.org
    \\  /    A nd           | Version:  7
     \\/     M anipulation  |
\*---------------------------------------------------------------------------*/
FoamFile
{
    version     2.0;
    format      ascii;
    class       volVectorField;
    location    "15";
    object      U;
}
// * * * * * * * * * * * * * * * * * * * * * * * * * * * * * * * * * * * * * //

dimensions      [0 1 -1 0 0 0 0];

internalField   nonuniform List<vector> 
2625
(
(1.13905 0.217299 -2.90562e-21)
(1.13271 0.236696 1.47508e-20)
(1.13244 0.217838 4.10913e-21)
(1.12533 0.257147 -1.08077e-20)
(1.12564 0.237196 -1.32034e-20)
(1.12579 0.218229 -1.29833e-20)
(1.11671 0.279089 -1.81298e-20)
(1.11779 0.25762 -8.78523e-21)
(1.11852 0.237531 1.18368e-21)
(1.11911 0.218472 5.32808e-21)
(1.11884 0.201837 -1.2935e-20)
(1.10669 0.302431 -1.52406e-20)
(1.10868 0.279554 1.31085e-20)
(1.11019 0.25791 -3.86205e-21)
(1.11136 0.237698 -2.87421e-20)
(1.1124 0.218565 2.7083e-20)
(1.11251 0.201901 7.47059e-22)
(1.09816 0.302912 2.35515e-22)
(1.10059 0.279813 3.24117e-21)
(1.10255 0.258015 1.57614e-20)
(1.10416 0.237698 2.53612e-20)
(1.10566 0.218506 -4.50611e-20)
(1.10618 0.201823 -2.48505e-20)
(1.08587 0.327607 -3.1385e-20)
(1.08957 0.303161 -2.45871e-20)
(1.09244 0.279866 1.50868e-20)
(1.09485 0.257934 1.64689e-20)
(1.09693 0.237529 3.02941e-21)
(1.09889 0.218293 3.42211e-20)
(1.09983 0.2016 2.36389e-20)
(1.07128 0.353403 -4.31896e-21)
(1.07677 0.327873 2.47356e-20)
(1.08091 0.303178 1.95672e-20)
(1.08425 0.279713 -2.56824e-20)
(1.08713 0.257667 -1.25422e-20)
(1.08967 0.23719 -4.30967e-20)
(1.09211 0.217927 -4.698e-20)
(1.09348 0.201232 -2.00849e-20)
(1.06165 0.353721 -8.64083e-21)
(1.06759 0.327876 -2.35481e-20)
(1.0722 0.302964 -9.89203e-21)
(1.07601 0.279352 4.03528e-21)
(1.07936 0.257214 1.22965e-20)
(1.08238 0.236681 7.82214e-20)
(1.0853 0.217405 5.70905e-21)
(1.08712 0.200715 -1.14932e-20)
(1.04347 0.380298 3.70909e-20)
(1.05194 0.353743 7.18964e-20)
(1.05835 0.327617 -2.35241e-20)
(1.06345 0.302516 2.85905e-20)
(1.06774 0.278785 -7.77946e-21)
(1.07158 0.256575 -2.2385e-20)
(1.07507 0.236001 4.03568e-20)
(1.07848 0.216726 4.41479e-20)
(1.08076 0.200046 -7.99056e-21)
(1.03322 0.380383 -5.08059e-21)
(1.04215 0.353466 -4.34216e-20)
(1.04906 0.327094 1.99797e-20)
(1.05466 0.301837 2.73584e-20)
(1.05945 0.27801 4.69105e-20)
(1.06377 0.25575 -8.13903e-20)
(1.06775 0.235149 -6.32406e-20)
(1.07165 0.21589 -8.13036e-21)
(1.07439 0.199224 2.00508e-20)
(1.01047 0.407143 -6.1358e-20)
(1.02288 0.380131 6.2216e-21)
(1.03231 0.352891 9.35621e-21)
(1.03973 0.326309 -1.77735e-20)
(1.04585 0.300924 -8.93187e-20)
(1.05115 0.277029 1.88185e-20)
(1.05595 0.254738 9.94945e-20)
(1.06041 0.234127 6.13729e-21)
(1.0648 0.214896 -4.9394e-20)
(1.06803 0.198244 2.78192e-20)
(0.999581 0.40697 7.27112e-20)
(1.01247 0.379539 -1.21797e-20)
(1.02242 0.352018 3.20451e-20)
(1.03038 0.32526 -6.16146e-21)
(1.03703 0.29978 3.98468e-20)
(1.04283 0.275841 -7.58394e-21)
(1.04812 0.253542 -3.97397e-21)
(1.05306 0.232934 2.32978e-20)
(1.05794 0.213745 8.75764e-20)
(1.06167 0.197103 1.3828e-20)
(0.971027 0.43299 -4.54129e-20)
(0.988597 0.406414 -3.89785e-20)
(1.00199 0.378609 -9.77707e-21)
(1.01249 0.350846 -2.56423e-20)
(1.02101 0.323949 4.11482e-20)
(1.0282 0.298403 -2.90873e-20)
(1.03452 0.274448 -5.64541e-20)
(1.0403 0.252161 -4.85272e-20)
(1.0457 0.231573 3.72791e-20)
(1.05106 0.212437 -1.06465e-19)
(1.05531 0.195797 4.08807e-20)
(0.959494 0.432534 3.97685e-20)
(0.977534 0.405474 -9.81565e-21)
(0.991472 0.377341 -1.94686e-20)
(1.00254 0.349376 -1.73003e-20)
(1.01163 0.322376 3.86311e-20)
(1.01938 0.296795 3.3326e-21)
(1.02622 0.272849 1.23755e-20)
(1.03248 0.250598 4.63534e-22)
(1.03834 0.230044 -1.27507e-21)
(1.04417 0.210975 -4.73222e-20)
(1.04894 0.194321 -5.9448e-20)
(0.947862 0.431646 8.2316e-20)
(0.96641 0.404151 -3.5308e-20)
(0.980919 0.375735 -3.73369e-20)
(0.992584 0.347609 1.86886e-20)
(1.00227 0.32054 -1.36275e-20)
(1.01057 0.294955 -7.30963e-21)
(1.01794 0.271046 -4.7731e-20)
(1.02467 0.248853 -2.54778e-20)
(1.03099 0.22835 -1.75029e-20)
(1.03726 0.20936 8.20124e-20)
(1.04256 0.19267 -2.53596e-20)
(0.911525 0.455682 2.63925e-20)
(0.936147 0.430326 -1.1348e-19)
(0.955241 0.402445 4.14478e-20)
(0.97035 0.373791 6.982e-20)
(0.982631 0.345546 1.04293e-20)
(0.992916 0.318443 -9.08452e-20)
(1.0018 0.292885 -9.44081e-21)
(1.00969 0.26904 -3.49498e-20)
(1.0169 0.246928 3.19062e-21)
(1.02365 0.226495 -2.24538e-20)
(1.03034 0.207597 8.60399e-20)
(1.03618 0.190839 -6.43297e-20)
(0.899263 0.454435 8.71118e-20)
(0.92437 0.428573 2.1605e-20)
(0.944043 0.400356 5.85806e-20)
(0.959777 0.371511 3.03846e-20)
(0.972693 0.343186 -1.04955e-21)
(0.983596 0.316086 6.23067e-20)
(0.993055 0.290586 -1.15124e-20)
(1.00147 0.266831 1.03765e-19)
(1.00915 0.244825 2.92574e-20)
(1.01633 0.224481 -5.98437e-20)
(1.0234 0.205691 -9.04972e-20)
(1.02976 0.18882 4.29583e-20)
(0.886918 0.452703 -1.01969e-19)
(0.91255 0.426388 -2.35774e-20)
(0.932833 0.397887 -1.68549e-20)
(0.949217 0.368896 -1.04314e-20)
(0.962784 0.340531 2.33693e-20)
(0.974315 0.313468 -6.10051e-20)
(0.98436 0.288056 6.10675e-21)
(0.99331 0.264421 -6.13358e-20)
(1.00145 0.242545 7.11757e-21)
(1.00904 0.222314 -5.43549e-20)
(1.01643 0.203649 -8.38592e-20)
(1.02332 0.186607 3.24418e-20)
(0.841174 0.472827 8.85607e-20)
(0.874511 0.450486 1.92527e-20)
(0.900704 0.423773 1.01738e-19)
(0.921627 0.395039 -3.27258e-20)
(0.938681 0.365947 -8.11489e-20)
(0.952915 0.337583 -9.21921e-20)
(0.965084 0.310592 3.9977e-20)
(0.975722 0.285299 -2.41881e-20)
(0.985206 0.261809 2.83029e-20)
(0.993811 0.24009 -1.02572e-19)
(1.00179 0.219997 3.73638e-20)
(1.00944 0.201478 1.48288e-19)
(1.01681 0.184189 6.4995e-20)
(0.828255 0.470657 -9.10773e-20)
(0.862061 0.447785 6.63089e-20)
(0.888851 0.42073 -4.40841e-20)
(0.91044 0.391812 -1.5779e-20)
(0.928183 0.362667 -6.98427e-21)
(0.943098 0.334343 3.75315e-20)
(0.955914 0.307458 1.17917e-20)
(0.96715 0.282314 4.91249e-20)
(0.977172 0.258997 -1.47573e-20)
(0.98624 0.237461 1.02322e-19)
(0.994601 0.217537 1.10045e-19)
(1.00244 0.199186 3.75107e-20)
(1.01022 0.181545 -2.42355e-20)
(0.815276 0.467949 -5.07407e-20)
(0.849592 0.444603 -1.11396e-19)
(0.877009 0.41726 -1.2304e-19)
(0.899288 0.388211 7.51025e-20)
(0.917738 0.359056 4.06028e-20)
(0.933344 0.330812 6.91478e-20)
(0.946815 0.304068 1.30483e-20)
(0.958654 0.279101 -4.50315e-20)
(0.969217 0.255984 1.02836e-19)
(0.978753 0.234657 -1.34169e-19)
(0.987489 0.214941 -7.0541e-20)
(0.995446 0.196807 -1.40203e-19)
(1.00358 0.178718 -1.25903e-21)
(0.758555 0.481471 4.83402e-20)
(0.802259 0.464703 4.43528e-20)
(0.837121 0.440941 -3.36838e-21)
(0.865196 0.413366 1.2504e-19)
(0.888186 0.384236 -7.73854e-20)
(0.907357 0.355118 -4.77277e-20)
(0.923665 0.326993 -8.76693e-20)
(0.937796 0.300423 4.08667e-21)
(0.950243 0.275663 4.09303e-20)
(0.961351 0.25277 -7.52943e-20)
(0.971361 0.231678 2.51208e-19)
(0.980481 0.212206 5.62132e-20)
(0.988588 0.194392 1.665e-19)
(0.996856 0.17622 1.2492e-21)
(0.745125 0.478251 -9.71669e-20)
(0.789228 0.460922 -2.33879e-20)
(0.824671 0.436802 4.9787e-20)
(0.853429 0.409052 -7.66963e-20)
(0.87715 0.379893 1.37625e-20)
(0.897055 0.350856 6.43808e-21)
(0.914071 0.322889 -4.58173e-20)
(0.928867 0.296525 8.29597e-20)
(0.941924 0.272 -6.5188e-20)
(0.953582 0.249355 3.02775e-20)
(0.964074 0.228518 -1.11751e-19)
(0.973607 0.209308 -1.29078e-19)
(0.982008 0.191821 -1.53687e-19)
(0.990839 0.173987 3.39038e-20)
(0.731666 0.474443 8.87155e-20)
(0.776205 0.45661 1.71193e-19)
(0.812261 0.432191 1.03847e-19)
(0.841727 0.404321 7.27685e-22)
(0.866194 0.375184 4.16793e-20)
(0.886843 0.346272 9.73e-20)
(0.904574 0.318501 1.25478e-19)
(0.920038 0.292376 -1.58711e-19)
(0.933707 0.268113 1.32257e-19)
(0.945915 0.24574 -6.14229e-20)
(0.956897 0.225176 -5.21641e-20)
(0.96686 0.206238 8.78612e-20)
(0.975608 0.189037 -3.84093e-20)
(0.98488 0.171647 -6.13375e-20)
(0.718203 0.47005 -1.15013e-19)
(0.763215 0.45177 -1.1737e-19)
(0.799912 0.427111 -1.24956e-19)
(0.830105 0.399177 1.74641e-20)
(0.855332 0.370112 2.85908e-20)
(0.876734 0.341371 2.4471e-20)
(0.895184 0.313833 -4.13936e-20)
(0.911318 0.287979 8.35093e-20)
(0.925599 0.264004 -7.8394e-20)
(0.938359 0.241925 5.79425e-20)
(0.949831 0.221653 3.82288e-21)
(0.96023 0.202999 5.4709e-20)
(0.969346 0.186068 9.33946e-20)
(0.978986 0.169092 -3.88302e-20)
(0.704763 0.465075 -1.14175e-19)
(0.750279 0.446406 -4.7132e-20)
(0.787642 0.421566 6.3005e-21)
(0.81858 0.393624 -5.18575e-20)
(0.844579 0.364682 -7.10641e-20)
(0.86674 0.336154 -6.44657e-20)
(0.885911 0.308888 2.36595e-20)
(0.902715 0.283336 1.56224e-21)
(0.917607 0.259677 9.80987e-20)
(0.930917 0.237913 -1.6374e-19)
(0.942881 0.21795 1.48356e-19)
(0.953716 0.199597 -7.25336e-20)
(0.963211 0.182942 1.08984e-19)
(0.97319 0.166365 7.0485e-20)
(0.635003 0.468611 1.23267e-19)
(0.691369 0.459523 4.71928e-20)
(0.73742 0.440523 -3.35361e-20)
(0.775471 0.415563 1.63594e-19)
(0.80717 0.387669 2.17714e-19)
(0.83395 0.358899 -6.5926e-20)
(0.856873 0.330627 -2.13292e-21)
(0.876766 0.303669 -1.25167e-20)
(0.894238 0.278451 2.97599e-20)
(0.909738 0.255132 -7.51412e-20)
(0.923596 0.233706 2.40307e-19)
(0.936048 0.214071 -1.69403e-19)
(0.947318 0.196036 6.50247e-21)
(0.9572 0.179671 -1.02317e-19)
(0.967498 0.163499 -5.95249e-20)
(0.621361 0.463008 -9.05181e-20)
(0.678046 0.4534 2.29455e-19)
(0.724659 0.434128 6.7218e-20)
(0.763418 0.409106 -1.90292e-19)
(0.79589 0.381315 -1.7483e-19)
(0.823457 0.352766 2.07819e-19)
(0.847144 0.324794 -5.685e-20)
(0.867759 0.29818 9.81983e-20)
(0.885896 0.273326 -7.46798e-20)
(0.902001 0.250374 -1.16874e-20)
(0.916402 0.229308 -3.12371e-20)
(0.929339 0.210019 6.84677e-20)
(0.941039 0.192318 7.97496e-21)
(0.951309 0.176259 6.28942e-21)
(0.961914 0.160501 4.04218e-20)
(0.607784 0.456787 -1.06967e-20)
(0.66482 0.44671 -3.5267e-19)
(0.712019 0.427227 -1.001e-19)
(0.751502 0.402202 1.72519e-19)
(0.784756 0.374568 -1.1853e-19)
(0.813114 0.34629 8.87357e-22)
(0.837567 0.31866 8.23493e-20)
(0.8589 0.292425 -1.06471e-19)
(0.877697 0.267965 5.64367e-20)
(0.894401 0.245406 -3.84917e-20)
(0.90934 0.22472 -1.24794e-20)
(0.922758 0.205797 1.608e-19)
(0.934883 0.188447 -1.02023e-19)
(0.945541 0.172709 -8.63266e-20)
(0.956442 0.15737 -4.48349e-20)
(0.594299 0.449952 1.53572e-19)
(0.651715 0.439461 1.43951e-19)
(0.699519 0.419826 1.45148e-19)
(0.73974 0.394857 -1.25689e-19)
(0.773784 0.367436 1.32525e-19)
(0.802935 0.339476 -4.37094e-20)
(0.828151 0.312228 -1.2933e-19)
(0.850198 0.286408 -5.81806e-20)
(0.86965 0.262372 1.16434e-20)
(0.886947 0.24023 1.47013e-19)
(0.902418 0.219947 4.46684e-20)
(0.91631 0.201407 -2.80611e-19)
(0.928855 0.184426 1.0256e-19)
(0.939899 0.169025 1.96162e-19)
(0.951089 0.154108 4.30509e-20)
(0.580932 0.442512 -1.13555e-19)
(0.638753 0.431661 1.19403e-19)
(0.687182 0.411933 8.31581e-20)
(0.728151 0.38708 -2.18635e-21)
(0.762989 0.359925 2.62186e-20)
(0.792933 0.33233 -6.32112e-20)
(0.818908 0.305505 7.1359e-20)
(0.841663 0.280134 1.29809e-20)
(0.861763 0.25655 -8.23789e-20)
(0.879646 0.234851 -1.98561e-19)
(0.895641 0.214992 -8.23718e-20)
(0.910001 0.196853 1.8195e-19)
(0.92296 0.180256 -3.67962e-20)
(0.934387 0.165207 -1.84135e-19)
(0.945858 0.150717 1.71828e-20)
(0.499039 0.431685 -2.90585e-20)
(0.567711 0.434475 1.63393e-20)
(0.62596 0.423319 -1.68342e-19)
(0.675027 0.403558 -2.09835e-20)
(0.716752 0.378877 1.0071e-20)
(0.752386 0.352041 -1.23253e-19)
(0.78312 0.324858 4.77223e-20)
(0.809849 0.298497 1.58506e-19)
(0.833304 0.273608 -7.51092e-21)
(0.854045 0.250506 3.24394e-20)
(0.872504 0.229272 2.09004e-19)
(0.889016 0.209857 6.77535e-20)
(0.903836 0.192138 -4.13559e-20)
(0.917203 0.175941 -1.04224e-20)
(0.929007 0.161257 9.55712e-20)
(0.940755 0.147196 -4.83514e-20)
(0.485914 0.423652 -2.79738e-20)
(0.55466 0.42585 -2.64906e-20)
(0.613356 0.414444 1.35049e-19)
(0.663074 0.394708 -8.3098e-20)
(0.70556 0.370257 -3.50363e-20)
(0.74199 0.343792 1.02353e-19)
(0.773509 0.317067 5.68124e-20)
(0.800984 0.291208 3.55407e-20)
(0.825131 0.266835 1.42344e-19)
(0.846502 0.244241 -7.77264e-20)
(0.865529 0.223497 -3.22012e-20)
(0.882549 0.204546 -1.77136e-20)
(0.897821 0.187265 2.09993e-21)
(0.911589 0.171482 1.33275e-19)
(0.923766 0.157176 -1.48488e-19)
(0.935785 0.143548 1.06957e-19)
(0.472959 0.415002 1.12377e-19)
(0.541805 0.416647 1.1406e-19)
(0.600965 0.405046 -2.26008e-20)
(0.651343 0.385394 9.35219e-20)
(0.694592 0.36123 3.81816e-20)
(0.731814 0.335187 -1.25775e-19)
(0.764112 0.308965 -1.30916e-19)
(0.792324 0.283645 -1.75166e-19)
(0.817153 0.259821 -2.32132e-19)
(0.839143 0.237763 1.93128e-19)
(0.858728 0.217531 -7.54879e-20)
(0.876246 0.199064 -7.9274e-20)
(0.891962 0.182236 -4.02559e-20)
(0.906123 0.166881 -2.30878e-19)
(0.918667 0.152967 2.8492e-20)
(0.930951 0.139775 -1.08306e-19)
(0.460202 0.405744 -3.52353e-20)
(0.529171 0.406877 2.93054e-20)
(0.588809 0.395135 3.66877e-20)
(0.639853 0.375626 -1.88516e-19)
(0.683864 0.351804 -1.74975e-20)
(0.721872 0.326234 1.21904e-19)
(0.754941 0.300557 1.19197e-19)
(0.783879 0.275815 -5.96599e-20)
(0.809377 0.25257 3.4073e-20)
(0.831975 0.231074 -2.24113e-19)
(0.852107 0.211377 1.94273e-20)
(0.870113 0.193413 1.28758e-19)
(0.886264 0.177055 5.48391e-20)
(0.900811 0.162142 -2.07752e-20)
(0.913715 0.148631 -5.40788e-20)
(0.926259 0.135878 1.91075e-20)
(0.447669 0.395891 -2.14651e-19)
(0.516782 0.396553 -2.49884e-19)
(0.576909 0.384725 -1.02423e-19)
(0.628622 0.365414 -1.43894e-20)
(0.673392 0.341989 2.51873e-19)
(0.712179 0.316941 6.96952e-20)
(0.746006 0.291853 -8.52294e-20)
(0.775658 0.267725 1.44256e-19)
(0.801814 0.245089 1.92918e-19)
(0.825007 0.224181 1.09465e-20)
(0.845673 0.205041 2.93112e-20)
(0.864156 0.187597 6.75447e-22)
(0.880733 0.171725 -5.68462e-20)
(0.895656 0.157267 1.40517e-19)
(0.908913 0.144169 1.10834e-19)
(0.921711 0.131859 4.93896e-20)
(0.435386 0.385455 2.90374e-19)
(0.504662 0.385687 3.23024e-20)
(0.565286 0.373827 -7.6585e-21)
(0.617668 0.354771 1.09141e-19)
(0.663191 0.331797 -1.72656e-19)
(0.702747 0.307317 -3.39763e-20)
(0.73732 0.28286 -1.50411e-19)
(0.767672 0.259381 4.5908e-20)
(0.79447 0.237384 -1.96637e-19)
(0.818245 0.217089 -7.32541e-21)
(0.839432 0.198526 -1.62438e-19)
(0.858381 0.181621 -5.53058e-20)
(0.875372 0.166249 6.26908e-20)
(0.890664 0.152258 -8.37723e-21)
(0.904265 0.139586 6.02188e-20)
(0.917312 0.127721 8.17401e-20)
(0.423379 0.37445 -2.0414e-19)
(0.492834 0.374294 2.1243e-20)
(0.553961 0.362454 6.65449e-21)
(0.607009 0.343708 -1.58018e-19)
(0.653276 0.321236 -1.64025e-19)
(0.693588 0.297373 1.26234e-19)
(0.728893 0.273586 1.18965e-19)
(0.759929 0.25079 3.57886e-20)
(0.787355 0.229462 4.2661e-21)
(0.811696 0.209804 9.64729e-21)
(0.833391 0.191838 1.43957e-19)
(0.852792 0.175489 -3.53089e-20)
(0.870188 0.160632 -5.13197e-20)
(0.885839 0.147119 5.30029e-21)
(0.899776 0.134883 -1.58172e-20)
(0.913064 0.123467 -5.70437e-20)
(0.411673 0.362891 -6.80259e-20)
(0.48132 0.362388 -4.21111e-20)
(0.542952 0.35062 6.84542e-20)
(0.596661 0.332238 1.17215e-19)
(0.643661 0.31032 1.01236e-19)
(0.684715 0.287118 -1.46678e-19)
(0.720735 0.264041 -1.11089e-19)
(0.752439 0.241961 -4.64934e-20)
(0.780475 0.221329 1.65359e-19)
(0.805367 0.202331 2.93625e-20)
(0.827555 0.184982 -1.45562e-19)
(0.847397 0.169205 -5.92869e-20)
(0.865185 0.154877 1.17606e-20)
(0.881185 0.141854 -8.97265e-20)
(0.895448 0.130063 -9.49176e-20)
(0.908972 0.119099 1.49378e-20)
(0.321141 0.3354 -2.10086e-19)
(0.40029 0.350794 2.40237e-19)
(0.470141 0.349984 2.46212e-21)
(0.532278 0.338339 4.29313e-20)
(0.58664 0.320374 -6.25337e-21)
(0.634361 0.299059 -6.36194e-20)
(0.67614 0.276563 -1.74015e-20)
(0.712858 0.254233 -3.59665e-20)
(0.74521 0.232902 -5.47074e-20)
(0.773838 0.212992 -1.49832e-22)
(0.799265 0.194677 1.28398e-20)
(0.821931 0.177964 8.78236e-20)
(0.842199 0.162774 -4.31347e-20)
(0.860367 0.148988 5.09496e-20)
(0.876706 0.136466 8.38731e-20)
(0.891284 0.125129 -3.1766e-20)
(0.905038 0.114621 -1.17623e-19)
(0.310343 0.323655 -5.4729e-21)
(0.389256 0.338176 -3.7279e-20)
(0.45932 0.337098 7.31539e-20)
(0.521959 0.325628 -1.7745e-19)
(0.576964 0.30813 -1.27719e-21)
(0.625389 0.287466 8.79764e-20)
(0.667874 0.265717 1.11374e-19)
(0.705269 0.244172 2.4391e-19)
(0.738251 0.22362 -7.96913e-21)
(0.767453 0.204459 3.43003e-20)
(0.793396 0.186847 -6.35279e-20)
(0.816524 0.170788 4.98162e-20)
(0.837203 0.156202 -4.79645e-20)
(0.855739 0.14297 -5.65766e-20)
(0.872405 0.130959 4.33006e-20)
(0.887289 0.120086 5.49619e-20)
(0.901264 0.110037 9.01622e-20)
(0.299892 0.311389 8.03089e-20)
(0.378592 0.325054 -9.75225e-20)
(0.448875 0.323748 -7.29791e-20)
(0.512012 0.3125 1.80693e-19)
(0.567646 0.29552 -5.80435e-20)
(0.616757 0.275552 5.69581e-20)
(0.659929 0.254593 -4.43071e-20)
(0.697979 0.233868 -1.70448e-19)
(0.731569 0.214124 1.50161e-19)
(0.761324 0.195736 -5.11024e-20)
(0.787765 0.178849 1.75372e-19)
(0.811338 0.163461 6.74268e-20)
(0.832415 0.149492 1.74452e-19)
(0.851305 0.136827 3.63399e-20)
(0.868286 0.125337 -7.81042e-20)
(0.883465 0.114936 -9.45107e-21)
(0.897654 0.10535 2.36493e-20)
(0.289812 0.29862 4.71606e-20)
(0.36832 0.311447 9.37829e-20)
(0.438828 0.309952 1.38533e-19)
(0.502454 0.298973 -1.22541e-19)
(0.558701 0.282558 1.02403e-19)
(0.608479 0.263333 -1.32049e-19)
(0.652314 0.243201 -5.28545e-20)
(0.690997 0.223329 -2.22765e-20)
(0.725172 0.204422 -1.74512e-19)
(0.75546 0.186831 1.72903e-21)
(0.78238 0.170688 -1.72365e-19)
(0.80638 0.155988 -1.66922e-19)
(0.827838 0.142651 -1.05756e-19)
(0.847068 0.130564 -2.00928e-20)
(0.864352 0.119604 2.00769e-20)
(0.879814 0.109685 3.69262e-20)
(0.894209 0.100565 -5.44085e-20)
(0.280125 0.285367 -5.21281e-20)
(0.358461 0.297375 -1.67941e-19)
(0.429196 0.295728 -1.48503e-19)
(0.4933 0.285064 1.3328e-19)
(0.550144 0.269259 -6.01064e-20)
(0.600565 0.250819 7.70023e-20)
(0.645039 0.231554 5.7676e-20)
(0.684331 0.212567 3.25355e-20)
(0.719068 0.194524 -1.0392e-19)
(0.749867 0.177752 7.29799e-21)
(0.777244 0.162373 2.52793e-20)
(0.801654 0.148376 -3.33422e-20)
(0.823477 0.135683 1.02329e-19)
(0.843033 0.124186 -8.44496e-21)
(0.860607 0.113766 -4.51686e-20)
(0.87634 0.104335 5.66639e-21)
(0.890933 0.0956847 5.16147e-21)
(0.270852 0.27165 -1.68378e-19)
(0.349035 0.282858 2.85183e-19)
(0.419996 0.281094 2.51037e-20)
(0.484567 0.27079 1.26654e-20)
(0.541987 0.25564 1.22259e-19)
(0.593028 0.238026 -2.85649e-20)
(0.638115 0.219663 -1.01734e-20)
(0.677989 0.201592 -4.12447e-20)
(0.713264 0.184439 9.50489e-20)
(0.74455 0.168508 -3.81142e-20)
(0.772365 0.15391 5.06562e-20)
(0.797165 0.140631 1.84365e-19)
(0.819335 0.128595 1.96993e-20)
(0.839202 0.117698 -9.08451e-21)
(0.857054 0.107826 5.70598e-20)
(0.873045 0.0988914 -3.75877e-20)
(0.887826 0.0907143 4.10728e-20)
(0.262014 0.257492 1.56692e-19)
(0.340062 0.267918 -1.00353e-19)
(0.411248 0.266072 4.51564e-20)
(0.47627 0.256169 -7.26777e-20)
(0.534243 0.241716 -4.18176e-20)
(0.585877 0.224967 4.15939e-20)
(0.63155 0.20754 -9.56516e-20)
(0.67198 0.190414 5.92668e-20)
(0.707766 0.174175 3.52819e-20)
(0.739515 0.159106 6.51828e-20)
(0.767746 0.145306 -4.11339e-20)
(0.792917 0.13276 -1.81297e-20)
(0.815418 0.121393 -7.47563e-20)
(0.83558 0.111106 -2.32536e-20)
(0.853694 0.101789 -3.06961e-20)
(0.869932 0.0933587 1.05239e-20)
(0.884892 0.0856581 2.03685e-20)
(0.253631 0.242914 5.83765e-20)
(0.331558 0.252575 -1.48402e-19)
(0.402965 0.250681 -3.54429e-20)
(0.468421 0.241219 1.0619e-19)
(0.526924 0.227504 9.08289e-21)
(0.579123 0.211656 3.23384e-20)
(0.625353 0.195198 1.29851e-19)
(0.666309 0.179045 -9.03908e-20)
(0.70258 0.163744 1.72524e-21)
(0.734768 0.149555 -1.01723e-20)
(0.763392 0.136569 5.33948e-20)
(0.788914 0.124769 -1.23581e-19)
(0.811727 0.114082 8.37297e-20)
(0.832169 0.104414 1.08526e-19)
(0.850532 0.0956613 -3.12539e-20)
(0.867001 0.0877416 -8.00779e-20)
(0.882133 0.0805206 -8.47998e-20)
(0.24572 0.22794 -5.55047e-20)
(0.323542 0.236852 1.70515e-19)
(0.395165 0.234942 7.89618e-20)
(0.461035 0.22596 -2.00961e-21)
(0.520041 0.21302 7.88428e-20)
(0.572776 0.198109 -1.17319e-19)
(0.619532 0.18265 8.8133e-20)
(0.660986 0.167496 1.19723e-19)
(0.697713 0.153154 -7.54188e-20)
(0.730314 0.139864 -4.55902e-21)
(0.759308 0.127707 -8.00093e-20)
(0.78516 0.116665 1.11946e-19)
(0.808268 0.106669 -7.01057e-20)
(0.828971 0.0976288 9.76907e-20)
(0.84757 0.0894474 -3.25963e-20)
(0.864257 0.0820448 6.81794e-20)
(0.879549 0.0753067 -3.6244e-20)
(0.238299 0.212593 1.46593e-20)
(0.316029 0.220773 -1.88561e-19)
(0.38786 0.218877 -1.27382e-19)
(0.454125 0.21041 -5.92227e-20)
(0.513606 0.198281 -1.71969e-19)
(0.566844 0.18434 4.12573e-20)
(0.614095 0.169909 -1.16347e-19)
(0.656015 0.155778 -1.30299e-19)
(0.69317 0.142415 8.00353e-20)
(0.726158 0.130041 4.81927e-20)
(0.755498 0.118728 3.40828e-21)
(0.781659 0.108456 -9.20664e-20)
(0.805042 0.0991606 -4.06368e-20)
(0.825991 0.0907561 -1.77726e-19)
(0.844809 0.0831526 9.55172e-20)
(0.861701 0.0762733 -6.38625e-20)
(0.877142 0.070021 1.03111e-19)
(0.231385 0.196898 -4.70907e-21)
(0.309035 0.204361 1.50643e-19)
(0.381065 0.202508 7.33156e-20)
(0.4477 0.19459 -7.71619e-20)
(0.507626 0.183305 2.52422e-20)
(0.561336 0.170364 -1.34947e-19)
(0.609048 0.156988 7.62444e-20)
(0.651402 0.143903 1.32321e-19)
(0.688957 0.131539 -5.49648e-20)
(0.722304 0.120096 -2.82337e-20)
(0.751967 0.109639 4.59486e-20)
(0.778414 0.100148 4.01745e-20)
(0.802053 0.0915624 5.44854e-20)
(0.82323 0.0838017 9.19315e-20)
(0.842252 0.0767826 -1.83434e-20)
(0.859333 0.0704321 6.04765e-20)
(0.874915 0.0646686 -4.57514e-20)
(0.224993 0.18088 8.36025e-20)
(0.302573 0.187642 4.50565e-21)
(0.374792 0.185857 8.30583e-21)
(0.441773 0.178519 9.42053e-20)
(0.502113 0.16811 2.31641e-21)
(0.556259 0.156198 1.34571e-19)
(0.604399 0.143901 3.06963e-20)
(0.647155 0.131882 5.30143e-20)
(0.685077 0.120534 7.19663e-20)
(0.718757 0.110037 -9.03427e-20)
(0.748716 0.100449 3.69104e-20)
(0.775429 0.0917493 -1.02401e-20)
(0.799303 0.0838815 -4.69696e-20)
(0.820691 0.0767717 -1.68026e-21)
(0.839901 0.0703428 -1.95919e-20)
(0.857158 0.0645266 4.21553e-20)
(0.872868 0.0592545 1.23745e-20)
(0.219136 0.164565 -1.78018e-19)
(0.296657 0.170639 3.9744e-20)
(0.369052 0.168947 2.04011e-20)
(0.436352 0.162219 -2.45044e-20)
(0.497074 0.152714 1.55215e-20)
(0.551621 0.141856 -6.64783e-20)
(0.600153 0.130661 -1.02293e-19)
(0.643277 0.119729 -1.32495e-19)
(0.681536 0.109413 -3.08558e-20)
(0.715519 0.0998746 8.9821e-20)
(0.745751 0.0911656 4.20637e-20)
(0.772705 0.0832667 -1.03337e-20)
(0.796795 0.0761247 -1.53825e-20)
(0.818376 0.0696722 -3.1808e-20)
(0.837758 0.063839 2.12654e-20)
(0.855175 0.0585618 -6.05578e-20)
(0.871003 0.0537838 -3.08397e-20)
(0.138301 0.131542 -1.13809e-19)
(0.213828 0.147979 1.02929e-19)
(0.291298 0.153378 -1.17632e-19)
(0.363855 0.151802 7.93438e-20)
(0.431448 0.14571 -1.05743e-20)
(0.492516 0.137135 8.27099e-21)
(0.547428 0.127355 7.54744e-20)
(0.596315 0.117282 -7.79099e-20)
(0.639773 0.107454 8.86268e-20)
(0.678337 0.0981842 -3.09744e-20)
(0.712596 0.0896176 -1.35906e-21)
(0.743073 0.0817982 -6.30538e-20)
(0.770247 0.0747081 -4.54938e-21)
(0.794531 0.0682989 4.93445e-20)
(0.816287 0.0625096 1.45785e-21)
(0.835824 0.057277 1.40868e-20)
(0.853386 0.0525433 1.53252e-20)
(0.869322 0.0482616 2.60093e-20)
(0.133953 0.116628 3.86033e-21)
(0.20908 0.13115 3.87838e-20)
(0.286508 0.135885 1.04052e-19)
(0.359213 0.134446 -7.76015e-20)
(0.427068 0.129014 -2.58895e-20)
(0.488448 0.121391 3.20837e-21)
(0.543686 0.112711 1.24684e-20)
(0.592892 0.10378 2.06868e-20)
(0.636648 0.0950703 -6.48785e-20)
(0.675485 0.0868602 -1.52118e-20)
(0.709989 0.0792757 -8.21672e-21)
(0.740686 0.0723549 9.44582e-21)
(0.768055 0.0660811 -2.45259e-20)
(0.792514 0.0604111 -1.64281e-20)
(0.814425 0.0552903 1.24177e-20)
(0.834101 0.0506627 -9.5841e-21)
(0.851792 0.0464764 4.64798e-20)
(0.867824 0.0426933 -2.87679e-20)
(0.130126 0.101505 -5.12568e-20)
(0.204902 0.114105 -5.95487e-20)
(0.282295 0.118187 -8.12686e-20)
(0.355131 0.116902 -2.63584e-20)
(0.42322 0.11215 1.61147e-20)
(0.484874 0.105502 4.57351e-22)
(0.540401 0.0979408 1.67858e-20)
(0.589886 0.0901667 -3.06663e-20)
(0.633905 0.0825903 4.83808e-20)
(0.672982 0.0754514 -1.66528e-20)
(0.707702 0.0688587 -1.9147e-20)
(0.738592 0.0628444 -5.83983e-21)
(0.766133 0.0573936 2.16016e-20)
(0.790745 0.0524682 -3.8828e-20)
(0.812792 0.0480207 3.93454e-20)
(0.832591 0.0440021 -2.97235e-20)
(0.850396 0.0403668 2.13068e-20)
(0.866511 0.037084 3.62746e-20)
(0.126829 0.0862002 9.58894e-20)
(0.201304 0.0968714 1.71401e-20)
(0.278668 0.100309 -5.25765e-20)
(0.351619 0.0991947 -6.35657e-21)
(0.419909 0.0951427 -2.76837e-20)
(0.481801 0.0894861 2.68067e-20)
(0.537576 0.0830602 -3.91425e-20)
(0.587303 0.0764578 1.80086e-20)
(0.631548 0.0700266 -7.70665e-20)
(0.670831 0.0639689 8.01798e-21)
(0.705737 0.0583763 1.47108e-20)
(0.736793 0.0532755 1.27e-20)
(0.764482 0.0486535 1.58042e-20)
(0.789225 0.0444776 1.14904e-20)
(0.811391 0.0407073 -2.69227e-20)
(0.831294 0.0373011 3.05388e-20)
(0.849196 0.0342198 -3.88526e-20)
(0.865384 0.0314392 -2.27977e-20)
(0.124069 0.0707403 -4.79833e-20)
(0.198294 0.079478 5.41992e-20)
(0.275635 0.0822797 6.98586e-20)
(0.348683 0.0813491 1.13959e-20)
(0.417142 0.0780122 1.07848e-21)
(0.479233 0.073363 -1.442e-20)
(0.535216 0.0680863 -1.69508e-23)
(0.585145 0.0626677 6.00758e-20)
(0.629579 0.0573918 3.95804e-20)
(0.669035 0.0524238 -2.1658e-20)
(0.704097 0.0478384 -2.46528e-20)
(0.735291 0.043657 -5.28125e-20)
(0.763103 0.0398686 -3.57616e-20)
(0.787957 0.0364464 2.99029e-20)
(0.810221 0.0333569 9.97855e-21)
(0.830212 0.030566 -4.20881e-20)
(0.848196 0.0280413 -1.5056e-20)
(0.864444 0.0257642 1.18109e-20)
(0.121853 0.0551532 -2.58009e-20)
(0.195878 0.0619534 -4.72193e-20)
(0.273201 0.0641254 -3.73853e-20)
(0.346327 0.0633899 1.35095e-21)
(0.414923 0.0607811 -7.82697e-21)
(0.477174 0.0571518 -3.54355e-20)
(0.533324 0.0530357 1.1936e-20)
(0.583416 0.048811 -1.56539e-20)
(0.628002 0.0446987 -1.83518e-20)
(0.667596 0.0408275 3.96599e-20)
(0.702782 0.037255 7.53993e-21)
(0.734088 0.0339978 4.34164e-20)
(0.761999 0.0310471 2.75537e-20)
(0.786941 0.0283818 -1.23641e-20)
(0.809283 0.0259759 -1.49354e-20)
(0.829346 0.0238027 -9.4458e-21)
(0.847394 0.0218369 3.62446e-20)
(0.863691 0.0200646 1.58763e-20)
(0.120186 0.0394668 2.41531e-20)
(0.194061 0.0443261 -2.00667e-21)
(0.271371 0.0458738 3.08558e-20)
(0.344557 0.0453421 1.95484e-20)
(0.413255 0.0434714 3.17063e-20)
(0.475627 0.040872 1.65883e-20)
(0.531903 0.0379255 -3.68088e-21)
(0.582117 0.0349022 1.76623e-20)
(0.626817 0.0319602 1.86641e-20)
(0.666515 0.0291911 -3.92487e-21)
(0.701795 0.0266361 -2.42085e-20)
(0.733184 0.0243069 -2.002e-20)
(0.76117 0.022197 -5.89407e-21)
(0.786178 0.0202913 -1.03649e-20)
(0.80858 0.0185713 1.98954e-20)
(0.828695 0.0170176 1.57997e-20)
(0.846793 0.0156122 -2.18977e-20)
(0.863126 0.0143456 -5.26627e-21)
(0.119072 0.023709 -6.33003e-21)
(0.192847 0.0266254 1.35679e-21)
(0.270149 0.0275524 -2.45866e-20)
(0.343375 0.0272309 1.49317e-21)
(0.412142 0.0261055 -1.10537e-20)
(0.474594 0.024543 9.28446e-21)
(0.530955 0.0227725 -1.0845e-20)
(0.581249 0.0209563 -1.05154e-20)
(0.626026 0.0191892 3.32334e-21)
(0.665794 0.0175262 -8.34041e-21)
(0.701136 0.0159919 1.25592e-20)
(0.732581 0.0145932 2.25164e-20)
(0.760617 0.0133264 8.64235e-21)
(0.785669 0.0121822 1.33198e-20)
(0.80811 0.0111496 -1.60456e-20)
(0.828261 0.0102168 9.37411e-21)
(0.846392 0.00937311 4.88975e-21)
(0.862749 0.00861285 -5.78459e-21)
(0.580816 0.006988 -4.87065e-21)
(0.62563 0.00639864 -8.12214e-22)
(0.665433 0.00584402 -4.57117e-22)
(0.700807 0.00533236 2.75686e-21)
(0.73228 0.00486595 -2.7613e-21)
(0.76034 0.00444351 -6.9637e-21)
(0.785415 0.00406199 -2.29355e-21)
(0.807875 0.00371764 5.42018e-21)
(0.828044 0.00340663 8.69951e-22)
(0.846191 0.0031253 -3.72134e-21)
(0.862561 0.00287183 -1.2765e-21)
(1.01069 0.171158 -8.95321e-21)
(1.01698 0.173569 -6.98193e-23)
(1.02281 0.175806 -6.17436e-20)
(1.02872 0.1779 2.90816e-20)
(1.03464 0.179847 2.07288e-20)
(1.04057 0.18164 9.23255e-20)
(1.04653 0.183279 1.3224e-21)
(1.0525 0.184765 -2.35158e-20)
(1.05849 0.186099 -1.74406e-20)
(1.0645 0.187286 -1.55105e-21)
(1.07052 0.188326 2.30074e-20)
(1.07656 0.189223 1.56307e-20)
(1.08261 0.189979 -2.34448e-20)
(1.08867 0.190596 2.23015e-21)
(1.09474 0.191077 1.49812e-20)
(1.01289 0.169082 -1.11784e-20)
(1.0191 0.171313 -1.11697e-20)
(1.02471 0.173411 4.923e-20)
(1.03042 0.175396 -1.43821e-20)
(1.03618 0.177255 -1.19954e-20)
(1.04197 0.178976 -6.90972e-20)
(1.04778 0.180556 4.20526e-20)
(1.05362 0.181994 2.99981e-20)
(1.05949 0.183292 5.38218e-20)
(1.06539 0.184449 -2.04228e-20)
(1.0713 0.185468 -3.21342e-21)
(1.07724 0.18635 -1.18205e-20)
(1.0832 0.187096 2.56506e-20)
(1.08916 0.18771 2.78576e-20)
(1.01507 0.16727 6.17595e-20)
(1.02114 0.169321 2.19912e-20)
(1.02655 0.171275 -4.3466e-20)
(1.03211 0.173132 -3.46739e-20)
(1.03772 0.174883 -2.20042e-20)
(1.04336 0.176512 1.63166e-20)
(1.04905 0.178014 -5.58924e-21)
(1.05477 0.179387 -1.31415e-20)
(1.06052 0.18063 2.84342e-21)
(1.06631 0.181743 4.00423e-20)
(1.07212 0.182725 -4.79365e-21)
(1.07796 0.183577 2.64343e-20)
(1.08381 0.184301 4.62041e-21)
(1.01734 0.165503 -8.96831e-20)
(1.02326 0.167376 -3.20075e-20)
(1.02849 0.169191 5.2385e-20)
(1.03389 0.170922 4.67386e-20)
(1.03936 0.172561 5.11992e-20)
(1.04486 0.174094 -1.06119e-20)
(1.05042 0.175514 -3.01499e-20)
(1.05601 0.176817 -7.33957e-21)
(1.06165 0.178 -2.29805e-20)
(1.06732 0.179062 -4.3925e-20)
(1.07302 0.180002 2.13151e-20)
(1.07875 0.180819 1.60729e-20)
(1.01965 0.163749 2.95466e-20)
(1.02542 0.16546 8.88336e-21)
(1.03051 0.167142 -6.86231e-20)
(1.03576 0.168751 -6.80306e-21)
(1.04108 0.17028 -3.14995e-21)
(1.04646 0.171716 1.33783e-20)
(1.05188 0.173051 -2.49824e-20)
(1.05735 0.174279 -8.98834e-21)
(1.06286 0.175398 9.37582e-22)
(1.06842 0.176404 5.61896e-20)
(1.07401 0.177297 -1.25328e-20)
(1.07963 0.178076 -5.08467e-20)
(1.02197 0.161998 1.30948e-20)
(1.0276 0.163572 9.26242e-21)
(1.03256 0.165131 7.96065e-20)
(1.03767 0.166624 2.97598e-21)
(1.04287 0.168045 -2.94198e-20)
(1.04811 0.169383 -4.27334e-21)
(1.05341 0.17063 4.1651e-20)
(1.05875 0.171781 4.2083e-20)
(1.06415 0.172832 -6.44632e-21)
(1.06958 0.173779 -3.48033e-20)
(1.07506 0.17462 -2.72161e-21)
(1.0243 0.160237 -5.23695e-20)
(1.02979 0.161695 -5.50812e-20)
(1.03463 0.163141 -2.4737e-20)
(1.03962 0.164524 2.48606e-21)
(1.04469 0.165841 -2.08111e-20)
(1.04981 0.167084 -2.33348e-21)
(1.05499 0.168244 2.43845e-20)
(1.06021 0.169316 -3.17112e-20)
(1.06549 0.170296 -1.19399e-20)
(1.07081 0.17118 -7.994e-21)
(1.02663 0.158457 3.17159e-20)
(1.03199 0.159812 8.77398e-20)
(1.03673 0.161155 -4.12984e-20)
(1.0416 0.162437 -1.72488e-20)
(1.04656 0.163655 5.5496e-20)
(1.05156 0.164805 -1.09618e-20)
(1.05661 0.16588 -1.44959e-20)
(1.06172 0.166874 4.73742e-21)
(1.06688 0.167782 4.09931e-20)
(1.02896 0.156651 2.00462e-20)
(1.03419 0.157915 -5.75417e-20)
(1.03884 0.159163 6.28636e-21)
(1.0436 0.16035 5.08071e-21)
(1.04844 0.161476 -1.54671e-20)
(1.05333 0.162538 3.3178e-20)
(1.05827 0.16353 -4.57027e-20)
(1.06327 0.164447 -1.19309e-20)
(1.03129 0.154814 2.76343e-21)
(1.03639 0.155996 3.83646e-20)
(1.04096 0.157155 1.98178e-20)
(1.04561 0.158256 1.63109e-20)
(1.05035 0.159295 -2.37902e-20)
(1.05513 0.160274 -1.13984e-20)
(1.05996 0.161187 2.23861e-20)
(1.03361 0.152942 2.3398e-20)
(1.03859 0.154047 -5.67082e-20)
(1.04307 0.155126 -1.95531e-22)
(1.04763 0.156145 -9.49837e-21)
(1.05226 0.157105 -1.36695e-20)
(1.03591 0.151031 -4.23364e-20)
(1.04078 0.152065 2.56449e-20)
(1.04518 0.153068 -2.19185e-20)
(1.04964 0.154013 -1.72087e-20)
(1.03821 0.149078 -1.04337e-20)
(1.04296 0.150046 8.51559e-21)
(1.04729 0.150978 1.57549e-21)
(1.04049 0.147082 1.13573e-20)
(1.04513 0.147986 -2.47101e-21)
(1.04275 0.145039 -1.79204e-20)
(0.999991 0.000932542 0)
(0.999827 0.0027435 0)
(0.999502 0.00458202 0)
(0.999057 0.00649824 0)
(0.998489 0.00855787 0)
(0.997818 0.0108045 0)
(0.997047 0.013282 0)
(0.99619 0.0160267 0)
(0.995256 0.0190724 0)
(0.994259 0.0224501 0)
(0.993215 0.0261874 0)
(0.992142 0.0303096 0)
(0.991063 0.0348389 0)
(0.990003 0.0397946 0)
(0.988991 0.0451923 0)
(0.988059 0.0510436 0)
(0.987243 0.0573554 0)
(0.986582 0.0641295 0)
(0.986116 0.0713615 0)
(0.985888 0.0790403 0)
(0.985942 0.0871454 0)
(0.986318 0.0956484 0)
(0.987061 0.104503 0)
(0.988193 0.113658 0)
(0.989761 0.123016 0)
(0.991715 0.132504 0)
(0.994176 0.14189 0)
(0.996777 0.151193 0)
(1.00043 0.159661 0)
(1.00304 0.168119 0)
(0.999992 0.000939109 0)
(0.999834 0.00276196 0)
(0.999521 0.0046122 0)
(0.999093 0.00653984 0)
(0.998546 0.00861108 0)
(0.997901 0.0108694 0)
(0.997162 0.0133585 0)
(0.996341 0.0161148 0)
(0.995448 0.0191717 0)
(0.994498 0.0225597 0)
(0.993507 0.026306 0)
(0.992494 0.0304352 0)
(0.991481 0.0349689 0)
(0.990495 0.0399254 0)
(0.989564 0.0453192 0)
(0.988722 0.0511609 0)
(0.988003 0.0574561 0)
(0.987447 0.0642053 0)
(0.987094 0.0714026 0)
(0.986987 0.0790356 0)
(0.987169 0.0870826 0)
(0.987679 0.0955139 0)
(0.988562 0.104283 0)
(0.989838 0.113338 0)
(0.991556 0.122585 0)
(0.99366 0.131949 0)
(0.996299 0.141216 0)
(0.999071 0.150355 0)
(1.00308 0.158662 0)
(1.00579 0.16641 0)
(0.999993 0.0009453 0)
(0.999841 0.00277944 0)
(0.999541 0.00464081 0)
(0.999129 0.0065792 0)
(0.998606 0.00866128 0)
(0.997987 0.0109303 0)
(0.99728 0.0134301 0)
(0.996496 0.0161966 0)
(0.995646 0.0192632 0)
(0.994745 0.0226596 0)
(0.993809 0.0264128 0)
(0.992857 0.0305465 0)
(0.991913 0.0350815 0)
(0.991003 0.040035 0)
(0.990155 0.0454207 0)
(0.989404 0.0512478 0)
(0.988784 0.0575207 0)
(0.988334 0.0642384 0)
(0.988096 0.0713936 0)
(0.98811 0.0789724 0)
(0.98842 0.0869517 0)
(0.989064 0.0953007 0)
(0.990086 0.103973 0)
(0.991504 0.112916 0)
(0.99337 0.122039 0)
(0.995622 0.131264 0)
(0.998431 0.140392 0)
(1.00137 0.149346 0)
(1.00565 0.157471 0)
(1.00846 0.164572 0)
(0.999994 0.000951432 0)
(0.999849 0.00279689 0)
(0.999561 0.00466943 0)
(0.999168 0.00661865 0)
(0.998667 0.00871168 0)
(0.998077 0.0109916 0)
(0.997402 0.0135023 0)
(0.996657 0.0162793 0)
(0.995852 0.0193559 0)
(0.995001 0.0227613 0)
(0.994121 0.0265218 0)
(0.993233 0.0306606 0)
(0.992359 0.0351976 0)
(0.991526 0.0401492 0)
(0.990764 0.0455279 0)
(0.990105 0.0513416 0)
(0.989586 0.0575935 0)
(0.989245 0.0642813 0)
(0.989122 0.0713961 0)
(0.989259 0.0789225 0)
(0.989697 0.0868365 0)
(0.990475 0.0951057 0)
(0.991635 0.103684 0)
(0.993193 0.112517 0)
(0.995204 0.121519 0)
(0.997601 0.130605 0)
(1.00057 0.139594 0)
(1.00366 0.148355 0)
(1.00815 0.156302 0)
(1.01106 0.162913 0)
(0.999994 0.000957432 0)
(0.999857 0.00281409 0)
(0.999582 0.00469765 0)
(0.999207 0.00665755 0)
(0.99873 0.00876135 0)
(0.998169 0.011052 0)
(0.997529 0.0135732 0)
(0.996824 0.0163606 0)
(0.996064 0.0194467 0)
(0.995265 0.0228607 0)
(0.994444 0.0266281 0)
(0.993621 0.0307713 0)
(0.99282 0.0353096 0)
(0.992066 0.0402584 0)
(0.991391 0.0456289 0)
(0.990827 0.051428 0)
(0.990411 0.0576576 0)
(0.990179 0.0643138 0)
(0.990173 0.0713864 0)
(0.990433 0.0788587 0)
(0.991 0.0867052 0)
(0.991911 0.0948925 0)
(0.993208 0.103374 0)
(0.994905 0.112095 0)
(0.997058 0.120972 0)
(0.999596 0.129917 0)
(1.00272 0.13876 0)
(1.00596 0.147324 0)
(1.0106 0.155093 0)
(1.0136 0.161308 0)
(0.999995 0.000963239 0)
(0.999864 0.00283082 0)
(0.999604 0.00472512 0)
(0.999248 0.00669539 0)
(0.998795 0.0088096 0)
(0.998264 0.0111105 0)
(0.99766 0.0136418 0)
(0.996996 0.0164388 0)
(0.996284 0.0195338 0)
(0.995538 0.0229554 0)
(0.994778 0.0267285 0)
(0.994022 0.030875 0)
(0.993294 0.035413 0)
(0.992623 0.0403571 0)
(0.992037 0.0457173 0)
(0.991569 0.0514994 0)
(0.991257 0.0577038 0)
(0.991137 0.0643253 0)
(0.991249 0.0713524 0)
(0.991632 0.0787666 0)
(0.992329 0.0865416 0)
(0.993373 0.0946425 0)
(0.994805 0.103023 0)
(0.996639 0.111626 0)
(0.998931 0.120374 0)
(1.00161 0.129171 0)
(1.00487 0.137861 0)
(1.00825 0.146223 0)
(1.01302 0.153813 0)
(1.01611 0.159693 0)
(0.999995 0.000968832 0)
(0.999872 0.00284703 0)
(0.999626 0.00475172 0)
(0.99929 0.00673201 0)
(0.998863 0.00885621 0)
(0.998363 0.0111669 0)
(0.997795 0.0137078 0)
(0.997174 0.0165137 0)
(0.99651 0.0196168 0)
(0.99582 0.023045 0)
(0.995122 0.0268227 0)
(0.994435 0.030971 0)
(0.993784 0.0355071 0)
(0.993195 0.0404446 0)
(0.9927 0.0457924 0)
(0.992332 0.0515549 0)
(0.992125 0.0577314 0)
(0.992117 0.064315 0)
(0.992348 0.071293 0)
(0.992856 0.0786454 0)
(0.993682 0.0863448 0)
(0.994858 0.094355 0)
(0.996425 0.10263 0)
(0.998394 0.111111 0)
(1.00082 0.119724 0)
(1.00363 0.128367 0)
(1.00703 0.136898 0)
(1.01054 0.145059 0)
(1.0154 0.152466 0)
(1.01859 0.158056 0)
(0.999996 0.000974198 0)
(0.99988 0.00286265 0)
(0.999649 0.00477738 0)
(0.999333 0.00676731 0)
(0.998933 0.00890105 0)
(0.998465 0.011221 0)
(0.997935 0.0137708 0)
(0.997358 0.016585 0)
(0.996744 0.0196953 0)
(0.996111 0.0231291 0)
(0.995476 0.0269103 0)
(0.99486 0.0310589 0)
(0.994287 0.0355916 0)
(0.993784 0.0405206 0)
(0.993382 0.0458538 0)
(0.993114 0.0515944 0)
(0.993014 0.0577401 0)
(0.99312 0.0642828 0)
(0.993471 0.0712083 0)
(0.994104 0.0784954 0)
(0.995059 0.0861152 0)
(0.996367 0.0940308 0)
(0.998067 0.102196 0)
(1.00017 0.110551 0)
(1.00273 0.119024 0)
(1.00567 0.127509 0)
(1.00919 0.135875 0)
(1.01282 0.143835 0)
(1.01776 0.151059 0)
(1.02105 0.156395 0)
(0.999996 0.000979321 0)
(0.999889 0.00287764 0)
(0.999673 0.00480198 0)
(0.999378 0.00680113 0)
(0.999005 0.00894393 0)
(0.998569 0.0112726 0)
(0.998079 0.0138307 0)
(0.997547 0.0166523 0)
(0.996986 0.019769 0)
(0.996411 0.0232073 0)
(0.995841 0.0269907 0)
(0.995298 0.0311383 0)
(0.994805 0.0356658 0)
(0.994389 0.0405843 0)
(0.994082 0.0459007 0)
(0.993915 0.0516168 0)
(0.993924 0.0577289 0)
(0.994146 0.0642277 0)
(0.994617 0.0710974 0)
(0.995376 0.0783153 0)
(0.996459 0.0858519 0)
(0.997897 0.0936687 0)
(0.999728 0.10172 0)
(1.00196 0.109944 0)
(1.00464 0.118273 0)
(1.00771 0.126597 0)
(1.01135 0.134793 0)
(1.0151 0.142555 0)
(1.02009 0.149593 0)
(1.02349 0.154704 0)
(0.999997 0.000984178 0)
(0.999897 0.00289191 0)
(0.999697 0.00482541 0)
(0.999424 0.0068333 0)
(0.999078 0.00898462 0)
(0.998678 0.0113214 0)
(0.998227 0.013887 0)
(0.997742 0.0167153 0)
(0.997234 0.0198373 0)
(0.99672 0.0232791 0)
(0.996217 0.0270632 0)
(0.995748 0.0312083 0)
(0.995337 0.0357287 0)
(0.99501 0.0406348 0)
(0.994799 0.0459321 0)
(0.994736 0.051621 0)
(0.994855 0.0576967 0)
(0.995193 0.0641482 0)
(0.995786 0.0709586 0)
(0.99667 0.0781039 0)
(0.997881 0.0855532 0)
(0.999449 0.0932675 0)
(1.00141 0.1012 0)
(1.00377 0.10929 0)
(1.00658 0.117471 0)
(1.00976 0.125629 0)
(1.01351 0.133651 0)
(1.01738 0.141217 0)
(1.02241 0.148068 0)
(1.02591 0.152977 0)
(0.999997 0.000988749 0)
(0.999906 0.0029054 0)
(0.999722 0.00484755 0)
(0.999471 0.00686365 0)
(0.999155 0.00902289 0)
(0.998789 0.0113671 0)
(0.99838 0.0139395 0)
(0.997943 0.0167736 0)
(0.99749 0.0198998 0)
(0.997037 0.0233438 0)
(0.996604 0.0271273 0)
(0.996211 0.0312681 0)
(0.995883 0.0357796 0)
(0.995647 0.0406711 0)
(0.995534 0.0459467 0)
(0.995576 0.0516058 0)
(0.995806 0.057642 0)
(0.996261 0.0640431 0)
(0.996976 0.0707907 0)
(0.997985 0.0778596 0)
(0.999325 0.0852179 0)
(1.00102 0.0928256 0)
(1.00311 0.100636 0)
(1.00559 0.108588 0)
(1.00852 0.116616 0)
(1.01182 0.124606 0)
(1.01567 0.132451 0)
(1.01964 0.139822 0)
(1.02471 0.146486 0)
(1.02832 0.151211 0)
(0.999998 0.000993011 0)
(0.999914 0.00291803 0)
(0.999747 0.00486825 0)
(0.999519 0.006892 0)
(0.999233 0.00905851 0)
(0.998903 0.0114094 0)
(0.998537 0.0139877 0)
(0.99815 0.0168266 0)
(0.997753 0.0199559 0)
(0.997364 0.0234008 0)
(0.997 0.0271822 0)
(0.996685 0.031317 0)
(0.996443 0.0358176 0)
(0.9963 0.0406922 0)
(0.996286 0.0459437 0)
(0.996434 0.0515701 0)
(0.996778 0.0575638 0)
(0.99735 0.0639111 0)
(0.998187 0.0705923 0)
(0.999322 0.0775811 0)
(1.00079 0.0848446 0)
(1.00261 0.0923419 0)
(1.00482 0.100027 0)
(1.00743 0.107837 0)
(1.01047 0.115709 0)
(1.01389 0.123528 0)
(1.01782 0.131191 0)
(1.0219 0.13837 0)
(1.027 0.144847 0)
(1.0307 0.149401 0)
(0.999998 0.000996938 0)
(0.999923 0.00292972 0)
(0.999773 0.00488739 0)
(0.999569 0.00691814 0)
(0.999313 0.0090912 0)
(0.999021 0.011448 0)
(0.998699 0.0140313 0)
(0.998362 0.0168739 0)
(0.998023 0.0200052 0)
(0.997699 0.0234495 0)
(0.997408 0.0272272 0)
(0.997172 0.0313541 0)
(0.997017 0.0358417 0)
(0.996968 0.040697 0)
(0.997056 0.0459218 0)
(0.997311 0.0515127 0)
(0.997768 0.0574606 0)
(0.998459 0.0637508 0)
(0.999419 0.0703621 0)
(1.00068 0.0772671 0)
(1.00227 0.084432 0)
(1.00422 0.0918151 0)
(1.00656 0.09937 0)
(1.00928 0.107035 0)
(1.01243 0.114747 0)
(1.01595 0.122393 0)
(1.01998 0.129873 0)
(1.02414 0.136861 0)
(1.02927 0.14315 0)
(1.03307 0.147545 0)
(0.999998 0.0010005 0)
(0.999932 0.00294039 0)
(0.9998 0.00490483 0)
(0.99962 0.00694188 0)
(0.999396 0.00912072 0)
(0.999141 0.0114825 0)
(0.998865 0.0140699 0)
(0.99858 0.016915 0)
(0.9983 0.0200469 0)
(0.998042 0.0234892 0)
(0.997825 0.0272614 0)
(0.997671 0.0313785 0)
(0.997604 0.035851 0)
(0.997651 0.0406846 0)
(0.997841 0.0458799 0)
(0.998206 0.0514322 0)
(0.998777 0.0573313 0)
(0.999587 0.0635608 0)
(1.00067 0.0700987 0)
(1.00205 0.0769161 0)
(1.00377 0.0839786 0)
(1.00584 0.0912439 0)
(1.0083 0.0986654 0)
(1.01114 0.106182 0)
(1.0144 0.113731 0)
(1.01802 0.121201 0)
(1.02212 0.128496 0)
(1.02638 0.135296 0)
(1.03152 0.141397 0)
(1.03541 0.14564 0)
(0.999999 0.00100368 0)
(0.999942 0.00294995 0)
(0.999827 0.00492041 0)
(0.999672 0.006963 0)
(0.99948 0.00914678 0)
(0.999265 0.0115127 0)
(0.999035 0.014103 0)
(0.998804 0.0169495 0)
(0.998585 0.0200806 0)
(0.998395 0.0235193 0)
(0.998253 0.0272842 0)
(0.998182 0.0313895 0)
(0.998205 0.0358445 0)
(0.998349 0.0406538 0)
(0.998643 0.0458168 0)
(0.999118 0.0513276 0)
(0.999804 0.0571745 0)
(1.00073 0.0633399 0)
(1.00194 0.0698006 0)
(1.00345 0.0765268 0)
(1.00529 0.0834833 0)
(1.00748 0.0906271 0)
(1.01006 0.0979118 0)
(1.01301 0.105276 0)
(1.01637 0.11266 0)
(1.02009 0.119953 0)
(1.02427 0.127061 0)
(1.0286 0.133673 0)
(1.03376 0.139587 0)
(1.03774 0.143686 0)
(0.999999 0.00100644 0)
(0.999951 0.0029583 0)
(0.999855 0.00493397 0)
(0.999726 0.00698128 0)
(0.999567 0.00916908 0)
(0.999392 0.0115381 0)
(0.99921 0.0141302 0)
(0.999033 0.0169767 0)
(0.999986 1.27112e-05 9.8333e-23)
(0.999666 3.8181e-05 -2.21583e-22)
(0.999004 6.4138e-05 2.29987e-22)
(0.998078 9.12166e-05 -1.08439e-22)
(0.996872 0.000120122 -3.4776e-22)
(0.99541 0.000151389 3.67518e-22)
(0.993685 0.000185552 4.08222e-22)
(0.991703 0.000223093 2.28281e-22)
(0.989457 0.000264476 -2.89297e-22)
(0.986945 0.000310159 1.20083e-22)
(0.984161 0.000360552 -1.01665e-22)
(0.9811 0.000416216 -4.31234e-22)
(0.977753 0.000477225 5.57451e-22)
(0.974115 0.000544752 -5.65564e-22)
(0.970184 0.000618687 5.66759e-22)
(0.96595 0.000699664 -8.16745e-23)
(0.961409 0.000788122 -1.90707e-22)
(0.956555 0.000884542 -2.29228e-23)
(0.951386 0.000989397 3.26793e-24)
(0.945896 0.00110314 1.13567e-22)
(0.940085 0.00122621 -8.72583e-23)
(0.933951 0.00135895 5.73984e-23)
(0.927494 0.00150164 -4.04581e-22)
(0.920717 0.00165431 1.93163e-22)
(0.913624 0.00181664 9.27727e-23)
(0.906225 0.00198768 1.57923e-22)
(0.898536 0.00216541 2.70907e-22)
(0.890582 0.00234613 -2.4675e-22)
(0.882406 0.00252345 5.45226e-22)
(0.874063 0.00268771 -4.41774e-22)
(0.999986 3.81304e-05 2.60912e-22)
(0.999666 0.00011453 -3.7005e-22)
(0.999005 0.000192391 -8.63721e-22)
(0.998079 0.000273615 -2.71457e-22)
(0.996874 0.000360321 1.77371e-22)
(0.995412 0.00045411 -6.89459e-22)
(0.993689 0.000556588 -3.82508e-22)
(0.991708 0.000669199 -5.96741e-22)
(0.989464 0.000793336 -1.88162e-22)
(0.986953 0.000930373 -5.20709e-22)
(0.984171 0.00108154 2.05666e-22)
(0.981113 0.0012485 5.76613e-23)
(0.977768 0.00143096 -4.51367e-23)
(0.974134 0.00163406 1.14377e-22)
(0.970206 0.00185587 3.13168e-23)
(0.965976 0.00209878 -1.66503e-22)
(0.961439 0.00236412 -3.21488e-22)
(0.956591 0.00265334 9.36167e-22)
(0.951428 0.00296785 -1.41827e-21)
(0.945945 0.00330902 4.84244e-22)
(0.940142 0.00367813 -1.56365e-21)
(0.934016 0.00407628 1.82568e-21)
(0.927569 0.00450422 2.26486e-22)
(0.920802 0.00496209 2.64562e-22)
(0.913721 0.00544893 -2.26854e-21)
(0.906335 0.00596183 2.92885e-22)
(0.898661 0.00649479 5.97146e-22)
(0.890723 0.00703669 -1.16484e-21)
(0.882563 0.00756834 1.33369e-21)
(0.874234 0.00806084 -4.67016e-22)
(0.999986 6.35398e-05 -3.76036e-22)
(0.999666 0.000190839 4.46849e-22)
(0.999006 0.000320573 2.75339e-22)
(0.998081 0.000455909 2.11226e-22)
(0.996877 0.000600378 3.38442e-22)
(0.995417 0.000756651 1.68028e-24)
(0.993696 0.000927407 -2.83954e-22)
(0.991717 0.00111505 1.63233e-22)
(0.989476 0.0013219 -4.12833e-22)
(0.98697 0.00155025 1.35011e-21)
(0.984192 0.00180216 6.41802e-22)
(0.981138 0.00208035 -1.96405e-21)
(0.977799 0.00238422 -1.38698e-22)
(0.974171 0.00272281 -1.80961e-22)
(0.97025 0.00309244 4.88755e-22)
(0.966028 0.00349716 1.62245e-21)
(0.961501 0.00393926 6.45298e-23)
(0.956663 0.00442114 -1.1053e-21)
(0.951511 0.00494515 3.97525e-22)
(0.946042 0.00551354 4.46618e-22)
(0.940254 0.00612845 7.38822e-22)
(0.934146 0.00679169 -2.07891e-21)
(0.927718 0.00750452 1.69644e-21)
(0.920973 0.00826715 -7.42544e-23)
(0.913916 0.00907794 -6.95926e-22)
(0.906557 0.00993209 6.75911e-22)
(0.898911 0.0108195 1.46364e-21)
(0.891003 0.0117218 -1.23771e-21)
(0.882875 0.0126068 -3.70078e-21)
(0.874578 0.0134267 4.50119e-21)
(0.999986 8.8933e-05 -9.24254e-22)
(0.999667 0.000267082 7.1855e-22)
(0.999007 0.000448637 1.53549e-21)
(0.998084 0.000638026 4.34607e-22)
(0.996882 0.000840199 -1.66885e-21)
(0.995425 0.00105889 1.42141e-21)
(0.993707 0.00129786 4.70546e-22)
(0.991732 0.00156047 1.63441e-21)
(0.989496 0.00184997 1.50073e-21)
(0.986994 0.00216955 -1.31301e-21)
(0.984223 0.00252216 3.00851e-23)
(0.981175 0.00291151 1.38324e-21)
(0.977845 0.00333771 5.15591e-22)
(0.974227 0.0038107 -4.16361e-24)
(0.970316 0.00432795 -1.29755e-21)
(0.966106 0.00489432 -1.58417e-21)
(0.961593 0.00551299 -1.01829e-22)
(0.956771 0.00618729 9.82508e-22)
(0.951637 0.0069205 -1.38129e-21)
(0.946188 0.00771577 1.22829e-22)
(0.940423 0.00857606 1.17701e-21)
(0.934341 0.00950388 7.83183e-22)
(0.927942 0.010501 6.15888e-22)
(0.921229 0.0115676 -3.6462e-21)
(0.914208 0.0127015 -1.70445e-21)
(0.906888 0.0138958 5.28003e-21)
(0.899285 0.0151365 -4.10515e-21)
(0.891424 0.0163976 1.47414e-21)
(0.883344 0.0176345 3.71816e-22)
(0.875093 0.0187803 -1.08798e-21)
(0.999986 0.000114304 -1.07705e-21)
(0.999667 0.000343233 -1.21563e-21)
(0.999009 0.000576536 -1.86413e-21)
(0.998088 0.000819896 3.28505e-22)
(0.996889 0.00107969 1.72385e-22)
(0.995436 0.00136072 1.30862e-21)
(0.993722 0.00166781 -6.78992e-22)
(0.991752 0.00200528 -7.89917e-22)
(0.989522 0.00237734 -1.16859e-21)
(0.987027 0.00278805 -3.60197e-21)
(0.984264 0.00324127 2.31737e-21)
(0.981225 0.00374166 1.21585e-21)
(0.977906 0.00429044 -2.01755e-21)
(0.974301 0.00489733 -9.94663e-22)
(0.970404 0.00556198 1.07859e-21)
(0.966211 0.00628975 2.21798e-21)
(0.961715 0.00708471 1.53827e-21)
(0.956914 0.00795112 -2.11434e-21)
(0.951804 0.00889313 -6.79427e-22)
(0.946383 0.00991479 9.6925e-22)
(0.940648 0.0110199 3.26212e-22)
(0.9346 0.0122116 1.69972e-21)
(0.92824 0.0134921 -1.65278e-22)
(0.92157 0.0148617 2.56538e-22)
(0.914597 0.0163174 -3.66729e-21)
(0.90733 0.0178504 4.81895e-21)
(0.899785 0.0194425 -6.71101e-21)
(0.891984 0.0210607 -1.58683e-21)
(0.883969 0.0226473 6.72843e-21)
(0.87578 0.0241168 -5.71071e-21)
(0.999986 0.000139645 4.64419e-21)
(0.999668 0.000419264 3.47931e-21)
(0.999012 0.000704222 -1.36945e-22)
(0.998093 0.00100145 -1.58028e-21)
(0.996898 0.00131875 3.46117e-22)
(0.995449 0.001662 -1.36442e-21)
(0.99374 0.0020371 1.19399e-21)
(0.991777 0.00244933 -1.63236e-21)
(0.989554 0.00290381 -1.30789e-21)
(0.987069 0.00340553 -3.98181e-22)
(0.984315 0.00395924 -3.24606e-21)
(0.981288 0.0045705 -4.39308e-22)
(0.977983 0.00524153 2.45831e-21)
(0.974393 0.00598227 1.16377e-21)
(0.970514 0.0067941 -1.77788e-21)
(0.966341 0.00768298 4.1952e-22)
(0.961869 0.00865389 -1.69132e-21)
(0.957094 0.00971196 2.32624e-21)
(0.952014 0.0108623 -1.34825e-21)
(0.946626 0.0121097 -1.33172e-21)
(0.94093 0.0134588 1.93631e-21)
(0.934924 0.0149135 4.77087e-21)
(0.928612 0.0164763 -1.55796e-21)
(0.921997 0.0181475 2.86089e-21)
(0.915084 0.0199234 -3.37064e-21)
(0.907883 0.0217932 -7.36951e-21)
(0.900409 0.0237346 1.19355e-20)
(0.892685 0.0257072 -8.81057e-21)
(0.884749 0.0276407 1.96059e-21)
(0.876637 0.0294315 -8.8395e-22)
(0.999986 0.00016495 -7.29182e-22)
(0.999669 0.000495149 -3.5371e-21)
(0.999015 0.000831647 -2.41808e-21)
(0.998099 0.00118261 1.5818e-21)
(0.996908 0.00155729 -2.53805e-21)
(0.995464 0.00196262 -6.51204e-22)
(0.993762 0.00240559 -4.51015e-22)
(0.991807 0.00289243 1.19557e-21)
(0.989593 0.00342919 2.9566e-21)
(0.987118 0.00402175 5.39699e-22)
(0.984377 0.0046758 1.86501e-21)
(0.981364 0.00539772 5.07478e-22)
(0.978075 0.00619077 -1.60349e-21)
(0.974504 0.00706515 5.02664e-22)
(0.970646 0.00802387 -4.12064e-22)
(0.966497 0.00907351 5.26498e-22)
(0.962053 0.0102199 1.74035e-21)
(0.95731 0.0114692 2.22968e-21)
(0.952265 0.0128271 -2.07061e-21)
(0.946918 0.0142996 3.15679e-21)
(0.941267 0.0158918 -3.5784e-21)
(0.935314 0.0176083 -2.25123e-21)
(0.92906 0.019452 -1.57008e-21)
(0.922509 0.0214233 6.77235e-21)
(0.915667 0.0235174 -2.32209e-21)
(0.908546 0.0257217 -9.21315e-21)
(0.901158 0.0280096 6.45847e-21)
(0.893525 0.0303337 1.60771e-21)
(0.885685 0.0326107 -4.27177e-21)
(0.877665 0.0347195 3.5799e-21)
(0.999986 0.000190212 -1.28473e-21)
(0.99967 0.000570861 -7.61242e-22)
(0.999018 0.000958764 6.26668e-21)
(0.998106 0.00136331 -5.17596e-22)
(0.99692 0.00179521 -7.41104e-22)
(0.995482 0.00226246 2.77478e-21)
(0.993788 0.00277313 3.11181e-21)
(0.991841 0.0033344 1.94402e-21)
(0.989638 0.00395327 -7.70514e-22)
(0.987176 0.00463648 1.20199e-21)
(0.984449 0.00539069 1.10964e-22)
(0.981453 0.00622303 8.03912e-22)
(0.978182 0.00713782 -5.17785e-21)
(0.974633 0.00814559 8.73348e-23)
(0.9708 0.00925087 1.82052e-21)
(0.96668 0.0104608 5.23427e-22)
(0.962268 0.0117823 1.89269e-21)
(0.957561 0.0132221 -6.16886e-21)
(0.952558 0.014787 -1.16965e-21)
(0.947258 0.0164835 7.51565e-21)
(0.941661 0.0183178 -1.43851e-21)
(0.935768 0.0202948 -5.60474e-21)
(0.929581 0.0224179 2.49009e-21)
(0.923106 0.0246872 3.82383e-21)
(0.916348 0.0270973 -3.74867e-21)
(0.909318 0.0296332 7.16628e-22)
(0.902031 0.0322646 -8.62669e-22)
(0.894504 0.0349364 1.7819e-21)
(0.886775 0.0375529 -7.60085e-21)
(0.878863 0.0399759 9.98049e-21)
(0.999986 0.000215425 -2.57473e-21)
(0.999671 0.000646373 4.32511e-21)
(0.999022 0.00108552 -1.8176e-21)
(0.998115 0.00154348 1.00091e-21)
(0.996934 0.00203242 2.41889e-21)
(0.995503 0.0025614 -3.11702e-21)
(0.993818 0.00313957 -4.89872e-21)
(0.991881 0.00377509 -2.14031e-22)
(0.98969 0.00447586 -2.35214e-22)
(0.987242 0.0052495 -1.15073e-21)
(0.984532 0.00610366 7.5671e-22)
(0.981554 0.00704612 4.23352e-22)
(0.978305 0.00808236 7.49542e-22)
(0.974781 0.00922323 2.14636e-21)
(0.970977 0.0104747 -3.44572e-21)
(0.966889 0.0118445 2.49692e-21)
(0.962513 0.0133404 8.01111e-22)
(0.957849 0.01497 -1.36691e-21)
(0.952894 0.016741 -5.64685e-22)
(0.947648 0.0186607 -2.9777e-21)
(0.942112 0.0207357 1.10262e-21)
(0.936287 0.0229717 4.21387e-21)
(0.930177 0.0253722 -4.45404e-21)
(0.923788 0.0279374 -1.70812e-21)
(0.917126 0.0306608 2.51178e-23)
(0.910201 0.0335253 -5.9818e-22)
(0.903028 0.0364963 -2.65705e-21)
(0.895621 0.0395117 3.97082e-21)
(0.88802 0.0424633 1.56683e-20)
(0.88023 0.0451961 -2.17973e-20)
(0.999986 0.000240581 -2.87663e-21)
(0.999673 0.000721656 -6.9147e-21)
(0.999027 0.00121187 4.21707e-22)
(0.998124 0.00172304 5.07579e-22)
(0.996949 0.00226881 -2.94976e-21)
(0.995527 0.00285931 -9.40088e-22)
(0.993851 0.00350478 -3.20489e-21)
(0.991926 0.00421432 4.79334e-21)
(0.989749 0.00499676 3.08739e-21)
(0.987317 0.00586058 2.5828e-23)
(0.984625 0.00681443 5.02078e-22)
(0.981668 0.00786667 -2.3289e-21)
(0.978444 0.00902404 -2.52609e-22)
(0.974948 0.0102977 2.28901e-22)
(0.971175 0.0116948 1.24476e-21)
(0.967124 0.013224 -2.78517e-21)
(0.96279 0.0148937 2.03582e-21)
(0.958173 0.0167124 -4.33433e-21)
(0.953271 0.0186885 4.36839e-21)
(0.948086 0.02083 -2.69879e-22)
(0.942618 0.0231444 1.16657e-21)
(0.936871 0.0256376 -9.23896e-22)
(0.930848 0.0283136 -1.02595e-22)
(0.924556 0.0311721 -2.74295e-21)
(0.918001 0.0342058 -2.4429e-21)
(0.911194 0.0373952 -3.98555e-21)
(0.904148 0.0407017 2.16536e-20)
(0.896878 0.0440562 -8.43218e-21)
(0.889418 0.0473375 -5.52595e-21)
(0.881766 0.0503753 -1.3491e-20)
(0.999986 0.000265674 3.86648e-21)
(0.999674 0.000796684 -1.2444e-21)
(0.999032 0.00133777 -5.26725e-21)
(0.998134 0.00190193 -8.45367e-22)
(0.996967 0.00250429 4.748e-21)
(0.995553 0.00315608 -1.32545e-21)
(0.993888 0.00386859 2.03142e-22)
(0.991976 0.00465191 -2.79629e-21)
(0.989814 0.00551576 -2.57114e-21)
(0.9874 0.00646949 -2.00924e-21)
(0.984728 0.00752277 3.75766e-21)
(0.981795 0.00868443 -4.36533e-21)
(0.978598 0.00996254 4.93822e-21)
(0.975133 0.0113686 -1.74206e-21)
(0.971396 0.012911 -7.55937e-22)
(0.967385 0.0145989 7.78011e-22)
(0.963097 0.0164416 4.57395e-21)
(0.958532 0.0184485 -3.20968e-21)
(0.953691 0.0206287 1.07448e-21)
(0.948573 0.0229908 1.63152e-21)
(0.943182 0.0255429 -3.93928e-21)
(0.93752 0.0282914 8.6261e-21)
(0.931593 0.0312405 -1.46822e-20)
(0.925408 0.0343895 3.07701e-21)
(0.918972 0.0377301 8.50509e-21)
(0.912296 0.0412406 -1.28173e-20)
(0.905392 0.0448779 1.66409e-22)
(0.898272 0.0485662 -4.6093e-21)
(0.89097 0.0521716 2.34354e-20)
(0.883469 0.0555088 -2.7442e-21)
(0.999986 0.000290695 2.63718e-21)
(0.999676 0.000871429 8.97822e-21)
(0.999037 0.00146316 -3.09607e-22)
(0.998145 0.00208006 3.4653e-21)
(0.996986 0.00273877 -1.99502e-21)
(0.995581 0.00345157 5.82996e-21)
(0.993929 0.00423087 -2.95172e-22)
(0.992031 0.00508769 -1.06421e-21)
(0.989886 0.00603267 2.63717e-21)
(0.987491 0.007076 5.12519e-21)
(0.984843 0.0082284 -3.76798e-21)
(0.981935 0.00949911 2.58909e-21)
(0.978767 0.0108976 -2.35752e-21)
(0.975337 0.0124356 -6.85489e-21)
(0.971639 0.0141227 7.47683e-21)
(0.967672 0.0159686 -2.94257e-21)
(0.963436 0.0179836 6.81589e-22)
(0.958929 0.0201777 -8.36162e-21)
(0.954152 0.0225607 8.92106e-21)
(0.949109 0.025142 -1.18924e-20)
(0.943801 0.0279301 -3.39263e-21)
(0.938234 0.0309318 1.16232e-20)
(0.932413 0.0341514 -1.40179e-20)
(0.926346 0.0375878 1.10756e-20)
(0.920041 0.0412316 -5.12299e-21)
(0.913508 0.0450587 1.47793e-20)
(0.906759 0.0490219 -1.74971e-21)
(0.899804 0.0530382 -1.67025e-21)
(0.892674 0.0569614 9.58597e-21)
(0.88534 0.060592 -1.55212e-20)
(0.999986 0.000315639 -9.46821e-22)
(0.999678 0.00094586 -1.0109e-20)
(0.999043 0.00158799 6.02572e-21)
(0.998157 0.00225736 -2.23945e-21)
(0.997006 0.00297214 2.02078e-21)
(0.995613 0.00374568 -6.45615e-21)
(0.993973 0.00459146 9.318e-23)
(0.992092 0.00552149 -2.65542e-21)
(0.989965 0.00654729 3.35843e-21)
(0.987591 0.0076799 -5.88946e-21)
(0.984967 0.00893097 2.02002e-21)
(0.982088 0.0103093 -1.33469e-21)
(0.978953 0.0118288 5.11641e-21)
(0.97556 0.0134983 3.49423e-22)
(0.971905 0.0153295 -6.86349e-21)
(0.967987 0.0173328 2.37463e-21)
(0.963805 0.0195192 1.19837e-20)
(0.959361 0.0218994 -7.34073e-21)
(0.954656 0.0244839 3.75072e-22)
(0.949694 0.0272828 6.57525e-21)
(0.944478 0.0303049 -8.51265e-21)
(0.939013 0.0335575 5.51362e-21)
(0.933308 0.0370447 -4.33755e-21)
(0.927369 0.0407652 4.9089e-21)
(0.921206 0.0447081 -1.61871e-21)
(0.914829 0.0488471 -4.18629e-21)
(0.90825 0.0531305 3.75023e-21)
(0.901472 0.0574687 -8.15788e-21)
(0.894529 0.0617028 6.00321e-21)
(0.887376 0.0656204 5.9328e-21)
(0.999985 0.000340496 1.66204e-21)
(0.99968 0.00101995 1.74907e-21)
(0.99905 0.00171222 1.0385e-21)
(0.998171 0.00243376 3.07484e-21)
(0.997029 0.0032043 -2.68821e-21)
(0.995647 0.00403826 -1.24298e-22)
(0.994022 0.00495022 4.16827e-21)
(0.992157 0.00595314 -7.44885e-22)
(0.99005 0.00705941 -8.07335e-21)
(0.9877 0.00828098 -2.49993e-21)
(0.985102 0.00963017 -2.72076e-21)
(0.982254 0.0111119 -1.81826e-21)
(0.979154 0.0127557 -2.45214e-21)
(0.975802 0.0145564 6.53456e-21)
(0.972193 0.016531 -2.01988e-21)
(0.968327 0.0186909 1.88426e-21)
(0.964206 0.0210477 2.64619e-21)
(0.95983 0.0236129 -9.93914e-22)
(0.955203 0.0263976 2.74916e-21)
(0.950328 0.0294123 -4.41476e-22)
(0.94521 0.0326663 -1.47115e-20)
(0.939857 0.0361673 1.08068e-20)
(0.934276 0.0399191 1.98376e-22)
(0.928476 0.0439199 -1.3212e-21)
(0.922467 0.0481576 -9.85855e-22)
(0.916259 0.0526033 -2.36342e-22)
(0.909862 0.0572009 -7.58822e-21)
(0.903277 0.0618542 2.02589e-20)
(0.896536 0.066392 -1.21979e-20)
(0.889577 0.0705894 -2.02116e-21)
(0.999985 0.000365259 -3.54494e-21)
(0.999682 0.00109367 7.17652e-22)
(0.999057 0.00183578 -1.52404e-21)
(0.998185 0.00260917 -8.40644e-22)
(0.997054 0.00343516 4.99387e-21)
(0.995684 0.0043292 1.22072e-21)
(0.994074 0.005307 -2.99201e-21)
(0.992228 0.00638246 3.50028e-21)
(0.990142 0.00756885 2.32054e-21)
(0.987817 0.00887906 9.78444e-21)
(0.985247 0.0103261 5.92e-21)
(0.982433 0.011915 1.861e-21)
(0.979373 0.0136783 9.4571e-22)
(0.976063 0.0156095 -2.03104e-21)
(0.972503 0.0177269 8.16873e-21)
(0.968694 0.0200425 -1.45179e-20)
(0.964638 0.0225687 2.79019e-21)
(0.960335 0.0253176 -4.42865e-21)
(0.955791 0.0283009 8.58646e-21)
(0.951011 0.0315295 -9.13561e-21)
(0.946 0.0350133 5.09321e-21)
(0.940767 0.0387598 -1.60675e-20)
(0.93532 0.0427729 8.02247e-22)
(0.929669 0.0470501 -6.02788e-21)
(0.923825 0.0515779 1.56766e-20)
(0.917798 0.0563247 7.74599e-21)
(0.911596 0.0612301 4.79165e-21)
(0.905218 0.0661914 -1.03872e-20)
(0.898692 0.0710248 1.07656e-20)
(0.891942 0.0754945 -1.20501e-20)
(0.999985 0.000389921 3.06907e-21)
(0.999684 0.00116699 3.3722e-21)
(0.999065 0.00195863 -7.62008e-21)
(0.998201 0.00278353 -8.01981e-21)
(0.99708 0.0036646 4.35166e-21)
(0.995724 0.00461837 -2.88007e-21)
(0.994131 0.00566164 2.89577e-21)
(0.992304 0.00680928 2.08729e-21)
(0.990241 0.0080754 2.79503e-21)
(0.987943 0.0094739 -6.0925e-21)
(0.985403 0.0110185 -6.94449e-21)
(0.982625 0.0127194 4.43968e-23)
(0.979606 0.0145967 1.28271e-21)
(0.976343 0.0166574 -4.07072e-21)
(0.972836 0.0189166 2.60158e-21)
(0.969088 0.0213871 1.71505e-22)
(0.965101 0.0240816 1.02785e-20)
(0.960877 0.0270129 -3.75344e-21)
(0.956423 0.0301932 9.25054e-21)
(0.951743 0.0336338 -5.42565e-21)
(0.946846 0.0373448 3.30696e-22)
(0.941741 0.0413339 5.10135e-21)
(0.936438 0.0456048 -1.22051e-20)
(0.930947 0.0501541 1.84713e-20)
(0.925279 0.0549669 -3.28152e-21)
(0.919445 0.0600089 -2.39149e-21)
(0.913452 0.0652152 1.21349e-20)
(0.907294 0.0704768 -2.19154e-20)
(0.900998 0.0755976 1.61811e-20)
(0.89447 0.0803315 3.66519e-21)
(0.999985 0.000414473 -4.16117e-21)
(0.999687 0.00123988 6.14349e-22)
(0.999073 0.00208071 5.59881e-21)
(0.998218 0.00295676 3.65863e-21)
(0.997108 0.00389253 -1.14718e-20)
(0.995767 0.00490564 1.22304e-22)
(0.994191 0.006014 9.75972e-22)
(0.992385 0.00723342 -1.29041e-21)
(0.990347 0.00857888 2.55508e-23)
(0.988077 0.0100653 3.62461e-21)
(0.985571 0.0117067 1.93894e-21)
(0.982831 0.0135165 4.05966e-21)
(0.979856 0.0155098 -2.04761e-21)
(0.976642 0.0176995 -6.59061e-21)
(0.973192 0.0200999 -3.47511e-21)
(0.969509 0.0227242 2.5285e-21)
(0.965595 0.0255859 -5.58983e-21)
(0.961456 0.0286982 -2.07722e-22)
(0.957096 0.0320736 -1.25843e-21)
(0.952525 0.035724 7.07529e-21)
(0.947749 0.0396597 -1.61065e-20)
(0.942781 0.0438883 7.28157e-21)
(0.93763 0.0484131 4.32061e-21)
(0.932309 0.0532301 3.66193e-22)
(0.92683 0.0583225 2.22186e-21)
(0.921201 0.0636534 -1.86445e-20)
(0.915429 0.0691534 1.11045e-20)
(0.909505 0.0747072 -7.86047e-21)
(0.903451 0.0801064 1.88741e-21)
(0.897159 0.085096 7.92222e-21)
(0.999985 0.000438905 6.04607e-21)
(0.999689 0.0013123 5.56275e-21)
(0.999082 0.00220196 -5.0844e-21)
(0.998236 0.00312876 1.63352e-21)
(0.997138 0.00411884 1.0363e-20)
(0.995813 0.00519088 -5.20427e-21)
(0.994256 0.00636392 -1.14866e-21)
(0.992472 0.00765472 -2.31896e-21)
(0.99046 0.00907907 3.31832e-21)
(0.988221 0.0106529 1.27692e-21)
(0.98575 0.0123902 -4.30571e-21)
(0.98305 0.0143074 7.38059e-21)
(0.980121 0.0164174 2.17324e-22)
(0.97696 0.0187356 -5.50987e-21)
(0.973571 0.0212763 -5.24358e-21)
(0.969957 0.0240534 1.73748e-21)
(0.966122 0.027081 1.03746e-21)
(0.962071 0.0303727 -7.96168e-22)
(0.957813 0.0339415 8.175e-21)
(0.953356 0.0377995 1.96243e-21)
(0.948709 0.041957 -6.04759e-21)
(0.943886 0.0464218 -3.42907e-22)
(0.938897 0.0511965 -4.91027e-21)
(0.933757 0.0562763 2.47802e-21)
(0.928476 0.0616426 6.46619e-21)
(0.923064 0.0672557 -2.99348e-21)
(0.917527 0.0730417 1.32601e-21)
(0.911849 0.0788793 1.63744e-20)
(0.906052 0.0845476 -9.50116e-21)
(0.900007 0.0897838 2.35771e-20)
(0.999985 0.00046321 1.43755e-21)
(0.999692 0.00138423 -3.59758e-21)
(0.999091 0.00232233 4.72026e-21)
(0.998255 0.00329947 4.68147e-21)
(0.997171 0.00434343 -1.94953e-22)
(0.995862 0.00547397 2.63884e-21)
(0.994324 0.00671126 2.55182e-21)
(0.992565 0.00807298 -1.97966e-21)
(0.990581 0.00957579 1.58142e-21)
(0.988373 0.0112364 -1.65403e-21)
(0.985939 0.0130676 1.21078e-21)
(0.983283 0.015093 4.48339e-21)
(0.980403 0.0173194 -9.74746e-22)
(0.977298 0.0197653 8.13161e-21)
(0.973973 0.0224454 -2.52309e-21)
(0.970432 0.0253743 7.60182e-21)
(0.96668 0.0285665 -8.02203e-21)
(0.962724 0.032036 2.0754e-21)
(0.958573 0.0357962 2.38484e-22)
(0.954236 0.0398594 9.28583e-22)
(0.949726 0.0442358 -8.84586e-21)
(0.945056 0.0489331 8.91037e-24)
(0.940239 0.0539535 3.2698e-21)
(0.935289 0.0592909 -5.39838e-21)
(0.930218 0.0649252 4.36832e-21)
(0.925035 0.0708136 -5.93223e-22)
(0.919745 0.0768774 1.46981e-21)
(0.914325 0.0829898 1.58028e-20)
(0.908798 0.0889175 -4.33308e-20)
(0.903014 0.094391 2.2908e-20)
(0.999985 0.000487379 -2.18567e-21)
(0.999695 0.00145563 -3.28296e-22)
(0.999101 0.00244177 -3.86631e-21)
(0.998275 0.00346879 -4.71703e-21)
(0.997205 0.00456619 -1.53467e-21)
(0.995913 0.00575478 7.19864e-22)
(0.994397 0.00705586 -7.24886e-21)
(0.992663 0.00848805 -2.40197e-22)
(0.990708 0.0100689 -5.4931e-21)
(0.988534 0.0118158 2.95149e-21)
(0.986141 0.0137404 -2.52499e-21)
(0.98353 0.0158733 1.73517e-21)
(0.980701 0.0182155 -5.64299e-21)
(0.977656 0.0207883 -6.95041e-21)
(0.974398 0.0236069 -2.67333e-21)
(0.970934 0.0266864 2.04353e-21)
(0.96727 0.0300418 -2.27655e-22)
(0.963414 0.0336875 3.10441e-21)
(0.959375 0.037637 -1.52879e-21)
(0.955167 0.0419027 1.73773e-20)
(0.950801 0.046495 -1.55614e-20)
(0.946292 0.0514211 8.97186e-21)
(0.941655 0.0566826 -1.13662e-20)
(0.936905 0.0622724 7.13512e-21)
(0.932055 0.0681682 4.20348e-21)
(0.927113 0.0743244 -2.31834e-20)
(0.922082 0.0806577 2.48182e-20)
(0.916934 0.0870357 2.61131e-21)
(0.911688 0.0932126 5.08353e-21)
(0.906177 0.0989136 -2.2589e-20)
(0.999985 0.000511401 -2.20192e-21)
(0.999699 0.00152648 1.54283e-21)
(0.999112 0.0025602 -4.93247e-21)
(0.998297 0.00363665 -1.4596e-21)
(0.997241 0.004787 2.17544e-21)
(0.995968 0.00603316 2.78167e-21)
(0.994474 0.00739756 -4.85604e-21)
(0.992766 0.00889973 1.09933e-22)
(0.990843 0.0105581 4.73278e-22)
(0.988705 0.0123909 3.77539e-21)
(0.986353 0.0144119 5.10913e-21)
(0.983791 0.016648 -1.02382e-20)
(0.981016 0.0191054 5.50151e-21)
(0.978033 0.0218042 7.76352e-21)
(0.974847 0.0247603 -7.71656e-21)
(0.971464 0.0279893 1.17596e-20)
(0.967892 0.0315065 -3.77514e-21)
(0.964141 0.0353265 -2.21783e-21)
(0.960221 0.0394631 -1.80982e-20)
(0.956147 0.0439287 6.45985e-21)
(0.951932 0.0487336 2.81184e-21)
(0.947593 0.0538845 -2.48804e-21)
(0.943146 0.0593825 6.43124e-21)
(0.938606 0.0652189 -1.9847e-21)
(0.933988 0.0713697 2.84518e-20)
(0.929298 0.0777861 -2.02972e-20)
(0.924538 0.08438 3.69261e-21)
(0.919673 0.0910138 -2.49989e-20)
(0.914722 0.0974295 3.16908e-20)
(0.909496 0.103348 1.4813e-20)
(0.999985 0.000535267 -1.35238e-21)
(0.999702 0.00159672 -3.9381e-21)
(0.999123 0.00267758 -5.27193e-22)
(0.998319 0.00380296 7.93602e-21)
(0.997279 0.00500577 -2.93015e-21)
(0.996026 0.00630899 7.834e-22)
(0.994556 0.00773621 6.28219e-21)
(0.992876 0.00930787 -3.26913e-21)
(0.990985 0.0110432 -2.33894e-21)
(0.988885 0.0129608 9.54453e-22)
(0.986577 0.0150794 -6.40231e-22)
(0.984065 0.0174171 7.52599e-23)
(0.981348 0.0199887 -5.76291e-23)
(0.97843 0.0228127 -3.79187e-21)
(0.975319 0.0259053 -3.27994e-21)
(0.972022 0.0292825 -7.74695e-21)
(0.968547 0.0329599 7.27685e-21)
(0.964905 0.0369524 4.80357e-21)
(0.96111 0.0412739 -5.85763e-21)
(0.957177 0.0459366 8.6225e-21)
(0.953121 0.0509506 5.08827e-22)
(0.94896 0.0563222 -2.05865e-20)
(0.944711 0.0620516 1.62197e-20)
(0.940392 0.0681288 -7.12307e-21)
(0.936016 0.0745276 3.63015e-22)
(0.93159 0.0811961 4.66229e-21)
(0.927111 0.0880416 -2.68288e-20)
(0.922543 0.0949213 3.23949e-20)
(0.917897 0.101565 -5.63221e-21)
(0.912967 0.10769 1.34368e-20)
(0.999984 0.000558965 -3.48586e-21)
(0.999706 0.00166634 3.38368e-21)
(0.999135 0.00279383 8.16358e-21)
(0.998344 0.00396762 -4.07167e-21)
(0.99732 0.00522237 1.07282e-21)
(0.996087 0.00658214 -7.53896e-21)
(0.994641 0.00807165 7.61027e-21)
(0.992991 0.00971228 1.36725e-21)
(0.991135 0.011524 -1.01308e-21)
(0.989074 0.0135244 -3.45739e-21)
(0.986813 0.0157395 2.1862e-21)
(0.984353 0.0181799 7.12228e-21)
(0.981696 0.0208651 -3.65802e-21)
(0.978848 0.0238135 6.41186e-21)
(0.975815 0.0270415 -4.57566e-21)
(0.972607 0.0305657 5.69355e-21)
(0.969234 0.0344017 1.22762e-21)
(0.965708 0.0385648 -5.57784e-21)
(0.962043 0.0430686 8.35754e-21)
(0.958257 0.0479255 3.5112e-21)
(0.954367 0.0531451 -6.69696e-21)
(0.950392 0.0587331 4.06624e-21)
(0.946351 0.0646886 1.33961e-20)
(0.942261 0.0710004 -3.20247e-21)
(0.938138 0.07764 -2.50293e-20)
(0.933987 0.0845523 4.41294e-21)
(0.929803 0.0916398 2.91157e-20)
(0.925541 0.0987551 2.21596e-21)
(0.921213 0.105615 1.11006e-20)
(0.91659 0.111937 -3.60719e-20)
(0.999984 0.000582486 6.09543e-21)
(0.999709 0.00173529 1.69234e-21)
(0.999147 0.0029089 -2.90399e-21)
(0.998369 0.00413055 -3.78429e-21)
(0.997362 0.00543669 3.43741e-22)
(0.996151 0.00685246 1.03502e-20)
(0.994732 0.00840373 -8.70665e-21)
(0.993112 0.0101128 7.52655e-22)
(0.991291 0.0120004 2.70016e-21)
(0.989273 0.014084 -2.88263e-21)
(0.987061 0.0163933 3.31893e-24)
(0.984656 0.0189363 -2.83922e-21)
(0.982062 0.0217344 7.01122e-21)
(0.979285 0.0248062 -6.06478e-22)
(0.976335 0.0281685 -4.73503e-21)
(0.97322 0.0318383 -4.58051e-21)
(0.969953 0.0358314 -7.75073e-21)
(0.966548 0.040163 -5.51818e-21)
(0.96302 0.0448468 9.15028e-21)
(0.959388 0.0498947 -1.29426e-20)
(0.955671 0.0553161 9.92721e-21)
(0.95189 0.0611159 -9.89859e-21)
(0.948065 0.0672922 1.79911e-20)
(0.944215 0.0738322 -3.01599e-20)
(0.940354 0.0807049 1.83492e-20)
(0.936488 0.0878524 1.33989e-21)
(0.93261 0.0951722 1.43556e-20)
(0.928667 0.102513 -3.75418e-20)
(0.924666 0.109578 9.6284e-21)
(0.920361 0.116085 1.13435e-21)
(0.999984 0.000605817 -6.81986e-21)
(0.999713 0.00180353 -2.32563e-21)
(0.999161 0.00302271 9.14136e-22)
(0.998396 0.00429166 4.47207e-21)
(0.997407 0.00564862 1.74074e-22)
(0.996218 0.00711982 -7.3827e-21)
(0.994827 0.00873229 3.95446e-21)
(0.993239 0.0105092 -1.91692e-21)
(0.991456 0.0124718 -1.95088e-21)
(0.989482 0.0146411 5.3338e-21)
(0.98732 0.0170412 8.46154e-22)
(0.984973 0.0196861 3.71886e-21)
(0.982445 0.0225963 8.41611e-21)
(0.979744 0.0257905 -1.70223e-22)
(0.976879 0.0292861 -5.02949e-21)
(0.973862 0.0331001 2.96731e-21)
(0.970706 0.0372485 9.01875e-21)
(0.967426 0.0417465 2.51125e-21)
(0.964041 0.0466076 8.88778e-21)
(0.960569 0.0518435 7.29681e-21)
(0.957032 0.0574627 -1.95681e-20)
(0.953453 0.0634696 -3.89717e-21)
(0.949853 0.0698609 -1.05381e-20)
(0.946252 0.0766224 1.82884e-20)
(0.942665 0.0837205 6.53181e-21)
(0.939095 0.0910943 -1.87595e-20)
(0.935533 0.0986364 1.8126e-20)
(0.931919 0.106191 -6.90738e-21)
(0.928257 0.113451 5.88455e-21)
(0.924279 0.120131 -3.14971e-21)
(0.999984 0.000628947 4.35964e-21)
(0.999718 0.00187103 5.0403e-21)
(0.999175 0.0031352 -7.42296e-21)
(0.998424 0.00445086 8.68781e-24)
(0.997455 0.00585805 2.87695e-21)
(0.996289 0.00738408 7.56708e-21)
(0.994926 0.00905719 -7.49518e-21)
(0.993373 0.0109015 9.82641e-22)
(0.991629 0.0129375 8.57995e-21)
(0.989701 0.0151924 1.00558e-21)
(0.987592 0.017683 -4.37447e-21)
(0.985304 0.020429 -3.39199e-21)
(0.982845 0.0234504 -7.1286e-21)
(0.980223 0.0267661 -7.91755e-21)
(0.977448 0.0303937 9.94769e-21)
(0.974533 0.0343505 -3.34664e-21)
(0.971492 0.0386525 -2.9716e-21)
(0.968344 0.0433148 1.34258e-20)
(0.965106 0.0483505 -1.51844e-20)
(0.961801 0.053771 -1.12599e-20)
(0.958451 0.059584 -5.54009e-21)
(0.955082 0.0657931 4.33337e-21)
(0.951715 0.0723936 9.20904e-21)
(0.948372 0.0793696 1.04225e-20)
(0.945068 0.086685 -8.49026e-21)
(0.941804 0.094276 -8.45502e-21)
(0.938569 0.10203 -1.28245e-21)
(0.935295 0.109788 1.22495e-21)
(0.931982 0.117229 1.11892e-20)
(0.92834 0.124072 -3.1623e-20)
(0.999984 0.00065186 -2.26163e-23)
(0.999722 0.00193774 -7.61028e-21)
(0.999189 0.00324629 1.07469e-20)
(0.998454 0.00460804 3.67982e-22)
(0.997504 0.00606484 -5.53615e-21)
(0.996364 0.0076451 -1.23502e-20)
(0.995031 0.00937824 1.08403e-20)
(0.993512 0.0112895 -6.62246e-21)
(0.99181 0.0133986 2.55115e-21)
(0.989931 0.0157369 2.00876e-21)
(0.987876 0.0183183 -4.03552e-21)
(0.985651 0.0211648 6.16025e-22)
(0.983264 0.0242965 7.8778e-21)
(0.980724 0.0277327 -3.73986e-21)
(0.978042 0.0314911 -8.26427e-21)
(0.975233 0.0355893 2.36907e-21)
(0.972312 0.0400431 1.32408e-20)
(0.969299 0.0448673 -7.01165e-21)
(0.966215 0.0500749 1.12323e-20)
(0.963083 0.0556766 -9.57446e-21)
(0.959928 0.0616793 -1.22215e-20)
(0.956776 0.0680854 9.01894e-21)
(0.953651 0.074889 -4.31601e-21)
(0.950575 0.0820723 2.04895e-20)
(0.947563 0.0895967 -3.83739e-21)
(0.944616 0.0973953 -2.6197e-20)
(0.941719 0.105351 4.75128e-21)
(0.938794 0.113301 2.54861e-20)
(0.93584 0.120912 -2.53993e-20)
(0.932543 0.127907 3.82509e-20)
(0.999984 0.000674544 1.49715e-21)
(0.999727 0.00200362 -9.05114e-22)
(0.999205 0.00335592 -5.83984e-21)
(0.998485 0.00476311 -2.73916e-21)
(0.997556 0.00626887 -7.7533e-22)
(0.996442 0.00790273 6.89855e-21)
(0.99514 0.00969523 2.12521e-21)
(0.993658 0.0116716 -2.95717e-21)
(0.992 0.0138561 -5.33338e-21)
(0.99017 0.0162752 -5.41143e-21)
(0.988172 0.0189469 3.0688e-21)
(0.986013 0.0218932 6.8099e-21)
(0.983701 0.0251343 -8.38902e-22)
(0.981246 0.0286899 -2.67839e-21)
(0.978661 0.032578 3.98164e-21)
(0.975962 0.036816 4.86907e-21)
(0.973166 0.0414197 3.9613e-23)
(0.970294 0.0464037 -2.1651e-20)
(0.96737 0.0517803 -3.89589e-21)
(0.964417 0.0575596 2.23196e-20)
(0.961463 0.0637476 -1.82444e-20)
(0.958535 0.0703456 2.86721e-20)
(0.95566 0.0773459 -1.99769e-20)
(0.95286 0.0847291 1.24241e-20)
(0.95015 0.0924537 -5.21216e-21)
(0.947529 0.10045 1.94581e-20)
(0.944979 0.108596 -3.63058e-20)
(0.942414 0.116728 7.29818e-21)
(0.939827 0.124497 1.50947e-21)
(0.936884 0.131631 -2.69644e-20)
(0.999985 0.000696982 1.13735e-22)
(0.999732 0.00206863 6.46215e-21)
(0.999221 0.003464 3.33521e-21)
(0.998518 0.00491596 -2.16709e-21)
(0.997611 0.00647003 8.68373e-21)
(0.996524 0.00815684 3.84378e-21)
(0.995255 0.010008 -2.02864e-21)
(0.993811 0.0120444 1.45075e-21)
(0.992198 0.0143082 4.08296e-21)
(0.99042 0.0168073 -6.44579e-21)
(0.988482 0.0195687 1.59431e-21)
(0.986391 0.0226138 -1.43744e-21)
(0.984156 0.0259636 -5.83269e-21)
(0.98179 0.0296375 5.50744e-21)
(0.979306 0.033654 2.87291e-21)
(0.976721 0.0380302 1.08216e-20)
(0.974055 0.042782 -9.41286e-21)
(0.971329 0.0479234 4.86758e-21)
(0.968569 0.0534661 -4.40267e-21)
(0.965801 0.0594194 8.32694e-21)
(0.963055 0.0657882 1.08181e-21)
(0.960359 0.0725727 -1.19878e-20)
(0.957742 0.0797632 3.26139e-20)
(0.955226 0.0873386 -1.92622e-20)
(0.952826 0.0952546 -9.3392e-21)
(0.950541 0.103439 1.52422e-20)
(0.948348 0.111765 -1.67572e-20)
(0.946153 0.120066 2.64904e-20)
(0.943942 0.127982 -8.40102e-21)
(0.94136 0.135245 -1.53014e-20)
(0.999985 0.000719157 -2.58251e-21)
(0.999737 0.00213271 -1.41373e-21)
(0.999239 0.00357046 1.84418e-21)
(0.998552 0.0050665 -1.91344e-21)
(0.997668 0.0066682 -4.88164e-21)
(0.996609 0.00840731 -8.63613e-21)
(0.995373 0.0103163 5.46415e-21)
(0.993971 0.0124177 1.73808e-21)
(0.992405 0.0147538 -7.89933e-22)
(0.990681 0.017333 -8.6856e-21)
(0.988804 0.0201833 5.025e-21)
(0.986784 0.0233266 -6.957e-21)
(0.98463 0.0267839 3.35271e-21)
(0.982356 0.0305752 -7.94774e-21)
(0.979976 0.0347187 1.19309e-21)
(0.97751 0.0392317 -1.11582e-20)
(0.974978 0.0441296 1.07413e-20)
(0.972403 0.049426 -1.48687e-20)
(0.969814 0.0551318 1.30317e-20)
(0.967237 0.0612555 -8.61097e-21)
(0.964705 0.0678006 -7.03343e-21)
(0.962248 0.0747659 1.44291e-21)
(0.959895 0.0821399 -8.87477e-22)
(0.957671 0.0898997 6.82575e-21)
(0.955591 0.0979979 -8.62221e-21)
(0.95365 0.106361 -2.00694e-20)
(0.951824 0.114854 1.44923e-20)
(0.950007 0.123314 1.41329e-20)
(0.948181 0.131364 -1.51026e-20)
(0.945967 0.138745 -1.29678e-20)
(0.999985 0.000741049 1.59743e-21)
(0.999743 0.00219581 -4.57908e-21)
(0.999257 0.00367521 -3.81798e-21)
(0.998588 0.00521462 -1.706e-21)
(0.997728 0.00686324 -3.9732e-21)
(0.996699 0.00865397 1.07533e-21)
(0.995498 0.0106188 -2.58571e-21)
(0.994138 0.0127912 6.93054e-21)
(0.992621 0.0151936 -3.73769e-21)
(0.990952 0.0178521 8.06e-21)
(0.98914 0.0207905 8.69477e-22)
(0.987193 0.0240311 -1.13378e-21)
(0.985124 0.0275951 6.46778e-21)
(0.982945 0.0315026 -1.98016e-21)
(0.980673 0.035772 2.98162e-21)
(0.97833 0.0404201 -8.29796e-21)
(0.975936 0.0454622 1.63185e-21)
(0.973518 0.0509111 8.55599e-21)
(0.971104 0.056777 -2.36706e-21)
(0.968725 0.0630673 1.65022e-20)
(0.966413 0.0697841 -5.54738e-21)
(0.964201 0.0769246 -6.65268e-21)
(0.96212 0.0844753 2.43939e-21)
(0.960195 0.0924113 4.19155e-21)
(0.958443 0.100682 -5.70067e-21)
(0.956855 0.109213 -1.17422e-20)
(0.955404 0.117863 1.96977e-20)
(0.953973 0.126471 -6.86122e-21)
(0.95254 0.134642 -2.03651e-20)
(0.950702 0.14213 -1.71116e-21)
(0.999985 0.000762638 -1.75863e-21)
(0.999749 0.00225789 6.41529e-21)
(0.999276 0.00377817 -4.0101e-21)
(0.998626 0.00536021 8.57921e-21)
(0.997791 0.00705501 -1.77507e-21)
(0.996792 0.00889649 7.88239e-21)
(0.995629 0.0109182 -6.00247e-21)
(0.994312 0.0131548 -6.12427e-21)
(0.992845 0.0156271 8.0248e-21)
(0.991235 0.0183643 -8.75718e-21)
(0.98949 0.0213901 -6.32365e-21)
(0.987619 0.0247271 7.40301e-21)
(0.985637 0.0283969 -5.2583e-21)
(0.983557 0.0324195 1.6745e-21)
(0.981397 0.0368133 -1.36786e-20)
(0.97918 0.041595 5.90807e-21)
(0.97693 0.0467793 1.67954e-20)
(0.974673 0.0523783 -2.12171e-21)
(0.97244 0.0584013 5.54835e-21)
(0.970263 0.0648544 -1.84696e-20)
(0.968178 0.0717382 2.75272e-21)
(0.966217 0.0790481 1.12737e-20)
(0.964415 0.0867684 -1.34132e-20)
(0.962796 0.0948724 -7.55829e-21)
(0.961378 0.103306 2.12803e-21)
(0.96015 0.111994 2.1773e-20)
(0.959084 0.120789 -2.29847e-20)
(0.958048 0.129534 2.25267e-21)
(0.957016 0.137814 1.06834e-20)
(0.95556 0.1454 1.98019e-21)
(0.999985 0.000783898 -2.5883e-21)
(0.999755 0.00231887 -2.58039e-21)
(0.999296 0.00387925 5.51367e-21)
(0.998666 0.00550316 -2.53244e-21)
(0.997857 0.00724338 8.94323e-21)
(0.99689 0.00913418 8.50268e-22)
(0.995765 0.0112142 -3.87429e-21)
(0.994494 0.0135116 7.98664e-21)
(0.993079 0.0160542 -4.577e-21)
(0.991529 0.0188695 2.76066e-21)
(0.989853 0.0219819 4.16973e-21)
(0.988062 0.0254144 4.86712e-21)
(0.98617 0.029189 -6.13129e-21)
(0.984192 0.0333256 9.67551e-21)
(0.982149 0.0378425 3.54657e-21)
(0.980063 0.0427562 -1.10069e-20)
(0.97796 0.0480806 1.38148e-20)
(0.975869 0.0538273 -7.60623e-21)
(0.973822 0.0600044 1.22485e-20)
(0.971853 0.0666164 -1.18848e-20)
(0.969999 0.0736624 2.03671e-21)
(0.968296 0.081136 -7.50672e-22)
(0.966778 0.0890187 -1.84954e-20)
(0.965471 0.0972822 4.24454e-20)
(0.964394 0.105869 -1.31996e-20)
(0.963534 0.114703 -4.94798e-21)
(0.96286 0.12363 -2.36642e-20)
(0.962227 0.132502 7.94186e-21)
(0.961605 0.140878 9.74801e-21)
(0.960537 0.148553 3.00937e-20)
(0.999985 0.000804804 3.64834e-21)
(0.999762 0.00237872 9.68528e-22)
(0.999318 0.00397838 -4.2039e-21)
(0.998708 0.00564337 1.64311e-22)
(0.997926 0.00742821 1.0316e-21)
(0.996992 0.00936852 -3.85622e-21)
(0.995908 0.011504 1.16163e-21)
(0.994683 0.0138628 -8.54353e-21)
(0.993323 0.0164748 8.43561e-21)
(0.991836 0.0193674 2.17304e-21)
(0.990232 0.0225656 -7.7461e-22)
(0.988523 0.0260929 -7.10884e-21)
(0.986724 0.0299712 6.31092e-21)
(0.984852 0.0342207 8.12622e-21)
(0.982928 0.0388595 -1.53632e-20)
(0.980977 0.0439036 7.9949e-21)
(0.979027 0.0493663 -2.376e-21)
(0.977106 0.0552583 -2.00072e-20)
(0.97525 0.0615863 1.08599e-20)
(0.973495 0.0683536 5.17042e-21)
(0.971878 0.0755571 -1.53084e-20)
(0.970436 0.0831884 1.75623e-20)
(0.969208 0.0912264 -1.43695e-20)
(0.968218 0.0996407 -5.25421e-21)
(0.967487 0.10837 1.75081e-20)
(0.967 0.117339 -9.03477e-22)
(0.966726 0.126386 1.92485e-20)
(0.966504 0.135373 -2.99033e-20)
(0.966303 0.143833 2.19223e-21)
(0.96563 0.15159 1.33065e-20)
(0.999986 0.000825323 7.03446e-22)
(0.999769 0.00243735 -1.05876e-21)
(0.99934 0.00407544 -3.22717e-22)
(0.998752 0.0057807 2.74528e-21)
(0.997998 0.00760941 -1.59899e-21)
(0.997099 0.0095993 -2.87266e-21)
(0.996056 0.0117883 4.07431e-21)
(0.99488 0.0142082 1.17874e-21)
(0.993576 0.0168887 -4.76209e-21)
(0.992154 0.0198578 -1.45722e-22)
(0.990625 0.023141 -1.41485e-21)
(0.989001 0.0267621 1.32398e-21)
(0.987298 0.0307433 -5.84518e-22)
(0.985536 0.0351047 -1.87736e-21)
(0.983736 0.0398641 -5.33881e-21)
(0.981925 0.0450371 -1.6822e-22)
(0.980131 0.0506364 -1.14218e-20)
(0.978386 0.0566714 2.02549e-21)
(0.976725 0.0631477 -7.52591e-21)
(0.975188 0.0700667 2.29792e-20)
(0.973812 0.0774233 -2.11093e-20)
(0.972637 0.0852069 2.86992e-20)
(0.971702 0.0933932 -8.16274e-21)
(0.971033 0.10195 -8.40468e-21)
(0.970653 0.110811 1.4264e-20)
(0.970543 0.119903 -1.33131e-20)
(0.970675 0.129056 -1.20365e-20)
(0.970872 0.13815 8.45113e-21)
(0.971104 0.146677 8.26982e-22)
(0.970836 0.154513 2.90963e-20)
(0.999986 0.000845407 -5.81998e-22)
(0.999777 0.00249466 -3.02407e-21)
(0.999364 0.00417028 -3.2623e-22)
(0.998798 0.00591487 -3.34211e-21)
(0.998074 0.00778678 -1.56719e-21)
(0.99721 0.0098246 9.62703e-24)
(0.996211 0.012067 1.138e-21)
(0.995085 0.0145471 4.2795e-21)
(0.99384 0.0172952 -2.13374e-21)
(0.992485 0.0203399 -2.24117e-21)
(0.991033 0.0237071 -1.8791e-21)
(0.989497 0.0274211 1.04964e-20)
(0.987895 0.031504 -4.8077e-21)
(0.986246 0.0359759 -3.12411e-21)
(0.984574 0.0408545 5.50575e-21)
(0.982906 0.0461547 3.19716e-21)
(0.981273 0.0518883 2.34304e-21)
(0.979707 0.0580639 4.09924e-21)
(0.978247 0.0646854 -2.44449e-20)
(0.976932 0.0717524 6.36181e-21)
(0.975801 0.0792575 1.08975e-20)
(0.974897 0.0871876 -3.66311e-21)
(0.974258 0.0955152 2.58225e-20)
(0.973913 0.104206 -2.64503e-20)
(0.973885 0.113189 -1.04601e-20)
(0.974154 0.122393 3.4795e-20)
(0.974699 0.131637 -6.80365e-21)
(0.975322 0.140827 -6.2201e-21)
(0.976005 0.149406 -1.91735e-20)
(0.976152 0.157325 1.49439e-20)
(0.999987 0.000865 2.5032e-21)
(0.999786 0.00255053 2.15287e-22)
(0.99939 0.00426271 1.23479e-21)
(0.998847 0.00604584 1.6086e-21)
(0.998153 0.00795994 6.78464e-22)
(0.997327 0.0100445 1.30678e-21)
(0.996372 0.0123395 1.1916e-21)
(0.995298 0.0148788 -1.83757e-21)
(0.994114 0.0176934 3.90272e-21)
(0.99283 0.0208125 -2.22787e-21)
(0.991458 0.0242625 3.97559e-21)
(0.990013 0.0280678 -3.36806e-21)
(0.988514 0.0322508 -1.07408e-20)
(0.986982 0.0368313 1.21171e-20)
(0.985441 0.0418267 2.75039e-21)
(0.983921 0.0472515 -1.53966e-20)
(0.982453 0.0531164 1.02064e-20)
(0.981072 0.0594288 -8.58115e-21)
(0.979816 0.066191 1.42757e-20)
(0.978727 0.0734006 -5.46587e-21)
(0.977845 0.0810477 -6.0542e-21)
(0.977213 0.0891166 1.98662e-20)
(0.976872 0.0975761 -1.37212e-20)
(0.976851 0.10639 4.80819e-21)
(0.977177 0.115481 -1.18367e-20)
(0.977825 0.124782 8.77042e-21)
(0.978786 0.134101 1.7958e-21)
(0.979841 0.143375 -2.82949e-20)
(0.981004 0.151985 1.76286e-20)
(0.981582 0.160002 1.28581e-20)
(0.999988 0.000884133 -1.63873e-21)
(0.999795 0.00260515 3.93427e-21)
(0.999416 0.00435314 2.76068e-22)
(0.998898 0.00617421 -1.30593e-21)
(0.998236 0.00812971 -2.07457e-21)
(0.997449 0.0102605 2.79594e-21)
(0.99654 0.0126076 -2.57643e-21)
(0.995521 0.0152056 9.08762e-22)
(0.994399 0.0180864 1.1805e-21)
(0.993187 0.0212796 -3.69573e-21)
(0.991898 0.0248119 -2.26125e-21)
(0.990548 0.0287082 6.19467e-21)
(0.989155 0.0329908 4.97767e-21)
(0.987744 0.0376795 -1.51374e-20)
(0.986339 0.0427911 1.2157e-20)
(0.984971 0.0483394 -5.26358e-21)
(0.983672 0.0543342 1.28566e-20)
(0.982479 0.0607815 -1.6052e-20)
(0.981432 0.0676816 8.22318e-22)
(0.980571 0.0750302 1.25414e-20)
(0.979941 0.0828144 -1.2369e-20)
(0.979583 0.0910155 2.16255e-20)
(0.979541 0.0995984 -2.15371e-20)
(0.979842 0.108523 3.85524e-21)
(0.980517 0.117709 -2.4285e-20)
(0.981541 0.12709 1.81381e-20)
(0.98292 0.13646 1.60019e-20)
(0.984412 0.145803 -2.95884e-21)
(0.986099 0.154415 -7.06221e-21)
(0.987144 0.162545 1.19272e-20)
(0.999989 0.000903022 -1.60899e-21)
(0.999805 0.00265933 -1.77015e-21)
(0.999445 0.00444302 1.78256e-21)
(0.998952 0.00630202 -1.51863e-21)
(0.998323 0.00829931 -5.97962e-22)
(0.997576 0.010477 8.12003e-23)
(0.996715 0.0128773 2.16017e-22)
(0.995752 0.0155356 -1.76228e-21)
(0.994696 0.0184847 1.02493e-21)
(0.993559 0.0217547 -1.66973e-21)
(0.992356 0.0253731 4.74959e-22)
(0.991103 0.0293648 -9.8917e-22)
(0.989821 0.0337523 5.21244e-21)
(0.988534 0.0385555 -3.34527e-21)
(0.987269 0.0437908 -2.58054e-21)
(0.986056 0.0494712 1.33681e-20)
(0.984931 0.0556056 -2.23832e-20)
(0.98393 0.0621985 1.4109e-20)
(0.983094 0.0692484 -9.03941e-21)
(0.982465 0.0767484 1.60011e-20)
(0.982087 0.0846825 -1.05155e-20)
(0.982003 0.0930284 1.86583e-20)
(0.982257 0.101746 -3.08609e-20)
(0.982875 0.110792 -1.38218e-21)
(0.983895 0.120075 2.67583e-20)
(0.985285 0.129534 -2.58005e-20)
(0.987079 0.13894 2.40841e-20)
(0.989007 0.148341 1.77648e-21)
(0.991289 0.15694 -1.78919e-20)
(0.992858 0.165274 -6.02363e-22)
(0.99999 0.000921346 1.01463e-21)
(0.999817 0.00271202 -2.27829e-22)
(0.999476 0.00453042 1.33234e-21)
(0.999009 0.00642629 -9.28623e-22)
(0.998414 0.00846436 -1.01281e-21)
(0.997709 0.010688 4.75517e-21)
(0.996898 0.0131405 -3.38329e-21)
(0.995993 0.0158584 1.23209e-22)
(0.995005 0.0188751 4.0222e-21)
(0.993946 0.0222218 -4.76239e-21)
(0.992832 0.0259262 -2.43175e-22)
(0.991681 0.030014 6.7016e-21)
(0.990513 0.0345079 -6.99527e-21)
(0.989355 0.0394277 6.98018e-21)
(0.988234 0.0447897 -6.93602e-22)
(0.987182 0.0506064 -9.48707e-21)
(0.986235 0.0568859 1.27654e-20)
(0.985431 0.0636312 -7.1941e-21)
(0.98481 0.0708393 -2.99048e-21)
(0.984415 0.0785007 1.21894e-20)
(0.984291 0.0865964 -5.80897e-21)
(0.984479 0.0951002 -1.37321e-20)
(0.985025 0.103967 2.42339e-20)
(0.985953 0.113147 -3.3404e-20)
(0.987305 0.122541 7.32352e-21)
(0.989043 0.132084 9.64269e-21)
(0.991243 0.141526 1.12475e-20)
(0.993593 0.150944 2.95533e-21)
(0.996602 0.159515 -1.80501e-20)
(0.998728 0.168289 1.35625e-21)
)
;

boundaryField
{
    inlet
    {
        type            uniformFixedValue;
        uniformValue    constant (1 0 0);
        value           uniform (1 0 0);
    }
    outlet
    {
        type            pressureInletOutletVelocity;
        value           nonuniform 0();
    }
    cylinder
    {
        type            fixedValue;
        value           nonuniform 0();
    }
    top
    {
        type            symmetryPlane;
    }
    bottom
    {
        type            symmetryPlane;
    }
    defaultFaces
    {
        type            empty;
    }
    procBoundary8to4
    {
        type            processor;
        value           nonuniform List<vector> 
49
(
(0.118515 0.00790796 3.98049e-21)
(0.19224 0.00888025 -2.02942e-22)
(0.269538 0.00918895 -6.43436e-21)
(0.342783 0.00908134 7.87056e-21)
(0.411585 0.0087057 6.08508e-21)
(0.474077 0.00818439 4.2683e-21)
(0.53048 0.00759378 -3.29297e-21)
(0.53048 0.00759378 -3.29297e-21)
(0.580816 -0.006988 -4.18886e-21)
(0.62563 -0.00639864 -1.76215e-21)
(0.665433 -0.00584402 -1.48141e-22)
(0.700807 -0.00533236 2.56418e-21)
(0.73228 -0.00486595 -2.8223e-21)
(0.76034 -0.00444351 -6.18921e-21)
(0.785415 -0.00406198 -2.33059e-21)
(0.807875 -0.00371764 4.75106e-21)
(0.828044 -0.00340663 1.55401e-21)
(0.846191 -0.0031253 -4.43874e-21)
(0.862561 -0.00287183 -1.41545e-21)
(0.999986 -1.27112e-05 1.00346e-22)
(0.999666 -3.81807e-05 -2.34732e-22)
(0.999004 -6.41376e-05 2.83287e-22)
(0.998078 -9.12159e-05 -1.89857e-22)
(0.996872 -0.000120121 -2.31479e-22)
(0.99541 -0.000151388 3.18152e-22)
(0.993685 -0.000185551 3.30932e-22)
(0.991703 -0.000223092 2.06431e-22)
(0.989457 -0.000264475 -1.04108e-22)
(0.986945 -0.000310158 -2.55412e-23)
(0.984161 -0.00036055 -3.75957e-22)
(0.9811 -0.000416214 5.79504e-23)
(0.977753 -0.000477223 4.83489e-23)
(0.974115 -0.00054475 1.57095e-22)
(0.970184 -0.000618684 -1.25158e-22)
(0.96595 -0.000699661 -1.94931e-22)
(0.961409 -0.000788119 3.19281e-22)
(0.956555 -0.00088454 -9.70901e-23)
(0.951386 -0.000989395 2.30762e-23)
(0.945896 -0.00110314 2.24767e-22)
(0.940085 -0.0012262 7.24229e-24)
(0.933951 -0.00135895 -1.20072e-22)
(0.927494 -0.00150163 1.29048e-22)
(0.920717 -0.00165431 -7.61233e-23)
(0.913624 -0.00181664 -7.30702e-23)
(0.906225 -0.00198768 1.74346e-22)
(0.898536 -0.00216541 -2.3435e-23)
(0.890582 -0.00234613 4.94879e-22)
(0.882406 -0.00252345 -2.58335e-22)
(0.874063 -0.00268771 2.75894e-22)
)
;
    }
    procBoundary8to9
    {
        type            processor;
        value           nonuniform List<vector> 
78
(
(1.14561 0.216616 1.93714e-23)
(1.13972 0.236032 -5.61027e-22)
(1.13972 0.236032 -5.61027e-22)
(1.13281 0.256491 -4.16097e-21)
(1.13281 0.256491 -4.16097e-21)
(1.12467 0.278419 2.57211e-21)
(1.12467 0.278419 2.57211e-21)
(1.11513 0.301719 -3.75699e-20)
(1.11513 0.301719 -3.75699e-20)
(1.10382 0.326292 -1.04073e-20)
(1.0949 0.32708 -4.72317e-21)
(1.0949 0.32708 -4.72317e-21)
(1.0808 0.352787 1.30074e-20)
(1.0808 0.352787 1.30074e-20)
(1.06364 0.379116 3.79418e-20)
(1.05362 0.379876 -2.14096e-20)
(1.05362 0.379876 -2.14096e-20)
(1.03189 0.406343 3.36071e-20)
(1.02125 0.406934 -4.65353e-20)
(1.02125 0.406934 -4.65353e-20)
(0.993712 0.432607 -8.57004e-21)
(0.982439 0.433014 -7.58331e-22)
(0.982439 0.433014 -7.58331e-22)
(0.947592 0.456518 -1.6623e-20)
(0.93571 0.456723 -2.36651e-21)
(0.923681 0.456445 8.01022e-20)
(0.923681 0.456445 8.01022e-20)
(0.879328 0.476104 8.40975e-21)
(0.866733 0.47555 1.64439e-20)
(0.854008 0.474458 -3.5071e-20)
(0.854008 0.474458 -3.5071e-20)
(0.798397 0.487579 6.33244e-20)
(0.785216 0.486134 8.32361e-20)
(0.771927 0.484099 -1.88856e-19)
(0.771927 0.484099 -1.88856e-19)
(0.703229 0.487189 -1.67072e-20)
(0.689675 0.484741 7.37219e-21)
(0.676047 0.481656 -1.39941e-20)
(0.662374 0.477939 1.23755e-19)
(0.648683 0.473589 -1.86114e-20)
(0.648683 0.473589 -1.86114e-20)
(0.566242 0.462277 3.67918e-20)
(0.552686 0.457457 7.95893e-20)
(0.539159 0.451982 -1.07131e-19)
(0.52569 0.445857 -2.46125e-20)
(0.512307 0.439089 1.74504e-20)
(0.512307 0.439089 1.74504e-20)
(0.417011 0.408697 1.72633e-20)
(0.404354 0.401665 -4.3827e-20)
(0.391834 0.394002 9.41593e-20)
(0.379479 0.385719 -6.5891e-20)
(0.367318 0.376825 -4.43272e-20)
(0.355377 0.367332 7.60996e-20)
(0.343683 0.357254 6.56461e-20)
(0.332263 0.346605 -1.84949e-19)
(0.332263 0.346605 -1.84949e-19)
(0.235884 0.295285 7.41094e-20)
(0.226127 0.285246 -1.83459e-19)
(0.21667 0.274709 4.00224e-20)
(0.207536 0.263693 1.62256e-20)
(0.198746 0.252215 -7.94506e-21)
(0.190321 0.240294 1.39147e-19)
(0.182283 0.22795 -5.08518e-20)
(0.174649 0.215204 -1.21345e-19)
(0.167439 0.202077 1.44803e-20)
(0.160669 0.188591 -1.32096e-20)
(0.154356 0.174771 3.50706e-20)
(0.148514 0.160639 -3.24008e-20)
(0.143158 0.146221 -2.81098e-20)
(0.143158 0.146221 -2.81098e-20)
(0.0645554 0.0998294 -1.04561e-19)
(0.0611175 0.0885509 -3.22391e-20)
(0.0580894 0.0770993 -3.48144e-20)
(0.055479 0.0654967 7.88068e-20)
(0.0532931 0.0537655 -2.84371e-20)
(0.0515374 0.0419286 -3.09452e-20)
(0.0502165 0.030009 1.56451e-20)
(0.049334 0.0180298 2.09929e-21)
)
;
    }
    procBoundary8to12
    {
        type            processor;
        value           nonuniform List<vector> 
69
(
(1.13768 0.200817 1.20973e-20)
(1.13142 0.201294 -1.88268e-21)
(1.12514 0.201634 9.09404e-21)
(1.12514 0.201634 9.09404e-21)
(1.11901 0.191672 3.3084e-20)
(1.11295 0.191718 -1.41921e-20)
(1.10688 0.191636 -1.81498e-21)
(1.10081 0.191423 2.08533e-20)
(1.10081 0.191423 2.08533e-20)
(1.09514 0.188191 2.08295e-20)
(1.09514 0.188191 2.08295e-20)
(1.08969 0.184898 -2.73724e-21)
(1.08969 0.184898 -2.73724e-21)
(1.08451 0.181516 8.82681e-21)
(1.08451 0.181516 8.82681e-21)
(1.08528 0.17874 1.46074e-21)
(1.08057 0.175355 -3.9794e-20)
(1.08057 0.175355 -3.9794e-20)
(1.07617 0.171967 2.96289e-20)
(1.07617 0.171967 2.96289e-20)
(1.07208 0.168603 4.72058e-21)
(1.07208 0.168603 4.72058e-21)
(1.06831 0.165286 3.52783e-20)
(1.06831 0.165286 3.52783e-20)
(1.06485 0.16203 -2.25217e-20)
(1.05694 0.158005 2.23829e-20)
(1.06485 0.16203 -2.25217e-20)
(1.06167 0.158843 -3.36123e-20)
(1.05694 0.158005 2.23829e-20)
(1.05418 0.154897 -3.82045e-21)
(1.05418 0.154897 -3.82045e-21)
(1.05165 0.151853 -1.07523e-20)
(1.05165 0.151853 -1.07523e-20)
(1.04938 0.148852 -1.85376e-20)
(1.04938 0.148852 -1.85376e-20)
(1.04728 0.145884 2.97686e-20)
(1.04728 0.145884 2.97686e-20)
(1.04498 0.142949 -5.47138e-20)
(0.998876 0.0201056 0)
(0.998755 0.023539 0)
(0.998691 0.0272948 0)
(0.998704 0.0313861 0)
(0.998818 0.0358212 0)
(0.999061 0.0406036 0)
(0.99946 0.0457314 0)
(1.00005 0.0511974 0)
(1.00085 0.0569887 0)
(1.0019 0.0630866 0)
(1.00322 0.0694666 0)
(1.00486 0.0760978 0)
(1.00682 0.0829446 0)
(1.00914 0.0899635 0)
(1.01182 0.0971081 0)
(1.01489 0.104318 0)
(1.01835 0.111533 0)
(1.02216 0.118647 0)
(1.0264 0.125567 0)
(1.03081 0.131993 0)
(1.03597 0.137722 0)
(1.04004 0.141681 0)
(1 0.00100875 0)
(0.999961 0.00296535 0)
(0.999883 0.00494535 0)
(0.99978 0.00699649 0)
(0.999656 0.00918732 0)
(0.999522 0.0115583 0)
(0.999388 0.0141511 0)
(0.998876 0.0201056 0)
(0.999268 0.0169962 0)
)
;
    }
}


// ************************************************************************* //
