/*--------------------------------*- C++ -*----------------------------------*\
  =========                 |
  \\      /  F ield         | OpenFOAM: The Open Source CFD Toolbox
   \\    /   O peration     | Website:  https://openfoam.org
    \\  /    A nd           | Version:  7
     \\/     M anipulation  |
\*---------------------------------------------------------------------------*/
FoamFile
{
    version     2.0;
    format      ascii;
    class       volVectorField;
    location    "5";
    object      U;
}
// * * * * * * * * * * * * * * * * * * * * * * * * * * * * * * * * * * * * * //

dimensions      [0 1 -1 0 0 0 0];

internalField   nonuniform List<vector> 
2625
(
(1.14613 -0.0449967 8.97007e-21)
(1.15044 -0.0440722 1.69798e-21)
(1.15471 -0.0431521 -1.21398e-21)
(1.15896 -0.0422378 -2.5052e-21)
(1.16316 -0.0413303 2.26502e-21)
(1.16732 -0.0404298 -3.17053e-21)
(1.17142 -0.039536 2.03116e-21)
(1.17547 -0.038648 1.10912e-21)
(1.17946 -0.037764 -3.22291e-22)
(1.18338 -0.0368818 -1.49088e-22)
(1.18723 -0.0359984 2.98682e-22)
(1.191 -0.0351104 -1.92591e-22)
(1.19469 -0.0342135 1.03875e-22)
(1.19829 -0.0333032 -4.05118e-22)
(1.2018 -0.0323742 4.83635e-22)
(1.20521 -0.0314209 4.4837e-22)
(1.20852 -0.0304373 -1.46336e-22)
(1.21173 -0.0294171 3.33587e-21)
(1.1145 -0.000429169 6.10374e-22)
(1.11821 -0.000423038 3.52658e-22)
(1.12196 -0.000417176 -1.26828e-22)
(1.12577 -0.000411565 -1.43872e-22)
(1.12962 -0.000406181 -1.94226e-22)
(1.1335 -0.000400991 -2.527e-22)
(1.13742 -0.000395961 9.25954e-23)
(1.14136 -0.000391054 1.82224e-22)
(1.14531 -0.000386232 -6.66236e-23)
(1.14928 -0.000381455 7.87937e-23)
(1.15325 -0.000376689 -8.5435e-23)
(1.1572 -0.000371897 4.77592e-23)
(1.16113 -0.000367049 1.30348e-23)
(1.16503 -0.000362115 -8.60045e-24)
(1.16889 -0.000357064 -7.00993e-24)
(1.1145 -0.00130274 -1.08383e-21)
(1.11821 -0.00128291 1.06335e-22)
(1.12197 -0.00126379 8.66515e-23)
(1.12577 -0.00124534 6.45804e-22)
(1.12962 -0.00122752 -1.39491e-22)
(1.1335 -0.00121025 -1.04625e-22)
(1.13742 -0.00119345 -3.71983e-22)
(1.14136 -0.00117703 -3.09749e-22)
(1.14532 -0.0011609 -8.93933e-23)
(1.14929 -0.00114497 5.79745e-23)
(1.15326 -0.00112916 1.34087e-22)
(1.15721 -0.00111338 -9.83109e-23)
(1.16114 -0.00109755 -1.11632e-23)
(1.16504 -0.0010816 1.35343e-23)
(1.1689 -0.00106544 1.0346e-23)
(1.1145 -0.00216812 1.22402e-21)
(1.11821 -0.00213445 4.6835e-22)
(1.12197 -0.00210194 1.18358e-23)
(1.12578 -0.00207054 -4.99465e-22)
(1.12963 -0.00204017 -9.52024e-23)
(1.13351 -0.00201072 -2.56902e-24)
(1.13743 -0.00198206 4.80887e-22)
(1.14138 -0.00195405 3.08247e-22)
(1.14534 -0.00192653 4.1782e-22)
(1.14931 -0.00189937 -2.06273e-22)
(1.15327 -0.00187241 -6.43428e-23)
(1.15723 -0.00184553 1.98517e-22)
(1.16116 -0.0018186 4.97718e-23)
(1.16506 -0.00179147 -5.65401e-23)
(1.16892 -0.00176404 -1.36406e-23)
(1.11449 -0.00302189 -1.03809e-21)
(1.11821 -0.0029745 8.80091e-22)
(1.12197 -0.00292873 -1.22781e-21)
(1.12578 -0.00288452 -3.7567e-22)
(1.12964 -0.00284174 1.1436e-21)
(1.13353 -0.00280025 -6.67826e-22)
(1.13745 -0.00275986 -3.76754e-22)
(1.14139 -0.00272038 2.08673e-22)
(1.14536 -0.0026816 -1.36609e-22)
(1.14933 -0.00264334 2.50608e-22)
(1.1533 -0.00260538 -2.58612e-22)
(1.15726 -0.00256753 -1.66606e-22)
(1.16119 -0.00252963 -1.11638e-22)
(1.16509 -0.00249148 6.34529e-23)
(1.16895 -0.00245292 -1.35189e-23)
(1.11449 -0.00386529 -1.14518e-21)
(1.11821 -0.00380427 2.18522e-21)
(1.12198 -0.00374532 -7.96603e-23)
(1.12579 -0.00368835 4.27466e-22)
(1.12965 -0.00363321 -1.75915e-21)
(1.13354 -0.00357972 5.67325e-22)
(1.13747 -0.00352765 4.49856e-22)
(1.14142 -0.00347676 -1.12852e-21)
(1.14538 -0.00342678 -4.38158e-22)
(1.14936 -0.00337745 -7.46043e-23)
(1.15333 -0.00332854 2.84643e-22)
(1.15729 -0.0032798 -7.29082e-23)
(1.16123 -0.003231 7.56828e-24)
(1.16513 -0.00318191 -2.82411e-23)
(1.16899 -0.00313232 -1.44115e-24)
(1.11448 -0.00469918 2.4967e-21)
(1.11821 -0.00462458 -3.12039e-21)
(1.12198 -0.00455248 -3.20548e-22)
(1.1258 -0.00448278 -1.2552e-21)
(1.12967 -0.00441531 3.8056e-22)
(1.13356 -0.00434984 -5.1944e-22)
(1.13749 -0.00428609 6.67413e-22)
(1.14145 -0.00422378 1.53596e-21)
(1.14542 -0.00416259 -3.58057e-22)
(1.14939 -0.00410222 3.36102e-22)
(1.15337 -0.00404236 -6.38973e-23)
(1.15733 -0.00398273 -2.74699e-23)
(1.16127 -0.00392305 1.09398e-22)
(1.16518 -0.00386305 -4.34678e-23)
(1.16904 -0.00380246 7.78373e-24)
(1.11448 -0.00552389 -3.6414e-21)
(1.11821 -0.00543576 2.24478e-21)
(1.12199 -0.00535056 6.4923e-22)
(1.12582 -0.00526815 1.18341e-21)
(1.12969 -0.00518836 -2.20648e-22)
(1.13359 -0.00511091 -1.50723e-22)
(1.13752 -0.00503549 -7.0222e-22)
(1.14148 -0.00496175 -4.94835e-22)
(1.14546 -0.00488934 3.23176e-22)
(1.14944 -0.0048179 -2.00538e-22)
(1.15342 -0.00474709 -2.97004e-22)
(1.15738 -0.00467657 1.18506e-22)
(1.16132 -0.00460602 -4.289e-23)
(1.16523 -0.00453511 2.14492e-23)
(1.1691 -0.00446355 1.91441e-23)
(1.11447 -0.00633963 2.51952e-21)
(1.11821 -0.00623804 -1.73797e-21)
(1.122 -0.00613979 -3.03294e-21)
(1.12583 -0.00604471 1.7616e-21)
(1.12971 -0.00595262 -1.31315e-21)
(1.13362 -0.00586319 -6.97464e-22)
(1.13756 -0.00577608 1.92484e-21)
(1.14152 -0.0056909 8.52399e-22)
(1.1455 -0.00560726 -5.92766e-23)
(1.14949 -0.00552475 9.72135e-24)
(1.15347 -0.00544297 4.43274e-22)
(1.15744 -0.00536155 -9.17408e-23)
(1.16138 -0.00528011 4.50699e-24)
(1.16529 -0.00519831 1.06214e-23)
(1.16916 -0.00511578 -1.14823e-23)
(1.11447 -0.00714669 1.83667e-21)
(1.11821 -0.00703171 -6.40083e-22)
(1.12201 -0.00692044 1.42882e-21)
(1.12585 -0.00681273 -2.24977e-21)
(1.12973 -0.00670834 3.6558e-21)
(1.13365 -0.00660693 5.53048e-22)
(1.13759 -0.00650813 -1.86275e-21)
(1.14156 -0.0064115 -8.45036e-23)
(1.14555 -0.0063166 5.4585e-22)
(1.14954 -0.00622298 -6.92224e-22)
(1.15353 -0.00613021 6.84556e-23)
(1.1575 -0.00603786 1.31527e-22)
(1.16145 -0.00594553 1.03478e-22)
(1.16536 -0.00585282 -3.70464e-23)
(1.16923 -0.00575933 5.91532e-24)
(1.11446 -0.00794532 2.79414e-21)
(1.11822 -0.00781702 -4.16464e-21)
(1.12202 -0.00769279 2.56213e-21)
(1.12587 -0.00757247 1.95582e-21)
(1.12976 -0.00745579 -2.13384e-21)
(1.13368 -0.00734241 -1.00331e-21)
(1.13764 -0.00723189 -1.01428e-21)
(1.14161 -0.00712377 -1.97446e-21)
(1.1456 -0.00701758 -5.02038e-22)
(1.1496 -0.00691282 5.63851e-22)
(1.15359 -0.00680902 1.43131e-22)
(1.15757 -0.00670572 -7.39636e-23)
(1.16152 -0.00660248 -5.33373e-23)
(1.16544 -0.00649884 -4.41533e-23)
(1.16931 -0.00639438 1.54767e-23)
(1.11446 -0.00873577 3.30774e-22)
(1.11822 -0.00859421 2.42594e-21)
(1.12203 -0.00845707 6.9321e-22)
(1.12589 -0.00832416 -2.22108e-22)
(1.12979 -0.00819522 -5.19421e-23)
(1.13372 -0.00806984 1.69908e-21)
(1.13768 -0.00794759 7.77401e-22)
(1.14166 -0.00782795 2.50493e-21)
(1.14566 -0.00771043 7.21981e-24)
(1.14966 -0.00759449 -1.75982e-24)
(1.15366 -0.00747962 -4.40851e-22)
(1.15764 -0.00736533 -1.28194e-22)
(1.1616 -0.00725113 2.40919e-23)
(1.16552 -0.00713655 1.11548e-22)
(1.16939 -0.0070211 -7.27698e-23)
(1.11445 -0.00951826 -4.81687e-21)
(1.11822 -0.00936352 5.23285e-21)
(1.12205 -0.00921352 -5.21453e-22)
(1.12591 -0.00906805 -1.73927e-22)
(1.12982 -0.00892683 6.06021e-22)
(1.13376 -0.00878945 1.7699e-22)
(1.13773 -0.00865543 8.17612e-22)
(1.14172 -0.00852424 -1.56815e-21)
(1.14572 -0.00839534 1.02687e-21)
(1.14973 -0.00826817 -8.16319e-22)
(1.15373 -0.00814218 1.85762e-22)
(1.15772 -0.00801685 4.43635e-22)
(1.16168 -0.00789166 7.44545e-23)
(1.1656 -0.0077661 1.35725e-22)
(1.16948 -0.00763966 1.29096e-23)
(1.11445 -0.010293 -3.37531e-22)
(1.11823 -0.0101252 -8.37262e-21)
(1.12206 -0.00996235 -4.63659e-21)
(1.12594 -0.00980434 -5.77301e-21)
(1.12985 -0.00965085 -8.30454e-22)
(1.1338 -0.00950145 1.25586e-21)
(1.13778 -0.00935563 8.28679e-22)
(1.14178 -0.00921284 1.21057e-21)
(1.14579 -0.00907251 -1.78153e-21)
(1.1498 -0.00893405 1.28357e-21)
(1.15381 -0.00879689 2.57704e-22)
(1.1578 -0.00866047 -3.60828e-22)
(1.16177 -0.00852425 -1.17742e-22)
(1.1657 -0.00838767 -1.9225e-22)
(1.16958 -0.00825019 -1.74592e-23)
(1.11444 -0.0110602 2.8189e-21)
(1.11824 -0.0108794 8.96823e-21)
(1.12208 -0.0107038 4.39212e-21)
(1.12596 -0.0105332 7.85064e-23)
(1.12989 -0.0103675 4.90311e-21)
(1.13385 -0.010206 -2.20882e-21)
(1.13784 -0.0100484 -2.46605e-21)
(1.14184 -0.00989392 4.16754e-22)
(1.14586 -0.0097421 8.32236e-22)
(1.14988 -0.00959229 -2.05352e-21)
(1.15389 -0.0094439 -3.57017e-22)
(1.15789 -0.00929634 -1.95294e-22)
(1.16186 -0.00914903 -4.36403e-24)
(1.16579 -0.0090014 2.17854e-23)
(1.16968 -0.00885286 3.85825e-23)
(1.11444 -0.0118201 -3.6898e-21)
(1.11824 -0.0116263 -3.39259e-21)
(1.1221 -0.0114379 3.92054e-21)
(1.12599 -0.0112549 6.08563e-21)
(1.12993 -0.0110769 -2.68449e-21)
(1.1339 -0.0109033 -6.26104e-22)
(1.13789 -0.0107338 -6.23525e-22)
(1.14191 -0.0105677 3.50513e-22)
(1.14593 -0.0104043 -2.03525e-22)
(1.14996 -0.0102431 1.37011e-21)
(1.15398 -0.0100834 -3.97536e-22)
(1.15798 -0.00992461 2.92262e-22)
(1.16196 -0.00976616 -1.55287e-22)
(1.1659 -0.00960743 7.57239e-23)
(1.16978 -0.00944779 -2.42792e-23)
(1.11444 -0.0125728 -5.95616e-22)
(1.11825 -0.0123661 3.18347e-21)
(1.12212 -0.0121651 -9.02984e-21)
(1.12603 -0.0119696 1.13572e-21)
(1.12997 -0.0117792 3.07105e-22)
(1.13395 -0.0115936 5.59464e-22)
(1.13795 -0.0114121 -1.02058e-21)
(1.14198 -0.0112342 -3.23053e-21)
(1.14601 -0.0110592 1.59763e-21)
(1.15004 -0.0108865 -2.31416e-22)
(1.15407 -0.0107155 1.20185e-21)
(1.15808 -0.0105454 -1.79634e-22)
(1.16206 -0.0103758 8.31892e-23)
(1.166 -0.0102059 -4.55967e-23)
(1.16989 -0.0100351 -6.69375e-24)
(1.11444 -0.0133186 5.15475e-21)
(1.11827 -0.013099 -4.69203e-21)
(1.12214 -0.0128853 5.49094e-21)
(1.12606 -0.0126773 -1.02913e-21)
(1.13002 -0.0124747 -4.84947e-21)
(1.134 -0.0122769 3.4432e-21)
(1.13802 -0.0120835 2.09653e-21)
(1.14205 -0.0118937 7.73287e-22)
(1.14609 -0.0117071 -2.20106e-21)
(1.15013 -0.0115228 1.28315e-21)
(1.15417 -0.0113403 -1.87206e-21)
(1.15818 -0.0111589 1.42819e-22)
(1.16217 -0.010978 8.09697e-23)
(1.16611 -0.0107969 1.863e-22)
(1.17001 -0.010615 -5.80399e-23)
(1.11444 -0.0140575 -4.07013e-21)
(1.11828 -0.0138252 1.51495e-21)
(1.12217 -0.0135989 -3.18426e-21)
(1.1261 -0.0133784 -4.55762e-21)
(1.13006 -0.0131634 2.79659e-21)
(1.13406 -0.0129535 -2.19979e-21)
(1.13809 -0.012748 1.30475e-21)
(1.14213 -0.0125463 3.78002e-22)
(1.14618 -0.0123479 6.76767e-24)
(1.15023 -0.012152 -4.36498e-22)
(1.15427 -0.011958 1.27496e-21)
(1.15829 -0.0117652 -2.41715e-22)
(1.16228 -0.011573 -2.7269e-23)
(1.16623 -0.0113807 -3.69191e-22)
(1.17012 -0.0111875 2.76945e-23)
(1.11444 -0.0147898 1.35358e-21)
(1.11829 -0.0145448 4.04503e-22)
(1.12219 -0.0143059 -2.53116e-21)
(1.12613 -0.0140729 1.06576e-21)
(1.13011 -0.0138456 2.16963e-21)
(1.13412 -0.0136234 -2.57018e-21)
(1.13816 -0.0134058 -2.48518e-21)
(1.14221 -0.0131922 1.1438e-21)
(1.14626 -0.0129819 -1.50323e-22)
(1.15032 -0.0127743 5.84537e-22)
(1.15437 -0.0125687 -1.12566e-21)
(1.15839 -0.0123645 -9.95512e-23)
(1.16239 -0.0121609 9.62883e-23)
(1.16634 -0.0119572 3.24443e-22)
(1.17025 -0.0117528 1.17478e-23)
(1.11444 -0.0155156 2.96411e-21)
(1.11831 -0.0152579 3.22404e-21)
(1.12222 -0.0150064 8.9671e-21)
(1.12617 -0.014761 -1.48576e-21)
(1.13016 -0.0145212 -2.54908e-23)
(1.13419 -0.0142867 6.44652e-21)
(1.13823 -0.014057 -9.01395e-22)
(1.14229 -0.0138314 7.48202e-22)
(1.14635 -0.0136092 1.80667e-21)
(1.15042 -0.0133898 -9.37808e-22)
(1.15447 -0.0131726 2.4825e-22)
(1.1585 -0.0129568 3.60669e-22)
(1.16251 -0.0127417 -7.93324e-23)
(1.16647 -0.0125267 -8.0649e-23)
(1.17037 -0.012311 1.25542e-22)
(1.11445 -0.0162351 -1.64013e-21)
(1.11833 -0.0159647 6.45049e-21)
(1.12225 -0.0157007 -3.31725e-21)
(1.12622 -0.0154427 2.16682e-21)
(1.13022 -0.0151906 1.53422e-21)
(1.13425 -0.0149437 -1.36353e-21)
(1.1383 -0.0147018 6.89776e-23)
(1.14237 -0.014464 -1.9544e-21)
(1.14645 -0.0142298 -2.94406e-21)
(1.15052 -0.0139986 -2.94876e-22)
(1.15458 -0.0137696 1.54532e-21)
(1.15862 -0.0135422 1.54981e-22)
(1.16263 -0.0133156 -4.19093e-22)
(1.16659 -0.0130892 -1.37458e-22)
(1.1705 -0.0128622 -2.79656e-23)
(1.11446 -0.0169484 -3.66744e-21)
(1.11835 -0.0166654 -1.06344e-20)
(1.12229 -0.0163888 -3.39976e-21)
(1.12626 -0.0161183 1.31912e-21)
(1.13028 -0.0158537 -7.4606e-21)
(1.13432 -0.0155945 -1.59631e-21)
(1.13838 -0.0153402 2.31201e-21)
(1.14246 -0.0150902 2.79668e-21)
(1.14654 -0.014844 1.54292e-21)
(1.15062 -0.0146008 4.60561e-22)
(1.15469 -0.01436 -1.00171e-21)
(1.15874 -0.0141208 1.34304e-22)
(1.16275 -0.0138827 8.69981e-22)
(1.16672 -0.0136449 1.73759e-22)
(1.17063 -0.0134065 -4.43609e-23)
(1.11447 -0.0176556 4.6642e-21)
(1.11837 -0.01736 -5.47143e-21)
(1.12232 -0.0170709 2.24944e-21)
(1.12631 -0.0167878 -2.64379e-21)
(1.13034 -0.0165106 6.77729e-21)
(1.13439 -0.016239 -2.91876e-21)
(1.13847 -0.0159723 2.80757e-21)
(1.14255 -0.0157101 -4.01666e-21)
(1.14664 -0.0154517 2.07677e-21)
(1.15073 -0.0151965 2.53855e-22)
(1.15481 -0.0149437 8.42307e-22)
(1.15886 -0.0146929 -3.89051e-22)
(1.16287 -0.0144431 -5.52005e-22)
(1.16685 -0.0141938 -3.13185e-22)
(1.17077 -0.013944 4.92448e-23)
(1.11448 -0.0183568 -5.62658e-21)
(1.1184 -0.0180488 -3.04674e-21)
(1.12236 -0.017747 5.1829e-21)
(1.12636 -0.0174514 1.94326e-21)
(1.1304 -0.0171616 -3.97147e-21)
(1.13447 -0.0168774 6.35153e-22)
(1.13855 -0.0165983 -3.16906e-21)
(1.14265 -0.0163237 4.47658e-21)
(1.14675 -0.0160531 -1.97151e-21)
(1.15084 -0.0157857 -1.35911e-21)
(1.15492 -0.015521 -9.21581e-22)
(1.15898 -0.0152583 -5.98533e-22)
(1.163 -0.0149969 3.11837e-22)
(1.16698 -0.014736 3.43981e-22)
(1.1709 -0.0144747 -8.54357e-23)
(1.11449 -0.0190523 2.58366e-21)
(1.11843 -0.0187317 1.80462e-20)
(1.1224 -0.0184173 -1.26262e-20)
(1.12642 -0.018109 -8.79472e-21)
(1.13047 -0.0178067 -2.24621e-21)
(1.13454 -0.0175099 -1.97225e-21)
(1.13864 -0.0172182 2.66395e-21)
(1.14274 -0.0169312 -5.02517e-21)
(1.14685 -0.0166482 -1.36434e-21)
(1.15095 -0.0163686 9.71594e-22)
(1.15504 -0.0160919 4.78705e-22)
(1.1591 -0.0158173 6.35051e-23)
(1.16313 -0.0155441 -3.58201e-22)
(1.16711 -0.0152716 -4.87137e-22)
(1.17104 -0.0149989 -3.07296e-23)
(1.11451 -0.019742 5.14675e-22)
(1.11846 -0.0194089 -1.04472e-20)
(1.12245 -0.0190819 -3.19985e-23)
(1.12647 -0.018761 1.74362e-20)
(1.13054 -0.0184459 5.4976e-21)
(1.13462 -0.0181364 6.07216e-21)
(1.13873 -0.0178321 -4.46559e-22)
(1.14284 -0.0175325 2.13865e-21)
(1.14696 -0.0172371 -7.12167e-22)
(1.15107 -0.0169453 -7.33676e-22)
(1.15516 -0.0166564 -7.02693e-22)
(1.15923 -0.0163698 1.37221e-21)
(1.16326 -0.0160849 1.64058e-22)
(1.16725 -0.0158007 3.0034e-22)
(1.17118 -0.0155165 7.04455e-23)
(1.11453 -0.0204262 2.85742e-21)
(1.11849 -0.0200806 2.23951e-21)
(1.12249 -0.0197409 5.97139e-21)
(1.12653 -0.0194072 -8.43699e-21)
(1.13061 -0.0190794 -1.63361e-21)
(1.1347 -0.0187571 -1.65002e-21)
(1.13882 -0.0184401 -1.57555e-21)
(1.14294 -0.0181279 4.9031e-22)
(1.14707 -0.01782 9.55819e-22)
(1.15119 -0.0175158 2.26661e-21)
(1.15529 -0.0172147 1.73369e-21)
(1.15936 -0.0169161 -3.66091e-22)
(1.1634 -0.0166193 2.45463e-22)
(1.16739 -0.0163234 1.1427e-22)
(1.17132 -0.0160277 -2.92517e-23)
(1.11455 -0.0211049 1.67372e-21)
(1.11853 -0.0207467 3.4955e-22)
(1.12254 -0.0203943 4.85441e-21)
(1.1266 -0.0200478 -3.12403e-21)
(1.13068 -0.0197071 7.29063e-21)
(1.13479 -0.0193721 1.48149e-21)
(1.13891 -0.0190423 3.0416e-21)
(1.14305 -0.0187173 2.17627e-22)
(1.14718 -0.0183968 1.44141e-21)
(1.15131 -0.0180802 -2.83773e-21)
(1.15541 -0.0177668 -1.48962e-21)
(1.15949 -0.0174561 -4.61711e-22)
(1.16354 -0.0171474 1.33511e-22)
(1.16753 -0.0168398 1.34025e-22)
(1.17147 -0.0165325 3.37915e-25)
(1.11458 -0.0217782 1.36219e-21)
(1.11857 -0.0214075 -8.05191e-21)
(1.1226 -0.0210423 2.54125e-21)
(1.12666 -0.020683 1.27349e-20)
(1.13076 -0.0203293 -1.56258e-20)
(1.13488 -0.0199813 -1.88427e-21)
(1.13901 -0.0196386 -1.82627e-21)
(1.14315 -0.0193009 -1.77204e-21)
(1.1473 -0.0189677 1.58595e-21)
(1.15143 -0.0186385 -4.21442e-22)
(1.15554 -0.0183128 4.05474e-22)
(1.15963 -0.0179899 1.06748e-21)
(1.16367 -0.0176692 -8.87622e-22)
(1.16767 -0.0173499 -1.01909e-22)
(1.17161 -0.0170311 -3.97495e-23)
(1.11861 -0.0220629 9.67119e-21)
(1.12265 -0.0216849 4.23217e-21)
(1.12673 -0.0213126 -6.07702e-21)
(1.13084 -0.020946 1.32954e-20)
(1.13497 -0.0205849 -1.59391e-21)
(1.13911 -0.0202292 -4.04619e-21)
(1.14326 -0.0198786 2.60926e-22)
(1.14741 -0.0195326 -1.90001e-21)
(1.15155 -0.0191908 2.11955e-22)
(1.15567 -0.0188527 -3.78229e-22)
(1.15976 -0.0185176 -1.63458e-21)
(1.16381 -0.018185 -1.45761e-22)
(1.16782 -0.0178539 -3.32592e-22)
(1.17176 -0.0175234 1.08654e-22)
(1.11866 -0.0227131 -1.83747e-21)
(1.12271 -0.0223222 -8.63059e-21)
(1.1268 -0.0219369 -4.02582e-22)
(1.13092 -0.0215572 3.57749e-21)
(1.13506 -0.021183 -6.77527e-21)
(1.13921 -0.0208142 2.75733e-21)
(1.14337 -0.0204506 2.6227e-21)
(1.14753 -0.0200917 -6.08778e-22)
(1.15168 -0.0197372 2.65608e-21)
(1.1558 -0.0193866 -3.21067e-22)
(1.1599 -0.0190393 -3.34845e-22)
(1.16395 -0.0186946 1.03272e-21)
(1.16796 -0.0183517 3.83455e-22)
(1.17191 -0.0180096 -1.71661e-23)
(1.11871 -0.0233582 5.62043e-23)
(1.12277 -0.0229543 -9.10886e-21)
(1.12688 -0.0225559 -4.5476e-21)
(1.13101 -0.0221629 -4.3225e-21)
(1.13516 -0.0217755 8.9881e-22)
(1.13932 -0.0213936 3.71596e-21)
(1.14349 -0.0210168 -9.44182e-22)
(1.14765 -0.020645 7.61543e-22)
(1.1518 -0.0202778 1.19078e-21)
(1.15594 -0.0199146 5.21163e-22)
(1.16004 -0.019555 1.07075e-21)
(1.1641 -0.0191982 -6.99477e-22)
(1.16811 -0.0188435 -6.72045e-23)
(1.17206 -0.0184898 4.81131e-23)
(1.11876 -0.0239982 3.97545e-21)
(1.12284 -0.0235812 1.10669e-21)
(1.12695 -0.0231696 7.05851e-21)
(1.13109 -0.0227633 -5.33428e-21)
(1.13525 -0.0223626 2.65714e-21)
(1.13943 -0.0219673 -1.91562e-21)
(1.1436 -0.0215774 -1.89388e-21)
(1.14777 -0.0211926 1.35622e-21)
(1.15193 -0.0208125 -4.68797e-21)
(1.15607 -0.0204367 1.54531e-21)
(1.16018 -0.0200647 -5.43721e-22)
(1.16424 -0.0196959 7.28056e-22)
(1.16826 -0.0193293 -1.46392e-22)
(1.17221 -0.018964 -3.88471e-23)
(1.11882 -0.0246331 6.84706e-21)
(1.12291 -0.0242031 4.32369e-21)
(1.12703 -0.023778 -8.71356e-21)
(1.13118 -0.0233584 5.77369e-21)
(1.13535 -0.0229442 4.71565e-21)
(1.13954 -0.0225356 -6.85048e-22)
(1.14372 -0.0221324 4.48202e-22)
(1.1479 -0.0217345 5.89522e-22)
(1.15206 -0.0213415 1.77467e-21)
(1.15621 -0.020953 -2.13081e-21)
(1.16032 -0.0205686 8.89269e-22)
(1.16439 -0.0201876 -4.73792e-22)
(1.1684 -0.0198092 2.32594e-22)
(1.17236 -0.0194323 -5.55024e-23)
(1.11888 -0.0252632 -1.68971e-20)
(1.12298 -0.0248198 4.54371e-22)
(1.12712 -0.0243814 1.22966e-20)
(1.13128 -0.0239482 2.70404e-21)
(1.13546 -0.0235205 -3.06768e-22)
(1.13965 -0.0230984 -3.24497e-21)
(1.14384 -0.0226818 1.85988e-21)
(1.14803 -0.0222707 -2.81397e-21)
(1.1522 -0.0218647 -2.05591e-21)
(1.15634 -0.0214636 5.40093e-23)
(1.16046 -0.0210667 -8.30573e-22)
(1.16453 -0.0206735 7.21588e-22)
(1.16855 -0.0202832 -8.24755e-23)
(1.17251 -0.0198948 -4.31065e-24)
(1.11894 -0.0258883 -4.51948e-21)
(1.12306 -0.0254316 2.75517e-21)
(1.1272 -0.0249796 -2.2977e-21)
(1.13137 -0.0245328 -1.62583e-20)
(1.13556 -0.0240914 -1.94235e-21)
(1.13976 -0.0236557 -1.18206e-21)
(1.14396 -0.0232257 6.36438e-22)
(1.14815 -0.0228013 1.80088e-21)
(1.15233 -0.0223823 7.62597e-22)
(1.15648 -0.0219684 6.31854e-22)
(1.1606 -0.021559 -1.14925e-22)
(1.16468 -0.0211537 -7.04769e-22)
(1.1687 -0.0207515 -8.16676e-23)
(1.17267 -0.0203515 8.30873e-23)
(1.11901 -0.0265086 1.63465e-20)
(1.12313 -0.0260384 -3.10732e-21)
(1.12729 -0.0255727 -5.14896e-21)
(1.13147 -0.0251121 1.53845e-20)
(1.13567 -0.024657 1.08581e-21)
(1.13988 -0.0242076 9.52554e-21)
(1.14408 -0.0237641 -2.48474e-21)
(1.14828 -0.0233263 -1.79171e-21)
(1.15246 -0.0228942 5.55048e-22)
(1.15662 -0.0224675 1.19012e-21)
(1.16075 -0.0220457 2.6675e-22)
(1.16483 -0.0216281 1.42649e-24)
(1.16885 -0.0212141 2.52238e-22)
(1.17282 -0.0208025 -3.28728e-23)
(1.11908 -0.0271241 -4.29955e-21)
(1.12322 -0.0266402 -3.29848e-21)
(1.12738 -0.0261608 2.82094e-21)
(1.13158 -0.0256863 -9.62472e-21)
(1.13578 -0.0252174 2.06539e-21)
(1.14 -0.0247542 -3.37795e-21)
(1.14421 -0.024297 -9.78899e-22)
(1.14841 -0.0238458 3.62283e-22)
(1.1526 -0.0234006 -1.4575e-21)
(1.15676 -0.022961 -8.37327e-22)
(1.16089 -0.0225266 7.62457e-23)
(1.16497 -0.0220969 2.20187e-22)
(1.169 -0.021671 -5.26174e-22)
(1.17297 -0.0212478 1.47532e-23)
(1.11915 -0.0277348 -4.52109e-21)
(1.1233 -0.0272372 1.14189e-20)
(1.12748 -0.0267439 -2.87257e-21)
(1.13168 -0.0262554 1.05949e-20)
(1.13589 -0.0257725 3.0517e-21)
(1.14012 -0.0252954 -8.52756e-21)
(1.14434 -0.0248245 2.08744e-21)
(1.14855 -0.0243599 -2.08144e-21)
(1.15274 -0.0239014 4.89529e-21)
(1.1569 -0.0234489 -1.68621e-21)
(1.16103 -0.023002 7.67046e-22)
(1.16512 -0.0225601 3.5364e-22)
(1.16915 -0.0221223 4.90402e-22)
(1.17313 -0.0216876 -3.56722e-23)
(1.11923 -0.0283409 1.0146e-20)
(1.12339 -0.0278294 -7.83921e-21)
(1.12758 -0.027322 -4.10771e-21)
(1.13179 -0.0268194 -2.6669e-21)
(1.13601 -0.0263224 -2.50544e-22)
(1.14024 -0.0258314 5.07128e-21)
(1.14446 -0.0253466 -3.2223e-22)
(1.14868 -0.0248684 2.46956e-21)
(1.15288 -0.0243967 -2.49601e-22)
(1.15705 -0.0239313 1.3893e-21)
(1.16118 -0.0234718 -1.21414e-21)
(1.16527 -0.0230177 -7.12347e-22)
(1.16931 -0.0225681 -1.2392e-22)
(1.17328 -0.0221219 -3.47353e-23)
(1.11931 -0.0289423 -2.54711e-21)
(1.12348 -0.0284168 3.99678e-21)
(1.12768 -0.0278952 1.0723e-20)
(1.1319 -0.0273784 -6.8324e-21)
(1.13613 -0.0268671 9.40411e-22)
(1.14036 -0.026362 7.82634e-21)
(1.14459 -0.0258634 1.15227e-21)
(1.14881 -0.0253716 -5.28455e-22)
(1.15302 -0.0248865 -2.06595e-21)
(1.15719 -0.0244082 -2.20043e-22)
(1.16133 -0.0239361 -8.42117e-23)
(1.16542 -0.0234698 -3.06347e-24)
(1.16946 -0.0230084 -3.26684e-22)
(1.17343 -0.0225507 -5.89941e-23)
(1.1194 -0.0295391 -5.50981e-21)
(1.12358 -0.0289994 -1.93452e-21)
(1.12778 -0.0284634 -1.25424e-20)
(1.13201 -0.0279323 7.8655e-21)
(1.13625 -0.0274067 -1.03694e-20)
(1.14049 -0.0268874 -5.46109e-21)
(1.14472 -0.0263748 1.14497e-21)
(1.14895 -0.0258693 2.75353e-21)
(1.15316 -0.0253709 -5.46844e-22)
(1.15733 -0.0248796 5.18487e-22)
(1.16147 -0.024395 6.40698e-22)
(1.16557 -0.0239165 -4.18429e-23)
(1.16961 -0.0234432 4.14162e-22)
(1.17358 -0.0229742 1.73347e-22)
(1.11949 -0.0301313 5.66491e-21)
(1.12368 -0.0295773 -2.38951e-21)
(1.12789 -0.0290268 3.4181e-21)
(1.13212 -0.0284811 -4.56468e-21)
(1.13637 -0.0279411 6.90569e-21)
(1.14061 -0.0274075 -5.25985e-21)
(1.14486 -0.026881 -5.83237e-21)
(1.14909 -0.0263617 5.71181e-23)
(1.1533 -0.02585 -1.00307e-21)
(1.15748 -0.0253456 -4.28142e-22)
(1.16162 -0.0248484 -4.38289e-22)
(1.16572 -0.0243577 -4.65534e-22)
(1.16976 -0.0238728 -8.97891e-23)
(1.17374 -0.0233923 -1.3899e-22)
(1.11958 -0.030719 8.16773e-22)
(1.12378 -0.0301504 4.00129e-21)
(1.128 -0.0295853 -3.76843e-22)
(1.13224 -0.029025 3.349e-21)
(1.13649 -0.0284704 -1.65955e-21)
(1.14074 -0.0279225 6.35532e-21)
(1.14499 -0.0273818 5.0565e-21)
(1.14922 -0.0268488 -3.16813e-21)
(1.15344 -0.0263236 -4.51849e-22)
(1.15762 -0.0258063 -4.33346e-22)
(1.16177 -0.0252965 9.93488e-22)
(1.16586 -0.0247936 -8.98131e-23)
(1.16991 -0.0242969 -1.74065e-22)
(1.17389 -0.0238051 1.1046e-22)
(1.11968 -0.0313021 -9.73491e-21)
(1.12388 -0.0307188 -4.38589e-21)
(1.12811 -0.030139 4.89765e-21)
(1.13236 -0.0295639 -6.48798e-21)
(1.13662 -0.0289947 -4.24052e-21)
(1.14087 -0.0284323 -6.54693e-21)
(1.14513 -0.0278774 -2.54791e-21)
(1.14936 -0.0273306 2.02887e-21)
(1.15358 -0.0267919 1.63989e-21)
(1.15777 -0.0262616 4.32549e-22)
(1.16191 -0.0257392 2.69947e-22)
(1.16601 -0.0252243 1.2309e-21)
(1.17006 -0.0247159 1.23323e-22)
(1.17404 -0.0242128 -1.16617e-22)
(1.11978 -0.0318807 8.00668e-21)
(1.12399 -0.0312826 4.57726e-21)
(1.12823 -0.0306878 -1.0021e-20)
(1.13248 -0.0300978 1.18348e-22)
(1.13674 -0.0295138 7.46987e-22)
(1.14101 -0.0289369 1.06384e-20)
(1.14526 -0.0283678 -5.83645e-22)
(1.1495 -0.0278071 5.99773e-22)
(1.15372 -0.027255 8.56118e-22)
(1.15791 -0.0267116 -1.18518e-21)
(1.16206 -0.0261767 -2.33177e-21)
(1.16616 -0.0256496 -8.81991e-22)
(1.17021 -0.0251296 1.2228e-22)
(1.17419 -0.0246153 7.87427e-23)
(1.11988 -0.0324549 2.1952e-21)
(1.1241 -0.0318416 6.90568e-21)
(1.12835 -0.0312317 7.57883e-21)
(1.13261 -0.0306267 -4.65793e-22)
(1.13687 -0.0300279 -3.1291e-21)
(1.14114 -0.0294364 -1.07214e-21)
(1.1454 -0.028853 2.97141e-21)
(1.14964 -0.0282783 1.2756e-21)
(1.15386 -0.0277128 -8.60371e-22)
(1.15805 -0.0271564 1.95534e-21)
(1.16221 -0.0266089 9.012e-22)
(1.16631 -0.0260698 1.71385e-22)
(1.17036 -0.0255382 -2.19047e-22)
(1.17434 -0.0250127 -9.85481e-23)
(1.11999 -0.0330245 -1.83932e-21)
(1.12422 -0.032396 -7.69438e-21)
(1.12847 -0.0317709 2.0484e-21)
(1.13273 -0.0311508 1.06671e-21)
(1.13701 -0.030537 7.7888e-21)
(1.14128 -0.0299307 -6.72038e-21)
(1.14554 -0.029333 8.72192e-23)
(1.14978 -0.0287444 -1.36519e-21)
(1.15401 -0.0281654 3.20869e-22)
(1.1582 -0.0275959 1.16619e-21)
(1.16235 -0.027036 1.10669e-22)
(1.16646 -0.0264849 9.16177e-22)
(1.17051 -0.0259417 1.73219e-22)
(1.17449 -0.0254051 2.10455e-22)
(1.1201 -0.0335897 -1.29891e-20)
(1.12434 -0.0329458 2.15066e-21)
(1.12859 -0.0323053 -6.75613e-21)
(1.13286 -0.0316698 5.6297e-21)
(1.13714 -0.031041 -1.18905e-22)
(1.14141 -0.03042 9.28323e-22)
(1.14568 -0.0298078 2.531e-21)
(1.14993 -0.0292053 -4.33152e-22)
(1.15415 -0.0286127 1.15896e-21)
(1.15834 -0.0280303 -2.23092e-21)
(1.1625 -0.0274579 9.33784e-22)
(1.1666 -0.0268948 -7.5646e-22)
(1.17065 -0.0263401 -8.59616e-23)
(1.17464 -0.0257926 -7.15973e-23)
(1.12021 -0.0341504 1.52697e-20)
(1.12446 -0.033491 -6.37626e-21)
(1.12872 -0.0328349 8.55023e-21)
(1.13299 -0.032184 -5.89184e-21)
(1.13727 -0.03154 -1.56602e-21)
(1.14155 -0.0309042 3.22354e-21)
(1.14582 -0.0302776 -6.32772e-21)
(1.15007 -0.029661 -2.34667e-21)
(1.15429 -0.029055 -2.97702e-21)
(1.15849 -0.0284596 1.0328e-21)
(1.16264 -0.0278747 -7.16332e-22)
(1.16675 -0.0272997 -1.53042e-22)
(1.1708 -0.0267336 3.48114e-23)
(1.17479 -0.0261751 -8.22045e-23)
(1.12033 -0.0347067 -9.40454e-21)
(1.12458 -0.0340315 5.52971e-21)
(1.12885 -0.0333597 -9.72578e-21)
(1.13313 -0.0326933 1.73099e-21)
(1.13741 -0.032034 1.59399e-21)
(1.14169 -0.0313833 -3.18858e-21)
(1.14596 -0.0307422 1.02018e-21)
(1.15021 -0.0301116 7.45973e-22)
(1.15444 -0.0294921 1.11947e-21)
(1.15863 -0.0288838 -1.93814e-21)
(1.16279 -0.0282864 4.47765e-23)
(1.1669 -0.0276996 4.14267e-22)
(1.17095 -0.0271222 2.70476e-22)
(1.17494 -0.0265527 6.61238e-23)
(1.12045 -0.0352586 -2.86381e-22)
(1.12471 -0.0345674 -1.87708e-20)
(1.12898 -0.0338797 8.32811e-21)
(1.13326 -0.0331977 -2.88257e-22)
(1.13755 -0.0325231 -5.14833e-21)
(1.14183 -0.0318573 5.43598e-21)
(1.1461 -0.0312017 -1.37747e-23)
(1.15035 -0.0305572 -3.4726e-21)
(1.15458 -0.0299241 4.89169e-22)
(1.15878 -0.0293029 3.29081e-21)
(1.16293 -0.0286932 -5.59425e-23)
(1.16704 -0.0280945 -7.30518e-22)
(1.17109 -0.0275058 -1.83628e-22)
(1.17508 -0.0269256 4.67931e-23)
(1.12058 -0.035806 -7.95675e-21)
(1.12484 -0.0350987 1.79267e-20)
(1.12911 -0.034395 -1.02848e-20)
(1.1334 -0.0336972 7.18869e-22)
(1.13768 -0.0330071 2.92698e-21)
(1.14197 -0.0323264 -3.62971e-21)
(1.14624 -0.0316562 -4.33313e-21)
(1.1505 -0.0309976 6.66689e-21)
(1.15473 -0.0303511 -2.22904e-21)
(1.15892 -0.0297169 -2.67944e-21)
(1.16308 -0.029095 -8.31538e-22)
(1.16719 -0.0284845 3.12601e-22)
(1.17124 -0.0278846 3.86647e-23)
(1.17523 -0.0272937 -8.77056e-23)
(1.12071 -0.036349 2.45073e-21)
(1.12497 -0.0356253 -1.16141e-20)
(1.12925 -0.0349055 4.87936e-21)
(1.13353 -0.0341918 -5.83326e-21)
(1.13782 -0.0334862 1.81034e-21)
(1.14211 -0.0327904 3.46021e-22)
(1.14638 -0.0321057 7.18017e-21)
(1.15064 -0.031433 -3.43083e-21)
(1.15487 -0.0307731 1.45273e-21)
(1.15907 -0.0301261 2.23838e-23)
(1.16322 -0.0294918 1.35716e-21)
(1.16733 -0.0288697 7.09591e-22)
(1.17138 -0.0282587 -3.79844e-22)
(1.17537 -0.0276572 9.39241e-23)
(1.12084 -0.0368875 1.399e-20)
(1.12511 -0.0361474 3.14074e-21)
(1.12939 -0.0354113 6.51023e-21)
(1.13367 -0.0346816 7.93088e-22)
(1.13797 -0.0339604 1.53938e-21)
(1.14225 -0.0332494 2.57841e-21)
(1.14653 -0.0325501 -2.63045e-21)
(1.15078 -0.0318634 3.27958e-21)
(1.15501 -0.0311901 1.01787e-22)
(1.15921 -0.0305302 -5.26421e-22)
(1.16336 -0.0298838 -1.93063e-22)
(1.16747 -0.0292501 -1.0083e-21)
(1.17152 -0.028628 2.16364e-22)
(1.17551 -0.028016 -9.11958e-23)
(1.12098 -0.0374217 -3.1511e-22)
(1.12524 -0.0366649 1.71849e-20)
(1.12953 -0.0359123 -1.12468e-20)
(1.13382 -0.0351666 9.50057e-22)
(1.13811 -0.0344297 -5.36898e-21)
(1.14239 -0.0337035 -6.65404e-21)
(1.14667 -0.0329896 3.24624e-21)
(1.15092 -0.0322889 -2.37236e-21)
(1.15515 -0.0316021 -7.12831e-23)
(1.15935 -0.0309295 2.07024e-21)
(1.16351 -0.0302709 -1.93358e-22)
(1.16761 -0.0296257 7.52971e-22)
(1.17167 -0.0289927 4.63492e-22)
(1.17566 -0.0283702 6.5011e-23)
(1.12111 -0.0379515 -3.71313e-21)
(1.12538 -0.0371778 -1.81278e-20)
(1.12967 -0.0364086 1.21404e-20)
(1.13396 -0.0356467 2.60788e-22)
(1.13825 -0.034894 6.10454e-21)
(1.14254 -0.0341527 1.2901e-21)
(1.14681 -0.0334241 7.6145e-22)
(1.15107 -0.0327094 1.70979e-21)
(1.1553 -0.0320093 1.53279e-21)
(1.15949 -0.031324 9.0209e-22)
(1.16365 -0.0306533 1.41111e-21)
(1.16775 -0.0299966 -8.94502e-22)
(1.17181 -0.0293527 -1.91002e-22)
(1.1758 -0.0287199 -1.09686e-22)
(1.12126 -0.038476 1.54326e-20)
(1.12553 -0.0376854 1.82867e-21)
(1.12981 -0.0368996 -9.45946e-21)
(1.1341 -0.0361214 6.93354e-21)
(1.1384 -0.0353531 -4.41886e-21)
(1.14268 -0.0345966 -9.15263e-22)
(1.14696 -0.0338534 -3.65681e-21)
(1.15121 -0.0331248 -2.21141e-21)
(1.15544 -0.0324114 2.59224e-22)
(1.15963 -0.0317134 -2.53007e-21)
(1.16379 -0.0310308 -3.19886e-22)
(1.16789 -0.0303628 7.81245e-22)
(1.17195 -0.0297082 -6.6251e-22)
(1.17594 -0.0290651 -9.12396e-24)
(1.1214 -0.0389953 -8.2249e-21)
(1.12567 -0.0381875 -9.12066e-21)
(1.12996 -0.037385 2.50643e-22)
(1.13425 -0.0365905 -3.50519e-21)
(1.13854 -0.0358065 5.17322e-22)
(1.14283 -0.0350348 1.52864e-21)
(1.1471 -0.0342771 7.08186e-22)
(1.15135 -0.0335347 -9.618e-22)
(1.15558 -0.0328081 -2.81077e-21)
(1.15977 -0.0320977 6.14847e-22)
(1.16393 -0.0314032 -1.69455e-21)
(1.16803 -0.030724 -7.2969e-22)
(1.17208 -0.0300589 5.82131e-22)
(1.17607 -0.0294059 1.32564e-22)
(1.12155 -0.0395156 -2.45957e-20)
(1.12582 -0.0386898 6.51414e-21)
(1.1301 -0.0378697 1.64561e-20)
(1.1344 -0.0370582 5.2178e-21)
(1.13869 -0.0362577 7.40264e-21)
(1.14297 -0.0354704 2.3169e-21)
(1.14724 -0.0346977 -7.57438e-21)
(1.1515 -0.0339409 6.10599e-21)
(1.15572 -0.0332008 6.78181e-21)
(1.15991 -0.0324777 -1.33257e-21)
(1.16407 -0.0317713 1.17989e-21)
(1.16817 -0.0310809 1.65202e-21)
(1.17222 -0.0304052 -1.15741e-22)
(1.17621 -0.0297423 -9.7645e-23)
(1.17269 -0.000351873 1.12408e-24)
(1.17642 -0.000346517 -4.50834e-24)
(1.18007 -0.000340969 1.94019e-24)
(1.18364 -0.000335203 -3.06285e-24)
(1.1871 -0.000329188 3.04041e-24)
(1.19046 -0.000322892 7.41894e-24)
(1.1937 -0.000316278 -2.09173e-23)
(1.19682 -0.000309306 1.60334e-23)
(1.1998 -0.000301932 -3.08555e-23)
(1.20265 -0.000294106 2.88536e-23)
(1.20536 -0.000285776 -4.35501e-23)
(1.20792 -0.000276886 1.70852e-24)
(1.21032 -0.000267379 -9.98682e-23)
(1.21258 -0.000257194 1.54247e-22)
(1.21468 -0.00024627 1.76678e-22)
(1.21662 -0.000234546 -5.19437e-23)
(1.21841 -0.00022196 1.55175e-22)
(1.22003 -0.000208453 4.24739e-22)
(1.2215 -0.000193965 -1.46773e-22)
(1.22282 -0.000178441 1.17393e-22)
(1.22397 -0.00016183 -1.16576e-23)
(1.22497 -0.000144085 1.14465e-22)
(1.22582 -0.000125162 4.76831e-22)
(1.22652 -0.000105025 -1.81343e-22)
(1.22707 -8.36376e-05 -6.60797e-23)
(1.22747 -6.09695e-05 -2.30099e-22)
(1.22773 -3.6993e-05 2.34995e-22)
(1.22784 -1.16841e-05 -5.7769e-22)
(1.22782 1.49779e-05 4.19852e-22)
(1.22766 4.30095e-05 8.08984e-22)
(1.22737 7.24216e-05 -9.84291e-22)
(1.22694 0.000103216 6.68252e-22)
(1.22639 0.000135382 -8.81109e-22)
(1.22571 0.000168885 1.24916e-22)
(1.22491 0.000203648 -2.54701e-22)
(1.1727 -0.001049 -7.06091e-24)
(1.17643 -0.0010322 -1.25685e-24)
(1.18008 -0.00101496 -1.33229e-23)
(1.18365 -0.000997178 1.77178e-23)
(1.18712 -0.000978751 -2.0208e-24)
(1.19047 -0.000959562 6.88157e-25)
(1.19371 -0.000939485 -1.506e-23)
(1.19683 -0.000918379 -4.53428e-24)
(1.19982 -0.000896098 -7.68399e-23)
(1.20266 -0.000872479 -7.75749e-23)
(1.20537 -0.00084736 1.41188e-22)
(1.20793 -0.000820564 1.89831e-23)
(1.21034 -0.00079192 2.47919e-22)
(1.21259 -0.000761244 -1.44094e-22)
(1.21469 -0.000728365 -4.10729e-22)
(1.21663 -0.000693098 -1.64202e-22)
(1.21842 -0.000655273 -3.56703e-22)
(1.22005 -0.000614717 1.08976e-22)
(1.22152 -0.000571267 -7.18504e-22)
(1.22283 -0.000524767 -4.16973e-22)
(1.22399 -0.000475073 -1.74041e-23)
(1.22499 -0.000422052 -2.92937e-22)
(1.22584 -0.000365583 -3.87887e-22)
(1.22654 -0.000305555 5.86671e-22)
(1.22708 -0.000241867 -6.93512e-22)
(1.22749 -0.000174425 7.31386e-22)
(1.22774 -0.000103142 -3.48522e-22)
(1.22786 -2.79389e-05 2.7377e-22)
(1.22784 5.1257e-05 -6.32291e-23)
(1.22768 0.000134509 1.02647e-22)
(1.22739 0.000221867 1.77638e-22)
(1.22696 0.000313359 -4.19145e-22)
(1.22641 0.000408975 1.0957e-21)
(1.22574 0.000508637 4.73133e-22)
(1.22494 0.000612152 -5.04861e-22)
(1.17272 -0.00173617 3.22824e-24)
(1.17645 -0.00170773 2.74796e-23)
(1.18011 -0.00167857 -4.85457e-24)
(1.18367 -0.00164855 -2.00628e-23)
(1.18714 -0.00161749 -1.30056e-24)
(1.1905 -0.00158519 -3.44651e-23)
(1.19374 -0.00155145 1.15752e-22)
(1.19685 -0.00151604 -4.39629e-23)
(1.19984 -0.00147871 5.72896e-23)
(1.20269 -0.0014392 1.77675e-22)
(1.20539 -0.00139723 -2.35289e-22)
(1.20795 -0.00135253 -1.73601e-22)
(1.21036 -0.0013048 2.51188e-22)
(1.21262 -0.00125375 5.16034e-23)
(1.21472 -0.0011991 4.9395e-22)
(1.21666 -0.00114053 5.61267e-22)
(1.21844 -0.00107777 -7.5551e-23)
(1.22007 -0.00101053 6.14686e-22)
(1.22154 -0.000938549 1.62621e-21)
(1.22286 -0.000861559 -3.97395e-22)
(1.22401 -0.000779323 9.44687e-22)
(1.22502 -0.00069162 8.23313e-23)
(1.22587 -0.000598245 1.82039e-21)
(1.22656 -0.000499011 9.22548e-22)
(1.22711 -0.000393744 1.10903e-21)
(1.22752 -0.000282283 -1.52487e-21)
(1.22778 -0.000164478 -1.50519e-21)
(1.2279 -4.01879e-05 -1.18767e-22)
(1.22787 9.07168e-05 1.92555e-22)
(1.22772 0.000228351 -9.27289e-22)
(1.22743 0.000372809 -4.29729e-22)
(1.22701 0.000524149 -4.24608e-22)
(1.22646 0.000682368 7.73771e-22)
(1.22579 0.00084735 -8.06218e-22)
(1.22499 0.00101879 1.62886e-21)
(1.17275 -0.00241376 3.84749e-24)
(1.17649 -0.00237384 -3.82071e-23)
(1.18014 -0.00233293 4.85926e-23)
(1.18371 -0.00229084 1.54108e-23)
(1.18717 -0.00224731 -1.1991e-24)
(1.19053 -0.00220209 1.23159e-23)
(1.19377 -0.00215488 -1.21986e-24)
(1.19689 -0.00210535 4.43967e-23)
(1.19988 -0.00205318 -1.27959e-22)
(1.20272 -0.00199799 -4.35787e-23)
(1.20543 -0.00193941 2.69095e-22)
(1.20799 -0.00187703 4.02975e-23)
(1.2104 -0.00181047 -4.57169e-22)
(1.21265 -0.0017393 -1.20997e-23)
(1.21475 -0.00166313 -2.60222e-22)
(1.2167 -0.00158155 -1.52857e-22)
(1.21848 -0.00149415 8.91e-22)
(1.22011 -0.00140054 -5.81899e-22)
(1.22158 -0.00130034 -2.13937e-22)
(1.22289 -0.0011932 -5.6939e-22)
(1.22405 -0.00107877 -1.58186e-21)
(1.22506 -0.000956748 -9.82606e-22)
(1.22591 -0.000826847 -6.10129e-22)
(1.22661 -0.000688803 -4.75529e-22)
(1.22716 -0.000542373 1.47014e-21)
(1.22756 -0.000387329 7.37143e-22)
(1.22783 -0.000223457 7.09669e-22)
(1.22795 -5.05567e-05 1.01208e-21)
(1.22793 0.000131556 1.52317e-21)
(1.22778 0.000323048 6.4342e-22)
(1.22749 0.000524056 -2.30277e-22)
(1.22707 0.000734667 -1.21397e-21)
(1.22653 0.000954887 -2.257e-21)
(1.22586 0.00118456 -7.57073e-22)
(1.22507 0.00142328 -3.63496e-22)
(1.17279 -0.00308198 -5.57168e-24)
(1.17653 -0.00303068 1.31989e-23)
(1.18018 -0.00297816 -1.42643e-24)
(1.18375 -0.00292413 8.38078e-24)
(1.18722 -0.0028683 6.16072e-25)
(1.19058 -0.00281031 6.86367e-24)
(1.19382 -0.00274979 -9.19552e-23)
(1.19694 -0.00268634 -4.41086e-23)
(1.19992 -0.00261952 1.06343e-22)
(1.20277 -0.00254885 1.66395e-22)
(1.20548 -0.00247386 -3.57831e-22)
(1.20803 -0.00239404 4.01802e-22)
(1.21044 -0.00230887 9.32947e-23)
(1.2127 -0.00221783 4.36882e-22)
(1.2148 -0.0021204 -1.63195e-22)
(1.21674 -0.00201606 5.03345e-22)
(1.21853 -0.00190429 -4.80769e-23)
(1.22016 -0.0017846 1.16994e-21)
(1.22163 -0.00165649 -1.70514e-21)
(1.22295 -0.0015195 1.19103e-21)
(1.22411 -0.00137321 1.93133e-21)
(1.22511 -0.00121721 1.70615e-21)
(1.22596 -0.00105116 -1.90116e-22)
(1.22667 -0.000874694 -4.61617e-22)
(1.22722 -0.000687515 -1.63424e-21)
(1.22763 -0.000489325 1.35072e-22)
(1.22789 -0.000279851 9.8761e-22)
(1.22801 -5.88341e-05 -2.12971e-21)
(1.228 0.000173965 -3.6323e-22)
(1.22785 0.000418763 3.04844e-21)
(1.22757 0.000675739 -6.67705e-22)
(1.22716 0.000945012 -5.0087e-22)
(1.22662 0.0012266 -2.20357e-23)
(1.22596 0.0015203 2.19977e-21)
(1.22518 0.00182561 1.80635e-21)
(1.17284 -0.00374099 -7.02756e-24)
(1.17658 -0.00367838 1.35567e-23)
(1.18024 -0.00361431 -2.68483e-23)
(1.1838 -0.00354844 3.13599e-24)
(1.18727 -0.00348039 2.34095e-24)
(1.19063 -0.00340974 2.57331e-23)
(1.19387 -0.00333605 -2.21239e-23)
(1.19699 -0.0032588 1.07496e-22)
(1.19998 -0.00317748 2.49515e-22)
(1.20283 -0.00309149 -2.55991e-22)
(1.20553 -0.00300027 1.4912e-22)
(1.20809 -0.00290318 -9.79234e-22)
(1.2105 -0.0027996 -5.14528e-24)
(1.21276 -0.00268889 -1.43601e-21)
(1.21486 -0.00257044 1.15989e-21)
(1.2168 -0.00244358 -8.24976e-22)
(1.21859 -0.00230771 -2.41894e-21)
(1.22022 -0.0021622 -1.83165e-21)
(1.22169 -0.00200648 1.62001e-21)
(1.22301 -0.00183997 -1.35428e-21)
(1.22417 -0.00166215 -3.99548e-22)
(1.22518 -0.00147255 -1.31482e-22)
(1.22603 -0.00127072 1.67611e-22)
(1.22674 -0.00105626 -2.47428e-21)
(1.22729 -0.000828766 -2.39002e-21)
(1.2277 -0.0005879 -1.48415e-21)
(1.22797 -0.000333322 -8.53158e-23)
(1.2281 -6.47159e-05 -1.17411e-21)
(1.22809 0.000218212 -6.335e-22)
(1.22795 0.000515727 -3.49899e-21)
(1.22767 0.000828054 -8.23911e-22)
(1.22726 0.00115534 -1.06958e-21)
(1.22673 0.00149762 2.1343e-21)
(1.22608 0.00185467 3.08624e-21)
(1.22531 0.00222588 -1.03622e-22)
(1.1729 -0.00439098 -9.3372e-24)
(1.17664 -0.0043171 -2.58182e-23)
(1.1803 -0.00424153 1.60233e-23)
(1.18386 -0.00416388 -1.18867e-23)
(1.18733 -0.0040837 2.35777e-24)
(1.19069 -0.00400049 -1.18827e-23)
(1.19394 -0.00391372 4.64204e-23)
(1.19706 -0.00382279 -1.51838e-22)
(1.20004 -0.00372709 -1.89084e-22)
(1.20289 -0.00362593 3.4903e-23)
(1.2056 -0.00351862 -1.04332e-22)
(1.20816 -0.00340443 1.18934e-21)
(1.21057 -0.00328264 3.65308e-22)
(1.21283 -0.00315247 8.68718e-22)
(1.21493 -0.0030132 -1.43574e-21)
(1.21687 -0.00286406 -2.555e-22)
(1.21866 -0.00270433 4.32216e-22)
(1.22029 -0.00253329 1.93675e-22)
(1.22177 -0.00235024 -8.98302e-22)
(1.22308 -0.00215452 -1.07981e-21)
(1.22425 -0.00194552 2.59158e-21)
(1.22526 -0.00172267 1.18063e-21)
(1.22611 -0.00148546 -1.3314e-21)
(1.22682 -0.0012334 -8.46114e-22)
(1.22738 -0.000966036 2.68828e-21)
(1.2278 -0.000682961 2.98827e-22)
(1.22807 -0.000383776 -9.18212e-22)
(1.2282 -6.81099e-05 1.42647e-21)
(1.2282 0.000264387 -4.16093e-21)
(1.22806 0.000614029 1.81508e-21)
(1.22779 0.000981087 1.32422e-21)
(1.22739 0.00136574 2.0755e-21)
(1.22687 0.00176804 -1.35199e-21)
(1.22622 0.00218775 -5.86304e-21)
(1.22546 0.00262415 -5.85786e-21)
(1.17297 -0.00503213 1.67071e-23)
(1.17671 -0.00494702 -2.03224e-23)
(1.18036 -0.00486 7.36837e-24)
(1.18393 -0.00477062 3.18976e-24)
(1.1874 -0.00467837 1.74229e-24)
(1.19077 -0.00458268 4.00407e-24)
(1.19401 -0.00448293 -1.13122e-23)
(1.19713 -0.00437843 -3.34393e-23)
(1.20012 -0.00426847 5.00122e-22)
(1.20297 -0.00415227 -1.8318e-22)
(1.20567 -0.00402904 -3.72132e-22)
(1.20823 -0.00389791 -3.81659e-22)
(1.21065 -0.00375807 -9.7167e-22)
(1.2129 -0.00360862 -8.4041e-22)
(1.21501 -0.00344875 1.02782e-21)
(1.21695 -0.00327756 1.86586e-21)
(1.21874 -0.00309422 1.76478e-21)
(1.22037 -0.00289791 1.46538e-21)
(1.22185 -0.00268782 -1.91455e-21)
(1.22317 -0.00246319 3.92686e-21)
(1.22434 -0.00222333 -3.09812e-21)
(1.22535 -0.00196758 -2.61204e-21)
(1.22621 -0.00169536 4.46623e-22)
(1.22692 -0.0014061 5.29509e-21)
(1.22748 -0.0010993 3.62851e-21)
(1.2279 -0.000774478 -2.61632e-21)
(1.22818 -0.000431175 1.94685e-21)
(1.22832 -6.89678e-05 2.98828e-21)
(1.22832 0.000312546 3.13427e-21)
(1.22818 0.000713732 -9.98835e-22)
(1.22792 0.00113491 -1.17759e-21)
(1.22753 0.00157629 1.69302e-21)
(1.22702 0.00203795 8.19548e-22)
(1.22638 0.00251963 4.24003e-21)
(1.22563 0.00302053 1.93349e-21)
(1.17304 -0.00566462 -1.13611e-23)
(1.17678 -0.00556829 3.55548e-23)
(1.18044 -0.00546986 -3.67683e-23)
(1.18401 -0.00536881 -8.77713e-24)
(1.18748 -0.00526456 -6.04953e-24)
(1.19085 -0.00515646 -6.93053e-23)
(1.19409 -0.00504381 1.41654e-22)
(1.19721 -0.00492584 1.82305e-22)
(1.2002 -0.00480174 -5.20496e-22)
(1.20305 -0.00467063 1.65181e-22)
(1.20576 -0.0045316 1.092e-21)
(1.20832 -0.00438369 -5.37518e-22)
(1.21073 -0.00422597 1.48536e-22)
(1.21299 -0.00405744 1.22299e-22)
(1.21509 -0.00387716 6.165e-22)
(1.21704 -0.00368414 -2.32344e-21)
(1.21883 -0.00347743 -4.07389e-21)
(1.22047 -0.0032561 2.00274e-21)
(1.22195 -0.00301924 2.37815e-21)
(1.22327 -0.002766 -1.91422e-21)
(1.22444 -0.00249559 -1.21992e-21)
(1.22545 -0.00220729 2.03004e-21)
(1.22631 -0.00190042 1.69118e-21)
(1.22703 -0.00157436 -2.89134e-21)
(1.2276 -0.00122854 -3.36414e-21)
(1.22802 -0.00086241 3.78201e-21)
(1.2283 -0.000475469 1.8992e-22)
(1.22845 -6.7232e-05 -9.23391e-22)
(1.22845 0.000362757 1.78554e-21)
(1.22833 0.000814912 2.85154e-21)
(1.22808 0.0012896 1.37143e-21)
(1.22769 0.00178707 -1.79526e-21)
(1.22719 0.00230743 3.9037e-21)
(1.22657 0.0028504 3.8214e-21)
(1.22582 0.00341513 4.97417e-21)
(1.17312 -0.00628861 -1.35712e-23)
(1.17686 -0.00618109 2.61146e-23)
(1.18053 -0.00607128 9.16108e-23)
(1.1841 -0.00595859 4.00126e-25)
(1.18757 -0.00584239 1.35435e-24)
(1.19093 -0.00572194 7.44366e-23)
(1.19418 -0.00559648 -8.95973e-23)
(1.1973 -0.00546514 -4.34737e-22)
(1.20029 -0.005327 -3.68702e-22)
(1.20314 -0.00518109 -2.33423e-22)
(1.20585 -0.0050264 -6.11044e-22)
(1.20841 -0.00486185 4.92722e-22)
(1.21083 -0.00468642 9.6905e-22)
(1.21309 -0.00449898 -1.67855e-21)
(1.21519 -0.0042985 1.28068e-21)
(1.21714 -0.00408384 -7.51123e-23)
(1.21893 -0.00385399 2.29908e-21)
(1.22057 -0.00360788 -2.05777e-21)
(1.22205 -0.00334452 -1.15871e-21)
(1.22338 -0.00306296 5.17269e-24)
(1.22455 -0.00276231 -1.19745e-21)
(1.22556 -0.00244178 -2.03528e-21)
(1.22643 -0.00210062 8.32973e-23)
(1.22715 -0.00173814 1.10893e-22)
(1.22772 -0.00135371 -4.51663e-21)
(1.22815 -0.000946719 2.14129e-21)
(1.22844 -0.000516609 -1.12497e-21)
(1.22859 -6.28444e-05 -7.73491e-22)
(1.22861 0.000415085 -4.48849e-21)
(1.22849 0.000917643 -2.92848e-21)
(1.22824 0.00144525 7.38783e-22)
(1.22787 0.00199819 1.6171e-21)
(1.22738 0.0025766 -4.3388e-21)
(1.22677 0.0031802 -8.09091e-21)
(1.22604 0.00380808 -2.7197e-21)
(1.17321 -0.00690427 4.94223e-23)
(1.17695 -0.00678557 -5.17729e-23)
(1.18062 -0.00666439 -6.33216e-23)
(1.18419 -0.0065401 2.99901e-24)
(1.18766 -0.00641199 6.51938e-25)
(1.19103 -0.00627926 -1.86272e-23)
(1.19428 -0.00614106 5.30919e-23)
(1.1974 -0.00599642 5.22094e-22)
(1.20039 -0.00584435 2.65015e-22)
(1.20324 -0.00568375 4.93402e-22)
(1.20595 -0.00551353 9.0414e-24)
(1.20852 -0.00533249 -1.42627e-22)
(1.21093 -0.0051395 1.97927e-22)
(1.21319 -0.00493332 8.90295e-22)
(1.2153 -0.00471281 2.61146e-22)
(1.21725 -0.00447673 1.51581e-21)
(1.21904 -0.00422396 3.0209e-21)
(1.22068 -0.00395332 -1.47146e-22)
(1.22217 -0.00366371 2.97734e-21)
(1.22349 -0.0033541 1.40135e-21)
(1.22467 -0.00302351 -1.59553e-21)
(1.22569 -0.00267107 2.16244e-22)
(1.22656 -0.00229597 -1.10511e-21)
(1.22728 -0.00189744 7.25328e-23)
(1.22786 -0.00147479 1.5667e-21)
(1.2283 -0.00102737 -2.59903e-21)
(1.22859 -0.000554555 -2.12325e-21)
(1.22875 -5.57534e-05 6.41112e-23)
(1.22877 0.000469594 -4.81838e-22)
(1.22866 0.001022 6.1613e-21)
(1.22843 0.00160193 -7.90114e-21)
(1.22807 0.00220973 6.3182e-21)
(1.22759 0.00284555 -6.20958e-21)
(1.22699 0.00350913 -5.10156e-21)
(1.22627 0.00419952 7.50063e-22)
(1.1733 -0.00751175 -1.20883e-23)
(1.17705 -0.00738186 -6.97604e-23)
(1.18071 -0.00724933 -7.70723e-25)
(1.18429 -0.00711347 -5.9976e-23)
(1.18776 -0.0069735 2.7984e-24)
(1.19113 -0.00682855 -6.3946e-23)
(1.19438 -0.00667767 1.31272e-22)
(1.1975 -0.00651982 -3.07657e-22)
(1.20049 -0.0063539 1.92483e-22)
(1.20335 -0.00617873 2.01727e-23)
(1.20606 -0.00599309 1.05621e-22)
(1.20862 -0.0057957 2.81937e-22)
(1.21104 -0.00558529 -2.80619e-22)
(1.2133 -0.00536054 2.00389e-21)
(1.21541 -0.00512018 -2.02411e-21)
(1.21736 -0.00486288 -2.3187e-21)
(1.21916 -0.00458739 -3.11035e-21)
(1.2208 -0.00429245 -2.03854e-21)
(1.22229 -0.00397685 -3.67604e-21)
(1.22362 -0.00363946 8.28714e-22)
(1.2248 -0.00327922 3.37255e-21)
(1.22582 -0.00289519 5.47564e-21)
(1.2267 -0.00248647 -8.3611e-22)
(1.22743 -0.00205226 -1.76191e-22)
(1.22801 -0.00159179 6.60353e-21)
(1.22845 -0.00110435 1.54336e-21)
(1.22876 -0.000589275 -5.69989e-21)
(1.22892 -4.59152e-05 -4.39716e-21)
(1.22895 0.000526339 1.47269e-21)
(1.22885 0.00112805 -6.56738e-21)
(1.22863 0.00175974 4.79445e-22)
(1.22828 0.00242178 -6.37756e-21)
(1.22781 0.00311439 7.77771e-21)
(1.22722 0.00383732 8.42676e-21)
(1.22652 0.00458956 2.2716e-22)
(1.1734 -0.0081112 8.02818e-24)
(1.17715 -0.00797012 9.72721e-23)
(1.18082 -0.00782625 2.46886e-23)
(1.18439 -0.00767885 3.98902e-23)
(1.18787 -0.00752705 2.49629e-24)
(1.19124 -0.00736991 1.22001e-22)
(1.19449 -0.00720642 -2.74669e-22)
(1.19761 -0.00703543 2.70107e-22)
(1.20061 -0.00685577 2.56636e-22)
(1.20346 -0.00666612 3.20222e-22)
(1.20617 -0.00646518 -3.9398e-22)
(1.20874 -0.00625156 -2.02471e-21)
(1.21116 -0.00602389 -1.79349e-21)
(1.21342 -0.00578072 -3.02026e-21)
(1.21553 -0.0055207 -3.29894e-22)
(1.21749 -0.00524236 1.73704e-21)
(1.21929 -0.00494437 -1.76722e-21)
(1.22093 -0.00462535 2.36973e-21)
(1.22242 -0.004284 3.36768e-21)
(1.22376 -0.00391908 -2.05444e-22)
(1.22494 -0.00352947 -9.51516e-22)
(1.22597 -0.00311415 -1.43518e-21)
(1.22685 -0.00267215 -3.52944e-21)
(1.22758 -0.0022026 -1.37233e-21)
(1.22817 -0.00170469 -4.42715e-21)
(1.22862 -0.00117765 3.80647e-21)
(1.22893 -0.000620743 2.899e-21)
(1.22911 -3.32923e-05 -4.80015e-22)
(1.22915 0.000585371 -5.27465e-21)
(1.22906 0.00123586 -5.25865e-21)
(1.22884 0.00191874 1.2171e-21)
(1.22851 0.00263445 -1.63084e-21)
(1.22805 0.00338324 3.81471e-21)
(1.22748 0.00416488 -3.53444e-21)
(1.22679 0.00497836 -4.32927e-21)
(1.1735 -0.00870276 -2.96917e-23)
(1.17725 -0.00855049 -1.20537e-23)
(1.18092 -0.00839529 -9.83382e-24)
(1.1845 -0.00823635 2.83929e-23)
(1.18798 -0.00807276 -4.63335e-24)
(1.19135 -0.00790349 -1.92911e-22)
(1.1946 -0.00772744 1.55415e-22)
(1.19773 -0.0075434 -3.92083e-22)
(1.20072 -0.00735006 -6.276e-22)
(1.20358 -0.00714603 -7.94269e-22)
(1.2063 -0.00692992 1.76424e-21)
(1.20886 -0.00670019 1.66134e-21)
(1.21128 -0.0064554 2.09446e-21)
(1.21355 -0.00619396 3.32547e-21)
(1.21566 -0.00591444 1.19634e-21)
(1.21762 -0.00561525 2.6107e-21)
(1.21942 -0.00529496 3.65543e-21)
(1.22107 -0.00495208 -2.39626e-21)
(1.22256 -0.00458521 -5.95542e-21)
(1.2239 -0.00419302 7.94534e-22)
(1.22509 -0.00377432 -3.17225e-22)
(1.22612 -0.003328 -4.78798e-22)
(1.22701 -0.00285303 2.78669e-21)
(1.22775 -0.0023485 5.38268e-21)
(1.22835 -0.00181351 -1.23916e-21)
(1.2288 -0.00124725 -7.28788e-21)
(1.22912 -0.000648943 9.58971e-21)
(1.2293 -1.78542e-05 5.78648e-21)
(1.22935 0.000646734 9.77712e-21)
(1.22928 0.00134548 4.07693e-22)
(1.22907 0.00207902 6.43097e-21)
(1.22875 0.00284782 5.402e-22)
(1.2283 0.00365219 2.02327e-21)
(1.22774 0.00449193 -1.4927e-22)
(1.22707 0.00536604 -3.02337e-21)
(1.17361 -0.00928657 2.02188e-23)
(1.17736 -0.00912309 -2.51597e-23)
(1.18104 -0.00895656 3.45104e-23)
(1.18462 -0.00878611 -3.21717e-23)
(1.1881 -0.00861075 -6.79977e-24)
(1.19147 -0.0084294 1.38966e-22)
(1.19473 -0.00824086 -4.72365e-24)
(1.19785 -0.00804381 4.71642e-22)
(1.20085 -0.00783689 -1.6143e-22)
(1.20371 -0.00761859 -1.85979e-22)
(1.20642 -0.0073874 -8.79037e-22)
(1.20899 -0.00714169 1.03314e-22)
(1.21141 -0.00687991 1.61755e-21)
(1.21368 -0.00660036 -1.54637e-21)
(1.2158 -0.0063015 -1.22265e-21)
(1.21776 -0.00598164 -2.24423e-22)
(1.21956 -0.00563925 -1.68071e-21)
(1.22121 -0.00527272 2.63271e-21)
(1.22271 -0.00488056 3.32876e-21)
(1.22405 -0.00446135 -2.21139e-21)
(1.22525 -0.00401382 -5.25115e-21)
(1.22629 -0.00353678 -3.40878e-21)
(1.22718 -0.00302916 -4.40716e-21)
(1.22793 -0.00248996 -3.016e-21)
(1.22853 -0.00191825 2.35476e-21)
(1.22899 -0.00131316 3.73718e-21)
(1.22932 -0.000673863 -6.66706e-21)
(1.22951 4.23326e-07 -4.48049e-21)
(1.22957 0.000710467 2.86034e-22)
(1.2295 0.00145697 9.35144e-22)
(1.22931 0.00224063 -2.88773e-23)
(1.229 0.00306196 6.36088e-21)
(1.22857 0.00392134 -5.41902e-22)
(1.22803 0.00481859 5.36562e-21)
(1.22737 0.00575274 2.67138e-21)
(1.17372 -0.00986275 -2.32777e-24)
(1.17748 -0.00968806 2.52068e-23)
(1.18116 -0.00951021 -2.28717e-23)
(1.18474 -0.00932826 2.26537e-23)
(1.18822 -0.00914116 1.66282e-23)
(1.1916 -0.00894776 -2.52767e-23)
(1.19485 -0.00874678 2.81156e-22)
(1.19798 -0.00853681 -6.94243e-22)
(1.20098 -0.00831638 -2.65692e-22)
(1.20384 -0.00808389 1.0257e-22)
(1.20656 -0.00783773 6.66934e-23)
(1.20913 -0.00757616 5.32125e-22)
(1.21155 -0.00729752 -3.74692e-21)
(1.21382 -0.00700001 1.3545e-21)
(1.21594 -0.00668198 -1.20228e-22)
(1.2179 -0.00634162 -3.29087e-21)
(1.21971 -0.00597732 1.8884e-21)
(1.22137 -0.00558735 -1.12741e-21)
(1.22287 -0.00517012 -3.47477e-21)
(1.22422 -0.00472414 1.75443e-21)
(1.22541 -0.00424802 1.07112e-20)
(1.22646 -0.00374055 4.4853e-21)
(1.22736 -0.00320057 5.64842e-21)
(1.22811 -0.00262702 3.36712e-21)
(1.22872 -0.00201894 3.01624e-21)
(1.22919 -0.00137539 1.22099e-21)
(1.22953 -0.0006955 -1.54126e-21)
(1.22973 2.15584e-05 1.28621e-20)
(1.2298 0.000776602 -5.36064e-21)
(1.22975 0.00157039 1.16462e-21)
(1.22957 0.00240365 8.80924e-21)
(1.22927 0.00327697 1.32898e-22)
(1.22885 0.00419079 -5.74717e-21)
(1.22832 0.00514497 -6.1813e-21)
(1.22768 0.00613857 6.15715e-21)
(1.17384 -0.0104314 4.4202e-23)
(1.1776 -0.0102455 -8.58831e-23)
(1.18128 -0.0100563 -1.90497e-23)
(1.18487 -0.00986291 -1.40089e-23)
(1.18835 -0.00966411 -3.42097e-23)
(1.19173 -0.0094587 1.34544e-22)
(1.19498 -0.00924533 -3.54808e-22)
(1.19811 -0.0090225 9.60845e-23)
(1.20111 -0.00878864 6.11416e-22)
(1.20397 -0.00854206 1.13088e-21)
(1.20669 -0.00828104 -1.74794e-21)
(1.20927 -0.00800372 -2.21129e-22)
(1.21169 -0.00770836 2.07136e-21)
(1.21397 -0.00739302 -2.06e-21)
(1.21609 -0.00705598 -3.25711e-22)
(1.21805 -0.0066953 -4.15818e-22)
(1.21987 -0.00630927 -4.04856e-21)
(1.22153 -0.00589606 3.05042e-21)
(1.22303 -0.00545399 -2.57113e-21)
(1.22438 -0.00498145 -3.74369e-21)
(1.22559 -0.00447701 -1.01869e-21)
(1.22664 -0.00393936 -4.1697e-21)
(1.22754 -0.00336731 3.94359e-21)
(1.2283 -0.00275973 3.12752e-22)
(1.22892 -0.0021156 1.861e-21)
(1.2294 -0.00143395 1.0893e-21)
(1.22975 -0.000713856 2.29067e-21)
(1.22996 4.55635e-05 -8.02809e-21)
(1.23004 0.000845168 5.54872e-21)
(1.23 0.00168576 3.8324e-21)
(1.22983 0.00256813 -2.57853e-21)
(1.22955 0.00349292 -3.68211e-21)
(1.22915 0.00446063 3.71573e-21)
(1.22863 0.00547117 -7.90537e-22)
(1.22801 0.00652367 -6.10759e-21)
(1.17396 -0.0109928 -2.17079e-23)
(1.17773 -0.0107956 1.73159e-22)
(1.18141 -0.0105951 6.59702e-24)
(1.185 -0.0103902 2.19707e-23)
(1.18848 -0.0101797 2.893e-23)
(1.19186 -0.00996233 -4.74533e-23)
(1.19512 -0.00973662 -4.97292e-24)
(1.19825 -0.009501 5.20352e-22)
(1.20125 -0.0092538 3.05222e-22)
(1.20411 -0.00899321 -6.80384e-22)
(1.20684 -0.00871742 9.86319e-22)
(1.20941 -0.00842448 -1.51408e-21)
(1.21184 -0.00811252 -1.57821e-21)
(1.21412 -0.0077795 7.38382e-22)
(1.21624 -0.0074236 9.6226e-22)
(1.21821 -0.00704277 2.69154e-21)
(1.22003 -0.0066352 1.62504e-21)
(1.22169 -0.00619895 -3.96995e-21)
(1.2232 -0.00573223 3.8508e-21)
(1.22456 -0.00523336 4.31776e-21)
(1.22577 -0.00470083 -2.06051e-22)
(1.22683 -0.00413328 5.94824e-21)
(1.22774 -0.00352943 -1.6172e-21)
(1.22851 -0.00288813 -3.84938e-21)
(1.22913 -0.00220828 -7.55965e-21)
(1.22962 -0.00148887 -3.64341e-21)
(1.22998 -0.000728937 -1.32179e-21)
(1.2302 7.24459e-05 2.34072e-21)
(1.23029 0.000916187 -3.45485e-21)
(1.23026 0.00180313 -1.11882e-21)
(1.23011 0.00273413 -1.39492e-20)
(1.22984 0.00370988 -2.43078e-21)
(1.22945 0.00473095 -6.32688e-21)
(1.22895 0.00579731 5.53622e-22)
(1.22834 0.00690815 8.33207e-21)
(1.17409 -0.0115468 -7.56471e-24)
(1.17785 -0.0113384 -5.29564e-23)
(1.18154 -0.0111266 -2.83808e-23)
(1.18513 -0.0109102 9.58091e-24)
(1.18862 -0.0106881 -3.02601e-23)
(1.192 -0.0104588 7.13149e-23)
(1.19526 -0.0102208 -2.92821e-23)
(1.19839 -0.00997242 -1.44144e-22)
(1.20139 -0.00971195 -7.33474e-22)
(1.20426 -0.00943745 -8.30882e-22)
(1.20698 -0.00914701 8.13994e-22)
(1.20956 -0.00883855 4.40491e-22)
(1.21199 -0.00851012 -9.91731e-22)
(1.21427 -0.00815956 -1.29565e-22)
(1.2164 -0.00778495 7.75486e-22)
(1.21837 -0.00738413 -1.22283e-21)
(1.2202 -0.0069552 4.10289e-21)
(1.22186 -0.0064961 -2.35826e-21)
(1.22338 -0.00600494 3.0936e-21)
(1.22474 -0.00547996 8.37812e-22)
(1.22596 -0.00491959 -4.5773e-21)
(1.22702 -0.00432237 -4.74131e-21)
(1.22794 -0.003687 -3.23966e-22)
(1.22872 -0.00301226 3.92384e-21)
(1.22935 -0.002297 8.20492e-21)
(1.22985 -0.00154017 4.81913e-22)
(1.23022 -0.000740756 -2.27858e-23)
(1.23045 0.000102208 -5.61824e-21)
(1.23055 0.000989677 7.74448e-21)
(1.23053 0.00192254 5.24171e-21)
(1.2304 0.00290171 1.39329e-20)
(1.23014 0.00392791 1.84336e-21)
(1.22977 0.00500183 4.07966e-21)
(1.22928 0.00612347 -3.5738e-21)
(1.22869 0.00729212 6.85466e-21)
(1.17422 -0.0120938 -9.54891e-23)
(1.17799 -0.0118741 -5.66238e-23)
(1.18167 -0.0116509 1.13198e-23)
(1.18527 -0.0114231 -3.2539e-23)
(1.18876 -0.0111893 5.86305e-24)
(1.19214 -0.0109481 -1.11737e-22)
(1.1954 -0.0106979 3.32184e-22)
(1.19854 -0.0104369 2.06817e-22)
(1.20154 -0.0101632 -2.66048e-22)
(1.20441 -0.00987491 2.08776e-21)
(1.20714 -0.0095699 -3.49716e-23)
(1.20972 -0.00924605 -4.626e-22)
(1.21215 -0.00890127 3.50433e-21)
(1.21443 -0.00853331 1.22528e-21)
(1.21656 -0.00814014 1.2153e-21)
(1.21854 -0.00771949 2.63561e-21)
(1.22037 -0.00726938 -1.94957e-21)
(1.22204 -0.00678761 -2.22832e-21)
(1.22356 -0.00627222 -5.35529e-21)
(1.22493 -0.00572134 -1.90931e-21)
(1.22615 -0.00513334 -2.88505e-21)
(1.22722 -0.00450671 -5.76129e-21)
(1.22815 -0.00384008 2.58746e-21)
(1.22894 -0.00313218 -1.08172e-21)
(1.22958 -0.00238181 -1.33589e-20)
(1.23009 -0.00158788 -8.36917e-21)
(1.23046 -0.000749329 9.34908e-21)
(1.23071 0.000134849 7.44453e-21)
(1.23082 0.00106565 -7.98653e-21)
(1.23082 0.00204401 -4.97685e-21)
(1.23069 0.0030709 -2.84992e-21)
(1.23045 0.00414709 -1.37495e-20)
(1.23009 0.00527336 -9.68411e-22)
(1.22962 0.00644975 1.2558e-20)
(1.22905 0.00767568 -1.52323e-20)
(1.17435 -0.0126337 1.92118e-23)
(1.17812 -0.0124027 6.611e-23)
(1.18181 -0.0121682 9.91272e-23)
(1.18541 -0.0119289 -8.23844e-24)
(1.1889 -0.0116836 4.1688e-23)
(1.19228 -0.0114305 -2.48261e-23)
(1.19555 -0.0111681 -5.67059e-22)
(1.19868 -0.0108945 -4.25091e-22)
(1.20169 -0.0106077 -7.12812e-23)
(1.20456 -0.0103057 -3.67092e-22)
(1.20729 -0.00998622 5.22587e-22)
(1.20988 -0.00964708 7.18037e-22)
(1.21231 -0.00928608 -1.27811e-21)
(1.2146 -0.00890085 2.67858e-21)
(1.21673 -0.00848928 -6.54361e-22)
(1.21872 -0.00804896 -2.03726e-21)
(1.22055 -0.00757784 -3.85099e-21)
(1.22222 -0.00707359 1.8296e-22)
(1.22375 -0.00653415 3.261e-21)
(1.22513 -0.00595759 3.72049e-21)
(1.22635 -0.00534218 5.29301e-21)
(1.22743 -0.00468637 2.75277e-21)
(1.22837 -0.00398873 -4.11394e-22)
(1.22916 -0.00324794 -9.81493e-22)
(1.22981 -0.00246276 8.77499e-21)
(1.23033 -0.00163203 6.47275e-21)
(1.23072 -0.000754675 -2.51018e-21)
(1.23097 0.000170364 -8.98213e-21)
(1.2311 0.00114413 2.98866e-21)
(1.23111 0.00216758 -1.43059e-21)
(1.231 0.00324175 1.31373e-21)
(1.23077 0.00436748 8.61283e-21)
(1.23043 0.0055456 -2.88397e-21)
(1.22997 0.00677624 3.8696e-21)
(1.22942 0.00805895 -6.68466e-21)
(1.17448 -0.0131666 3.85743e-23)
(1.17826 -0.0129243 -7.59334e-23)
(1.18195 -0.0126785 -2.15447e-22)
(1.18555 -0.0124279 -1.03989e-23)
(1.18904 -0.0121709 -2.90531e-23)
(1.19243 -0.0119061 5.00146e-23)
(1.1957 -0.0116316 2.97249e-22)
(1.19884 -0.0113454 6.68301e-22)
(1.20185 -0.0110456 6.43057e-22)
(1.20472 -0.0107299 -4.84467e-22)
(1.20745 -0.0103961 -2.70447e-21)
(1.21004 -0.0100418 6.51711e-22)
(1.21248 -0.00966467 -1.50261e-21)
(1.21477 -0.00926231 -4.19064e-21)
(1.21691 -0.00883248 -1.60269e-21)
(1.21889 -0.00837265 2.73191e-21)
(1.22073 -0.00788068 5.44647e-21)
(1.22241 -0.00735414 9.71345e-21)
(1.22394 -0.00679085 -5.66767e-22)
(1.22533 -0.00618879 -2.73529e-21)
(1.22656 -0.00554619 2.65087e-21)
(1.22765 -0.00486143 7.2414e-21)
(1.22859 -0.00413303 -1.22491e-21)
(1.22939 -0.0033596 1.03178e-21)
(1.23006 -0.00253988 2.03199e-21)
(1.23058 -0.00167266 4.56233e-21)
(1.23098 -0.000756817 1.20562e-21)
(1.23125 0.000208745 -2.74562e-21)
(1.23139 0.0012251 3.03755e-21)
(1.23141 0.00229327 1.2428e-20)
(1.23131 0.00341432 -1.44591e-20)
(1.2311 0.00458912 -3.26138e-21)
(1.23077 0.00581864 6.43394e-21)
(1.23033 0.00710303 -1.22163e-20)
(1.22979 0.00844201 1.22896e-21)
(1.17462 -0.0136928 -3.74862e-23)
(1.1784 -0.0134392 1.40885e-22)
(1.18209 -0.013182 1.36703e-22)
(1.18569 -0.01292 2.82267e-23)
(1.18919 -0.0126515 2.57511e-23)
(1.19258 -0.0123749 3.04817e-23)
(1.19585 -0.0120883 4.16258e-22)
(1.19899 -0.0117897 -1.03137e-21)
(1.202 -0.0114769 8.10698e-22)
(1.20488 -0.0111477 -9.24684e-22)
(1.20761 -0.0107996 2.46133e-21)
(1.2102 -0.0104302 -1.00987e-21)
(1.21265 -0.0100372 1.11882e-21)
(1.21494 -0.0096178 -2.48393e-21)
(1.21708 -0.00916985 1.92888e-21)
(1.21907 -0.00869067 -3.01005e-21)
(1.22091 -0.00817802 1.42346e-21)
(1.2226 -0.00762935 -1.72104e-21)
(1.22414 -0.00704239 -3.05713e-21)
(1.22553 -0.00641504 1.8819e-21)
(1.22677 -0.00574545 -2.54751e-21)
(1.22787 -0.00503197 -3.17007e-21)
(1.22882 -0.00427304 -6.75523e-21)
(1.22963 -0.00346724 -3.00418e-21)
(1.2303 -0.00261324 -8.13323e-21)
(1.23084 -0.00170981 -4.9512e-21)
(1.23125 -0.00075578 -1.23878e-20)
(1.23153 0.000249981 2.14489e-21)
(1.23168 0.00130859 -1.54626e-20)
(1.23172 0.0024211 -4.43109e-21)
(1.23163 0.00358862 1.7171e-20)
(1.23143 0.00481209 2.11815e-20)
(1.23112 0.00609254 2.25385e-21)
(1.2307 0.0074302 -3.13534e-22)
(1.23017 0.00882495 3.54868e-21)
(1.17476 -0.0142122 7.14697e-23)
(1.17854 -0.0139473 -1.65391e-22)
(1.18224 -0.0136788 -7.30454e-23)
(1.18584 -0.0134054 -4.32272e-23)
(1.18934 -0.0131254 -3.47896e-23)
(1.19273 -0.0128371 -1.80848e-22)
(1.196 -0.0125385 -3.72182e-22)
(1.19915 -0.0122275 1.10255e-21)
(1.20216 -0.0119018 -8.41169e-22)
(1.20504 -0.0115591 1.5697e-22)
(1.20778 -0.0111969 -1.49278e-21)
(1.21037 -0.0108126 9.04331e-22)
(1.21282 -0.0104036 1.97479e-21)
(1.21512 -0.00996742 -1.29663e-21)
(1.21726 -0.0095015 -2.37952e-21)
(1.21926 -0.00900312 2.2434e-21)
(1.22111 -0.00846996 -8.65522e-21)
(1.2228 -0.00789934 4.49782e-22)
(1.22435 -0.00728889 8.30149e-21)
(1.22574 -0.00663643 -4.81805e-21)
(1.22699 -0.00594006 -3.05235e-21)
(1.22809 -0.00519806 2.4864e-21)
(1.22906 -0.00440883 1.7342e-22)
(1.22988 -0.0035709 -1.00024e-21)
(1.23056 -0.00268289 9.18439e-21)
(1.23111 -0.00174352 1.61337e-20)
(1.23153 -0.000751592 2.26325e-20)
(1.23182 0.000294061 2.17044e-20)
(1.23198 0.0013946 9.53004e-21)
(1.23203 0.00255109 -3.18769e-21)
(1.23196 0.00376471 -1.13613e-20)
(1.23177 0.00503643 -1.91086e-20)
(1.23148 0.00636737 -1.00013e-21)
(1.23107 0.00775783 -1.90859e-21)
(1.23056 0.00920787 2.09254e-21)
(1.1749 -0.0147249 2.00189e-23)
(1.17869 -0.0144487 2.22792e-22)
(1.18239 -0.014169 8.70668e-23)
(1.18599 -0.0138842 8.12385e-23)
(1.1895 -0.0135927 2.16935e-23)
(1.19289 -0.0132927 1.09728e-22)
(1.19616 -0.0129822 -2.71e-22)
(1.19931 -0.0126589 -3.12056e-22)
(1.20233 -0.0123204 7.12999e-22)
(1.20521 -0.0119644 -7.0646e-22)
(1.20795 -0.0115881 -6.34347e-22)
(1.21054 -0.0111889 2.42808e-22)
(1.21299 -0.0107643 -5.02354e-21)
(1.2153 -0.0103113 3.07237e-21)
(1.21745 -0.00982755 8.11291e-22)
(1.21945 -0.00931012 -7.19823e-22)
(1.2213 -0.00875661 9.72306e-21)
(1.223 -0.00816421 -5.61719e-22)
(1.22455 -0.00753044 -4.41722e-21)
(1.22596 -0.00685305 -5.80091e-21)
(1.22721 -0.0061301 2.72e-22)
(1.22833 -0.00535979 -1.29897e-21)
(1.2293 -0.00454048 1.40388e-21)
(1.23013 -0.00367065 -7.33476e-21)
(1.23082 -0.00274887 -9.10702e-21)
(1.23138 -0.00177383 -1.00139e-20)
(1.23181 -0.000744281 -1.22306e-20)
(1.23211 0.00034097 -1.37685e-20)
(1.23229 0.00148312 2.11549e-21)
(1.23235 0.00268326 -5.27218e-21)
(1.23229 0.00394262 2.64609e-22)
(1.23212 0.00526219 1.88321e-20)
(1.23184 0.00664321 2.60388e-22)
(1.23145 0.008086 5.02575e-21)
(1.23095 0.00959085 -2.70613e-21)
(1.17505 -0.0152312 -5.32798e-23)
(1.17883 -0.0149436 -1.36332e-22)
(1.18254 -0.0146526 -4.1505e-23)
(1.18615 -0.0143565 -1.01635e-22)
(1.18965 -0.0140536 -3.10161e-23)
(1.19304 -0.013742 -9.34472e-23)
(1.19632 -0.0134195 -1.47579e-22)
(1.19947 -0.013084 -3.20457e-22)
(1.20249 -0.0127328 -1.26633e-22)
(1.20537 -0.0123635 1.92088e-21)
(1.20812 -0.0119733 2.10363e-21)
(1.21072 -0.0115594 2.92463e-21)
(1.21317 -0.0111191 -7.52018e-23)
(1.21548 -0.0106495 2.92534e-22)
(1.21763 -0.0101481 2.85162e-22)
(1.21964 -0.00961177 3.43472e-21)
(1.2215 -0.00903808 -2.41456e-21)
(1.22321 -0.00842406 -2.58692e-21)
(1.22476 -0.00776714 -2.70411e-21)
(1.22618 -0.00706501 8.71202e-21)
(1.22744 -0.00631566 5.63639e-21)
(1.22856 -0.00551725 -1.00287e-20)
(1.22954 -0.00466807 6.64853e-21)
(1.23038 -0.00376656 2.5836e-21)
(1.23109 -0.00281125 1.3764e-20)
(1.23166 -0.00180078 -1.24113e-20)
(1.2321 -0.000733876 2.81165e-21)
(1.23241 0.000390695 -3.82315e-21)
(1.23261 0.00157415 1.0495e-20)
(1.23268 0.00281763 1.40799e-20)
(1.23263 0.00412239 2.14301e-20)
(1.23248 0.00548943 -8.71235e-22)
(1.23221 0.00692011 -6.68592e-21)
(1.23183 0.00841479 4.77932e-22)
(1.23135 0.00997397 1.67059e-21)
(1.17519 -0.0157309 2.794e-23)
(1.17898 -0.0154321 -5.68128e-23)
(1.18269 -0.0151298 -5.35359e-23)
(1.1863 -0.0148224 2.93881e-23)
(1.18981 -0.0145081 7.61974e-23)
(1.1932 -0.0141849 3.10266e-22)
(1.19648 -0.0138507 1.84635e-22)
(1.19963 -0.0135029 -7.76879e-22)
(1.20266 -0.0131391 -4.62192e-22)
(1.20554 -0.0127566 -5.58198e-22)
(1.20829 -0.0123525 -6.07846e-22)
(1.21089 -0.011924 -3.22955e-21)
(1.21335 -0.0114683 2.31545e-21)
(1.21566 -0.0109823 -3.7821e-21)
(1.21782 -0.0104633 1.26486e-21)
(1.21984 -0.0099082 -5.36034e-21)
(1.2217 -0.00931447 3.88785e-22)
(1.22341 -0.00867899 -4.01148e-21)
(1.22498 -0.0079991 -6.01871e-22)
(1.2264 -0.0072724 -5.1515e-21)
(1.22767 -0.00649683 -2.61003e-21)
(1.2288 -0.00567051 1.20128e-20)
(1.22979 -0.00479167 -9.47641e-21)
(1.23064 -0.0038587 3.83271e-21)
(1.23136 -0.00287008 -1.1946e-20)
(1.23194 -0.00182442 8.90597e-22)
(1.23239 -0.000720409 -8.66381e-21)
(1.23272 0.000443218 -1.45678e-20)
(1.23293 0.00166771 -6.75243e-21)
(1.23301 0.00295422 -1.62609e-20)
(1.23298 0.00430404 -2.15914e-20)
(1.23284 0.00571819 -2.91269e-20)
(1.23258 0.00719814 1.3008e-20)
(1.23222 0.00874427 1.81179e-20)
(1.23176 0.0103573 3.45622e-21)
(1.17534 -0.0162244 9.25536e-25)
(1.17913 -0.0159142 1.1578e-22)
(1.18284 -0.0156006 -2.93405e-23)
(1.18646 -0.0152819 3.11597e-23)
(1.18997 -0.0149563 -7.44109e-23)
(1.19336 -0.0146216 -3.68585e-22)
(1.19664 -0.0142756 2.80205e-22)
(1.1998 -0.0139158 5.97017e-23)
(1.20282 -0.0135395 9.40733e-22)
(1.20571 -0.0131439 5.60904e-22)
(1.20846 -0.0127261 2.64579e-21)
(1.21107 -0.0122831 -1.38484e-21)
(1.21353 -0.011812 2.08075e-21)
(1.21585 -0.0113096 4.95482e-21)
(1.21802 -0.0107732 6.648e-22)
(1.22004 -0.0101995 -1.85376e-21)
(1.2219 -0.00958589 -3.60235e-21)
(1.22363 -0.00892912 5.52424e-21)
(1.2252 -0.00822641 4.2332e-21)
(1.22663 -0.0074753 -3.66862e-21)
(1.22791 -0.0066737 5.57719e-21)
(1.22905 -0.00581966 1.38782e-21)
(1.23005 -0.00491135 -2.74081e-21)
(1.23091 -0.00394712 -6.33908e-21)
(1.23163 -0.00292541 3.25053e-21)
(1.23223 -0.00184479 9.9889e-22)
(1.23269 -0.000703909 -9.92601e-21)
(1.23303 0.000498525 2.31653e-20)
(1.23325 0.00176379 -1.17681e-21)
(1.23335 0.00309304 8.19864e-21)
(1.23333 0.00448762 1.15885e-20)
(1.2332 0.00594855 2.09515e-20)
(1.23296 0.00747737 -1.32526e-20)
(1.23261 0.00907454 -1.25332e-20)
(1.17549 -0.0167115 3.26514e-23)
(1.17929 -0.01639 -1.26907e-22)
(1.183 -0.0160652 1.97859e-22)
(1.18661 -0.0157353 5.74736e-25)
(1.19012 -0.0153983 2.34416e-23)
(1.19353 -0.0150522 3.23258e-22)
(1.19681 -0.0146945 -3.36363e-22)
(1.19997 -0.0143227 1.36462e-21)
(1.20299 -0.0139339 -5.3546e-22)
(1.20589 -0.0135253 -6.18744e-22)
(1.20864 -0.0130939 -5.87915e-21)
(1.21125 -0.0126365 5.17217e-21)
(1.21372 -0.0121502 8.82495e-22)
(1.21604 -0.0116316 -3.28586e-21)
(1.21821 -0.0110779 -4.87209e-21)
(1.22024 -0.0104858 2.31308e-21)
(1.22211 -0.00985245 4.08761e-21)
(1.22384 -0.00917454 8.6253e-22)
(1.22542 -0.00844916 -2.83552e-21)
(1.22686 -0.00767382 9.61318e-21)
(1.22815 -0.00684635 -8.75315e-21)
(1.2293 -0.00596477 -2.02189e-20)
(1.23031 -0.00502719 9.24826e-21)
(1.23118 -0.0040319 1.03397e-20)
(1.23191 -0.00297731 4.7921e-21)
(1.23252 -0.00186194 6.17769e-22)
(1.233 -0.000684407 2.17757e-20)
(1.23335 0.000556599 2.2398e-21)
(1.23358 0.00186239 -1.26122e-20)
(1.23369 0.00323411 -1.84383e-20)
(1.23369 0.00467316 -1.95332e-20)
(1.23357 0.00618052 -5.997e-21)
(1.23334 0.00775788 -6.25943e-21)
(1.17564 -0.0171924 -8.50764e-23)
(1.17944 -0.0168597 -1.84729e-23)
(1.18315 -0.0165236 2.76793e-23)
(1.18677 -0.0161825 3.81728e-23)
(1.19029 -0.0158343 -1.84791e-23)
(1.19369 -0.0154768 -3.65374e-22)
(1.19697 -0.0151075 2.42333e-22)
(1.20013 -0.0147237 -8.36438e-22)
(1.20317 -0.0143226 -1.24689e-21)
(1.20606 -0.0139011 -4.68355e-22)
(1.20882 -0.0134562 4.9181e-21)
(1.21143 -0.0129846 -2.49908e-21)
(1.21391 -0.0124831 1.82821e-21)
(1.21623 -0.0119484 4.05928e-21)
(1.21841 -0.0113776 3.61622e-21)
(1.22044 -0.0107672 4.5069e-21)
(1.22232 -0.0101143 -5.26579e-21)
(1.22406 -0.00941535 -3.97845e-21)
(1.22565 -0.00866747 6.17413e-21)
(1.22709 -0.00786805 -3.18837e-21)
(1.22839 -0.00701488 -1.00827e-20)
(1.22955 -0.00610594 9.45313e-21)
(1.23057 -0.00513926 -4.77223e-21)
(1.23145 -0.00411311 -1.85716e-21)
(1.2322 -0.00302582 6.88833e-22)
(1.23282 -0.0018759 2.1076e-21)
(1.23331 -0.000661935 -5.57387e-21)
(1.23367 0.000617425 -1.4461e-20)
(1.23391 0.0019635 8.12662e-21)
(1.23404 0.00337744 1.18917e-20)
(1.23404 0.00486069 4.85297e-21)
(1.23394 0.00641419 -9.40366e-21)
(1.17579 -0.0176672 1.53335e-23)
(1.17959 -0.0173232 -5.99229e-24)
(1.18331 -0.016976 -2.2545e-22)
(1.18693 -0.0166237 1.88792e-23)
(1.19045 -0.0162643 -1.56927e-23)
(1.19385 -0.0158955 3.88693e-22)
(1.19714 -0.0155147 -1.56083e-22)
(1.2003 -0.015119 6.85914e-22)
(1.20334 -0.0147057 8.36396e-22)
(1.20624 -0.0142714 -2.28e-21)
(1.209 -0.013813 1.34334e-21)
(1.21162 -0.0133273 -7.1618e-23)
(1.21409 -0.0128108 -3.71507e-21)
(1.21642 -0.0122602 -6.92875e-22)
(1.21861 -0.0116724 -4.42681e-22)
(1.22064 -0.0110437 -3.42107e-21)
(1.22253 -0.0103714 3.87506e-21)
(1.22428 -0.00965165 5.85662e-21)
(1.22588 -0.00888142 -1.50919e-21)
(1.22733 -0.00805807 -2.31611e-21)
(1.22864 -0.00717937 2.05468e-20)
(1.22981 -0.00624323 4.61455e-21)
(1.23083 -0.00524764 1.22416e-20)
(1.23173 -0.00419079 1.24277e-20)
(1.23249 -0.00307101 -7.37509e-21)
(1.23312 -0.00188673 7.96055e-21)
(1.23362 -0.000636521 7.502e-21)
(1.234 0.000680987 -6.22527e-21)
(1.23425 0.00206714 9.40143e-21)
(1.23439 0.00352308 5.32436e-21)
(1.23441 0.00505023 6.87305e-21)
(1.17594 -0.018136 -3.63596e-23)
(1.17975 -0.0177807 2.57552e-23)
(1.18347 -0.0174224 1.59872e-22)
(1.18709 -0.017059 -6.77438e-23)
(1.19061 -0.0166885 2.33376e-23)
(1.19402 -0.0163084 1.79104e-22)
(1.19731 -0.0159161 1.72717e-22)
(1.20047 -0.0155087 -2.63532e-22)
(1.20351 -0.0150832 1.13404e-21)
(1.20641 -0.0146362 2.56141e-22)
(1.20918 -0.0141646 -1.56495e-21)
(1.2118 -0.0136647 -1.76476e-21)
(1.21428 -0.0131334 -3.63017e-21)
(1.21662 -0.012567 -8.60361e-23)
(1.21881 -0.0119623 -4.08244e-21)
(1.22085 -0.0113156 -4.40273e-21)
(1.22275 -0.010624 1.12487e-21)
(1.2245 -0.00988355 -1.56207e-21)
(1.22611 -0.0090911 4.40831e-21)
(1.22757 -0.00824398 -4.44544e-21)
(1.22889 -0.00733991 -7.35913e-21)
(1.23006 -0.00637674 1.2108e-20)
(1.2311 -0.00535239 -1.67565e-20)
(1.23201 -0.00426503 -1.55062e-20)
(1.23278 -0.00311291 1.91683e-21)
(1.23342 -0.00189446 2.73616e-22)
(1.23393 -0.000608196 -1.15923e-20)
(1.23432 0.000747269 1.68131e-20)
(1.23459 0.00217329 -6.0897e-21)
(1.23474 0.00367099 -2.02802e-20)
(1.23477 0.00524184 1.63101e-20)
(1.1761 -0.0185988 2.96107e-23)
(1.1799 -0.0182323 6.24721e-23)
(1.18363 -0.0178628 -1.54348e-22)
(1.18725 -0.0174884 3.04795e-23)
(1.19077 -0.0171068 9.34831e-23)
(1.19418 -0.0167155 -6.88273e-22)
(1.19748 -0.0163119 2.84618e-22)
(1.20064 -0.0158928 -5.0926e-22)
(1.20368 -0.0154552 -5.91503e-22)
(1.20659 -0.0149957 9.93841e-22)
(1.20936 -0.0145108 1.18989e-21)
(1.21199 -0.0139971 2.85665e-21)
(1.21447 -0.013451 5.38248e-22)
(1.21682 -0.0128689 1.62946e-21)
(1.21901 -0.0122475 1.26217e-22)
(1.22106 -0.0115829 3.05124e-21)
(1.22297 -0.0108722 -4.00886e-21)
(1.22472 -0.0101111 2.55934e-21)
(1.22634 -0.00929662 -3.15992e-21)
(1.22781 -0.00842587 1.2892e-20)
(1.22914 -0.00749657 9.56271e-22)
(1.23033 -0.00650653 -2.56044e-20)
(1.23138 -0.00545359 1.48641e-20)
(1.23229 -0.00433588 -1.304e-21)
(1.23308 -0.0031516 3.64179e-21)
(1.23373 -0.00189914 -3.28592e-21)
(1.23425 -0.000576988 -1.42846e-21)
(1.23466 0.000816247 9.32091e-21)
(1.23493 0.00228197 -1.17954e-20)
(1.2351 0.00382126 7.25706e-21)
(1.17625 -0.0190557 4.36245e-23)
(1.18006 -0.018678 -9.96263e-23)
(1.18378 -0.0182975 9.86822e-23)
(1.18741 -0.017912 -4.72751e-23)
(1.19094 -0.0175194 -1.33432e-22)
(1.19435 -0.017117 6.81874e-22)
(1.19764 -0.0167021 -5.33228e-22)
(1.20082 -0.0162714 1.2344e-22)
(1.20386 -0.0158219 -2.64083e-22)
(1.20677 -0.0153499 1.61378e-21)
(1.20954 -0.0148519 -1.003e-21)
(1.21218 -0.0143244 -3.5828e-21)
(1.21467 -0.0137637 1.93643e-21)
(1.21701 -0.0131661 2.86258e-21)
(1.21922 -0.012528 1.28643e-21)
(1.22127 -0.0118457 1.28905e-22)
(1.22318 -0.011116 2.25511e-21)
(1.22495 -0.0103345 -3.04169e-21)
(1.22657 -0.00949805 4.27402e-21)
(1.22805 -0.00860382 3.44107e-21)
(1.22939 -0.00764945 4.76159e-21)
(1.23059 -0.00663268 2.36319e-20)
(1.23165 -0.00555131 -2.19473e-20)
(1.23258 -0.0044034 -2.50694e-22)
(1.23337 -0.00318711 4.71746e-21)
(1.23404 -0.00190081 -5.38117e-21)
(1.23458 -0.000542922 2.03515e-20)
(1.23499 0.000887938 -8.85858e-21)
(1.23528 0.00239316 1.21486e-20)
(1.17641 -0.0195068 2.14717e-24)
(1.18022 -0.019118 3.70176e-23)
(1.18394 -0.0187264 -1.48149e-22)
(1.18757 -0.01833 4.14012e-23)
(1.1911 -0.0179264 2.68649e-25)
(1.19451 -0.017513 -7.30603e-22)
(1.19781 -0.0170869 4.14204e-23)
(1.20099 -0.0166447 5.21294e-22)
(1.20403 -0.0161833 -1.10481e-21)
(1.20695 -0.0156989 -5.54996e-23)
(1.20973 -0.015188 1.15485e-21)
(1.21236 -0.0146468 4.81153e-21)
(1.21486 -0.0140717 2.7706e-22)
(1.21721 -0.0134585 -7.36732e-21)
(1.21942 -0.0128041 -3.03378e-22)
(1.22148 -0.0121041 1.25158e-21)
(1.2234 -0.0113555 -3.46827e-22)
(1.22518 -0.0105538 8.18009e-21)
(1.22681 -0.0096955 3.68094e-22)
(1.2283 -0.00877792 -1.01529e-20)
(1.22965 -0.00779862 -1.61117e-20)
(1.23086 -0.00675527 -7.3505e-22)
(1.23193 -0.00564562 6.63348e-21)
(1.23287 -0.00446765 1.23775e-20)
(1.23368 -0.00321951 5.17754e-21)
(1.23435 -0.00189951 -8.44896e-21)
(1.2349 -0.000506039 -2.33449e-20)
(1.23533 0.000962293 1.70456e-22)
(1.23563 0.0025069 -1.58838e-21)
(1.17656 -0.0199522 -6.12723e-23)
(1.18038 -0.0195522 3.69191e-23)
(1.1841 -0.0191496 1.4756e-22)
(1.18773 -0.0187424 2.31301e-24)
(1.19126 -0.0183279 4.22908e-23)
(1.19468 -0.0179036 5.4006e-22)
(1.19798 -0.0174663 4.01213e-22)
(1.20116 -0.0170128 1.52975e-22)
(1.20421 -0.0165396 -3.762e-22)
(1.20713 -0.016043 -6.86659e-22)
(1.20991 -0.0155192 -2.91528e-21)
(1.21255 -0.0149645 -8.64644e-22)
(1.21505 -0.0143749 1.22789e-21)
(1.21741 -0.0137465 -2.02206e-21)
(1.21963 -0.0130756 -6.45912e-22)
(1.2217 -0.0123582 2.1641e-22)
(1.22363 -0.0115909 -6.41798e-21)
(1.22541 -0.010769 -2.23695e-20)
(1.22705 -0.00988904 -2.09296e-20)
(1.22855 -0.00894824 -3.35868e-21)
(1.22991 -0.00794416 1.26478e-20)
(1.23113 -0.00687438 -2.74666e-21)
(1.23221 -0.00573657 1.11547e-20)
(1.23316 -0.00452869 9.14579e-21)
(1.23398 -0.00324883 -1.25967e-20)
(1.23467 -0.00189529 6.80279e-21)
(1.23523 -0.000466338 2.33473e-21)
(1.23567 0.00103936 -7.48176e-21)
(1.17672 -0.0203919 2.46532e-23)
(1.18053 -0.0199808 -1.0359e-22)
(1.18426 -0.0195673 -5.02432e-24)
(1.1879 -0.0191492 -1.18889e-23)
(1.19143 -0.018724 9.04587e-23)
(1.19485 -0.0182888 -3.26896e-22)
(1.19815 -0.0178404 -4.07429e-22)
(1.20133 -0.0173756 -7.07369e-22)
(1.20438 -0.0168908 3.05741e-21)
(1.20731 -0.016382 3.61988e-22)
(1.21009 -0.0158456 2.59563e-21)
(1.21274 -0.0152774 -2.10447e-21)
(1.21525 -0.0146735 -1.23538e-21)
(1.21761 -0.0140299 7.10664e-21)
(1.21983 -0.0133429 -4.22125e-22)
(1.22191 -0.0126081 1.45193e-21)
(1.22385 -0.0118222 7.921e-21)
(1.22564 -0.0109802 3.20752e-21)
(1.22729 -0.0100788 6.38928e-21)
(1.2288 -0.00911488 -4.8065e-22)
(1.23017 -0.00808614 -4.10399e-21)
(1.2314 -0.00699006 -1.18801e-20)
(1.2325 -0.00582424 8.49551e-21)
(1.23346 -0.00458659 -1.36673e-20)
(1.23429 -0.00327513 -2.77129e-21)
(1.23499 -0.00188815 -5.08399e-21)
(1.23556 -0.000423879 4.33505e-21)
(1.17687 -0.0208259 -1.04412e-23)
(1.18069 -0.0204038 2.22394e-22)
(1.18442 -0.0199795 -4.27947e-23)
(1.18806 -0.0195507 -4.04152e-24)
(1.19159 -0.0191147 -6.13751e-23)
(1.19501 -0.0186687 -2.38398e-22)
(1.19832 -0.0182094 7.21171e-23)
(1.2015 -0.0177334 -2.78654e-22)
(1.20456 -0.017237 -1.11028e-21)
(1.20749 -0.0167162 7.54915e-22)
(1.21028 -0.0161672 -3.65797e-21)
(1.21293 -0.0155856 1.1231e-21)
(1.21544 -0.0149677 -1.54414e-21)
(1.21781 -0.014309 -1.74645e-21)
(1.22004 -0.0136059 -1.38035e-21)
(1.22213 -0.0128538 -7.33432e-21)
(1.22407 -0.0120495 3.90186e-21)
(1.22587 -0.0111877 1.60395e-20)
(1.22753 -0.0102647 1.08825e-20)
(1.22905 -0.00927791 -7.6147e-22)
(1.23043 -0.00822465 7.54367e-21)
(1.23167 -0.0071024 7.48526e-21)
(1.23278 -0.00590869 -7.20452e-21)
(1.23375 -0.00464138 -9.16447e-22)
(1.2346 -0.00329848 7.49192e-22)
(1.23531 -0.00187816 1.34843e-20)
(1.23589 -0.000378619 9.89593e-21)
(1.17703 -0.0212545 2.43396e-23)
(1.18085 -0.0208214 -2.05315e-22)
(1.18458 -0.0203863 -6.9874e-23)
(1.18822 -0.0199467 -2.82332e-23)
(1.19175 -0.0195001 -1.32029e-22)
(1.19518 -0.0190434 8.22527e-22)
(1.19849 -0.0185733 -4.93723e-22)
(1.20168 -0.0180862 5.87015e-22)
(1.20474 -0.0175784 -2.79348e-21)
(1.20767 -0.0170457 1.06334e-21)
(1.21046 -0.0164841 4.22735e-21)
(1.21312 -0.0158894 -5.08879e-21)
(1.21564 -0.0152574 4.93959e-21)
(1.21802 -0.0145839 -2.04908e-21)
(1.22025 -0.0138648 -1.66033e-22)
(1.22235 -0.0130956 4.57233e-21)
(1.2243 -0.0122729 -1.25795e-20)
(1.22611 -0.0113913 -1.42844e-20)
(1.22778 -0.0104471 -2.05863e-21)
(1.22931 -0.00943741 1.31314e-20)
(1.2307 -0.00835975 -2.19911e-20)
(1.23195 -0.00721145 -1.48813e-20)
(1.23307 -0.00598998 -1.30226e-20)
(1.23405 -0.00469313 7.89457e-21)
(1.23491 -0.00331887 2.00055e-21)
(1.23563 -0.00186529 -8.36179e-21)
(1.17718 -0.0216776 2.5839e-23)
(1.181 -0.0212335 5.49239e-23)
(1.18474 -0.0207877 1.37212e-22)
(1.18838 -0.0203375 4.36245e-23)
(1.19192 -0.0198804 1.08097e-22)
(1.19534 -0.0194131 -3.36529e-23)
(1.19866 -0.0189322 5.97183e-22)
(1.20185 -0.0184342 -8.93498e-23)
(1.20491 -0.017915 1.63808e-21)
(1.20785 -0.0173705 -1.02224e-22)
(1.21065 -0.0167965 -9.75817e-22)
(1.21331 -0.0161887 2.14544e-21)
(1.21583 -0.0155429 -3.55144e-21)
(1.21822 -0.0148545 4.63056e-21)
(1.22046 -0.0141196 4.36076e-21)
(1.22256 -0.0133334 -7.46337e-21)
(1.22452 -0.0124925 3.89683e-21)
(1.22634 -0.0115912 1.99062e-20)
(1.22802 -0.0106258 -8.44303e-21)
(1.22956 -0.00959346 -8.16036e-21)
(1.23096 -0.00849152 2.37748e-20)
(1.23223 -0.00731729 1.96983e-20)
(1.23336 -0.00606817 -4.78172e-21)
(1.23435 -0.00474192 -1.22052e-20)
(1.23522 -0.00333639 1.49795e-22)
(1.17734 -0.0220953 4.39528e-23)
(1.18116 -0.0216404 1.34321e-22)
(1.1849 -0.0211838 7.97048e-25)
(1.18854 -0.0207232 -2.88675e-23)
(1.19208 -0.0202555 -1.83381e-23)
(1.19551 -0.0197777 -3.47539e-22)
(1.19882 -0.0192862 -1.38549e-22)
(1.20202 -0.0187773 3.28561e-22)
(1.20509 -0.0182469 2.64705e-21)
(1.20802 -0.0176907 3.40762e-22)
(1.21083 -0.0171045 -2.66083e-21)
(1.2135 -0.0164837 4.4889e-21)
(1.21603 -0.0158241 1.74671e-21)
(1.21842 -0.0151211 -1.21319e-21)
(1.22067 -0.0143704 2.48308e-21)
(1.22278 -0.0135674 1.21191e-20)
(1.22475 -0.0127084 1.76548e-21)
(1.22658 -0.0117876 -1.14735e-20)
(1.22827 -0.0108011 1.43783e-20)
(1.22982 -0.00974612 5.32729e-21)
(1.23123 -0.00862003 -9.99835e-21)
(1.23251 -0.00741998 9.51653e-23)
(1.23365 -0.00614332 -2.45882e-21)
(1.23466 -0.00478774 1.46681e-20)
(1.23553 -0.00335103 9.0003e-21)
(1.17749 -0.0225076 -1.3309e-22)
(1.18132 -0.0220419 -1.70201e-22)
(1.18506 -0.0215748 6.06028e-24)
(1.1887 -0.0211037 1.05471e-23)
(1.19224 -0.0206256 4.61156e-23)
(1.19568 -0.0201374 3.5348e-22)
(1.19899 -0.0196354 6.51806e-22)
(1.20219 -0.0191157 3.43608e-22)
(1.20526 -0.0185742 -1.85019e-21)
(1.2082 -0.0180064 -3.80139e-21)
(1.21101 -0.0174081 3.19169e-21)
(1.21369 -0.0167745 -5.22119e-21)
(1.21623 -0.0161012 -8.85342e-22)
(1.21862 -0.0153836 -2.46492e-21)
(1.22088 -0.0146174 -4.4805e-21)
(1.223 -0.0137976 -6.49983e-21)
(1.22498 -0.0129207 -7.22422e-21)
(1.22682 -0.0119804 3.25385e-21)
(1.22852 -0.0109729 -1.88128e-20)
(1.23008 -0.00989547 -2.38776e-21)
(1.2315 -0.00874535 6.47745e-21)
(1.23279 -0.00751958 7.24004e-21)
(1.23394 -0.00621552 2.83984e-20)
(1.23496 -0.00483071 5.59602e-21)
(1.17765 -0.0229147 1.06964e-22)
(1.18147 -0.0224382 3.81653e-23)
(1.18521 -0.0219606 8.29784e-23)
(1.18886 -0.0214791 1.11929e-23)
(1.1924 -0.0209908 -3.9942e-23)
(1.19584 -0.0204923 -6.13253e-22)
(1.19916 -0.0199799 5.1798e-24)
(1.20236 -0.0194495 -1.70543e-21)
(1.20544 -0.018897 -1.77575e-21)
(1.20838 -0.0183178 2.57216e-21)
(1.2112 -0.0177074 -1.76733e-21)
(1.21388 -0.0170611 1.43787e-21)
(1.21642 -0.0163743 -1.17487e-21)
(1.21883 -0.0156422 2.5733e-21)
(1.22109 -0.0148605 -8.65488e-22)
(1.22322 -0.0140241 8.04843e-21)
(1.22521 -0.0131294 1.87391e-20)
(1.22706 -0.0121697 -3.66661e-22)
(1.22877 -0.0111413 2.30686e-20)
(1.23034 -0.0100416 -8.6584e-21)
(1.23177 -0.00886753 -1.76743e-21)
(1.23307 -0.00761615 -1.53444e-20)
(1.23423 -0.00628476 7.59556e-22)
(1.23526 -0.00487079 -2.42376e-20)
(1.1778 -0.0233166 -8.4618e-23)
(1.18163 -0.0228294 7.41704e-23)
(1.18537 -0.0223414 1.59474e-23)
(1.18902 -0.0218496 -2.44445e-23)
(1.19257 -0.0213511 -3.76756e-23)
(1.196 -0.0208424 -8.83455e-23)
(1.19933 -0.0203196 -8.03534e-22)
(1.20253 -0.0197787 1.54767e-21)
(1.20561 -0.0192153 2.16091e-21)
(1.20856 -0.0186248 -6.41695e-22)
(1.21138 -0.0180025 1.29651e-21)
(1.21407 -0.0173436 -1.38865e-22)
(1.21662 -0.0166434 1.73509e-21)
(1.21903 -0.015897 4.34234e-22)
(1.2213 -0.0150999 1.1529e-22)
(1.22344 -0.014247 -7.97439e-21)
(1.22544 -0.0133346 -1.08003e-20)
(1.2273 -0.0123557 -1.5532e-20)
(1.22901 -0.0113065 -9.48026e-21)
(1.2306 -0.0101845 1.57265e-20)
(1.23204 -0.00898665 -4.66386e-21)
(1.23335 -0.00770975 5.9979e-22)
(1.23453 -0.00635116 -1.33309e-20)
(1.17795 -0.0237133 8.7855e-23)
(1.18178 -0.0232156 -4.97905e-23)
(1.18553 -0.0227172 -2.22415e-22)
(1.18918 -0.0222152 -2.89418e-24)
(1.19273 -0.0217067 3.82828e-23)
(1.19617 -0.0211878 3.02314e-22)
(1.19949 -0.0206548 4.83477e-22)
(1.2027 -0.0201035 -7.61455e-22)
(1.20578 -0.0195293 -2.23183e-21)
(1.20874 -0.0189276 -1.60157e-21)
(1.21156 -0.0182934 -2.53056e-21)
(1.21426 -0.0176221 2.08785e-21)
(1.21681 -0.0169086 -1.96769e-21)
(1.21923 -0.0161481 -4.46004e-21)
(1.22152 -0.0153357 -2.88151e-21)
(1.22366 -0.0144664 -2.30628e-21)
(1.22567 -0.0135364 -9.95889e-21)
(1.22753 -0.0125383 2.32606e-20)
(1.22926 -0.0114685 6.92368e-22)
(1.23086 -0.0103243 1.80463e-21)
(1.23231 -0.00910276 1.09434e-21)
(1.23363 -0.00780048 -1.25352e-21)
(1.23482 -0.00641468 7.87473e-21)
(1.1781 -0.024105 -5.86002e-23)
(1.18194 -0.0235967 -5.00493e-23)
(1.18568 -0.023088 1.5436e-22)
(1.18933 -0.022576 4.04627e-23)
(1.19288 -0.0220575 -1.19649e-22)
(1.19633 -0.0215286 1.49908e-22)
(1.19966 -0.0209855 1.60669e-22)
(1.20287 -0.0204239 -1.79755e-22)
(1.20596 -0.019839 3.67578e-21)
(1.20892 -0.0192262 3.09919e-22)
(1.21175 -0.0185804 -1.55328e-24)
(1.21445 -0.0178967 -4.26442e-21)
(1.21701 -0.0171701 2.13583e-21)
(1.21944 -0.0163954 3.5383e-21)
(1.22173 -0.0155679 1.17744e-20)
(1.22388 -0.0146824 3.91862e-21)
(1.2259 -0.0137348 6.06049e-21)
(1.22777 -0.0127177 -1.50453e-20)
(1.22951 -0.0116273 -1.28701e-20)
(1.23112 -0.0104611 -2.59429e-20)
(1.23259 -0.00921594 2.5306e-21)
(1.23392 -0.00788834 -4.20162e-21)
(1.17826 -0.0244917 7.68211e-23)
(1.18209 -0.023973 8.46475e-23)
(1.18584 -0.0234541 -2.95107e-23)
(1.18949 -0.0229321 -1.64025e-23)
(1.19304 -0.0224036 1.98853e-22)
(1.19649 -0.0218649 -1.6431e-22)
(1.19982 -0.0213118 3.12677e-22)
(1.20304 -0.0207399 9.25695e-22)
(1.20613 -0.0201446 -3.11985e-22)
(1.20909 -0.0195208 -1.2129e-21)
(1.21193 -0.0188634 -2.31575e-22)
(1.21463 -0.0181675 3.32764e-21)
(1.2172 -0.0174278 3.02821e-21)
(1.21964 -0.0166392 9.66027e-22)
(1.22194 -0.0157967 -9.19398e-21)
(1.2241 -0.014895 1.05887e-20)
(1.22613 -0.0139299 3.73894e-21)
(1.22801 -0.0128939 -3.37857e-21)
(1.22977 -0.011783 3.30931e-21)
(1.23138 -0.010595 1.34603e-20)
(1.23286 -0.00932626 1.20482e-20)
(1.2342 -0.00797347 5.57809e-22)
(1.17841 -0.0248734 -1.59087e-22)
(1.18224 -0.0243443 -6.78886e-23)
(1.18599 -0.0238154 -1.55776e-22)
(1.18965 -0.0232835 -2.79484e-24)
(1.1932 -0.0227452 1.21528e-22)
(1.19665 -0.0221967 6.13754e-23)
(1.19998 -0.0216338 -3.57514e-22)
(1.2032 -0.0210518 6.14516e-23)
(1.2063 -0.020446 -2.35136e-21)
(1.20927 -0.0198113 2.97802e-21)
(1.21211 -0.0191426 3.95315e-22)
(1.21482 -0.0184345 8.54805e-22)
(1.2174 -0.0176819 -3.38625e-21)
(1.21984 -0.0168794 -8.06765e-22)
(1.22215 -0.016022 3.36391e-21)
(1.22432 -0.0151042 -1.90734e-20)
(1.22636 -0.0141219 7.37963e-21)
(1.22826 -0.0130669 1.91923e-20)
(1.23002 -0.0119357 8.76884e-21)
(1.23164 -0.0107258 8.93996e-21)
(1.23313 -0.00943374 -2.86093e-20)
(1.23449 -0.00805578 5.1513e-21)
(1.17856 -0.0252502 5.55092e-23)
(1.18239 -0.0247109 3.30066e-23)
(1.18614 -0.0241719 1.28663e-22)
(1.1898 -0.0236303 -8.02857e-24)
(1.19336 -0.0230823 -2.40691e-22)
(1.19681 -0.0225242 2.34714e-22)
(1.20015 -0.0219514 -1.13617e-22)
(1.20337 -0.0213595 8.2036e-22)
(1.20647 -0.0207434 3.0271e-22)
(1.20944 -0.020098 -4.74349e-23)
(1.21229 -0.0194179 2.28264e-21)
(1.21501 -0.0186979 -2.83515e-21)
(1.21759 -0.0179324 8.34585e-22)
(1.22005 -0.0171162 -5.88364e-21)
(1.22236 -0.0162439 -8.07466e-21)
(1.22454 -0.0153102 3.11081e-21)
(1.22659 -0.0143106 -1.26587e-20)
(1.2285 -0.0132369 -1.3785e-20)
(1.23027 -0.0120855 -1.32207e-21)
(1.2319 -0.0108539 -2.14371e-21)
(1.23341 -0.00953849 2.8328e-22)
(1.17871 -0.0256222 6.35942e-23)
(1.18254 -0.0250727 -1.22095e-23)
(1.1863 -0.0245239 2.32022e-23)
(1.18995 -0.0239725 3.08839e-24)
(1.19351 -0.023415 1.16329e-22)
(1.19697 -0.0228473 -5.92293e-22)
(1.20031 -0.0222649 -6.01516e-22)
(1.20353 -0.0216631 -2.0053e-21)
(1.20664 -0.0210369 1.16853e-21)
(1.20962 -0.0203808 -6.20142e-22)
(1.21247 -0.0196895 -2.4608e-21)
(1.2152 -0.0189576 3.68747e-21)
(1.21779 -0.0181795 -2.72076e-21)
(1.22025 -0.0173496 6.94369e-21)
(1.22257 -0.0164626 5.70273e-21)
(1.22476 -0.0155131 -4.98717e-21)
(1.22682 -0.0144963 -2.13654e-22)
(1.22874 -0.0134039 2.99257e-21)
(1.23052 -0.0122323 -7.82383e-21)
(1.23217 -0.0109792 6.46557e-21)
(1.23368 -0.00964045 -6.05642e-22)
(1.17885 -0.0259894 -4.73523e-23)
(1.18269 -0.0254298 -1.05504e-22)
(1.18645 -0.0248712 -6.85503e-23)
(1.19011 -0.0243103 -5.89025e-25)
(1.19367 -0.0237434 -2.23668e-22)
(1.19712 -0.0231662 2.27508e-22)
(1.20047 -0.0225743 1.8252e-22)
(1.2037 -0.0219628 3.07093e-22)
(1.20681 -0.0213264 -1.14407e-21)
(1.20979 -0.0206599 6.38163e-22)
(1.21265 -0.0199575 7.65399e-22)
(1.21538 -0.0192138 -4.24226e-21)
(1.21798 -0.0184231 2.39617e-21)
(1.22045 -0.0175797 -4.28778e-21)
(1.22278 -0.0166781 8.68778e-21)
(1.22498 -0.0157128 9.53192e-21)
(1.22705 -0.014679 -3.46403e-21)
(1.22898 -0.013568 -3.96481e-21)
(1.23077 -0.0123763 -7.03101e-22)
(1.23243 -0.0111017 -2.31442e-20)
(1.179 -0.0263519 -3.52371e-23)
(1.18284 -0.0257824 7.26062e-23)
(1.18659 -0.0252141 1.15023e-22)
(1.19026 -0.0246437 -1.81189e-24)
(1.19382 -0.0240674 3.86549e-22)
(1.19728 -0.0234809 5.78667e-22)
(1.20063 -0.0228796 4.62805e-22)
(1.20386 -0.0222585 1.28043e-23)
(1.20697 -0.0216122 1.96012e-21)
(1.20997 -0.0209352 -1.99339e-21)
(1.21283 -0.0202219 -3.4381e-21)
(1.21557 -0.0194666 -1.18833e-22)
(1.21818 -0.0186633 -8.51515e-21)
(1.22065 -0.0178065 -9.322e-23)
(1.22299 -0.0168904 -1.34364e-20)
(1.2252 -0.0159095 5.51416e-21)
(1.22728 -0.0148587 1.82028e-20)
(1.22922 -0.0137292 4.86266e-21)
(1.23102 -0.0125176 1.92089e-20)
(1.2327 -0.0112215 5.54112e-21)
(1.17915 -0.0267098 6.5608e-23)
(1.18299 -0.0261304 -1.7783e-23)
(1.18674 -0.0255525 -4.80821e-23)
(1.19041 -0.0249728 4.99502e-24)
(1.19397 -0.0243873 -3.22367e-22)
(1.19743 -0.0237916 -9.30693e-22)
(1.20078 -0.0231809 3.82915e-22)
(1.20402 -0.0225503 -1.39382e-21)
(1.20714 -0.0218942 -1.34953e-21)
(1.21014 -0.021207 1.17724e-21)
(1.21301 -0.0204828 3.61253e-21)
(1.21575 -0.0197159 -7.9161e-22)
(1.21837 -0.0189003 8.12413e-21)
(1.22085 -0.0180302 -3.65449e-21)
(1.2232 -0.0170997 1.76992e-22)
(1.22542 -0.0161031 -7.49276e-21)
(1.22751 -0.0150354 -2.01439e-20)
(1.22946 -0.0138875 -3.30897e-21)
(1.23128 -0.0126561 -7.139e-21)
(1.17929 -0.0270631 -6.77472e-23)
(1.18313 -0.0264739 1.45495e-22)
(1.18689 -0.0258866 -1.08784e-22)
(1.19055 -0.0252976 -1.97726e-24)
(1.19412 -0.024703 9.31701e-25)
(1.19759 -0.0240982 3.02865e-22)
(1.20094 -0.0234784 -9.45303e-22)
(1.20418 -0.0228383 2.35013e-21)
(1.20731 -0.0221725 1.32354e-22)
(1.21031 -0.0214751 6.61564e-22)
(1.21319 -0.0207402 -2.45864e-21)
(1.21594 -0.0199619 2.1793e-21)
(1.21856 -0.0191341 -5.33089e-21)
(1.22105 -0.0182507 1.14104e-21)
(1.22341 -0.0173059 5.05108e-21)
(1.22564 -0.0162939 1.23724e-20)
(1.22774 -0.0152093 1.72376e-21)
(1.2297 -0.0140431 -7.0837e-21)
(1.23153 -0.012792 -3.6233e-21)
(1.17943 -0.0274118 6.73425e-23)
(1.18328 -0.026813 -8.05386e-23)
(1.18703 -0.0262163 1.49162e-22)
(1.1907 -0.0256182 -1.98133e-24)
(1.19427 -0.0250146 -7.21247e-23)
(1.19774 -0.0244008 2.2809e-23)
(1.2011 -0.023772 9.1219e-22)
(1.20434 -0.0231227 -8.78708e-22)
(1.20747 -0.0224473 9.71696e-22)
(1.21048 -0.0217398 6.5439e-22)
(1.21336 -0.0209943 2.92082e-22)
(1.21612 -0.0202047 2.8769e-21)
(1.21875 -0.0193647 1.46005e-21)
(1.22125 -0.0184682 6.59923e-21)
(1.22362 -0.0175092 6.19528e-21)
(1.22586 -0.0164818 -1.64868e-21)
(1.22797 -0.0153804 5.63208e-21)
(1.22994 -0.014196 1.66626e-21)
(1.23178 -0.0129252 -1.31132e-20)
(1.17958 -0.0277561 -5.02777e-23)
(1.18342 -0.0271477 -1.71474e-22)
(1.18718 -0.0265418 -1.11035e-22)
(1.19085 -0.0259347 -3.08643e-24)
(1.19442 -0.0253222 2.70393e-22)
(1.19789 -0.0246996 -1.4855e-23)
(1.20125 -0.0240618 -6.63686e-22)
(1.2045 -0.0234033 1.0689e-21)
(1.20763 -0.0227185 -2.4954e-21)
(1.21065 -0.0220011 -2.16341e-21)
(1.21354 -0.0212451 3.96193e-22)
(1.2163 -0.0204443 -4.96845e-21)
(1.21894 -0.0195922 7.94574e-21)
(1.22145 -0.0186827 -1.61018e-22)
(1.22383 -0.0177096 -2.2827e-22)
(1.22608 -0.0166669 -5.71223e-21)
(1.2282 -0.0155487 -6.14618e-21)
(1.23018 -0.0143463 -2.16276e-21)
(1.17972 -0.0280959 8.06003e-23)
(1.18356 -0.0274781 7.23042e-23)
(1.18732 -0.0268631 1.27674e-22)
(1.19099 -0.0262471 -5.09382e-24)
(1.19456 -0.0256258 1.23304e-22)
(1.19804 -0.0249944 3.35485e-22)
(1.2014 -0.0243478 4.73846e-22)
(1.20466 -0.0236803 2.73774e-22)
(1.20779 -0.0229861 4.90597e-22)
(1.21081 -0.0222588 2.43931e-21)
(1.21371 -0.0214924 1.01036e-22)
(1.21649 -0.0206805 5.47582e-21)
(1.21913 -0.0198165 -8.44228e-21)
(1.22165 -0.0188941 -1.73044e-21)
(1.22404 -0.0179069 -7.42136e-21)
(1.2263 -0.0168489 -5.27978e-21)
(1.22843 -0.015714 1.71574e-20)
(1.23042 -0.0144936 5.14008e-21)
(1.17986 -0.0284314 7.11102e-24)
(1.1837 -0.0278042 2.43291e-22)
(1.18746 -0.0271802 -1.08236e-22)
(1.19113 -0.0265554 2.84716e-23)
(1.19471 -0.0259255 -3.38141e-22)
(1.19818 -0.0252855 5.08282e-23)
(1.20155 -0.0246301 -6.20175e-22)
(1.20481 -0.0239536 -1.22995e-21)
(1.20796 -0.0232501 -3.19024e-22)
(1.21098 -0.0225132 -1.86952e-21)
(1.21389 -0.0217364 3.02763e-21)
(1.21667 -0.0209134 -4.30022e-21)
(1.21932 -0.0200375 9.26091e-22)
(1.22185 -0.0191022 7.34842e-21)
(1.22425 -0.018101 -2.45526e-21)
(1.22652 -0.0170277 -5.86716e-21)
(1.22866 -0.0158761 -1.58504e-20)
(1.17999 -0.0287627 -9.72253e-23)
(1.18384 -0.0281264 -2.1499e-22)
(1.1876 -0.0274936 9.78558e-23)
(1.19127 -0.0268603 -3.99999e-23)
(1.19485 -0.026222 8.88705e-23)
(1.19833 -0.0255736 -6.3507e-22)
(1.2017 -0.0249098 -2.82582e-22)
(1.20497 -0.0242247 2.48839e-22)
(1.20812 -0.0235121 5.49732e-22)
(1.21115 -0.0227657 2.27257e-22)
(1.21406 -0.0219788 -1.52359e-21)
(1.21685 -0.021145 1.04615e-22)
(1.21951 -0.0202573 -4.32725e-21)
(1.22205 -0.0193093 -3.905e-21)
(1.22446 -0.0182941 1.63345e-21)
(1.22674 -0.0172057 5.36685e-21)
(1.22889 -0.0160374 1.50364e-20)
(1.18013 -0.0290897 7.09781e-23)
(1.18398 -0.0284446 4.38208e-23)
(1.18774 -0.0278033 -2.21489e-22)
(1.19141 -0.0271618 2.93153e-23)
(1.19499 -0.0265155 -1.96012e-22)
(1.19848 -0.0258592 1.57294e-21)
(1.20185 -0.0251874 1.78168e-21)
(1.20512 -0.0244941 -2.63212e-21)
(1.20828 -0.0237731 9.03989e-22)
(1.21131 -0.0230177 3.16946e-21)
(1.21423 -0.0222213 2.18528e-21)
(1.21703 -0.0213772 7.76624e-21)
(1.2197 -0.0204784 2.96754e-21)
(1.22225 -0.0195183 -1.20673e-20)
(1.22467 -0.0184899 1.36831e-21)
(1.22696 -0.0173869 5.50077e-21)
(1.22912 -0.0162025 -1.08616e-20)
)
;

boundaryField
{
    inlet
    {
        type            uniformFixedValue;
        uniformValue    constant (1 0 0);
        value           nonuniform 0();
    }
    outlet
    {
        type            pressureInletOutletVelocity;
        value           nonuniform 0();
    }
    cylinder
    {
        type            fixedValue;
        value           nonuniform 0();
    }
    top
    {
        type            symmetryPlane;
    }
    bottom
    {
        type            symmetryPlane;
    }
    defaultFaces
    {
        type            empty;
    }
    procBoundary1to0
    {
        type            processor;
        value           nonuniform List<vector> 
61
(
(1.11084 -0.000435578 6.06342e-22)
(1.11084 -0.00132331 -6.2721e-22)
(1.11084 -0.00220299 8.81574e-22)
(1.11083 -0.00307092 -1.09563e-21)
(1.11082 -0.0039284 6.67804e-22)
(1.11081 -0.00477631 -1.94585e-21)
(1.1108 -0.00561496 2.07373e-21)
(1.11079 -0.00644457 1.52142e-21)
(1.11077 -0.0072654 -5.20574e-21)
(1.11076 -0.00807771 -2.53174e-22)
(1.11075 -0.00888174 4.33265e-21)
(1.11073 -0.00967772 -5.78192e-21)
(1.11072 -0.0104659 4.76709e-21)
(1.1107 -0.0112464 6.06083e-21)
(1.11069 -0.0120194 1.35858e-22)
(1.11067 -0.0127852 -7.50803e-21)
(1.11066 -0.013544 -1.62208e-21)
(1.11065 -0.0142958 5.86473e-21)
(1.11064 -0.0150409 -3.39323e-21)
(1.11063 -0.0157795 5.28873e-21)
(1.11062 -0.0165116 -4.47643e-21)
(1.11062 -0.0172374 4.77223e-21)
(1.11061 -0.0179572 -6.79776e-21)
(1.11061 -0.0186709 5.83205e-21)
(1.11061 -0.0193788 -9.16981e-22)
(1.11062 -0.020081 7.96853e-21)
(1.11062 -0.0207776 -1.26859e-20)
(1.11063 -0.0214687 -5.12179e-21)
(1.11064 -0.0221544 5.31245e-21)
(1.11461 -0.0224463 -1.53137e-21)
(1.11461 -0.0224463 -1.53137e-21)
(1.11464 -0.0231092 -9.10544e-22)
(1.11468 -0.023767 -8.93582e-21)
(1.11472 -0.0244199 2.7764e-22)
(1.11476 -0.0250677 3.19964e-21)
(1.11481 -0.0257108 -5.23877e-22)
(1.11486 -0.026349 -1.57109e-21)
(1.11492 -0.0269826 -8.79844e-22)
(1.11497 -0.0276114 -3.50658e-21)
(1.11504 -0.0282357 -3.0707e-22)
(1.1151 -0.0288554 9.73089e-21)
(1.11517 -0.0294707 5.27111e-21)
(1.11525 -0.0300814 -9.77424e-21)
(1.11533 -0.0306878 -1.55208e-21)
(1.11541 -0.0312898 1.48041e-22)
(1.1155 -0.0318874 -6.30352e-21)
(1.11559 -0.0324807 2.51367e-20)
(1.11568 -0.0330697 -1.983e-20)
(1.11578 -0.0336545 7.03936e-21)
(1.11589 -0.034235 -1.7627e-20)
(1.116 -0.0348112 1.18713e-20)
(1.11611 -0.0353832 1.85463e-20)
(1.11622 -0.035951 -2.78968e-20)
(1.11634 -0.0365146 7.31432e-22)
(1.11647 -0.037074 1.04666e-20)
(1.1166 -0.0376292 1.27294e-20)
(1.11673 -0.0381802 -6.63723e-22)
(1.11686 -0.038727 -1.54508e-20)
(1.117 -0.0392688 -4.88808e-21)
(1.11715 -0.0398054 3.54901e-21)
(1.11729 -0.040344 2.69663e-21)
)
;
    }
    procBoundary1to2
    {
        type            processor;
        value           nonuniform List<vector> 
27
(
(1.22399 0.000239524 -4.28532e-23)
(1.22402 0.000719106 -1.01185e-21)
(1.22408 0.00119601 -9.52345e-22)
(1.22417 0.00167009 -4.08014e-22)
(1.22428 0.00214134 3.5696e-21)
(1.22442 0.0026098 1.15807e-21)
(1.22458 0.00307558 -3.57564e-21)
(1.22476 0.00353877 -1.7747e-21)
(1.22497 0.00399952 -3.37336e-21)
(1.2252 0.00445795 1.47777e-21)
(1.22544 0.00491422 9.15577e-22)
(1.22571 0.00536848 3.75144e-21)
(1.22599 0.00582089 3.79522e-21)
(1.22629 0.00627158 -7.17737e-21)
(1.2266 0.00672071 1.87588e-21)
(1.22693 0.00716842 -6.09935e-21)
(1.22728 0.00761485 8.80788e-21)
(1.22763 0.00806013 1.91108e-22)
(1.22799 0.00850437 -7.27896e-22)
(1.22837 0.0089477 -1.11506e-21)
(1.22875 0.00939023 -1.13066e-20)
(1.22914 0.00983206 9.50219e-21)
(1.22954 0.0102733 -6.02428e-21)
(1.22995 0.010714 1.2152e-20)
(1.23036 0.0111543 -1.3153e-20)
(1.23077 0.0115943 -5.96998e-21)
(1.23119 0.012034 1.48298e-20)
)
;
    }
    procBoundary1to5
    {
        type            processor;
        value           nonuniform List<vector> 
84
(
(1.12438 -0.0495991 -3.57597e-20)
(1.12874 -0.0486916 3.66291e-20)
(1.1331 -0.0477742 -1.3871e-20)
(1.13746 -0.0468504 -1.95186e-20)
(1.1418 -0.0459236 2.03902e-20)
(1.1418 -0.0459236 2.03902e-20)
(1.15166 -0.0624072 5.03993e-21)
(1.15599 -0.0614683 5.0261e-22)
(1.16031 -0.0605077 1.96069e-21)
(1.16459 -0.0595258 -4.11437e-21)
(1.16884 -0.0585224 -7.27474e-22)
(1.17305 -0.0574973 2.30758e-21)
(1.17721 -0.0564499 5.98608e-22)
(1.18132 -0.0553793 -7.41071e-23)
(1.18538 -0.0542844 -6.82711e-23)
(1.18938 -0.0531638 -1.34601e-23)
(1.19331 -0.0520158 2.13037e-23)
(1.19717 -0.0508386 -1.31221e-22)
(1.20096 -0.04963 -8.3378e-22)
(1.20466 -0.0483875 3.64116e-22)
(1.20828 -0.0471086 1.67549e-21)
(1.21181 -0.0457903 -6.05457e-22)
(1.21525 -0.0444296 -6.80782e-22)
(1.21859 -0.0430233 -2.95791e-21)
(1.21483 -0.0283538 -1.98009e-21)
(1.21483 -0.0283538 -1.98009e-21)
(1.21782 -0.027241 9.64439e-21)
(1.22069 -0.0260719 7.4873e-21)
(1.22345 -0.0248398 -2.01176e-20)
(1.22608 -0.0235383 2.0169e-20)
(1.22859 -0.0221608 -2.68355e-20)
(1.23097 -0.0207012 -5.2396e-22)
(1.23322 -0.0191528 2.6491e-20)
(1.23216 0.0107411 -1.55222e-20)
(1.23216 0.0107411 -1.55222e-20)
(1.23301 0.00940567 9.78792e-21)
(1.23301 0.00940567 9.78792e-21)
(1.23373 0.00803972 -1.58203e-20)
(1.23373 0.00803972 -1.58203e-20)
(1.23432 0.00664959 -8.80814e-22)
(1.23432 0.00664959 -8.80814e-22)
(1.23469 0.0068868 -9.99533e-21)
(1.23514 0.00543556 2.14516e-20)
(1.23514 0.00543556 2.14516e-20)
(1.23545 0.00397387 -1.66914e-20)
(1.23545 0.00397387 -1.66914e-20)
(1.23582 0.00412887 2.83911e-21)
(1.23598 0.0026232 -6.11603e-22)
(1.23598 0.0026232 -6.11603e-22)
(1.23601 0.00111911 -9.28467e-21)
(1.23601 0.00111911 -9.28467e-21)
(1.23636 0.00120154 -2.38134e-21)
(1.23623 -0.000330596 5.8798e-21)
(1.23623 -0.000330596 5.8798e-21)
(1.23596 -0.0018496 -2.98718e-21)
(1.23596 -0.0018496 -2.98718e-21)
(1.23628 -0.00183111 7.61937e-21)
(1.23585 -0.00336284 1.17789e-20)
(1.23585 -0.00336284 1.17789e-20)
(1.23617 -0.00337184 -1.23559e-20)
(1.23557 -0.00490807 9.46501e-21)
(1.23557 -0.00490807 9.46501e-21)
(1.23588 -0.00494254 -2.84564e-20)
(1.23512 -0.00647543 1.89883e-20)
(1.23512 -0.00647543 1.89883e-20)
(1.23542 -0.0065334 -4.15507e-21)
(1.23572 -0.00658866 2.46844e-21)
(1.23478 -0.00813539 -1.88562e-21)
(1.23478 -0.00813539 -1.88562e-21)
(1.23507 -0.00821229 5.66645e-21)
(1.23396 -0.00973974 -1.37953e-20)
(1.23396 -0.00973974 -1.37953e-20)
(1.23424 -0.00983635 -1.24157e-20)
(1.23296 -0.0113386 -1.41547e-20)
(1.23296 -0.0113386 -1.41547e-20)
(1.23322 -0.011453 1.62027e-21)
(1.23349 -0.011565 7.80482e-21)
(1.23203 -0.0130559 -7.17422e-21)
(1.23203 -0.0130559 -7.17422e-21)
(1.23229 -0.0131838 -5.73487e-21)
(1.23066 -0.0146377 3.06363e-21)
(1.23066 -0.0146377 3.06363e-21)
(1.2309 -0.014781 -1.64292e-20)
(1.23115 -0.0149287 1.96723e-20)
)
;
    }
}


// ************************************************************************* //
