/*--------------------------------*- C++ -*----------------------------------*\
  =========                 |
  \\      /  F ield         | OpenFOAM: The Open Source CFD Toolbox
   \\    /   O peration     | Website:  https://openfoam.org
    \\  /    A nd           | Version:  7
     \\/     M anipulation  |
\*---------------------------------------------------------------------------*/
FoamFile
{
    version     2.0;
    format      ascii;
    class       volScalarField;
    location    "15";
    object      p;
}
// * * * * * * * * * * * * * * * * * * * * * * * * * * * * * * * * * * * * * //

dimensions      [0 2 -2 0 0 0 0];

internalField   nonuniform List<scalar> 
6050
(
-0.312031
-0.316515
-0.317505
-0.319384
-0.321022
-0.322718
-0.324341
-0.312333
-0.316747
-0.317722
-0.319584
-0.321211
-0.322898
-0.324515
-0.312926
-0.317202
-0.318149
-0.319973
-0.321578
-0.323245
-0.324845
-0.313796
-0.317868
-0.318768
-0.320533
-0.322098
-0.323731
-0.325301
-0.314917
-0.318725
-0.319557
-0.321234
-0.322739
-0.324317
-0.325838
-0.316263
-0.319751
-0.320487
-0.322046
-0.323462
-0.32496
-0.326407
-0.327794
-0.317802
-0.32092
-0.321528
-0.32293
-0.324225
-0.325612
-0.326956
-0.328242
-0.319501
-0.322206
-0.32265
-0.323852
-0.324988
-0.326229
-0.327438
-0.328593
-0.321333
-0.323585
-0.323822
-0.324776
-0.325711
-0.326769
-0.327811
-0.328807
-0.323269
-0.325035
-0.325019
-0.325674
-0.326364
-0.327201
-0.328045
-0.328856
-0.325291
-0.32654
-0.326222
-0.326524
-0.326922
-0.327503
-0.32812
-0.328723
-0.327386
-0.328088
-0.327416
-0.327312
-0.327374
-0.327663
-0.328028
-0.328403
-0.328745
-0.32955
-0.329676
-0.328596
-0.328034
-0.327718
-0.327682
-0.327773
-0.327898
-0.327991
-0.33179
-0.331307
-0.329771
-0.328694
-0.327963
-0.327575
-0.327367
-0.327213
-0.327008
-0.334121
-0.332984
-0.330954
-0.329311
-0.328131
-0.327364
-0.326827
-0.326349
-0.325766
-0.336575
-0.334728
-0.332165
-0.329913
-0.328252
-0.327077
-0.326169
-0.325296
-0.324217
-0.3227
-0.339189
-0.336565
-0.333432
-0.330536
-0.328365
-0.326743
-0.325402
-0.324026
-0.322296
-0.319948
-0.342011
-0.338527
-0.334796
-0.331221
-0.328508
-0.326387
-0.32452
-0.322498
-0.319936
-0.316581
-0.312315
-0.345089
-0.340653
-0.3363
-0.332013
-0.328717
-0.326021
-0.323503
-0.32066
-0.317081
-0.312586
-0.307178
-0.348456
-0.343007
-0.337991
-0.332953
-0.32901
-0.32564
-0.322316
-0.318459
-0.313705
-0.307999
-0.301485
-0.29444
-0.352196
-0.345613
-0.339908
-0.334058
-0.32939
-0.325226
-0.320911
-0.315853
-0.309812
-0.302892
-0.295357
-0.287521
-0.35635
-0.348525
-0.342111
-0.335371
-0.329887
-0.324777
-0.319258
-0.312831
-0.305445
-0.297357
-0.28891
-0.28041
-0.272034
-0.36098
-0.35179
-0.344623
-0.336891
-0.330492
-0.324242
-0.317301
-0.309382
-0.300648
-0.291477
-0.282233
-0.27318
-0.264444
-0.366143
-0.355456
-0.347454
-0.338627
-0.331192
-0.323559
-0.314997
-0.305518
-0.295483
-0.285327
-0.275393
-0.265876
-0.256843
-0.248297
-0.371888
-0.359559
-0.350602
-0.340603
-0.331943
-0.322656
-0.312316
-0.301265
-0.290002
-0.278964
-0.268429
-0.258517
-0.249234
-0.240536
-0.232332
-0.378258
-0.364121
-0.354069
-0.342839
-0.332663
-0.321459
-0.309244
-0.296652
-0.28425
-0.272422
-0.261361
-0.251106
-0.241608
-0.232785
-0.224536
-0.216798
-0.385291
-0.369134
-0.357874
-0.345313
-0.333248
-0.319905
-0.305776
-0.291704
-0.278254
-0.265721
-0.254194
-0.243636
-0.233952
-0.225027
-0.21675
-0.209039
-0.201764
-0.393012
-0.374563
-0.362071
-0.347936
-0.333588
-0.317946
-0.301909
-0.286438
-0.272032
-0.258863
-0.246919
-0.236093
-0.226246
-0.21724
-0.208952
-0.201282
-0.194122
-0.187506
-0.401422
-0.38035
-0.36671
-0.350563
-0.333579
-0.315543
-0.297644
-0.280865
-0.265584
-0.251841
-0.239522
-0.228459
-0.218473
-0.209405
-0.20112
-0.193507
-0.186467
-0.179996
-0.17387
-0.168582
-0.410481
-0.386437
-0.371784
-0.353032
-0.333126
-0.31266
-0.292975
-0.274981
-0.258903
-0.244641
-0.231986
-0.220713
-0.210611
-0.201501
-0.193234
-0.18569
-0.178775
-0.172451
-0.166539
-0.161452
-0.420089
-0.392788
-0.377177
-0.355187
-0.332142
-0.309268
-0.28789
-0.268776
-0.251974
-0.237243
-0.224289
-0.212836
-0.202642
-0.193509
-0.185276
-0.177814
-0.171027
-0.16485
-0.159147
-0.154247
-0.430077
-0.399387
-0.382649
-0.356885
-0.330553
-0.305331
-0.282373
-0.262234
-0.244775
-0.229625
-0.216411
-0.204807
-0.194547
-0.185412
-0.17723
-0.169862
-0.163206
-0.157179
-0.15168
-0.146952
-0.440217
-0.406224
-0.387873
-0.357985
-0.328292
-0.300816
-0.276399
-0.25533
-0.237283
-0.221765
-0.208328
-0.196608
-0.186309
-0.177195
-0.16908
-0.161819
-0.1553
-0.149425
-0.144127
-0.139558
-0.450244
-0.413263
-0.392505
-0.358344
-0.3253
-0.295689
-0.26994
-0.248039
-0.229472
-0.213637
-0.200022
-0.188221
-0.177912
-0.168843
-0.160815
-0.153674
-0.147298
-0.141582
-0.136478
-0.132057
-0.459882
-0.420408
-0.396236
-0.357816
-0.321519
-0.289913
-0.262964
-0.24033
-0.221315
-0.205221
-0.191473
-0.179629
-0.169343
-0.160345
-0.152424
-0.145417
-0.139193
-0.133642
-0.12873
-0.124447
-0.468874
-0.427473
-0.398827
-0.356263
-0.316892
-0.283452
-0.255439
-0.232174
-0.212788
-0.196493
-0.182663
-0.170817
-0.160589
-0.15169
-0.143899
-0.137042
-0.130979
-0.125601
-0.120878
-0.116725
-0.476989
-0.434179
-0.400108
-0.353564
-0.311361
-0.27627
-0.247333
-0.223542
-0.203865
-0.187436
-0.173576
-0.161775
-0.151641
-0.142872
-0.135234
-0.128544
-0.122655
-0.11746
-0.112922
-0.108894
-0.484027
-0.440171
-0.399964
-0.349621
-0.304871
-0.268333
-0.238614
-0.214407
-0.194527
-0.178032
-0.164201
-0.152492
-0.142492
-0.133884
-0.126424
-0.119921
-0.11422
-0.109217
-0.104864
-0.10096
-0.489815
-0.445049
-0.398309
-0.344367
-0.297378
-0.259608
-0.229257
-0.204749
-0.184755
-0.168269
-0.154528
-0.142961
-0.133136
-0.124724
-0.117469
-0.111173
-0.105675
-0.100875
-0.0967068
-0.0929307
-0.494166
-0.448404
-0.395059
-0.337754
-0.288844
-0.250069
-0.219241
-0.194549
-0.174536
-0.158138
-0.14455
-0.133178
-0.123572
-0.11539
-0.108369
-0.102301
-0.0970251
-0.0924394
-0.0884572
-0.0848186
-0.496879
-0.449875
-0.390109
-0.329738
-0.279228
-0.239684
-0.20854
-0.183788
-0.163858
-0.147627
-0.134261
-0.123138
-0.113796
-0.105882
-0.0991241
-0.0933088
-0.0882724
-0.0839167
-0.0801301
-0.0766294
-0.497972
-0.449276
-0.383393
-0.320285
-0.268492
-0.228418
-0.19713
-0.17245
-0.152707
-0.136731
-0.123655
-0.11284
-0.103809
-0.0962022
-0.0897394
-0.0842003
-0.0794225
-0.0753168
-0.0717489
-0.068362
-0.49723
-0.446349
-0.374813
-0.309362
-0.256615
-0.216257
-0.185
-0.160527
-0.141079
-0.125445
-0.112732
-0.102286
-0.0936153
-0.0863553
-0.0802233
-0.074986
-0.0704874
-0.0666517
-0.0633182
-0.0600338
-0.494474
-0.440943
-0.364316
-0.296952
-0.243586
-0.203188
-0.17214
-0.148014
-0.128971
-0.113772
-0.101498
-0.0914821
-0.0832253
-0.0763513
-0.0705855
-0.0656776
-0.0614886
-0.0579455
-0.0548005
-0.051689
-0.489533
-0.432951
-0.351861
-0.283044
-0.229396
-0.189203
-0.158544
-0.134909
-0.116388
-0.101722
-0.0899639
-0.0804416
-0.0726532
-0.066207
-0.0608295
-0.0562817
-0.0524329
-0.0491898
-0.0462398
-0.0433323
-0.482226
-0.422305
-0.337426
-0.267635
-0.214042
-0.174295
-0.144213
-0.121222
-0.10335
-0.0893169
-0.0781526
-0.0691775
-0.0618966
-0.0559228
-0.0509693
-0.0468123
-0.0433282
-0.0403956
-0.0376615
-0.0349757
-0.472373
-0.408969
-0.321007
-0.250724
-0.197515
-0.158474
-0.12917
-0.10698
-0.0898919
-0.0765613
-0.0660575
-0.0576949
-0.0509729
-0.0455118
-0.0410192
-0.0372833
-0.0341864
-0.0315792
-0.0290818
-0.026636
-0.459805
-0.39293
-0.302615
-0.232316
-0.179812
-0.141781
-0.113469
-0.0922181
-0.0759905
-0.0634655
-0.0536987
-0.0460102
-0.0398988
-0.0349903
-0.0309941
-0.027709
-0.0250217
-0.0227568
-0.0205153
-0.0183316
-0.444372
-0.374194
-0.282275
-0.21243
-0.160977
-0.124292
-0.0971072
-0.0769242
-0.0616778
-0.0500518
-0.0410974
-0.0341429
-0.0286919
-0.0243759
-0.0209106
-0.0181051
-0.0158499
-0.0139449
-0.0119772
-0.01008
-0.425956
-0.35278
-0.259991
-0.191143
-0.141157
-0.105952
-0.0801025
-0.0611319
-0.0469833
-0.0363466
-0.0282775
-0.0221152
-0.0173722
-0.0136879
-0.0107865
-0.00848862
-0.00668755
-0.00515996
-0.00348445
-0.00189914
-0.404481
-0.328745
-0.235731
-0.168611
-0.120355
-0.0868066
-0.0624927
-0.0448795
-0.0319403
-0.0223797
-0.0152654
-0.00995123
-0.00596171
-0.00294656
-0.000640894
0.00112235
0.00244792
0.00358035
0.00494375
0.00619286
-0.379917
-0.302229
-0.209503
-0.144897
-0.0985962
-0.0669229
-0.0443243
-0.0282092
-0.0165856
-0.00818415
-0.00209053
0.00232256
0.00551575
0.00782623
0.00950588
0.010709
0.0115385
0.0122571
0.0132863
0.0141764
-0.352281
-0.273444
-0.181642
-0.11976
-0.0759348
-0.0463701
-0.0256522
-0.0111678
-0.00096045
0.00620385
0.0112149
0.0146776
0.0170346
0.0186073
0.0196327
0.0202519
0.0205664
0.0208519
0.0215222
0.0220312
-0.321645
-0.242432
-0.152175
-0.0934288
-0.0524449
-0.0252208
-0.00653801
0.00619302
0.0148903
0.0207447
0.0246162
0.027083
0.0285674
0.0293721
0.029717
0.0297312
0.0295151
0.0293503
0.0296353
0.0297395
-0.288155
-0.208774
-0.121609
-0.0660827
-0.0282146
-0.00355099
0.0129511
0.0238165
0.0309176
0.0353959
0.0380761
0.0395063
0.0400852
0.0400942
0.0397348
0.0391261
0.0383692
0.0377427
0.0376171
0.0372894
-0.252042
-0.172732
-0.0898514
-0.0378821
-0.00334808
0.0185568
0.032743
0.0416413
0.0470688
0.0501118
0.0515549
0.0519129
0.0515577
0.0507462
0.0496609
0.0484153
0.0471137
0.046018
0.0454521
0.0446637
-0.213394
-0.134761
-0.0569279
-0.00896586
0.0220392
0.0410127
0.0527606
0.0596018
0.063288
0.0648442
0.0650111
0.0642665
0.0629528
0.0612994
0.0594706
0.0575797
0.0557335
0.0541505
0.0530818
0.0517867
-0.171905
-0.0958264
-0.0230094
0.0205347
0.0478254
0.0637195
0.0729222
0.0776287
0.0795161
0.0795426
0.0784012
0.0765298
0.0742378
0.0717257
0.0691424
0.0666063
0.0642155
0.0620947
0.0603797
0.0584486
-0.12829
-0.0559109
0.0116873
0.050477
0.0738826
0.0865735
0.0931417
0.0956498
0.095692
0.094155
0.0916806
0.088664
0.0853791
0.0819976
0.0786578
0.0754853
0.0725449
0.0697982
0.0672154
0.0644389
-0.0828025
-0.0151241
0.0469326
0.0807016
0.100078
0.109466
0.11333
0.11359
0.111753
0.108628
0.104804
0.10063
0.0963428
0.0920878
0.087997
0.0841976
0.0806898
0.0772184
0.073617
0.0701855
-0.0356519
0.0263371
0.0825058
0.111049
0.126278
0.132288
0.133396
0.131374
0.127634
0.122906
0.117723
0.112386
0.107094
0.101968
0.0971354
0.0927068
0.0885928
0.0843483
0.0798325
0.0770781
0.0123786
0.0681774
0.118195
0.141363
0.152356
0.154932
0.153248
0.148923
0.143269
0.136934
0.13039
0.12389
0.117598
0.11161
0.106044
0.100971
0.0962092
0.0912621
0.0862792
0.0839251
0.0609619
0.110138
0.153767
0.171461
0.178163
0.177276
0.172788
0.166156
0.158589
0.150652
0.142755
0.135101
0.127818
0.120983
0.11469
0.108965
0.103558
0.0980245
0.0927728
0.0904311
0.109707
0.151915
0.188989
0.201162
0.203554
0.199204
0.191919
0.182992
0.173527
0.164003
0.154768
0.145976
0.13772
0.130052
0.12304
0.116663
0.110643
0.104622
0.0991413
0.0965575
0.158202
0.193204
0.223628
0.230284
0.228384
0.220597
0.210543
0.19935
0.188015
0.17693
0.166382
0.156475
0.147268
0.138786
0.131068
0.124052
0.117459
0.111008
0.105277
0.102331
0.206036
0.233702
0.257451
0.258647
0.252508
0.241337
0.228563
0.215149
0.201985
0.189376
0.177547
0.166555
0.156424
0.147152
0.138745
0.131114
0.123986
0.117138
0.11113
0.107767
0.252802
0.273106
0.29023
0.28607
0.275782
0.261308
0.245884
0.23031
0.21537
0.201284
0.188216
0.176176
0.165154
0.155119
0.146047
0.137827
0.1302
0.122975
0.116677
0.112873
0.2981
0.311123
0.321741
0.312378
0.298067
0.280396
0.262413
0.244756
0.228107
0.212601
0.198344
0.185299
0.173423
0.162657
0.152949
0.144171
0.136075
0.128494
0.1219
0.117649
0.341544
0.34747
0.351769
0.337401
0.319225
0.298491
0.278059
0.258413
0.240132
0.223273
0.207884
0.193884
0.181198
0.169738
0.159426
0.150123
0.141588
0.13367
0.126786
0.122088
0.38277
0.381869
0.380105
0.360974
0.339127
0.315487
0.292735
0.271208
0.251386
0.23325
0.216794
0.201895
0.188447
0.176334
0.165456
0.155661
0.146719
0.138487
0.131321
0.126187
0.421442
0.41405
0.406551
0.382941
0.357648
0.331283
0.306361
0.283073
0.261812
0.242484
0.225034
0.209298
0.19514
0.18242
0.171015
0.160765
0.151447
0.142926
0.135493
0.129937
0.457244
0.443754
0.43092
0.403156
0.374672
0.345787
0.318858
0.293946
0.271357
0.250931
0.232565
0.216059
0.201249
0.18797
0.176083
0.165415
0.155755
0.14697
0.139288
0.133331
0.489878
0.470752
0.453038
0.421484
0.39009
0.35891
0.330155
0.303766
0.279972
0.258549
0.239352
0.222148
0.206747
0.192964
0.18064
0.169595
0.159628
0.150607
0.142695
0.136364
0.519069
0.494839
0.47275
0.437802
0.403804
0.370573
0.340188
0.312481
0.287611
0.265301
0.245364
0.227539
0.211613
0.19738
0.184667
0.173288
0.16305
0.153822
0.145704
0.13903
0.544568
0.515832
0.489913
0.451998
0.415727
0.380706
0.348898
0.320043
0.294236
0.271152
0.250572
0.232206
0.215823
0.2012
0.188149
0.17648
0.166008
0.156601
0.148302
0.141324
0.566159
0.533572
0.504406
0.463978
0.425783
0.389246
0.356236
0.326409
0.29981
0.276074
0.25495
0.236129
0.219361
0.204408
0.191072
0.17916
0.168491
0.158935
0.150482
0.143241
0.583659
0.547926
0.516126
0.47366
0.433904
0.396141
0.362157
0.331544
0.304306
0.280041
0.258479
0.239289
0.222209
0.206991
0.193425
0.181316
0.17049
0.160814
0.152236
0.144778
0.596918
0.558785
0.524988
0.480977
0.440041
0.401348
0.366627
0.33542
0.307697
0.283033
0.261139
0.241671
0.224357
0.208938
0.195198
0.18294
0.171995
0.16223
0.153557
0.145933
0.605822
0.566069
0.530929
0.48588
0.444152
0.404835
0.369621
0.338015
0.309968
0.285036
0.26292
0.243265
0.225793
0.21024
0.196384
0.184026
0.173002
0.163177
0.15444
0.146703
0.610296
0.569725
0.533909
0.48834
0.446213
0.406584
0.371121
0.339316
0.311106
0.28604
0.263812
0.244064
0.226513
0.210892
0.196978
0.18457
0.173507
0.163652
0.154883
0.147089
0.610296
0.569725
0.533909
0.48834
0.446213
0.406584
0.371121
0.339316
0.311106
0.28604
0.263812
0.244064
0.226513
0.210892
0.196978
0.18457
0.173507
0.163652
0.154883
0.147089
0.605822
0.566069
0.530929
0.48588
0.444152
0.404835
0.369621
0.338015
0.309968
0.285036
0.26292
0.243265
0.225793
0.21024
0.196384
0.184026
0.173002
0.163177
0.15444
0.146703
0.596918
0.558785
0.524988
0.480977
0.440041
0.401348
0.366627
0.33542
0.307697
0.283033
0.261139
0.241671
0.224357
0.208938
0.195198
0.18294
0.171995
0.16223
0.153557
0.145933
0.583659
0.547926
0.516126
0.47366
0.433904
0.396141
0.362157
0.331544
0.304306
0.280041
0.258479
0.239289
0.222209
0.206991
0.193425
0.181316
0.17049
0.160814
0.152236
0.144778
0.566159
0.533572
0.504406
0.463978
0.425783
0.389246
0.356236
0.326409
0.29981
0.276074
0.25495
0.236129
0.219361
0.204408
0.191072
0.17916
0.168491
0.158935
0.150482
0.143241
0.544568
0.515832
0.489913
0.451998
0.415727
0.380706
0.348898
0.320043
0.294236
0.271152
0.250572
0.232206
0.215823
0.2012
0.188149
0.17648
0.166008
0.156601
0.148302
0.141324
0.519069
0.494839
0.47275
0.437802
0.403804
0.370573
0.340188
0.312481
0.287611
0.265301
0.245364
0.227539
0.211613
0.19738
0.184667
0.173288
0.16305
0.153822
0.145704
0.13903
0.489878
0.470752
0.453038
0.421484
0.39009
0.35891
0.330155
0.303766
0.279972
0.258549
0.239352
0.222148
0.206747
0.192964
0.18064
0.169595
0.159628
0.150607
0.142695
0.136364
0.457244
0.443754
0.43092
0.403156
0.374672
0.345787
0.318858
0.293946
0.271357
0.250931
0.232565
0.216059
0.201249
0.18797
0.176083
0.165415
0.155755
0.14697
0.139288
0.133331
0.421442
0.41405
0.406551
0.382941
0.357648
0.331283
0.306361
0.283073
0.261812
0.242484
0.225034
0.209298
0.19514
0.18242
0.171015
0.160765
0.151447
0.142926
0.135493
0.129937
0.38277
0.381869
0.380105
0.360974
0.339127
0.315487
0.292735
0.271208
0.251386
0.23325
0.216794
0.201895
0.188447
0.176334
0.165456
0.155661
0.146719
0.138487
0.131321
0.126186
0.341544
0.34747
0.351769
0.337401
0.319225
0.298491
0.278059
0.258413
0.240132
0.223273
0.207884
0.193884
0.181198
0.169738
0.159426
0.150123
0.141588
0.13367
0.126786
0.122088
0.2981
0.311123
0.321741
0.312378
0.298067
0.280396
0.262413
0.244756
0.228107
0.212601
0.198344
0.185299
0.173423
0.162657
0.152949
0.144171
0.136075
0.128494
0.1219
0.117649
0.252802
0.273106
0.29023
0.28607
0.275782
0.261308
0.245884
0.23031
0.21537
0.201284
0.188216
0.176176
0.165154
0.155119
0.146047
0.137827
0.1302
0.122975
0.116677
0.112873
0.206036
0.233702
0.257451
0.258647
0.252508
0.241337
0.228563
0.215149
0.201985
0.189376
0.177547
0.166555
0.156424
0.147152
0.138745
0.131114
0.123986
0.117138
0.11113
0.107767
0.158202
0.193204
0.223628
0.230284
0.228384
0.220597
0.210543
0.19935
0.188015
0.17693
0.166382
0.156475
0.147268
0.138786
0.131068
0.124052
0.117459
0.111008
0.105277
0.102331
0.109707
0.151915
0.188989
0.201162
0.203554
0.199204
0.191919
0.182992
0.173527
0.164003
0.154768
0.145976
0.13772
0.130052
0.12304
0.116663
0.110643
0.104622
0.0991413
0.0965575
0.0609619
0.110138
0.153767
0.171461
0.178163
0.177276
0.172788
0.166156
0.158589
0.150652
0.142755
0.135101
0.127818
0.120983
0.11469
0.108965
0.103558
0.0980245
0.0927728
0.0904311
0.0123786
0.0681774
0.118195
0.141363
0.152356
0.154932
0.153248
0.148923
0.143269
0.136934
0.13039
0.12389
0.117598
0.11161
0.106044
0.100971
0.0962092
0.0912621
0.0862792
0.0839251
-0.0356519
0.0263371
0.0825058
0.111049
0.126278
0.132288
0.133396
0.131374
0.127634
0.122906
0.117723
0.112386
0.107094
0.101968
0.0971354
0.0927068
0.0885928
0.0843483
0.0798325
0.0770781
-0.0828025
-0.0151241
0.0469326
0.0807016
0.100078
0.109466
0.11333
0.11359
0.111753
0.108628
0.104804
0.10063
0.0963428
0.0920878
0.087997
0.0841976
0.0806898
0.0772184
0.073617
0.0701855
-0.12829
-0.0559109
0.0116873
0.050477
0.0738825
0.0865735
0.0931417
0.0956498
0.0956919
0.094155
0.0916806
0.088664
0.0853791
0.0819976
0.0786578
0.0754853
0.0725449
0.0697982
0.0672154
0.0644389
-0.171905
-0.0958264
-0.0230094
0.0205347
0.0478253
0.0637195
0.0729222
0.0776287
0.0795161
0.0795426
0.0784012
0.0765298
0.0742378
0.0717257
0.0691424
0.0666063
0.0642155
0.0620947
0.0603797
0.0584486
-0.213394
-0.134761
-0.056928
-0.00896587
0.0220392
0.0410127
0.0527606
0.0596018
0.063288
0.0648442
0.0650111
0.0642665
0.0629528
0.0612994
0.0594706
0.0575797
0.0557335
0.0541505
0.0530818
0.0517867
-0.252042
-0.172732
-0.0898515
-0.0378821
-0.0033481
0.0185568
0.032743
0.0416413
0.0470688
0.0501118
0.0515549
0.0519129
0.0515577
0.0507461
0.0496609
0.0484152
0.0471137
0.046018
0.0454521
0.0446637
-0.288155
-0.208774
-0.121609
-0.0660827
-0.0282147
-0.003551
0.0129511
0.0238165
0.0309175
0.0353959
0.0380761
0.0395063
0.0400852
0.0400942
0.0397348
0.0391261
0.0383691
0.0377427
0.0376171
0.0372894
-0.321645
-0.242432
-0.152175
-0.0934288
-0.0524449
-0.0252208
-0.00653802
0.00619301
0.0148903
0.0207447
0.0246162
0.027083
0.0285674
0.0293721
0.029717
0.0297312
0.029515
0.0293503
0.0296353
0.0297395
-0.352281
-0.273444
-0.181642
-0.11976
-0.0759348
-0.0463701
-0.0256522
-0.0111678
-0.000960463
0.00620384
0.0112149
0.0146775
0.0170345
0.0186073
0.0196327
0.0202519
0.0205664
0.0208519
0.0215222
0.0220312
-0.379917
-0.302229
-0.209503
-0.144897
-0.0985962
-0.0669229
-0.0443244
-0.0282092
-0.0165857
-0.00818416
-0.00209054
0.00232255
0.00551574
0.00782623
0.00950587
0.010709
0.0115385
0.0122571
0.0132863
0.0141764
-0.404481
-0.328746
-0.235731
-0.168611
-0.120355
-0.0868067
-0.0624927
-0.0448795
-0.0319403
-0.0223797
-0.0152654
-0.00995124
-0.00596172
-0.00294657
-0.000640903
0.00112234
0.00244792
0.00358035
0.00494374
0.00619285
-0.425956
-0.35278
-0.259991
-0.191143
-0.141157
-0.105952
-0.0801025
-0.0611319
-0.0469833
-0.0363466
-0.0282775
-0.0221152
-0.0173722
-0.0136879
-0.0107865
-0.00848863
-0.00668756
-0.00515997
-0.00348446
-0.00189914
-0.444372
-0.374194
-0.282275
-0.21243
-0.160977
-0.124292
-0.0971073
-0.0769242
-0.0616778
-0.0500518
-0.0410974
-0.0341429
-0.0286919
-0.024376
-0.0209106
-0.0181051
-0.0158499
-0.0139449
-0.0119772
-0.01008
-0.459805
-0.39293
-0.302615
-0.232316
-0.179812
-0.141781
-0.113469
-0.0922182
-0.0759905
-0.0634655
-0.0536987
-0.0460102
-0.0398988
-0.0349903
-0.0309942
-0.027709
-0.0250217
-0.0227568
-0.0205153
-0.0183316
-0.472373
-0.40897
-0.321007
-0.250724
-0.197515
-0.158474
-0.12917
-0.10698
-0.0898919
-0.0765613
-0.0660576
-0.057695
-0.050973
-0.0455118
-0.0410192
-0.0372833
-0.0341864
-0.0315792
-0.0290818
-0.026636
-0.482226
-0.422306
-0.337426
-0.267635
-0.214042
-0.174295
-0.144213
-0.121222
-0.10335
-0.089317
-0.0781526
-0.0691775
-0.0618966
-0.0559229
-0.0509694
-0.0468123
-0.0433283
-0.0403956
-0.0376615
-0.0349757
-0.489533
-0.432951
-0.351861
-0.283044
-0.229396
-0.189203
-0.158544
-0.134909
-0.116388
-0.101723
-0.0899639
-0.0804416
-0.0726532
-0.066207
-0.0608295
-0.0562817
-0.0524329
-0.0491898
-0.0462398
-0.0433323
-0.494474
-0.440943
-0.364316
-0.296952
-0.243586
-0.203188
-0.17214
-0.148014
-0.128971
-0.113772
-0.101498
-0.0914821
-0.0832253
-0.0763513
-0.0705855
-0.0656776
-0.0614886
-0.0579455
-0.0548005
-0.051689
-0.49723
-0.446349
-0.374813
-0.309362
-0.256615
-0.216257
-0.185
-0.160527
-0.141079
-0.125445
-0.112732
-0.102286
-0.0936153
-0.0863553
-0.0802233
-0.074986
-0.0704874
-0.0666517
-0.0633182
-0.0600338
-0.497972
-0.449276
-0.383393
-0.320286
-0.268492
-0.228418
-0.19713
-0.17245
-0.152707
-0.136731
-0.123655
-0.11284
-0.103809
-0.0962022
-0.0897394
-0.0842003
-0.0794225
-0.0753168
-0.0717489
-0.068362
-0.496879
-0.449875
-0.390109
-0.329738
-0.279228
-0.239684
-0.20854
-0.183788
-0.163858
-0.147628
-0.134261
-0.123138
-0.113796
-0.105882
-0.0991241
-0.0933088
-0.0882724
-0.0839167
-0.0801301
-0.0766294
-0.494166
-0.448404
-0.39506
-0.337754
-0.288844
-0.250069
-0.219241
-0.194549
-0.174536
-0.158138
-0.14455
-0.133178
-0.123572
-0.11539
-0.108369
-0.102301
-0.0970251
-0.0924394
-0.0884572
-0.0848186
-0.489815
-0.445049
-0.398309
-0.344367
-0.297378
-0.259608
-0.229257
-0.204749
-0.184755
-0.168269
-0.154528
-0.142961
-0.133136
-0.124724
-0.117469
-0.111173
-0.105675
-0.100875
-0.0967068
-0.0929307
-0.484027
-0.440172
-0.399964
-0.349621
-0.304871
-0.268333
-0.238614
-0.214407
-0.194527
-0.178032
-0.164201
-0.152492
-0.142492
-0.133884
-0.126424
-0.119921
-0.11422
-0.109217
-0.104864
-0.10096
-0.476989
-0.434179
-0.400108
-0.353564
-0.311361
-0.27627
-0.247333
-0.223542
-0.203865
-0.187436
-0.173576
-0.161775
-0.151641
-0.142872
-0.135234
-0.128544
-0.122655
-0.11746
-0.112922
-0.108894
-0.468874
-0.427473
-0.398827
-0.356263
-0.316892
-0.283452
-0.255439
-0.232174
-0.212788
-0.196493
-0.182663
-0.170817
-0.160589
-0.15169
-0.143899
-0.137042
-0.130979
-0.125601
-0.120878
-0.116725
-0.459882
-0.420408
-0.396236
-0.357816
-0.321519
-0.289913
-0.262964
-0.24033
-0.221315
-0.205221
-0.191473
-0.179629
-0.169343
-0.160345
-0.152424
-0.145417
-0.139193
-0.133642
-0.12873
-0.124447
-0.450244
-0.413263
-0.392505
-0.358344
-0.3253
-0.295689
-0.26994
-0.248039
-0.229472
-0.213637
-0.200022
-0.188221
-0.177912
-0.168843
-0.160815
-0.153674
-0.147298
-0.141582
-0.136478
-0.132057
-0.440217
-0.406224
-0.387873
-0.357985
-0.328292
-0.300816
-0.276399
-0.25533
-0.237283
-0.221765
-0.208328
-0.196608
-0.186309
-0.177195
-0.16908
-0.161819
-0.1553
-0.149425
-0.144127
-0.139558
-0.430077
-0.399387
-0.382649
-0.356885
-0.330553
-0.305331
-0.282373
-0.262234
-0.244775
-0.229625
-0.216411
-0.204807
-0.194547
-0.185412
-0.17723
-0.169862
-0.163206
-0.157179
-0.15168
-0.146952
-0.420089
-0.392788
-0.377177
-0.355187
-0.332142
-0.309268
-0.287891
-0.268776
-0.251974
-0.237243
-0.224289
-0.212836
-0.202642
-0.193509
-0.185276
-0.177814
-0.171027
-0.16485
-0.159147
-0.154247
-0.410481
-0.386437
-0.371784
-0.353032
-0.333126
-0.31266
-0.292975
-0.274981
-0.258903
-0.244641
-0.231986
-0.220713
-0.210611
-0.201501
-0.193234
-0.18569
-0.178775
-0.172451
-0.166539
-0.161452
-0.401422
-0.38035
-0.36671
-0.350563
-0.333579
-0.315543
-0.297644
-0.280865
-0.265584
-0.251841
-0.239522
-0.228459
-0.218473
-0.209405
-0.20112
-0.193507
-0.186467
-0.179996
-0.17387
-0.168582
-0.393013
-0.374563
-0.362071
-0.347936
-0.333588
-0.317946
-0.301909
-0.286438
-0.272032
-0.258863
-0.246919
-0.236093
-0.226247
-0.21724
-0.208952
-0.201282
-0.194122
-0.187506
-0.385291
-0.369134
-0.357874
-0.345313
-0.333248
-0.319905
-0.305776
-0.291704
-0.278254
-0.265721
-0.254194
-0.243636
-0.233952
-0.225027
-0.21675
-0.209039
-0.201764
-0.378258
-0.364121
-0.354069
-0.342839
-0.332663
-0.321459
-0.309244
-0.296652
-0.28425
-0.272422
-0.261361
-0.251106
-0.241608
-0.232785
-0.224536
-0.216798
-0.371888
-0.359559
-0.350603
-0.340603
-0.331943
-0.322656
-0.312316
-0.301265
-0.290002
-0.278964
-0.268429
-0.258517
-0.249234
-0.240536
-0.232332
-0.366143
-0.355456
-0.347454
-0.338627
-0.331192
-0.323559
-0.314997
-0.305518
-0.295483
-0.285327
-0.275393
-0.265876
-0.256843
-0.248297
-0.36098
-0.35179
-0.344623
-0.336891
-0.330492
-0.324242
-0.317301
-0.309382
-0.300649
-0.291477
-0.282233
-0.27318
-0.264444
-0.35635
-0.348525
-0.342111
-0.335371
-0.329887
-0.324777
-0.319259
-0.312831
-0.305445
-0.297357
-0.28891
-0.28041
-0.272034
-0.352196
-0.345614
-0.339908
-0.334058
-0.32939
-0.325226
-0.320911
-0.315853
-0.309812
-0.302892
-0.295357
-0.287521
-0.348456
-0.343007
-0.337991
-0.332953
-0.32901
-0.32564
-0.322316
-0.318459
-0.313705
-0.307999
-0.301485
-0.29444
-0.345089
-0.340653
-0.3363
-0.332014
-0.328717
-0.326021
-0.323503
-0.32066
-0.317081
-0.312586
-0.307178
-0.342011
-0.338527
-0.334796
-0.331221
-0.328508
-0.326387
-0.32452
-0.322498
-0.319936
-0.316581
-0.312315
-0.339189
-0.336565
-0.333432
-0.330536
-0.328365
-0.326743
-0.325402
-0.324026
-0.322296
-0.319948
-0.336575
-0.334728
-0.332165
-0.329913
-0.328252
-0.327077
-0.326169
-0.325296
-0.324217
-0.3227
-0.334121
-0.332984
-0.330954
-0.329311
-0.328131
-0.327364
-0.326827
-0.326349
-0.325766
-0.33179
-0.331307
-0.329771
-0.328694
-0.327963
-0.327575
-0.327367
-0.327213
-0.327008
-0.32955
-0.329676
-0.328597
-0.328034
-0.327718
-0.327682
-0.327773
-0.327898
-0.327991
-0.327386
-0.328088
-0.327416
-0.327312
-0.327374
-0.327663
-0.328028
-0.328403
-0.328745
-0.325291
-0.32654
-0.326222
-0.326524
-0.326922
-0.327503
-0.32812
-0.328723
-0.323269
-0.325035
-0.325019
-0.325674
-0.326364
-0.327201
-0.328045
-0.328856
-0.321333
-0.323585
-0.323822
-0.324776
-0.325711
-0.326769
-0.327811
-0.328807
-0.319501
-0.322206
-0.32265
-0.323852
-0.324988
-0.326229
-0.327438
-0.328593
-0.317802
-0.32092
-0.321528
-0.32293
-0.324225
-0.325612
-0.326956
-0.328242
-0.316263
-0.319751
-0.320487
-0.322046
-0.323462
-0.32496
-0.326407
-0.327794
-0.314917
-0.318725
-0.319557
-0.321234
-0.322739
-0.324317
-0.325838
-0.313796
-0.317868
-0.318768
-0.320533
-0.322098
-0.323731
-0.325301
-0.312926
-0.317202
-0.318149
-0.319973
-0.321578
-0.323245
-0.324845
-0.312333
-0.316747
-0.317722
-0.319584
-0.321211
-0.322898
-0.324515
-0.312031
-0.316515
-0.317505
-0.319384
-0.321022
-0.322718
-0.324341
-0.0829525
-0.090925
-0.0988335
-0.106663
-0.114402
-0.122043
-0.129581
-0.137013
-0.144343
-0.15157
-0.158708
-0.0824318
-0.0903054
-0.0981148
-0.105844
-0.113483
-0.121021
-0.128454
-0.135777
-0.142991
-0.150095
-0.1571
-0.0819043
-0.0896472
-0.0973229
-0.104915
-0.112413
-0.119805
-0.127086
-0.134249
-0.141294
-0.148217
-0.155029
-0.0813694
-0.0889924
-0.0965477
-0.104018
-0.111393
-0.11866
-0.125813
-0.132844
-0.139754
-0.146534
-0.153198
-0.0808276
-0.0883352
-0.0957758
-0.103132
-0.110393
-0.117546
-0.124585
-0.131501
-0.138295
-0.144957
-0.151501
-0.0802803
-0.0876702
-0.0949942
-0.102234
-0.109379
-0.116415
-0.123338
-0.130136
-0.13681
-0.143351
-0.149772
-0.0797278
-0.0869976
-0.0942018
-0.101322
-0.108346
-0.115262
-0.122062
-0.128735
-0.135283
-0.141693
-0.147979
-0.0791709
-0.0863187
-0.0934013
-0.1004
-0.107301
-0.114093
-0.120767
-0.127313
-0.133729
-0.140004
-0.146148
-0.0786105
-0.085635
-0.0925946
-0.0994696
-0.106247
-0.112913
-0.11946
-0.125875
-0.132158
-0.138296
-0.144297
-0.0780478
-0.0849479
-0.0917833
-0.0985334
-0.105185
-0.111724
-0.118141
-0.124425
-0.130573
-0.136572
-0.142429
-0.0774839
-0.0842589
-0.0909688
-0.0975931
-0.104117
-0.110527
-0.116815
-0.122965
-0.128977
-0.134836
-0.140547
-0.0769202
-0.0835694
-0.0901532
-0.0966505
-0.103047
-0.109327
-0.115482
-0.121499
-0.127372
-0.13309
-0.138653
-0.0763579
-0.0828812
-0.0893383
-0.0957082
-0.101975
-0.108125
-0.114147
-0.120028
-0.125762
-0.131339
-0.136754
-0.0757985
-0.0821961
-0.0885263
-0.0947684
-0.100906
-0.106925
-0.112814
-0.118559
-0.124153
-0.129587
-0.134854
-0.0752438
-0.0815161
-0.0877197
-0.0938341
-0.0998427
-0.10573
-0.111485
-0.117095
-0.12255
-0.127841
-0.132962
-0.0746953
-0.0808433
-0.086921
-0.0929081
-0.0987878
-0.104545
-0.110167
-0.115641
-0.120958
-0.126107
-0.131082
-0.135875
-0.0741553
-0.0801802
-0.086133
-0.0919938
-0.0977457
-0.103373
-0.108863
-0.114203
-0.119383
-0.124391
-0.129224
-0.133868
-0.0736257
-0.0795294
-0.0853589
-0.0910949
-0.0967204
-0.102219
-0.107579
-0.112786
-0.117832
-0.122702
-0.127394
-0.131894
-0.0731091
-0.0788938
-0.0846022
-0.0902154
-0.0957166
-0.10109
-0.106322
-0.111399
-0.116312
-0.121047
-0.125603
-0.129963
-0.0726083
-0.0782767
-0.0838667
-0.0893598
-0.0947395
-0.0999894
-0.105097
-0.110047
-0.114832
-0.119437
-0.12386
-0.128086
-0.0721264
-0.0776818
-0.0831567
-0.088533
-0.0937946
-0.0989251
-0.103912
-0.10874
-0.113401
-0.11788
-0.122177
-0.126274
-0.071667
-0.0771133
-0.0824771
-0.0877408
-0.0928885
-0.097904
-0.102775
-0.107486
-0.112028
-0.116389
-0.120564
-0.124541
-0.071234
-0.0765758
-0.0818333
-0.0869893
-0.0920282
-0.0969341
-0.101694
-0.106294
-0.110725
-0.114974
-0.119036
-0.1229
-0.0708321
-0.0760747
-0.0812315
-0.0862856
-0.0912217
-0.0960243
-0.100681
-0.105177
-0.109504
-0.113648
-0.117606
-0.121367
-0.0704666
-0.0756161
-0.0806787
-0.0856375
-0.0904777
-0.0951845
-0.0997449
-0.104146
-0.108377
-0.112427
-0.116291
-0.119958
-0.0701435
-0.075207
-0.0801829
-0.0850541
-0.0898065
-0.0944256
-0.098899
-0.103214
-0.107359
-0.111326
-0.115107
-0.118693
-0.0698691
-0.0748551
-0.0797529
-0.0845456
-0.0892193
-0.0937605
-0.0981568
-0.102396
-0.106468
-0.110362
-0.114072
-0.11759
-0.0696529
-0.0745704
-0.0793999
-0.0841243
-0.0887301
-0.0932045
-0.0975356
-0.101712
-0.105722
-0.109558
-0.113211
-0.116676
-0.069497
-0.0743562
-0.0791277
-0.0837949
-0.0883451
-0.092766
-0.0970462
-0.101174
-0.105139
-0.108932
-0.112546
-0.115974
-0.0694343
-0.07425
-0.0789739
-0.0835904
-0.0880907
-0.0924652
-0.096703
-0.100793
-0.104724
-0.108488
-0.112077
-0.115484
0.0677613
0.0615703
0.0555742
0.0490572
0.0421585
0.0350753
0.027831
0.0204353
0.0129015
0.00524378
-0.00252281
-0.0103836
-0.0183245
-0.0263313
-0.0343892
-0.0424835
-0.050599
-0.0587216
-0.0668398
-0.0749256
0.0666221
0.0601606
0.0541082
0.0476665
0.0408579
0.0338882
0.0267628
0.0194873
0.0120752
0.00453959
-0.00310557
-0.0108465
-0.0186694
-0.0265606
-0.0345055
-0.0424897
-0.050498
-0.0585172
-0.0665264
-0.0745051
0.0651939
0.0586094
0.0524902
0.0461498
0.039432
0.0325687
0.0255583
0.0183994
0.0111068
0.00369282
-0.00382959
-0.0114471
-0.0191464
-0.0269138
-0.0347346
-0.0425944
-0.0504779
-0.0583702
-0.0662535
-0.0741064
0.063588
0.0570239
0.0508346
0.0446153
0.0380046
0.031252
0.0243641
0.0173285
0.0101612
0.00287382
-0.00452164
-0.0120125
-0.0195858
-0.0272281
-0.0349249
-0.0426615
-0.0504224
-0.0581923
-0.0659564
-0.0736916
0.0618635
0.055409
0.0491498
0.043054
0.0365659
0.0299242
0.0231617
0.016253
0.00921351
0.00205548
-0.0052105
-0.0125724
-0.0200176
-0.0275329
-0.0351042
-0.0427167
-0.050355
-0.058004
-0.0656492
-0.073267
0.0600482
0.053762
0.0474468
0.0414664
0.0351158
0.0285853
0.0219481
0.0151682
0.00825721
0.00122901
-0.00590689
-0.0131392
-0.0204556
-0.0278432
-0.0352879
-0.0427753
-0.0502898
-0.0578165
-0.0653405
-0.0728387
0.0581613
0.0520814
0.0457356
0.039856
0.033656
0.0272393
0.020726
0.0140766
0.00729505
0.000397017
-0.0066084
-0.0137107
-0.0208979
-0.0281573
-0.0354749
-0.0428362
-0.050226
-0.057629
-0.0650302
-0.0724072
0.0562214
0.0503678
0.0440239
0.0382285
0.0321872
0.0258901
0.0194983
0.0129806
0.00632938
-0.000438349
-0.007313
-0.014285
-0.0213427
-0.0284734
-0.0356634
-0.0428981
-0.0501622
-0.0574406
-0.0647178
-0.0719726
0.0542458
0.0486241
0.0423173
0.0365911
0.0307106
0.024541
0.0182682
0.0118821
0.00536222
-0.00127532
-0.00801932
-0.014861
-0.0217891
-0.028791
-0.0358531
-0.0429607
-0.0500987
-0.0572517
-0.0644041
-0.0715356
0.052249
0.0468548
0.0406191
0.0349518
0.0292278
0.0231949
0.0170397
0.0107834
0.00439559
-0.00211201
-0.00872587
-0.0154376
-0.0222363
-0.0291095
-0.0360437
-0.0430242
-0.0500358
-0.0570628
-0.0640896
-0.071097
0.050243
0.0450655
0.0389317
0.0333186
0.0277417
0.0218539
0.0158165
0.00968716
0.00343151
-0.00294641
-0.00943104
-0.0160134
-0.0226833
-0.0294283
-0.0362349
-0.0430884
-0.0499735
-0.0568744
-0.0637752
-0.0706577
0.048238
0.0432632
0.0372569
0.0316991
0.0262568
0.0205197
0.0146026
0.00859642
0.00247201
-0.00377651
-0.0101331
-0.0165871
-0.023129
-0.0297466
-0.0364262
-0.0431532
-0.0499122
-0.056687
-0.0634616
-0.0702188
0.0462426
0.0414554
0.0355964
0.0300999
0.0247785
0.0191941
0.0134013
0.00751475
0.0015193
-0.00460036
-0.0108302
-0.0171574
-0.0235726
-0.0300638
-0.0366174
-0.0432186
-0.0498519
-0.056501
-0.0631495
-0.0697813
0.0442648
0.0396498
0.0339528
0.0285266
0.0233134
0.0178793
0.0122155
0.00644592
0.000575904
-0.00541602
-0.0115205
-0.0177228
-0.0240128
-0.0303791
-0.0368079
-0.0432844
-0.0497929
-0.0563171
-0.0628399
-0.0693464
0.042312
0.0378545
0.0323291
0.026984
0.0218684
0.0165786
0.0110476
0.00539368
-0.000355295
-0.00622153
-0.0122022
-0.0182818
-0.0244486
-0.0306917
-0.0369973
-0.0433506
-0.0497355
-0.0561357
-0.0625338
-0.0689155
0.0403917
0.0360774
0.0307292
0.0254763
0.0204505
0.0152961
0.00989984
0.00436151
-0.00127104
-0.0070148
-0.0128735
-0.0188326
-0.0248789
-0.0310009
-0.0371853
-0.0434171
-0.0496801
-0.0559576
-0.0622321
-0.0684899
0.0385115
0.0343268
0.0291578
0.0240075
0.0190663
0.0140368
0.00877455
0.0033525
-0.00216787
-0.00779346
-0.0135327
-0.0193739
-0.0253024
-0.031306
-0.0373715
-0.0434839
-0.0496269
-0.0557836
-0.0619362
-0.0680714
0.0366795
0.0326112
0.02762
0.0225816
0.0177224
0.0128066
0.00767467
0.00236937
-0.00304233
-0.00855482
-0.014178
-0.0199041
-0.025718
-0.0316062
-0.0375556
-0.0435512
-0.0495766
-0.0556146
-0.0616474
-0.0676616
0.0349043
0.0309396
0.026122
0.0212027
0.0164247
0.0116118
0.00660384
0.00141468
-0.00389115
-0.00929597
-0.0148075
-0.0204218
-0.0261245
-0.0319008
-0.0377373
-0.0436191
-0.0495297
-0.0554517
-0.0613671
-0.0672627
0.0331952
0.0293217
0.0246706
0.0198752
0.015179
0.0104591
0.00556656
0.000491131
-0.00471134
-0.0100138
-0.015419
-0.0209256
-0.0265208
-0.0321892
-0.0379166
-0.043688
-0.049487
-0.0552961
-0.0610972
-0.0668768
0.0315622
0.0277676
0.0232739
0.0186042
0.0139906
0.00935541
0.00456811
-0.000398195
-0.00550011
-0.0107054
-0.0160103
-0.021414
-0.026906
-0.0324708
-0.0380933
-0.0437584
-0.0494496
-0.0551494
-0.0608397
-0.0665068
0.0300163
0.0262887
0.0219405
0.0173958
0.0128652
0.00830731
0.00361446
-0.00124957
-0.00625474
-0.0113679
-0.0165788
-0.0218856
-0.0272793
-0.0327453
-0.0382676
-0.0438309
-0.0494186
-0.0550133
-0.0605969
-0.0661553
0.0285695
0.0248972
0.0206809
0.0162566
0.0118086
0.00732153
0.00271209
-0.00205854
-0.00697229
-0.0119985
-0.0171222
-0.0223386
-0.0276399
-0.0330123
-0.0384398
-0.0439064
-0.0493956
-0.05489
-0.0603717
-0.065826
0.0272353
0.0236066
0.0195064
0.0151951
0.010827
0.00640482
0.00186786
-0.00281984
-0.00764936
-0.0125946
-0.017638
-0.0227714
-0.027987
-0.033272
-0.0386105
-0.0439862
-0.0493825
-0.0547821
-0.0601671
-0.0655226
0.0260286
0.0224318
0.0184302
0.0142208
0.0099278
0.00556407
0.00108888
-0.00352749
-0.00828188
-0.0131534
-0.0181238
-0.0231823
-0.0283198
-0.0335243
-0.0387804
-0.0440718
-0.0493816
-0.0546925
-0.0599869
-0.0652497
0.0249664
0.0213898
0.0174677
0.0133454
0.00911927
0.00480646
0.000382193
-0.00417527
-0.00886536
-0.013672
-0.0185775
-0.0235695
-0.0286375
-0.0337694
-0.0389506
-0.0441647
-0.049395
-0.0546244
-0.0598358
-0.0650124
0.0240673
0.0204997
0.0166368
0.0125838
0.00841263
0.00414089
-0.000244264
-0.0047564
-0.00939499
-0.0141474
-0.0189979
-0.0239327
-0.0289405
-0.0340089
-0.0391235
-0.0442684
-0.0494269
-0.0545814
-0.0597149
-0.0648153
0.0233521
0.0197816
0.0159564
0.0119525
0.00782174
0.00357973
-0.000778425
-0.00525919
-0.00986052
-0.0145718
-0.0193789
-0.0242681
-0.0292268
-0.0342424
-0.0393008
-0.0443867
-0.0494845
-0.0545774
-0.0596473
-0.0646704
0.0228469
0.0192596
0.0154456
0.0114634
0.00735235
0.00312585
-0.00121675
-0.00567747
-0.0102529
-0.0149336
-0.019707
-0.0245595
-0.0294784
-0.0344504
-0.0394617
-0.0444968
-0.0495396
-0.0545735
-0.0595848
-0.064567
0.02259
0.0189808
0.0151502
0.01115
0.00701815
0.00277063
-0.00158954
-0.00606138
-0.0106402
-0.0153166
-0.0200786
-0.0249131
-0.0298074
-0.0347486
-0.0397235
-0.0447179
-0.0497168
-0.0547034
-0.0596586
-0.0645593
0.0888329
0.0890796
0.0892751
0.0894647
0.0895344
0.0895405
0.0892733
0.0888357
0.0879855
0.0869102
0.0852942
0.0834354
0.0808916
0.0780077
0.0737609
0.0884895
0.0886898
0.0888245
0.0889306
0.0888986
0.0887789
0.0883758
0.0877795
0.0867709
0.0855051
0.0837214
0.081625
0.0789245
0.075654
0.0716139
0.0881273
0.0882823
0.0883533
0.0883723
0.0882359
0.0879881
0.0874501
0.0866973
0.0855392
0.0840948
0.0821656
0.0798657
0.0770533
0.0735809
0.0697701
0.0877462
0.0878547
0.0878587
0.0877856
0.0875398
0.0871575
0.0864785
0.0855618
0.0842483
0.0826196
0.0805406
0.0780435
0.0751202
0.0715209
0.0677804
0.0873458
0.0874064
0.087341
0.0871722
0.0868132
0.0862918
0.0854679
0.0843828
0.0829109
0.0810959
0.0788655
0.0761827
0.0731471
0.069459
0.0657231
0.0869257
0.0869372
0.0868004
0.0865325
0.0860572
0.0853932
0.084422
0.0831663
0.0815353
0.0795367
0.0771562
0.0743046
0.0711582
0.0674108
0.0636672
0.0864855
0.0864468
0.0862364
0.0858662
0.0852717
0.0844619
0.0833414
0.0819138
0.0801235
0.0779456
0.0754173
0.072414
0.06916
0.0653745
0.0616196
0.0860248
0.0859349
0.085649
0.0851732
0.0844569
0.0834983
0.0822266
0.0806265
0.0786769
0.0763252
0.0736513
0.0705122
0.0671551
0.0633434
0.0595754
0.0855435
0.0854014
0.0850381
0.0844538
0.0836131
0.0825034
0.0810789
0.0793066
0.0771979
0.0746791
0.0718623
0.0686016
0.0651476
0.0613147
0.0575348
0.0850417
0.0848465
0.084404
0.0837085
0.0827411
0.0814786
0.0799001
0.077957
0.0756899
0.0730112
0.0700555
0.0666853
0.0631419
0.0592892
0.0555006
0.0845197
0.0842704
0.0837472
0.0829382
0.0818422
0.0804256
0.0786923
0.0765808
0.0741567
0.0713259
0.0682361
0.0647668
0.0611426
0.0572701
0.053476
0.0839779
0.0836738
0.0830685
0.082144
0.0809177
0.0793467
0.0774583
0.0751817
0.0726028
0.0696279
0.0664102
0.0628504
0.0591542
0.0552619
0.0514648
0.0834172
0.0830577
0.0823689
0.0813276
0.0799698
0.0782449
0.0762015
0.0737639
0.0710332
0.0679222
0.0645836
0.0609409
0.0571814
0.05327
0.0494713
0.0828387
0.0824232
0.0816501
0.0804912
0.079001
0.0771234
0.074926
0.0723323
0.0694537
0.0662144
0.0627628
0.0590439
0.0552293
0.0513004
0.047501
0.0822439
0.0817722
0.080914
0.0796373
0.0780144
0.0759862
0.0736364
0.0708921
0.0678708
0.0645108
0.0609545
0.0571658
0.0533034
0.0493595
0.0455598
0.0816349
0.081107
0.0801633
0.0787693
0.0770139
0.0748382
0.0723384
0.0694494
0.0662914
0.0628181
0.0591658
0.0553137
0.0514099
0.0474538
0.0436543
0.0810142
0.0804304
0.0794011
0.077891
0.0760041
0.0736846
0.0710384
0.068011
0.0647232
0.0611442
0.0574042
0.0534951
0.0495558
0.0455905
0.0417916
0.080385
0.0797459
0.0786312
0.0770073
0.0749905
0.0725317
0.0697436
0.0665846
0.0631745
0.0594974
0.055678
0.0517181
0.0477487
0.0437771
0.0399794
0.0797512
0.0790579
0.0778585
0.0761235
0.0739794
0.0713866
0.0684622
0.0651788
0.0616545
0.057887
0.0539961
0.0499917
0.045997
0.0420218
0.0382257
0.0791174
0.0783714
0.0770886
0.0752462
0.0729785
0.0702576
0.0672034
0.063803
0.0601732
0.0563229
0.0523682
0.0483253
0.0443098
0.0403334
0.0365395
0.0784892
0.0776925
0.076328
0.0743827
0.0719961
0.0691539
0.0659773
0.0624681
0.0587413
0.0548163
0.0508051
0.0467293
0.0426971
0.0387217
0.0349305
0.0778733
0.0770282
0.0755847
0.0735417
0.071042
0.0680859
0.0647953
0.0611858
0.0573709
0.053379
0.0493184
0.045215
0.0411699
0.0371973
0.0334092
0.0772771
0.0763867
0.0748676
0.072733
0.0701273
0.0670655
0.0636702
0.0599692
0.0560753
0.0520243
0.047921
0.043795
0.0397404
0.035772
0.0319874
0.0767097
0.0757774
0.074187
0.0719679
0.0692645
0.0661061
0.0626158
0.0588328
0.054869
0.0507667
0.0466271
0.042483
0.0384218
0.0344588
0.0306782
0.0761812
0.075211
0.0735549
0.071259
0.0684676
0.0652226
0.061648
0.0577928
0.0537682
0.0496221
0.0454523
0.0412942
0.0372292
0.0332724
0.0294961
0.0757033
0.0746997
0.0729845
0.0706208
0.0677521
0.0644317
0.0607841
0.056867
0.0527908
0.0486085
0.0444143
0.0402459
0.0361791
0.0322291
0.0284576
0.0752889
0.0742569
0.0724909
0.0700696
0.0671357
0.063752
0.0600435
0.0560754
0.0519571
0.0477457
0.0435327
0.0393573
0.0352906
0.0313476
0.027581
0.0749528
0.0738981
0.0720908
0.0696235
0.066638
0.0632045
0.0594482
0.0554403
0.0512896
0.0470563
0.0428296
0.0386502
0.0345851
0.0306492
0.0268875
0.0747111
0.07364
0.0718026
0.0693027
0.0662807
0.0628124
0.0590224
0.054987
0.0508137
0.0465658
0.0423301
0.038149
0.0340868
0.0301585
0.0264029
0.0745812
0.0735015
0.0716471
0.0691301
0.0660882
0.0626017
0.0587937
0.054744
0.0505586
0.0463035
0.042063
0.0378818
0.0338217
0.0299005
0.0261545
0.100734
0.10159
0.103058
0.105037
0.107424
0.11017
0.113198
0.116466
0.119909
0.123489
0.12715
0.130865
0.13458
0.138266
0.14187
0.100655
0.101509
0.102971
0.104941
0.107317
0.110049
0.113063
0.116315
0.11974
0.123302
0.126943
0.130637
0.134328
0.137984
0.141549
0.100497
0.101348
0.102798
0.10475
0.107102
0.109809
0.112793
0.116014
0.119403
0.122927
0.126527
0.130178
0.133822
0.137419
0.140905
0.100262
0.101108
0.10254
0.104465
0.106783
0.109451
0.112391
0.115563
0.1189
0.122369
0.125908
0.129494
0.133059
0.136567
0.139938
0.0999529
0.100792
0.1022
0.104088
0.10636
0.108977
0.111858
0.114966
0.118231
0.121624
0.125081
0.128584
0.132032
0.135417
0.13864
0.0995721
0.100402
0.10178
0.103623
0.105838
0.10839
0.111197
0.114224
0.117401
0.120703
0.124061
0.127447
0.130748
0.133979
0.137016
0.0991235
0.0999428
0.101283
0.103074
0.105219
0.107695
0.110412
0.113341
0.116401
0.119572
0.122788
0.126055
0.129198
0.132249
0.135064
0.0986113
0.0994172
0.100714
0.102443
0.104508
0.106894
0.109506
0.112325
0.115269
0.11833
0.121409
0.12443
0.127356
0.13021
0.13278
0.0980402
0.0988298
0.100078
0.101736
0.10371
0.105994
0.108485
0.111168
0.11395
0.116841
0.119731
0.122552
0.125252
0.127877
0.130168
0.0974153
0.0981854
0.0993777
0.100958
0.102829
0.104998
0.107354
0.109895
0.112523
0.115227
0.117867
0.120445
0.122888
0.125253
0.127231
0.0967418
0.0974889
0.0986194
0.100113
0.101871
0.103914
0.106114
0.108474
0.110906
0.113425
0.115768
0.11808
0.120246
0.122329
0.123965
0.0960254
0.0967454
0.0978083
0.0992078
0.10084
0.102746
0.104785
0.107003
0.109225
0.111398
0.113452
0.115492
0.11735
0.119118
0.12038
0.0952715
0.09596
0.0969497
0.0982465
0.0997448
0.101497
0.103337
0.105303
0.107309
0.109197
0.110944
0.11268
0.114195
0.115619
0.116474
0.094486
0.0951382
0.096049
0.0972353
0.0985896
0.10018
0.101843
0.103661
0.105229
0.106814
0.108246
0.109651
0.110785
0.111833
0.112252
0.0936744
0.0942854
0.0951116
0.0961792
0.0973834
0.0988064
0.100265
0.101697
0.102989
0.104285
0.105365
0.106406
0.10712
0.107764
0.107714
0.0928425
0.0934069
0.0941434
0.0950852
0.0961236
0.097363
0.0985296
0.0996878
0.100662
0.101621
0.102306
0.102949
0.103201
0.10341
0.102857
0.0919957
0.0925078
0.0931502
0.093959
0.0948436
0.0958449
0.0967066
0.0975735
0.0982095
0.0988063
0.0990629
0.0992754
0.0990209
0.0987694
0.0976723
0.0911394
0.0915942
0.0921321
0.0928115
0.0934904
0.094223
0.0948147
0.0953734
0.0956467
0.095849
0.0956431
0.0953905
0.0945793
0.0938346
0.0921269
0.0902803
0.0906669
0.0911198
0.0916219
0.0920797
0.0925736
0.0928759
0.0930975
0.0929853
0.0927543
0.092055
0.0912798
0.0898651
0.088591
0.0861669
0.0894247
0.0897517
0.0900528
0.0903865
0.0906393
0.0908763
0.0908716
0.0907433
0.0902245
0.0895419
0.0883166
0.0869758
0.0848699
0.0829239
0.0795992
0.0894247
0.0897517
0.0900528
0.0903865
0.0906393
0.0908763
0.0908716
0.0907433
0.0902245
0.0895419
0.0883166
0.0869758
0.0848699
0.0829239
0.0795992
0.0902803
0.0906669
0.0911198
0.0916219
0.0920797
0.0925736
0.0928759
0.0930975
0.0929852
0.0927543
0.092055
0.0912798
0.0898651
0.0885909
0.0861669
0.0911394
0.0915942
0.0921321
0.0928115
0.0934904
0.094223
0.0948147
0.0953734
0.0956467
0.095849
0.0956431
0.0953905
0.0945793
0.0938346
0.0921269
0.0919957
0.0925078
0.0931502
0.093959
0.0948436
0.0958449
0.0967066
0.0975735
0.0982095
0.0988063
0.0990629
0.0992754
0.0990208
0.0987694
0.0976723
0.0928425
0.0934068
0.0941434
0.0950852
0.0961236
0.097363
0.0985296
0.0996878
0.100662
0.101621
0.102306
0.102949
0.103201
0.10341
0.102857
0.0936744
0.0942854
0.0951116
0.0961792
0.0973833
0.0988064
0.100265
0.101697
0.102989
0.104285
0.105365
0.106406
0.10712
0.107764
0.107714
0.094486
0.0951382
0.096049
0.0972353
0.0985896
0.10018
0.101843
0.103661
0.105229
0.106814
0.108246
0.109651
0.110785
0.111833
0.112252
0.0952715
0.09596
0.0969497
0.0982465
0.0997448
0.101497
0.103337
0.105303
0.107309
0.109197
0.110944
0.11268
0.114195
0.115619
0.116474
0.0960254
0.0967454
0.0978083
0.0992078
0.10084
0.102746
0.104785
0.107003
0.109225
0.111398
0.113452
0.115492
0.11735
0.119118
0.12038
0.0967418
0.0974889
0.0986194
0.100113
0.101871
0.103914
0.106114
0.108474
0.110906
0.113425
0.115768
0.11808
0.120246
0.122329
0.123965
0.0974153
0.0981854
0.0993777
0.100958
0.102829
0.104998
0.107354
0.109895
0.112523
0.115227
0.117867
0.120445
0.122888
0.125253
0.127231
0.0980402
0.0988298
0.100078
0.101736
0.10371
0.105994
0.108485
0.111168
0.11395
0.116841
0.119731
0.122552
0.125252
0.127877
0.130168
0.0986113
0.0994172
0.100714
0.102443
0.104508
0.106894
0.109506
0.112325
0.115269
0.11833
0.121409
0.12443
0.127356
0.13021
0.13278
0.0991235
0.0999428
0.101283
0.103074
0.105219
0.107695
0.110412
0.113341
0.116401
0.119572
0.122788
0.126055
0.129198
0.132249
0.135064
0.0995721
0.100402
0.10178
0.103623
0.105838
0.10839
0.111197
0.114224
0.117401
0.120703
0.124061
0.127447
0.130748
0.133979
0.137016
0.0999529
0.100792
0.1022
0.104088
0.10636
0.108977
0.111858
0.114966
0.118231
0.121624
0.125081
0.128584
0.132032
0.135417
0.13864
0.100262
0.101108
0.10254
0.104465
0.106783
0.109451
0.112391
0.115563
0.1189
0.122369
0.125908
0.129494
0.133059
0.136567
0.139938
0.100497
0.101348
0.102798
0.10475
0.107102
0.109809
0.112793
0.116014
0.119403
0.122927
0.126527
0.130178
0.133822
0.137419
0.140905
0.100655
0.101509
0.102971
0.104941
0.107317
0.110049
0.113063
0.116315
0.11974
0.123302
0.126943
0.130637
0.134328
0.137984
0.141549
0.100734
0.10159
0.103058
0.105037
0.107424
0.11017
0.113198
0.116466
0.119909
0.123489
0.12715
0.130865
0.13458
0.138266
0.14187
0.0745812
0.0735015
0.0716471
0.0691301
0.0660882
0.0626017
0.0587937
0.054744
0.0505586
0.0463035
0.042063
0.0378818
0.0338217
0.0299005
0.0261545
0.0747111
0.07364
0.0718026
0.0693027
0.0662807
0.0628123
0.0590224
0.054987
0.0508137
0.0465658
0.0423301
0.038149
0.0340868
0.0301585
0.0264029
0.0749528
0.0738981
0.0720908
0.0696235
0.066638
0.0632045
0.0594482
0.0554403
0.0512896
0.0470563
0.0428296
0.0386502
0.0345851
0.0306492
0.0268875
0.0752889
0.0742569
0.0724909
0.0700696
0.0671357
0.063752
0.0600435
0.0560753
0.0519571
0.0477457
0.0435327
0.0393573
0.0352906
0.0313476
0.027581
0.0757033
0.0746997
0.0729845
0.0706208
0.0677521
0.0644317
0.0607841
0.056867
0.0527908
0.0486085
0.0444143
0.0402459
0.0361791
0.0322291
0.0284576
0.0761812
0.075211
0.0735549
0.071259
0.0684676
0.0652226
0.061648
0.0577928
0.0537682
0.0496221
0.0454523
0.0412942
0.0372292
0.0332724
0.0294961
0.0767097
0.0757774
0.074187
0.0719679
0.0692645
0.0661061
0.0626158
0.0588328
0.054869
0.0507667
0.0466271
0.042483
0.0384218
0.0344588
0.0306782
0.0772771
0.0763867
0.0748676
0.072733
0.0701273
0.0670655
0.0636702
0.0599692
0.0560753
0.0520243
0.047921
0.043795
0.0397404
0.035772
0.0319874
0.0778733
0.0770282
0.0755847
0.0735417
0.071042
0.0680859
0.0647953
0.0611858
0.0573709
0.053379
0.0493184
0.045215
0.0411699
0.0371973
0.0334092
0.0784892
0.0776925
0.076328
0.0743827
0.0719961
0.0691539
0.0659773
0.0624681
0.0587413
0.0548163
0.0508051
0.0467293
0.0426971
0.0387217
0.0349305
0.0791174
0.0783714
0.0770886
0.0752462
0.0729785
0.0702576
0.0672034
0.063803
0.0601732
0.0563229
0.0523682
0.0483253
0.0443097
0.0403334
0.0365395
0.0797512
0.0790579
0.0778585
0.0761235
0.0739794
0.0713866
0.0684622
0.0651787
0.0616545
0.057887
0.0539961
0.0499917
0.045997
0.0420218
0.0382257
0.080385
0.0797459
0.0786312
0.0770073
0.0749905
0.0725317
0.0697436
0.0665846
0.0631745
0.0594974
0.055678
0.0517181
0.0477487
0.0437771
0.0399794
0.0810142
0.0804304
0.0794011
0.077891
0.0760041
0.0736846
0.0710384
0.068011
0.0647232
0.0611442
0.0574042
0.0534951
0.0495558
0.0455905
0.0417916
0.0816349
0.081107
0.0801633
0.0787693
0.0770139
0.0748382
0.0723384
0.0694494
0.0662914
0.0628181
0.0591657
0.0553137
0.0514099
0.0474538
0.0436543
0.0822439
0.0817722
0.080914
0.0796373
0.0780144
0.0759862
0.0736364
0.0708921
0.0678708
0.0645108
0.0609545
0.0571658
0.0533034
0.0493595
0.0455598
0.0828387
0.0824232
0.0816501
0.0804912
0.079001
0.0771234
0.074926
0.0723323
0.0694537
0.0662144
0.0627628
0.0590439
0.0552293
0.0513004
0.047501
0.0834172
0.0830577
0.0823689
0.0813276
0.0799698
0.0782449
0.0762015
0.0737639
0.0710332
0.0679222
0.0645836
0.0609409
0.0571814
0.05327
0.0494713
0.0839779
0.0836738
0.0830685
0.082144
0.0809177
0.0793467
0.0774583
0.0751817
0.0726028
0.0696279
0.0664102
0.0628504
0.0591542
0.0552619
0.0514648
0.0845197
0.0842704
0.0837472
0.0829382
0.0818422
0.0804256
0.0786923
0.0765808
0.0741567
0.0713259
0.0682361
0.0647668
0.0611426
0.0572701
0.053476
0.0850417
0.0848465
0.084404
0.0837085
0.0827411
0.0814786
0.0799001
0.077957
0.0756899
0.0730112
0.0700555
0.0666852
0.0631419
0.0592892
0.0555006
0.0855435
0.0854014
0.0850381
0.0844538
0.0836131
0.0825034
0.0810789
0.0793066
0.0771979
0.074679
0.0718623
0.0686016
0.0651476
0.0613147
0.0575348
0.0860248
0.0859349
0.085649
0.0851732
0.0844569
0.0834983
0.0822266
0.0806265
0.0786769
0.0763252
0.0736513
0.0705122
0.0671551
0.0633434
0.0595754
0.0864855
0.0864468
0.0862364
0.0858662
0.0852717
0.0844619
0.0833414
0.0819138
0.0801235
0.0779456
0.0754173
0.072414
0.06916
0.0653745
0.0616196
0.0869257
0.0869372
0.0868004
0.0865325
0.0860572
0.0853932
0.084422
0.0831663
0.0815353
0.0795367
0.0771562
0.0743046
0.0711582
0.0674107
0.0636672
0.0873458
0.0874064
0.087341
0.0871722
0.0868132
0.0862918
0.0854679
0.0843828
0.0829109
0.0810959
0.0788655
0.0761827
0.0731471
0.0694589
0.0657231
0.0877462
0.0878547
0.0878587
0.0877856
0.0875398
0.0871575
0.0864785
0.0855618
0.0842483
0.0826195
0.0805406
0.0780435
0.0751202
0.0715208
0.0677804
0.0881273
0.0882823
0.0883533
0.0883723
0.0882359
0.0879881
0.0874501
0.0866973
0.0855392
0.0840948
0.0821656
0.0798657
0.0770533
0.0735809
0.0697701
0.0884895
0.0886898
0.0888245
0.0889306
0.0888986
0.0887789
0.0883758
0.0877795
0.0867709
0.0855051
0.0837214
0.081625
0.0789245
0.075654
0.0716139
0.0888329
0.0890796
0.0892751
0.0894647
0.0895344
0.0895405
0.0892733
0.0888357
0.0879855
0.0869102
0.0852941
0.0834354
0.0808916
0.0780077
0.0737609
0.02259
0.0189808
0.0151501
0.01115
0.00701815
0.00277063
-0.00158954
-0.00606139
-0.0106402
-0.0153166
-0.0200786
-0.0249131
-0.0298074
-0.0347486
-0.0397235
-0.0447179
-0.0497168
-0.0547034
-0.0596586
-0.0645593
0.0228469
0.0192595
0.0154456
0.0114634
0.00735235
0.00312584
-0.00121676
-0.00567747
-0.0102529
-0.0149336
-0.019707
-0.0245595
-0.0294784
-0.0344504
-0.0394617
-0.0444968
-0.0495396
-0.0545735
-0.0595848
-0.064567
0.0233521
0.0197816
0.0159564
0.0119525
0.00782174
0.00357972
-0.000778428
-0.00525919
-0.00986052
-0.0145718
-0.0193789
-0.0242681
-0.0292268
-0.0342424
-0.0393008
-0.0443867
-0.0494845
-0.0545774
-0.0596473
-0.0646704
0.0240673
0.0204997
0.0166368
0.0125838
0.00841262
0.00414088
-0.000244267
-0.0047564
-0.00939499
-0.0141474
-0.0189979
-0.0239327
-0.0289405
-0.0340089
-0.0391235
-0.0442684
-0.0494269
-0.0545814
-0.0597149
-0.0648153
0.0249664
0.0213898
0.0174677
0.0133454
0.00911927
0.00480645
0.00038219
-0.00417527
-0.00886537
-0.013672
-0.0185775
-0.0235695
-0.0286375
-0.0337694
-0.0389506
-0.0441647
-0.049395
-0.0546244
-0.0598358
-0.0650124
0.0260286
0.0224318
0.0184302
0.0142208
0.00992779
0.00556406
0.00108887
-0.00352749
-0.00828188
-0.0131534
-0.0181238
-0.0231823
-0.0283198
-0.0335243
-0.0387804
-0.0440718
-0.0493816
-0.0546925
-0.0599869
-0.0652497
0.0272353
0.0236065
0.0195064
0.0151951
0.010827
0.00640481
0.00186786
-0.00281984
-0.00764936
-0.0125946
-0.017638
-0.0227714
-0.0279871
-0.033272
-0.0386105
-0.0439862
-0.0493825
-0.0547821
-0.0601671
-0.0655226
0.0285695
0.0248972
0.0206809
0.0162566
0.0118086
0.00732152
0.00271209
-0.00205854
-0.00697229
-0.0119985
-0.0171222
-0.0223386
-0.0276399
-0.0330123
-0.0384398
-0.0439064
-0.0493956
-0.05489
-0.0603717
-0.065826
0.0300163
0.0262887
0.0219405
0.0173958
0.0128652
0.00830731
0.00361446
-0.00124958
-0.00625474
-0.0113679
-0.0165788
-0.0218856
-0.0272793
-0.0327453
-0.0382676
-0.0438309
-0.0494186
-0.0550133
-0.0605969
-0.0661553
0.0315622
0.0277676
0.0232739
0.0186042
0.0139906
0.00935541
0.00456811
-0.000398198
-0.00550012
-0.0107054
-0.0160103
-0.021414
-0.026906
-0.0324708
-0.0380933
-0.0437584
-0.0494496
-0.0551494
-0.0608397
-0.0665068
0.0331952
0.0293217
0.0246706
0.0198752
0.015179
0.0104591
0.00556656
0.000491128
-0.00471134
-0.0100138
-0.015419
-0.0209256
-0.0265208
-0.0321892
-0.0379166
-0.043688
-0.049487
-0.0552961
-0.0610972
-0.0668768
0.0349043
0.0309396
0.026122
0.0212027
0.0164247
0.0116118
0.00660384
0.00141468
-0.00389115
-0.00929597
-0.0148075
-0.0204218
-0.0261245
-0.0319008
-0.0377374
-0.0436191
-0.0495297
-0.0554517
-0.0613671
-0.0672627
0.0366795
0.0326112
0.02762
0.0225816
0.0177224
0.0128065
0.00767467
0.00236936
-0.00304233
-0.00855483
-0.014178
-0.0199041
-0.025718
-0.0316062
-0.0375556
-0.0435512
-0.0495766
-0.0556146
-0.0616474
-0.0676616
0.0385115
0.0343268
0.0291577
0.0240075
0.0190663
0.0140368
0.00877455
0.0033525
-0.00216787
-0.00779346
-0.0135327
-0.0193739
-0.0253024
-0.031306
-0.0373715
-0.0434839
-0.0496269
-0.0557836
-0.0619362
-0.0680714
0.0403917
0.0360774
0.0307292
0.0254763
0.0204505
0.0152961
0.00989984
0.00436151
-0.00127104
-0.00701481
-0.0128735
-0.0188327
-0.0248789
-0.0310009
-0.0371853
-0.0434171
-0.0496801
-0.0559576
-0.0622321
-0.0684899
0.042312
0.0378545
0.0323291
0.026984
0.0218684
0.0165786
0.0110476
0.00539368
-0.000355299
-0.00622154
-0.0122022
-0.0182818
-0.0244486
-0.0306917
-0.0369973
-0.0433506
-0.0497355
-0.0561357
-0.0625338
-0.0689155
0.0442648
0.0396498
0.0339528
0.0285266
0.0233134
0.0178793
0.0122155
0.00644592
0.0005759
-0.00541602
-0.0115205
-0.0177228
-0.0240128
-0.0303791
-0.0368079
-0.0432844
-0.0497929
-0.0563171
-0.0628399
-0.0693464
0.0462426
0.0414554
0.0355964
0.0300999
0.0247785
0.0191941
0.0134013
0.00751475
0.0015193
-0.00460036
-0.0108302
-0.0171574
-0.0235726
-0.0300638
-0.0366174
-0.0432186
-0.0498519
-0.056501
-0.0631495
-0.0697813
0.048238
0.0432632
0.0372569
0.0316991
0.0262568
0.0205197
0.0146026
0.00859642
0.00247201
-0.00377652
-0.0101331
-0.0165871
-0.023129
-0.0297466
-0.0364262
-0.0431532
-0.0499122
-0.056687
-0.0634616
-0.0702188
0.050243
0.0450655
0.0389317
0.0333186
0.0277417
0.0218539
0.0158165
0.00968716
0.0034315
-0.00294641
-0.00943105
-0.0160134
-0.0226833
-0.0294283
-0.0362349
-0.0430884
-0.0499735
-0.0568744
-0.0637752
-0.0706577
0.052249
0.0468548
0.0406191
0.0349518
0.0292278
0.0231949
0.0170397
0.0107834
0.00439559
-0.00211201
-0.00872588
-0.0154376
-0.0222363
-0.0291095
-0.0360437
-0.0430242
-0.0500358
-0.0570628
-0.0640896
-0.071097
0.0542458
0.0486241
0.0423173
0.0365911
0.0307106
0.024541
0.0182682
0.0118821
0.00536222
-0.00127533
-0.00801932
-0.014861
-0.0217891
-0.028791
-0.0358531
-0.0429607
-0.0500987
-0.0572517
-0.0644041
-0.0715356
0.0562214
0.0503678
0.0440239
0.0382285
0.0321872
0.0258901
0.0194982
0.0129806
0.00632938
-0.000438354
-0.00731301
-0.014285
-0.0213427
-0.0284734
-0.0356634
-0.0428981
-0.0501622
-0.0574406
-0.0647178
-0.0719726
0.0581613
0.0520814
0.0457356
0.039856
0.033656
0.0272393
0.0207259
0.0140766
0.00729505
0.000397012
-0.0066084
-0.0137107
-0.0208979
-0.0281573
-0.0354749
-0.0428362
-0.050226
-0.057629
-0.0650302
-0.0724072
0.0600482
0.053762
0.0474468
0.0414664
0.0351158
0.0285853
0.021948
0.0151682
0.00825721
0.00122901
-0.00590689
-0.0131392
-0.0204556
-0.0278432
-0.035288
-0.0427753
-0.0502898
-0.0578166
-0.0653405
-0.0728387
0.0618635
0.055409
0.0491498
0.043054
0.0365659
0.0299242
0.0231617
0.016253
0.00921351
0.00205547
-0.0052105
-0.0125724
-0.0200176
-0.0275329
-0.0351042
-0.0427167
-0.050355
-0.058004
-0.0656492
-0.073267
0.063588
0.0570239
0.0508346
0.0446153
0.0380046
0.031252
0.0243641
0.0173285
0.0101612
0.00287381
-0.00452164
-0.0120125
-0.0195858
-0.0272281
-0.0349249
-0.0426615
-0.0504224
-0.0581923
-0.0659565
-0.0736916
0.0651939
0.0586093
0.0524902
0.0461498
0.039432
0.0325687
0.0255583
0.0183994
0.0111068
0.00369281
-0.0038296
-0.0114472
-0.0191464
-0.0269138
-0.0347346
-0.0425944
-0.0504779
-0.0583702
-0.0662535
-0.0741064
0.0666221
0.0601606
0.0541082
0.0476665
0.0408579
0.0338882
0.0267628
0.0194873
0.0120752
0.00453958
-0.00310557
-0.0108465
-0.0186694
-0.0265606
-0.0345055
-0.0424897
-0.0504981
-0.0585172
-0.0665264
-0.0745051
0.0677613
0.0615703
0.0555742
0.0490571
0.0421585
0.0350753
0.027831
0.0204353
0.0129015
0.00524378
-0.00252281
-0.0103837
-0.0183245
-0.0263313
-0.0343892
-0.0424835
-0.050599
-0.0587216
-0.0668398
-0.0749256
-0.0694343
-0.07425
-0.0789739
-0.0835904
-0.0880907
-0.0924652
-0.096703
-0.100793
-0.104724
-0.108488
-0.112077
-0.115484
-0.069497
-0.0743562
-0.0791277
-0.0837949
-0.0883451
-0.092766
-0.0970462
-0.101174
-0.105139
-0.108932
-0.112546
-0.115974
-0.0696529
-0.0745704
-0.0793999
-0.0841243
-0.0887301
-0.0932045
-0.0975356
-0.101712
-0.105722
-0.109558
-0.113211
-0.116676
-0.0698691
-0.0748551
-0.0797529
-0.0845456
-0.0892193
-0.0937605
-0.0981568
-0.102396
-0.106468
-0.110362
-0.114072
-0.11759
-0.0701435
-0.075207
-0.0801829
-0.0850541
-0.0898065
-0.0944256
-0.098899
-0.103214
-0.107359
-0.111326
-0.115107
-0.118693
-0.0704666
-0.0756161
-0.0806787
-0.0856375
-0.0904777
-0.0951845
-0.0997449
-0.104146
-0.108377
-0.112427
-0.116291
-0.119958
-0.0708321
-0.0760747
-0.0812315
-0.0862856
-0.0912217
-0.0960243
-0.100681
-0.105177
-0.109504
-0.113648
-0.117606
-0.121367
-0.071234
-0.0765758
-0.0818333
-0.0869893
-0.0920282
-0.0969341
-0.101694
-0.106294
-0.110725
-0.114974
-0.119036
-0.1229
-0.071667
-0.0771133
-0.0824771
-0.0877408
-0.0928885
-0.097904
-0.102775
-0.107486
-0.112028
-0.116389
-0.120564
-0.124541
-0.0721264
-0.0776818
-0.0831567
-0.088533
-0.0937946
-0.0989251
-0.103912
-0.10874
-0.113401
-0.11788
-0.122177
-0.126274
-0.0726083
-0.0782767
-0.0838667
-0.0893598
-0.0947394
-0.0999894
-0.105097
-0.110047
-0.114832
-0.119437
-0.12386
-0.128086
-0.0731091
-0.0788938
-0.0846022
-0.0902154
-0.0957166
-0.10109
-0.106322
-0.111399
-0.116312
-0.121047
-0.125603
-0.129963
-0.0736257
-0.0795294
-0.0853589
-0.0910949
-0.0967204
-0.102219
-0.107579
-0.112786
-0.117832
-0.122702
-0.127394
-0.131894
-0.0741553
-0.0801802
-0.086133
-0.0919938
-0.0977457
-0.103373
-0.108863
-0.114203
-0.119383
-0.124391
-0.129224
-0.0746953
-0.0808433
-0.086921
-0.0929081
-0.0987878
-0.104545
-0.110167
-0.115641
-0.120958
-0.126107
-0.131082
-0.0752438
-0.0815161
-0.0877197
-0.0938341
-0.0998427
-0.10573
-0.111485
-0.117095
-0.12255
-0.127841
-0.132962
-0.0757985
-0.0821961
-0.0885263
-0.0947684
-0.100906
-0.106925
-0.112814
-0.118559
-0.124153
-0.129587
-0.134854
-0.0763579
-0.0828812
-0.0893383
-0.0957082
-0.101975
-0.108125
-0.114147
-0.120028
-0.125762
-0.131339
-0.136754
-0.0769202
-0.0835694
-0.0901532
-0.0966505
-0.103047
-0.109327
-0.115482
-0.121499
-0.127372
-0.13309
-0.138653
-0.0774839
-0.0842589
-0.0909688
-0.0975931
-0.104117
-0.110527
-0.116815
-0.122965
-0.128977
-0.134836
-0.140547
-0.0780478
-0.0849479
-0.0917833
-0.0985334
-0.105185
-0.111724
-0.118141
-0.124425
-0.130573
-0.136572
-0.142429
-0.0786105
-0.085635
-0.0925946
-0.0994696
-0.106247
-0.112913
-0.11946
-0.125875
-0.132158
-0.138296
-0.144297
-0.0791709
-0.0863187
-0.0934013
-0.1004
-0.107301
-0.114093
-0.120767
-0.127313
-0.133729
-0.140004
-0.146148
-0.0797278
-0.0869976
-0.0942018
-0.101322
-0.108346
-0.115262
-0.122062
-0.128735
-0.135283
-0.141693
-0.147979
-0.0802803
-0.0876702
-0.0949942
-0.102234
-0.109379
-0.116415
-0.123338
-0.130136
-0.13681
-0.143351
-0.149772
-0.0808276
-0.0883352
-0.0957758
-0.103132
-0.110393
-0.117546
-0.124585
-0.131501
-0.138295
-0.144957
-0.151501
-0.0813694
-0.0889924
-0.0965477
-0.104018
-0.111393
-0.11866
-0.125813
-0.132844
-0.139754
-0.146534
-0.153198
-0.0819043
-0.0896472
-0.0973229
-0.104915
-0.112413
-0.119805
-0.127086
-0.134249
-0.141294
-0.148217
-0.155029
-0.0824318
-0.0903054
-0.0981148
-0.105844
-0.113483
-0.121021
-0.128454
-0.135777
-0.142991
-0.150095
-0.1571
-0.0829525
-0.090925
-0.0988335
-0.106663
-0.114402
-0.122043
-0.129581
-0.137013
-0.144343
-0.15157
-0.158708
)
;

boundaryField
{
    inlet
    {
        type            zeroGradient;
    }
    outlet
    {
        type            fixedValue;
        value           nonuniform 0();
    }
    cylinder
    {
        type            zeroGradient;
    }
    top
    {
        type            symmetryPlane;
    }
    bottom
    {
        type            symmetryPlane;
    }
    defaultFaces
    {
        type            empty;
    }
    procBoundary0to1
    {
        type            processor;
        value           nonuniform List<scalar> 
146
(
-0.325894
-0.326063
-0.326379
-0.326807
-0.327297
-0.327297
-0.329114
-0.329462
-0.329684
-0.329742
-0.329613
-0.329283
-0.329283
-0.329007
-0.32797
-0.326624
-0.324896
-0.324896
-0.320548
-0.316792
-0.316792
-0.307236
-0.301059
-0.301059
-0.287068
-0.279591
-0.279591
-0.263909
-0.256086
-0.256086
-0.240159
-0.240159
-0.224587
-0.224587
-0.209418
-0.209418
-0.195001
-0.195001
-0.181159
-0.181159
-0.175653
-0.165757
-0.181159
-0.175653
-0.165757
-0.181159
-0.195001
-0.195001
-0.209418
-0.209418
-0.224587
-0.224587
-0.240159
-0.240159
-0.256086
-0.256086
-0.263909
-0.279591
-0.279591
-0.287068
-0.301059
-0.301059
-0.307236
-0.316792
-0.316792
-0.320548
-0.324896
-0.324896
-0.326624
-0.327971
-0.329007
-0.329283
-0.329283
-0.329613
-0.329742
-0.329684
-0.329462
-0.329114
-0.327297
-0.327297
-0.326807
-0.326379
-0.326063
-0.325894
-0.165757
-0.164001
-0.161718
-0.159728
-0.157909
-0.156053
-0.15412
-0.152142
-0.150144
-0.148129
-0.146098
-0.144054
-0.142002
-0.13995
-0.137905
-0.137905
-0.140488
-0.138331
-0.13621
-0.134136
-0.132121
-0.130178
-0.128322
-0.126567
-0.12493
-0.123429
-0.122083
-0.120913
-0.119947
-0.119212
-0.118705
-0.118705
-0.119212
-0.119947
-0.120913
-0.122083
-0.123429
-0.12493
-0.126567
-0.128322
-0.130178
-0.132121
-0.134136
-0.13621
-0.133868
-0.133868
-0.135875
-0.137905
-0.13995
-0.142002
-0.144054
-0.146098
-0.148129
-0.150144
-0.152142
-0.15412
-0.156053
-0.157909
-0.159728
-0.161718
-0.164001
-0.165757
)
;
    }
}


// ************************************************************************* //
