/*--------------------------------*- C++ -*----------------------------------*\
  =========                 |
  \\      /  F ield         | OpenFOAM: The Open Source CFD Toolbox
   \\    /   O peration     | Website:  https://openfoam.org
    \\  /    A nd           | Version:  7
     \\/     M anipulation  |
\*---------------------------------------------------------------------------*/
FoamFile
{
    version     2.0;
    format      ascii;
    class       vectorField;
    location    "constant/polyMesh";
    object      points;
}
// * * * * * * * * * * * * * * * * * * * * * * * * * * * * * * * * * * * * * //


1420
(
(0.95463 -4 -0.05)
(1.007665 -4 -0.05)
(1.0607 -4 -0.05)
(0.9558290561 -3.824764466 -0.05)
(1.008312602 -3.822367256 -0.05)
(1.0607 -3.819865989 -0.05)
(0.9569721419 -3.657708694 -0.05)
(1.008929975 -3.653026172 -0.05)
(1.0607 -3.648140395 -0.05)
(0.9580618699 -3.498450862 -0.05)
(1.00951853 -3.491589705 -0.05)
(1.0607 -3.484430722 -0.05)
(0.9591007309 -3.346626975 -0.05)
(1.010079611 -3.337688877 -0.05)
(1.0607 -3.328362799 -0.05)
(0.9600910993 -3.201890024 -0.05)
(1.010614503 -3.190971935 -0.05)
(1.0607 -3.179579919 -0.05)
(0.9610352385 -3.063909202 -0.05)
(1.011124426 -3.051103544 -0.05)
(1.0607 -3.037742026 -0.05)
(0.9619353066 -2.93236914 -0.05)
(1.011610547 -2.917764024 -0.05)
(1.0607 -2.902524937 -0.05)
(0.9627933607 -2.806969194 -0.05)
(1.012073976 -2.790648615 -0.05)
(1.0607 -2.773619601 -0.05)
(0.963611362 -2.68742275 -0.05)
(1.012515773 -2.669466784 -0.05)
(1.0607 -2.650731395 -0.05)
(0.9643911801 -2.573456575 -0.05)
(1.012936947 -2.55394156 -0.05)
(1.0607 -2.533579447 -0.05)
(0.9651345973 -2.46481019 -0.05)
(1.013338462 -2.4438089 -0.05)
(1.0607 -2.421895997 -0.05)
(0.9658433128 -2.361235273 -0.05)
(1.013721234 -2.338817085 -0.05)
(1.0607 -2.31542578 -0.05)
(0.9665189464 -2.262495095 -0.05)
(1.014086139 -2.238726149 -0.05)
(1.0607 -2.213925452 -0.05)
(0.9671630423 -2.168363978 -0.05)
(1.014434011 -2.143307324 -0.05)
(1.0607 -2.117163024 -0.05)
(0.9677770727 -2.078626776 -0.05)
(1.014765645 -2.052342523 -0.05)
(1.0607 -2.024917338 -0.05)
(0.968362441 -1.993078387 -0.05)
(1.015081798 -1.965623838 -0.05)
(1.0607 -1.936977557 -0.05)
(0.968920485 -1.911523283 -0.05)
(1.015383194 -1.882953066 -0.05)
(1.0607 -1.853142688 -0.05)
(0.9694524803 -1.833775062 -0.05)
(1.015670521 -1.804141255 -0.05)
(1.0607 -1.77322112 -0.05)
(0.9699596428 -1.759656025 -0.05)
(1.015944436 -1.729008275 -0.05)
(1.0607 -1.697030183 -0.05)
(0.9704431315 -1.688996766 -0.05)
(1.016205565 -1.657382403 -0.05)
(1.0607 -1.624395739 -0.05)
(0.9709040517 -1.621635788 -0.05)
(1.016454505 -1.58909993 -0.05)
(1.0607 -1.555151773 -0.05)
(0.9713434568 -1.55741913 -0.05)
(1.016691825 -1.524004793 -0.05)
(1.0607 -1.489140024 -0.05)
(0.9717623509 -1.49620002 -0.05)
(1.016918067 -1.46194821 -0.05)
(1.0607 -1.426209615 -0.05)
(0.9721616917 -1.437838537 -0.05)
(1.017133748 -1.402788346 -0.05)
(1.0607 -1.366216714 -0.05)
(0.9725423918 -1.38220129 -0.05)
(1.017339361 -1.346389985 -0.05)
(1.0607 -1.309024202 -0.05)
(0.9729053213 -1.329161115 -0.05)
(1.017535377 -1.292624225 -0.05)
(1.0607 -1.25450136 -0.05)
(0.9732513097 -1.278596786 -0.05)
(1.017722243 -1.241368179 -0.05)
(0.95463 -4 0.05)
(1.007665 -4 0.05)
(1.0607 -4 0.05)
(0.9558290561 -3.824764466 0.05)
(1.008312602 -3.822367256 0.05)
(1.0607 -3.819865989 0.05)
(0.9569721419 -3.657708694 0.05)
(1.008929975 -3.653026172 0.05)
(1.0607 -3.648140395 0.05)
(0.9580618699 -3.498450862 0.05)
(1.00951853 -3.491589705 0.05)
(1.0607 -3.484430722 0.05)
(0.9591007309 -3.346626975 0.05)
(1.010079611 -3.337688877 0.05)
(1.0607 -3.328362799 0.05)
(0.9600910993 -3.201890024 0.05)
(1.010614503 -3.190971935 0.05)
(1.0607 -3.179579919 0.05)
(0.9610352385 -3.063909202 0.05)
(1.011124426 -3.051103544 0.05)
(1.0607 -3.037742026 0.05)
(0.9619353066 -2.93236914 0.05)
(1.011610547 -2.917764024 0.05)
(1.0607 -2.902524937 0.05)
(0.9627933607 -2.806969194 0.05)
(1.012073976 -2.790648615 0.05)
(1.0607 -2.773619601 0.05)
(0.963611362 -2.68742275 0.05)
(1.012515773 -2.669466784 0.05)
(1.0607 -2.650731395 0.05)
(0.9643911801 -2.573456575 0.05)
(1.012936947 -2.55394156 0.05)
(1.0607 -2.533579447 0.05)
(0.9651345973 -2.46481019 0.05)
(1.013338462 -2.4438089 0.05)
(1.0607 -2.421895997 0.05)
(0.9658433128 -2.361235273 0.05)
(1.013721234 -2.338817085 0.05)
(1.0607 -2.31542578 0.05)
(0.9665189464 -2.262495095 0.05)
(1.014086139 -2.238726149 0.05)
(1.0607 -2.213925452 0.05)
(0.9671630423 -2.168363978 0.05)
(1.014434011 -2.143307324 0.05)
(1.0607 -2.117163024 0.05)
(0.9677770727 -2.078626776 0.05)
(1.014765645 -2.052342523 0.05)
(1.0607 -2.024917338 0.05)
(0.968362441 -1.993078387 0.05)
(1.015081798 -1.965623838 0.05)
(1.0607 -1.936977557 0.05)
(0.968920485 -1.911523283 0.05)
(1.015383194 -1.882953066 0.05)
(1.0607 -1.853142688 0.05)
(0.9694524803 -1.833775062 0.05)
(1.015670521 -1.804141255 0.05)
(1.0607 -1.77322112 0.05)
(0.9699596428 -1.759656025 0.05)
(1.015944436 -1.729008275 0.05)
(1.0607 -1.697030183 0.05)
(0.9704431315 -1.688996766 0.05)
(1.016205565 -1.657382403 0.05)
(1.0607 -1.624395739 0.05)
(0.9709040517 -1.621635788 0.05)
(1.016454505 -1.58909993 0.05)
(1.0607 -1.555151773 0.05)
(0.9713434568 -1.55741913 0.05)
(1.016691825 -1.524004793 0.05)
(1.0607 -1.489140024 0.05)
(0.9717623509 -1.49620002 0.05)
(1.016918067 -1.46194821 0.05)
(1.0607 -1.426209615 0.05)
(0.9721616917 -1.437838537 0.05)
(1.017133748 -1.402788346 0.05)
(1.0607 -1.366216714 0.05)
(0.9725423918 -1.38220129 0.05)
(1.017339361 -1.346389985 0.05)
(1.0607 -1.309024202 0.05)
(0.9729053213 -1.329161115 0.05)
(1.017535377 -1.292624225 0.05)
(1.0607 -1.25450136 0.05)
(0.9732513097 -1.278596786 0.05)
(1.017722243 -1.241368179 0.05)
(1.143055585 -4 -0.05)
(1.227774424 -4 -0.05)
(1.314924332 -4 -0.05)
(1.40457507 -4 -0.05)
(1.496798402 -4 -0.05)
(1.591668151 -4 -0.05)
(1.689260256 -4 -0.05)
(1.789652839 -4 -0.05)
(1.89292626 -4 -0.05)
(1.999163188 -4 -0.05)
(2.108448662 -4 -0.05)
(2.220870163 -4 -0.05)
(2.336517682 -4 -0.05)
(2.455483791 -4 -0.05)
(2.57786372 -4 -0.05)
(2.70375543 -4 -0.05)
(2.833259696 -4 -0.05)
(2.966480182 -4 -0.05)
(3.103523527 -4 -0.05)
(3.244499431 -4 -0.05)
(3.389520742 -4 -0.05)
(3.538703546 -4 -0.05)
(3.692167261 -4 -0.05)
(3.850034729 -4 -0.05)
(1.143055585 -3.819865989 -0.05)
(1.227774424 -3.819865989 -0.05)
(1.314924332 -3.819865989 -0.05)
(1.40457507 -3.819865989 -0.05)
(1.496798402 -3.819865989 -0.05)
(1.591668151 -3.819865989 -0.05)
(1.689260256 -3.819865989 -0.05)
(1.789652839 -3.819865989 -0.05)
(1.89292626 -3.819865989 -0.05)
(1.999163188 -3.819865989 -0.05)
(2.108448662 -3.819865989 -0.05)
(2.220870163 -3.819865989 -0.05)
(2.336517682 -3.819865989 -0.05)
(2.455483791 -3.819865989 -0.05)
(2.57786372 -3.819865989 -0.05)
(2.70375543 -3.819865989 -0.05)
(2.833259696 -3.819865989 -0.05)
(2.966480182 -3.819865989 -0.05)
(3.103523527 -3.819865989 -0.05)
(3.244499431 -3.819865989 -0.05)
(3.389520742 -3.819865989 -0.05)
(3.538703546 -3.819865989 -0.05)
(3.692167261 -3.819865989 -0.05)
(3.850034729 -3.819865989 -0.05)
(1.143055585 -3.648140395 -0.05)
(1.227774424 -3.648140395 -0.05)
(1.314924332 -3.648140395 -0.05)
(1.40457507 -3.648140395 -0.05)
(1.496798402 -3.648140395 -0.05)
(1.591668151 -3.648140395 -0.05)
(1.689260256 -3.648140395 -0.05)
(1.789652839 -3.648140395 -0.05)
(1.89292626 -3.648140395 -0.05)
(1.999163188 -3.648140395 -0.05)
(2.108448662 -3.648140395 -0.05)
(2.220870163 -3.648140395 -0.05)
(2.336517682 -3.648140395 -0.05)
(2.455483791 -3.648140395 -0.05)
(2.57786372 -3.648140395 -0.05)
(2.70375543 -3.648140395 -0.05)
(2.833259696 -3.648140395 -0.05)
(2.966480182 -3.648140395 -0.05)
(3.103523527 -3.648140395 -0.05)
(3.244499431 -3.648140395 -0.05)
(3.389520742 -3.648140395 -0.05)
(3.538703546 -3.648140395 -0.05)
(3.692167261 -3.648140395 -0.05)
(3.850034729 -3.648140395 -0.05)
(1.143055585 -3.484430722 -0.05)
(1.227774424 -3.484430722 -0.05)
(1.314924332 -3.484430722 -0.05)
(1.40457507 -3.484430722 -0.05)
(1.496798402 -3.484430722 -0.05)
(1.591668151 -3.484430722 -0.05)
(1.689260256 -3.484430722 -0.05)
(1.789652839 -3.484430722 -0.05)
(1.89292626 -3.484430722 -0.05)
(1.999163188 -3.484430722 -0.05)
(2.108448662 -3.484430722 -0.05)
(2.220870163 -3.484430722 -0.05)
(2.336517682 -3.484430722 -0.05)
(2.455483791 -3.484430722 -0.05)
(2.57786372 -3.484430722 -0.05)
(2.70375543 -3.484430722 -0.05)
(2.833259696 -3.484430722 -0.05)
(2.966480182 -3.484430722 -0.05)
(3.103523527 -3.484430722 -0.05)
(3.244499431 -3.484430722 -0.05)
(3.389520742 -3.484430722 -0.05)
(3.538703546 -3.484430722 -0.05)
(3.692167261 -3.484430722 -0.05)
(3.850034729 -3.484430722 -0.05)
(1.143055585 -3.328362799 -0.05)
(1.227774424 -3.328362799 -0.05)
(1.314924332 -3.328362799 -0.05)
(1.40457507 -3.328362799 -0.05)
(1.496798402 -3.328362799 -0.05)
(1.591668151 -3.328362799 -0.05)
(1.689260256 -3.328362799 -0.05)
(1.789652839 -3.328362799 -0.05)
(1.89292626 -3.328362799 -0.05)
(1.999163188 -3.328362799 -0.05)
(2.108448662 -3.328362799 -0.05)
(2.220870163 -3.328362799 -0.05)
(2.336517682 -3.328362799 -0.05)
(2.455483791 -3.328362799 -0.05)
(2.57786372 -3.328362799 -0.05)
(2.70375543 -3.328362799 -0.05)
(2.833259696 -3.328362799 -0.05)
(2.966480182 -3.328362799 -0.05)
(3.103523527 -3.328362799 -0.05)
(3.244499431 -3.328362799 -0.05)
(3.389520742 -3.328362799 -0.05)
(3.538703546 -3.328362799 -0.05)
(3.692167261 -3.328362799 -0.05)
(3.850034729 -3.328362799 -0.05)
(1.143055585 -3.179579919 -0.05)
(1.227774424 -3.179579919 -0.05)
(1.314924332 -3.179579919 -0.05)
(1.40457507 -3.179579919 -0.05)
(1.496798402 -3.179579919 -0.05)
(1.591668151 -3.179579919 -0.05)
(1.689260256 -3.179579919 -0.05)
(1.789652839 -3.179579919 -0.05)
(1.89292626 -3.179579919 -0.05)
(1.999163188 -3.179579919 -0.05)
(2.108448662 -3.179579919 -0.05)
(2.220870163 -3.179579919 -0.05)
(2.336517682 -3.179579919 -0.05)
(2.455483791 -3.179579919 -0.05)
(2.57786372 -3.179579919 -0.05)
(2.70375543 -3.179579919 -0.05)
(2.833259696 -3.179579919 -0.05)
(2.966480182 -3.179579919 -0.05)
(3.103523527 -3.179579919 -0.05)
(3.244499431 -3.179579919 -0.05)
(3.389520742 -3.179579919 -0.05)
(3.538703546 -3.179579919 -0.05)
(3.692167261 -3.179579919 -0.05)
(3.850034729 -3.179579919 -0.05)
(1.143055585 -3.037742026 -0.05)
(1.227774424 -3.037742026 -0.05)
(1.314924332 -3.037742026 -0.05)
(1.40457507 -3.037742026 -0.05)
(1.496798402 -3.037742026 -0.05)
(1.591668151 -3.037742026 -0.05)
(1.689260256 -3.037742026 -0.05)
(1.789652839 -3.037742026 -0.05)
(1.89292626 -3.037742026 -0.05)
(1.999163188 -3.037742026 -0.05)
(2.108448662 -3.037742026 -0.05)
(2.220870163 -3.037742026 -0.05)
(2.336517682 -3.037742026 -0.05)
(2.455483791 -3.037742026 -0.05)
(2.57786372 -3.037742026 -0.05)
(2.70375543 -3.037742026 -0.05)
(2.833259696 -3.037742026 -0.05)
(2.966480182 -3.037742026 -0.05)
(3.103523527 -3.037742026 -0.05)
(3.244499431 -3.037742026 -0.05)
(3.389520742 -3.037742026 -0.05)
(3.538703546 -3.037742026 -0.05)
(3.692167261 -3.037742026 -0.05)
(3.850034729 -3.037742026 -0.05)
(1.143055585 -2.902524937 -0.05)
(1.227774424 -2.902524937 -0.05)
(1.314924332 -2.902524937 -0.05)
(1.40457507 -2.902524937 -0.05)
(1.496798402 -2.902524937 -0.05)
(1.591668151 -2.902524937 -0.05)
(1.689260256 -2.902524937 -0.05)
(1.789652839 -2.902524937 -0.05)
(1.89292626 -2.902524937 -0.05)
(1.999163188 -2.902524937 -0.05)
(2.108448662 -2.902524937 -0.05)
(2.220870163 -2.902524937 -0.05)
(2.336517682 -2.902524937 -0.05)
(2.455483791 -2.902524937 -0.05)
(2.57786372 -2.902524937 -0.05)
(2.70375543 -2.902524937 -0.05)
(2.833259696 -2.902524937 -0.05)
(2.966480182 -2.902524937 -0.05)
(3.103523527 -2.902524937 -0.05)
(3.244499431 -2.902524937 -0.05)
(3.389520742 -2.902524937 -0.05)
(3.538703546 -2.902524937 -0.05)
(3.692167261 -2.902524937 -0.05)
(3.850034729 -2.902524937 -0.05)
(1.143055585 -2.773619601 -0.05)
(1.227774424 -2.773619601 -0.05)
(1.314924332 -2.773619601 -0.05)
(1.40457507 -2.773619601 -0.05)
(1.496798402 -2.773619601 -0.05)
(1.591668151 -2.773619601 -0.05)
(1.689260256 -2.773619601 -0.05)
(1.789652839 -2.773619601 -0.05)
(1.89292626 -2.773619601 -0.05)
(1.999163188 -2.773619601 -0.05)
(2.108448662 -2.773619601 -0.05)
(2.220870163 -2.773619601 -0.05)
(2.336517682 -2.773619601 -0.05)
(2.455483791 -2.773619601 -0.05)
(2.57786372 -2.773619601 -0.05)
(2.70375543 -2.773619601 -0.05)
(2.833259696 -2.773619601 -0.05)
(2.966480182 -2.773619601 -0.05)
(3.103523527 -2.773619601 -0.05)
(3.244499431 -2.773619601 -0.05)
(3.389520742 -2.773619601 -0.05)
(3.538703546 -2.773619601 -0.05)
(3.692167261 -2.773619601 -0.05)
(3.850034729 -2.773619601 -0.05)
(1.143055585 -2.650731395 -0.05)
(1.227774424 -2.650731395 -0.05)
(1.314924332 -2.650731395 -0.05)
(1.40457507 -2.650731395 -0.05)
(1.496798402 -2.650731395 -0.05)
(1.591668151 -2.650731395 -0.05)
(1.689260256 -2.650731395 -0.05)
(1.789652839 -2.650731395 -0.05)
(1.89292626 -2.650731395 -0.05)
(1.999163188 -2.650731395 -0.05)
(2.108448662 -2.650731395 -0.05)
(2.220870163 -2.650731395 -0.05)
(2.336517682 -2.650731395 -0.05)
(2.455483791 -2.650731395 -0.05)
(2.57786372 -2.650731395 -0.05)
(2.70375543 -2.650731395 -0.05)
(2.833259696 -2.650731395 -0.05)
(2.966480182 -2.650731395 -0.05)
(3.103523527 -2.650731395 -0.05)
(3.244499431 -2.650731395 -0.05)
(3.389520742 -2.650731395 -0.05)
(3.538703546 -2.650731395 -0.05)
(3.692167261 -2.650731395 -0.05)
(3.850034729 -2.650731395 -0.05)
(1.143055585 -2.533579447 -0.05)
(1.227774424 -2.533579447 -0.05)
(1.314924332 -2.533579447 -0.05)
(1.40457507 -2.533579447 -0.05)
(1.496798402 -2.533579447 -0.05)
(1.591668151 -2.533579447 -0.05)
(1.689260256 -2.533579447 -0.05)
(1.789652839 -2.533579447 -0.05)
(1.89292626 -2.533579447 -0.05)
(1.999163188 -2.533579447 -0.05)
(2.108448662 -2.533579447 -0.05)
(2.220870163 -2.533579447 -0.05)
(2.336517682 -2.533579447 -0.05)
(2.455483791 -2.533579447 -0.05)
(2.57786372 -2.533579447 -0.05)
(2.70375543 -2.533579447 -0.05)
(2.833259696 -2.533579447 -0.05)
(2.966480182 -2.533579447 -0.05)
(3.103523527 -2.533579447 -0.05)
(3.244499431 -2.533579447 -0.05)
(3.389520742 -2.533579447 -0.05)
(3.538703546 -2.533579447 -0.05)
(3.692167261 -2.533579447 -0.05)
(3.850034729 -2.533579447 -0.05)
(1.143055585 -2.421895997 -0.05)
(1.227774424 -2.421895997 -0.05)
(1.314924332 -2.421895997 -0.05)
(1.40457507 -2.421895997 -0.05)
(1.496798402 -2.421895997 -0.05)
(1.591668151 -2.421895997 -0.05)
(1.689260256 -2.421895997 -0.05)
(1.789652839 -2.421895997 -0.05)
(1.89292626 -2.421895997 -0.05)
(1.999163188 -2.421895997 -0.05)
(2.108448662 -2.421895997 -0.05)
(2.220870163 -2.421895997 -0.05)
(2.336517682 -2.421895997 -0.05)
(2.455483791 -2.421895997 -0.05)
(2.57786372 -2.421895997 -0.05)
(2.70375543 -2.421895997 -0.05)
(2.833259696 -2.421895997 -0.05)
(2.966480182 -2.421895997 -0.05)
(3.103523527 -2.421895997 -0.05)
(3.244499431 -2.421895997 -0.05)
(3.389520742 -2.421895997 -0.05)
(3.538703546 -2.421895997 -0.05)
(3.692167261 -2.421895997 -0.05)
(3.850034729 -2.421895997 -0.05)
(1.143055585 -2.31542578 -0.05)
(1.227774424 -2.31542578 -0.05)
(1.314924332 -2.31542578 -0.05)
(1.40457507 -2.31542578 -0.05)
(1.496798402 -2.31542578 -0.05)
(1.591668151 -2.31542578 -0.05)
(1.689260256 -2.31542578 -0.05)
(1.789652839 -2.31542578 -0.05)
(1.89292626 -2.31542578 -0.05)
(1.999163188 -2.31542578 -0.05)
(2.108448662 -2.31542578 -0.05)
(2.220870163 -2.31542578 -0.05)
(2.336517682 -2.31542578 -0.05)
(2.455483791 -2.31542578 -0.05)
(2.57786372 -2.31542578 -0.05)
(2.70375543 -2.31542578 -0.05)
(2.833259696 -2.31542578 -0.05)
(2.966480182 -2.31542578 -0.05)
(3.103523527 -2.31542578 -0.05)
(3.244499431 -2.31542578 -0.05)
(3.389520742 -2.31542578 -0.05)
(3.538703546 -2.31542578 -0.05)
(3.692167261 -2.31542578 -0.05)
(3.850034729 -2.31542578 -0.05)
(1.143055585 -2.213925452 -0.05)
(1.227774424 -2.213925452 -0.05)
(1.314924332 -2.213925452 -0.05)
(1.40457507 -2.213925452 -0.05)
(1.496798402 -2.213925452 -0.05)
(1.591668151 -2.213925452 -0.05)
(1.689260256 -2.213925452 -0.05)
(1.789652839 -2.213925452 -0.05)
(1.89292626 -2.213925452 -0.05)
(1.999163188 -2.213925452 -0.05)
(2.108448662 -2.213925452 -0.05)
(2.220870163 -2.213925452 -0.05)
(2.336517682 -2.213925452 -0.05)
(2.455483791 -2.213925452 -0.05)
(2.57786372 -2.213925452 -0.05)
(2.70375543 -2.213925452 -0.05)
(2.833259696 -2.213925452 -0.05)
(2.966480182 -2.213925452 -0.05)
(3.103523527 -2.213925452 -0.05)
(3.244499431 -2.213925452 -0.05)
(3.389520742 -2.213925452 -0.05)
(3.538703546 -2.213925452 -0.05)
(3.692167261 -2.213925452 -0.05)
(3.850034729 -2.213925452 -0.05)
(1.143055585 -2.117163024 -0.05)
(1.227774424 -2.117163024 -0.05)
(1.314924332 -2.117163024 -0.05)
(1.40457507 -2.117163024 -0.05)
(1.496798402 -2.117163024 -0.05)
(1.591668151 -2.117163024 -0.05)
(1.689260256 -2.117163024 -0.05)
(1.789652839 -2.117163024 -0.05)
(1.89292626 -2.117163024 -0.05)
(1.999163188 -2.117163024 -0.05)
(2.108448662 -2.117163024 -0.05)
(2.220870163 -2.117163024 -0.05)
(2.336517682 -2.117163024 -0.05)
(2.455483791 -2.117163024 -0.05)
(2.57786372 -2.117163024 -0.05)
(2.70375543 -2.117163024 -0.05)
(2.833259696 -2.117163024 -0.05)
(2.966480182 -2.117163024 -0.05)
(3.103523527 -2.117163024 -0.05)
(3.244499431 -2.117163024 -0.05)
(3.389520742 -2.117163024 -0.05)
(3.538703546 -2.117163024 -0.05)
(3.692167261 -2.117163024 -0.05)
(3.850034729 -2.117163024 -0.05)
(1.143055585 -2.024917338 -0.05)
(1.227774424 -2.024917338 -0.05)
(1.314924332 -2.024917338 -0.05)
(1.40457507 -2.024917338 -0.05)
(1.496798402 -2.024917338 -0.05)
(1.591668151 -2.024917338 -0.05)
(1.689260256 -2.024917338 -0.05)
(1.789652839 -2.024917338 -0.05)
(1.89292626 -2.024917338 -0.05)
(1.999163188 -2.024917338 -0.05)
(2.108448662 -2.024917338 -0.05)
(2.220870163 -2.024917338 -0.05)
(2.336517682 -2.024917338 -0.05)
(2.455483791 -2.024917338 -0.05)
(2.57786372 -2.024917338 -0.05)
(2.70375543 -2.024917338 -0.05)
(2.833259696 -2.024917338 -0.05)
(2.966480182 -2.024917338 -0.05)
(3.103523527 -2.024917338 -0.05)
(3.244499431 -2.024917338 -0.05)
(3.389520742 -2.024917338 -0.05)
(3.538703546 -2.024917338 -0.05)
(3.692167261 -2.024917338 -0.05)
(3.850034729 -2.024917338 -0.05)
(1.143055585 -1.936977557 -0.05)
(1.227774424 -1.936977557 -0.05)
(1.314924332 -1.936977557 -0.05)
(1.40457507 -1.936977557 -0.05)
(1.496798402 -1.936977557 -0.05)
(1.591668151 -1.936977557 -0.05)
(1.689260256 -1.936977557 -0.05)
(1.789652839 -1.936977557 -0.05)
(1.89292626 -1.936977557 -0.05)
(1.999163188 -1.936977557 -0.05)
(2.108448662 -1.936977557 -0.05)
(2.220870163 -1.936977557 -0.05)
(2.336517682 -1.936977557 -0.05)
(2.455483791 -1.936977557 -0.05)
(2.57786372 -1.936977557 -0.05)
(2.70375543 -1.936977557 -0.05)
(2.833259696 -1.936977557 -0.05)
(2.966480182 -1.936977557 -0.05)
(3.103523527 -1.936977557 -0.05)
(3.244499431 -1.936977557 -0.05)
(3.389520742 -1.936977557 -0.05)
(3.538703546 -1.936977557 -0.05)
(3.692167261 -1.936977557 -0.05)
(3.850034729 -1.936977557 -0.05)
(1.143055585 -1.853142688 -0.05)
(1.227774424 -1.853142688 -0.05)
(1.314924332 -1.853142688 -0.05)
(1.40457507 -1.853142688 -0.05)
(1.496798402 -1.853142688 -0.05)
(1.591668151 -1.853142688 -0.05)
(1.689260256 -1.853142688 -0.05)
(1.789652839 -1.853142688 -0.05)
(1.89292626 -1.853142688 -0.05)
(1.999163188 -1.853142688 -0.05)
(2.108448662 -1.853142688 -0.05)
(2.220870163 -1.853142688 -0.05)
(2.336517682 -1.853142688 -0.05)
(2.455483791 -1.853142688 -0.05)
(2.57786372 -1.853142688 -0.05)
(2.70375543 -1.853142688 -0.05)
(2.833259696 -1.853142688 -0.05)
(2.966480182 -1.853142688 -0.05)
(3.103523527 -1.853142688 -0.05)
(3.244499431 -1.853142688 -0.05)
(3.389520742 -1.853142688 -0.05)
(3.538703546 -1.853142688 -0.05)
(3.692167261 -1.853142688 -0.05)
(3.850034729 -1.853142688 -0.05)
(1.143055585 -1.77322112 -0.05)
(1.227774424 -1.77322112 -0.05)
(1.314924332 -1.77322112 -0.05)
(1.40457507 -1.77322112 -0.05)
(1.496798402 -1.77322112 -0.05)
(1.591668151 -1.77322112 -0.05)
(1.689260256 -1.77322112 -0.05)
(1.789652839 -1.77322112 -0.05)
(1.89292626 -1.77322112 -0.05)
(1.999163188 -1.77322112 -0.05)
(2.108448662 -1.77322112 -0.05)
(2.220870163 -1.77322112 -0.05)
(2.336517682 -1.77322112 -0.05)
(2.455483791 -1.77322112 -0.05)
(2.57786372 -1.77322112 -0.05)
(2.70375543 -1.77322112 -0.05)
(2.833259696 -1.77322112 -0.05)
(2.966480182 -1.77322112 -0.05)
(3.103523527 -1.77322112 -0.05)
(3.244499431 -1.77322112 -0.05)
(3.389520742 -1.77322112 -0.05)
(3.538703546 -1.77322112 -0.05)
(3.692167261 -1.77322112 -0.05)
(3.850034729 -1.77322112 -0.05)
(1.143055585 -1.697030183 -0.05)
(1.227774424 -1.697030183 -0.05)
(1.314924332 -1.697030183 -0.05)
(1.40457507 -1.697030183 -0.05)
(1.496798402 -1.697030183 -0.05)
(1.591668151 -1.697030183 -0.05)
(1.689260256 -1.697030183 -0.05)
(1.789652839 -1.697030183 -0.05)
(1.89292626 -1.697030183 -0.05)
(1.999163188 -1.697030183 -0.05)
(2.108448662 -1.697030183 -0.05)
(2.220870163 -1.697030183 -0.05)
(2.336517682 -1.697030183 -0.05)
(2.455483791 -1.697030183 -0.05)
(2.57786372 -1.697030183 -0.05)
(2.70375543 -1.697030183 -0.05)
(2.833259696 -1.697030183 -0.05)
(2.966480182 -1.697030183 -0.05)
(3.103523527 -1.697030183 -0.05)
(3.244499431 -1.697030183 -0.05)
(3.389520742 -1.697030183 -0.05)
(3.538703546 -1.697030183 -0.05)
(3.692167261 -1.697030183 -0.05)
(3.850034729 -1.697030183 -0.05)
(1.143055585 -1.624395739 -0.05)
(1.227774424 -1.624395739 -0.05)
(1.314924332 -1.624395739 -0.05)
(1.40457507 -1.624395739 -0.05)
(1.496798402 -1.624395739 -0.05)
(1.591668151 -1.624395739 -0.05)
(1.689260256 -1.624395739 -0.05)
(1.789652839 -1.624395739 -0.05)
(1.89292626 -1.624395739 -0.05)
(1.999163188 -1.624395739 -0.05)
(2.108448662 -1.624395739 -0.05)
(2.220870163 -1.624395739 -0.05)
(2.336517682 -1.624395739 -0.05)
(2.455483791 -1.624395739 -0.05)
(2.57786372 -1.624395739 -0.05)
(2.70375543 -1.624395739 -0.05)
(2.833259696 -1.624395739 -0.05)
(2.966480182 -1.624395739 -0.05)
(3.103523527 -1.624395739 -0.05)
(3.244499431 -1.624395739 -0.05)
(3.389520742 -1.624395739 -0.05)
(3.538703546 -1.624395739 -0.05)
(3.692167261 -1.624395739 -0.05)
(3.850034729 -1.624395739 -0.05)
(1.143055585 -1.555151773 -0.05)
(1.227774424 -1.555151773 -0.05)
(1.314924332 -1.555151773 -0.05)
(1.40457507 -1.555151773 -0.05)
(1.496798402 -1.555151773 -0.05)
(1.591668151 -1.555151773 -0.05)
(1.689260256 -1.555151773 -0.05)
(1.789652839 -1.555151773 -0.05)
(1.89292626 -1.555151773 -0.05)
(1.999163188 -1.555151773 -0.05)
(2.108448662 -1.555151773 -0.05)
(2.220870163 -1.555151773 -0.05)
(2.336517682 -1.555151773 -0.05)
(2.455483791 -1.555151773 -0.05)
(2.57786372 -1.555151773 -0.05)
(2.70375543 -1.555151773 -0.05)
(2.833259696 -1.555151773 -0.05)
(2.966480182 -1.555151773 -0.05)
(3.103523527 -1.555151773 -0.05)
(3.244499431 -1.555151773 -0.05)
(3.389520742 -1.555151773 -0.05)
(3.538703546 -1.555151773 -0.05)
(3.692167261 -1.555151773 -0.05)
(3.850034729 -1.555151773 -0.05)
(1.143055585 -1.489140024 -0.05)
(1.227774424 -1.489140024 -0.05)
(1.314924332 -1.489140024 -0.05)
(1.40457507 -1.489140024 -0.05)
(1.496798402 -1.489140024 -0.05)
(1.591668151 -1.489140024 -0.05)
(1.689260256 -1.489140024 -0.05)
(1.789652839 -1.489140024 -0.05)
(1.89292626 -1.489140024 -0.05)
(1.999163188 -1.489140024 -0.05)
(2.108448662 -1.489140024 -0.05)
(2.220870163 -1.489140024 -0.05)
(2.336517682 -1.489140024 -0.05)
(2.455483791 -1.489140024 -0.05)
(2.57786372 -1.489140024 -0.05)
(2.70375543 -1.489140024 -0.05)
(2.833259696 -1.489140024 -0.05)
(2.966480182 -1.489140024 -0.05)
(3.103523527 -1.489140024 -0.05)
(3.244499431 -1.489140024 -0.05)
(3.389520742 -1.489140024 -0.05)
(3.538703546 -1.489140024 -0.05)
(3.692167261 -1.489140024 -0.05)
(3.850034729 -1.489140024 -0.05)
(1.143055585 -1.426209615 -0.05)
(1.227774424 -1.426209615 -0.05)
(1.314924332 -1.426209615 -0.05)
(1.40457507 -1.426209615 -0.05)
(1.496798402 -1.426209615 -0.05)
(1.591668151 -1.426209615 -0.05)
(1.689260256 -1.426209615 -0.05)
(1.789652839 -1.426209615 -0.05)
(1.89292626 -1.426209615 -0.05)
(1.999163188 -1.426209615 -0.05)
(2.108448662 -1.426209615 -0.05)
(2.220870163 -1.426209615 -0.05)
(2.336517682 -1.426209615 -0.05)
(2.455483791 -1.426209615 -0.05)
(2.57786372 -1.426209615 -0.05)
(2.70375543 -1.426209615 -0.05)
(2.833259696 -1.426209615 -0.05)
(2.966480182 -1.426209615 -0.05)
(3.103523527 -1.426209615 -0.05)
(3.244499431 -1.426209615 -0.05)
(3.389520742 -1.426209615 -0.05)
(3.538703546 -1.426209615 -0.05)
(3.692167261 -1.426209615 -0.05)
(3.850034729 -1.426209615 -0.05)
(1.143055585 -1.366216714 -0.05)
(1.227774424 -1.366216714 -0.05)
(1.314924332 -1.366216714 -0.05)
(1.40457507 -1.366216714 -0.05)
(1.496798402 -1.366216714 -0.05)
(1.591668151 -1.366216714 -0.05)
(1.689260256 -1.366216714 -0.05)
(1.789652839 -1.366216714 -0.05)
(1.89292626 -1.366216714 -0.05)
(1.999163188 -1.366216714 -0.05)
(2.108448662 -1.366216714 -0.05)
(2.220870163 -1.366216714 -0.05)
(2.336517682 -1.366216714 -0.05)
(2.455483791 -1.366216714 -0.05)
(2.57786372 -1.366216714 -0.05)
(2.70375543 -1.366216714 -0.05)
(2.833259696 -1.366216714 -0.05)
(2.966480182 -1.366216714 -0.05)
(3.103523527 -1.366216714 -0.05)
(3.244499431 -1.366216714 -0.05)
(3.389520742 -1.366216714 -0.05)
(3.538703546 -1.366216714 -0.05)
(3.692167261 -1.366216714 -0.05)
(3.850034729 -1.366216714 -0.05)
(1.143055585 -1.309024202 -0.05)
(1.227774424 -1.309024202 -0.05)
(1.314924332 -1.309024202 -0.05)
(1.40457507 -1.309024202 -0.05)
(1.496798402 -1.309024202 -0.05)
(1.591668151 -1.309024202 -0.05)
(1.689260256 -1.309024202 -0.05)
(1.789652839 -1.309024202 -0.05)
(1.89292626 -1.309024202 -0.05)
(1.999163188 -1.309024202 -0.05)
(2.108448662 -1.309024202 -0.05)
(2.220870163 -1.309024202 -0.05)
(2.336517682 -1.309024202 -0.05)
(2.455483791 -1.309024202 -0.05)
(2.57786372 -1.309024202 -0.05)
(2.70375543 -1.309024202 -0.05)
(2.833259696 -1.309024202 -0.05)
(2.966480182 -1.309024202 -0.05)
(3.103523527 -1.309024202 -0.05)
(3.244499431 -1.309024202 -0.05)
(3.389520742 -1.309024202 -0.05)
(3.538703546 -1.309024202 -0.05)
(3.692167261 -1.309024202 -0.05)
(3.850034729 -1.309024202 -0.05)
(1.143055585 -1.25450136 -0.05)
(1.227774424 -1.25450136 -0.05)
(1.314924332 -1.25450136 -0.05)
(1.143055585 -4 0.05)
(1.227774424 -4 0.05)
(1.314924332 -4 0.05)
(1.40457507 -4 0.05)
(1.496798402 -4 0.05)
(1.591668151 -4 0.05)
(1.689260256 -4 0.05)
(1.789652839 -4 0.05)
(1.89292626 -4 0.05)
(1.999163188 -4 0.05)
(2.108448662 -4 0.05)
(2.220870163 -4 0.05)
(2.336517682 -4 0.05)
(2.455483791 -4 0.05)
(2.57786372 -4 0.05)
(2.70375543 -4 0.05)
(2.833259696 -4 0.05)
(2.966480182 -4 0.05)
(3.103523527 -4 0.05)
(3.244499431 -4 0.05)
(3.389520742 -4 0.05)
(3.538703546 -4 0.05)
(3.692167261 -4 0.05)
(3.850034729 -4 0.05)
(1.143055585 -3.819865989 0.05)
(1.227774424 -3.819865989 0.05)
(1.314924332 -3.819865989 0.05)
(1.40457507 -3.819865989 0.05)
(1.496798402 -3.819865989 0.05)
(1.591668151 -3.819865989 0.05)
(1.689260256 -3.819865989 0.05)
(1.789652839 -3.819865989 0.05)
(1.89292626 -3.819865989 0.05)
(1.999163188 -3.819865989 0.05)
(2.108448662 -3.819865989 0.05)
(2.220870163 -3.819865989 0.05)
(2.336517682 -3.819865989 0.05)
(2.455483791 -3.819865989 0.05)
(2.57786372 -3.819865989 0.05)
(2.70375543 -3.819865989 0.05)
(2.833259696 -3.819865989 0.05)
(2.966480182 -3.819865989 0.05)
(3.103523527 -3.819865989 0.05)
(3.244499431 -3.819865989 0.05)
(3.389520742 -3.819865989 0.05)
(3.538703546 -3.819865989 0.05)
(3.692167261 -3.819865989 0.05)
(3.850034729 -3.819865989 0.05)
(1.143055585 -3.648140395 0.05)
(1.227774424 -3.648140395 0.05)
(1.314924332 -3.648140395 0.05)
(1.40457507 -3.648140395 0.05)
(1.496798402 -3.648140395 0.05)
(1.591668151 -3.648140395 0.05)
(1.689260256 -3.648140395 0.05)
(1.789652839 -3.648140395 0.05)
(1.89292626 -3.648140395 0.05)
(1.999163188 -3.648140395 0.05)
(2.108448662 -3.648140395 0.05)
(2.220870163 -3.648140395 0.05)
(2.336517682 -3.648140395 0.05)
(2.455483791 -3.648140395 0.05)
(2.57786372 -3.648140395 0.05)
(2.70375543 -3.648140395 0.05)
(2.833259696 -3.648140395 0.05)
(2.966480182 -3.648140395 0.05)
(3.103523527 -3.648140395 0.05)
(3.244499431 -3.648140395 0.05)
(3.389520742 -3.648140395 0.05)
(3.538703546 -3.648140395 0.05)
(3.692167261 -3.648140395 0.05)
(3.850034729 -3.648140395 0.05)
(1.143055585 -3.484430722 0.05)
(1.227774424 -3.484430722 0.05)
(1.314924332 -3.484430722 0.05)
(1.40457507 -3.484430722 0.05)
(1.496798402 -3.484430722 0.05)
(1.591668151 -3.484430722 0.05)
(1.689260256 -3.484430722 0.05)
(1.789652839 -3.484430722 0.05)
(1.89292626 -3.484430722 0.05)
(1.999163188 -3.484430722 0.05)
(2.108448662 -3.484430722 0.05)
(2.220870163 -3.484430722 0.05)
(2.336517682 -3.484430722 0.05)
(2.455483791 -3.484430722 0.05)
(2.57786372 -3.484430722 0.05)
(2.70375543 -3.484430722 0.05)
(2.833259696 -3.484430722 0.05)
(2.966480182 -3.484430722 0.05)
(3.103523527 -3.484430722 0.05)
(3.244499431 -3.484430722 0.05)
(3.389520742 -3.484430722 0.05)
(3.538703546 -3.484430722 0.05)
(3.692167261 -3.484430722 0.05)
(3.850034729 -3.484430722 0.05)
(1.143055585 -3.328362799 0.05)
(1.227774424 -3.328362799 0.05)
(1.314924332 -3.328362799 0.05)
(1.40457507 -3.328362799 0.05)
(1.496798402 -3.328362799 0.05)
(1.591668151 -3.328362799 0.05)
(1.689260256 -3.328362799 0.05)
(1.789652839 -3.328362799 0.05)
(1.89292626 -3.328362799 0.05)
(1.999163188 -3.328362799 0.05)
(2.108448662 -3.328362799 0.05)
(2.220870163 -3.328362799 0.05)
(2.336517682 -3.328362799 0.05)
(2.455483791 -3.328362799 0.05)
(2.57786372 -3.328362799 0.05)
(2.70375543 -3.328362799 0.05)
(2.833259696 -3.328362799 0.05)
(2.966480182 -3.328362799 0.05)
(3.103523527 -3.328362799 0.05)
(3.244499431 -3.328362799 0.05)
(3.389520742 -3.328362799 0.05)
(3.538703546 -3.328362799 0.05)
(3.692167261 -3.328362799 0.05)
(3.850034729 -3.328362799 0.05)
(1.143055585 -3.179579919 0.05)
(1.227774424 -3.179579919 0.05)
(1.314924332 -3.179579919 0.05)
(1.40457507 -3.179579919 0.05)
(1.496798402 -3.179579919 0.05)
(1.591668151 -3.179579919 0.05)
(1.689260256 -3.179579919 0.05)
(1.789652839 -3.179579919 0.05)
(1.89292626 -3.179579919 0.05)
(1.999163188 -3.179579919 0.05)
(2.108448662 -3.179579919 0.05)
(2.220870163 -3.179579919 0.05)
(2.336517682 -3.179579919 0.05)
(2.455483791 -3.179579919 0.05)
(2.57786372 -3.179579919 0.05)
(2.70375543 -3.179579919 0.05)
(2.833259696 -3.179579919 0.05)
(2.966480182 -3.179579919 0.05)
(3.103523527 -3.179579919 0.05)
(3.244499431 -3.179579919 0.05)
(3.389520742 -3.179579919 0.05)
(3.538703546 -3.179579919 0.05)
(3.692167261 -3.179579919 0.05)
(3.850034729 -3.179579919 0.05)
(1.143055585 -3.037742026 0.05)
(1.227774424 -3.037742026 0.05)
(1.314924332 -3.037742026 0.05)
(1.40457507 -3.037742026 0.05)
(1.496798402 -3.037742026 0.05)
(1.591668151 -3.037742026 0.05)
(1.689260256 -3.037742026 0.05)
(1.789652839 -3.037742026 0.05)
(1.89292626 -3.037742026 0.05)
(1.999163188 -3.037742026 0.05)
(2.108448662 -3.037742026 0.05)
(2.220870163 -3.037742026 0.05)
(2.336517682 -3.037742026 0.05)
(2.455483791 -3.037742026 0.05)
(2.57786372 -3.037742026 0.05)
(2.70375543 -3.037742026 0.05)
(2.833259696 -3.037742026 0.05)
(2.966480182 -3.037742026 0.05)
(3.103523527 -3.037742026 0.05)
(3.244499431 -3.037742026 0.05)
(3.389520742 -3.037742026 0.05)
(3.538703546 -3.037742026 0.05)
(3.692167261 -3.037742026 0.05)
(3.850034729 -3.037742026 0.05)
(1.143055585 -2.902524937 0.05)
(1.227774424 -2.902524937 0.05)
(1.314924332 -2.902524937 0.05)
(1.40457507 -2.902524937 0.05)
(1.496798402 -2.902524937 0.05)
(1.591668151 -2.902524937 0.05)
(1.689260256 -2.902524937 0.05)
(1.789652839 -2.902524937 0.05)
(1.89292626 -2.902524937 0.05)
(1.999163188 -2.902524937 0.05)
(2.108448662 -2.902524937 0.05)
(2.220870163 -2.902524937 0.05)
(2.336517682 -2.902524937 0.05)
(2.455483791 -2.902524937 0.05)
(2.57786372 -2.902524937 0.05)
(2.70375543 -2.902524937 0.05)
(2.833259696 -2.902524937 0.05)
(2.966480182 -2.902524937 0.05)
(3.103523527 -2.902524937 0.05)
(3.244499431 -2.902524937 0.05)
(3.389520742 -2.902524937 0.05)
(3.538703546 -2.902524937 0.05)
(3.692167261 -2.902524937 0.05)
(3.850034729 -2.902524937 0.05)
(1.143055585 -2.773619601 0.05)
(1.227774424 -2.773619601 0.05)
(1.314924332 -2.773619601 0.05)
(1.40457507 -2.773619601 0.05)
(1.496798402 -2.773619601 0.05)
(1.591668151 -2.773619601 0.05)
(1.689260256 -2.773619601 0.05)
(1.789652839 -2.773619601 0.05)
(1.89292626 -2.773619601 0.05)
(1.999163188 -2.773619601 0.05)
(2.108448662 -2.773619601 0.05)
(2.220870163 -2.773619601 0.05)
(2.336517682 -2.773619601 0.05)
(2.455483791 -2.773619601 0.05)
(2.57786372 -2.773619601 0.05)
(2.70375543 -2.773619601 0.05)
(2.833259696 -2.773619601 0.05)
(2.966480182 -2.773619601 0.05)
(3.103523527 -2.773619601 0.05)
(3.244499431 -2.773619601 0.05)
(3.389520742 -2.773619601 0.05)
(3.538703546 -2.773619601 0.05)
(3.692167261 -2.773619601 0.05)
(3.850034729 -2.773619601 0.05)
(1.143055585 -2.650731395 0.05)
(1.227774424 -2.650731395 0.05)
(1.314924332 -2.650731395 0.05)
(1.40457507 -2.650731395 0.05)
(1.496798402 -2.650731395 0.05)
(1.591668151 -2.650731395 0.05)
(1.689260256 -2.650731395 0.05)
(1.789652839 -2.650731395 0.05)
(1.89292626 -2.650731395 0.05)
(1.999163188 -2.650731395 0.05)
(2.108448662 -2.650731395 0.05)
(2.220870163 -2.650731395 0.05)
(2.336517682 -2.650731395 0.05)
(2.455483791 -2.650731395 0.05)
(2.57786372 -2.650731395 0.05)
(2.70375543 -2.650731395 0.05)
(2.833259696 -2.650731395 0.05)
(2.966480182 -2.650731395 0.05)
(3.103523527 -2.650731395 0.05)
(3.244499431 -2.650731395 0.05)
(3.389520742 -2.650731395 0.05)
(3.538703546 -2.650731395 0.05)
(3.692167261 -2.650731395 0.05)
(3.850034729 -2.650731395 0.05)
(1.143055585 -2.533579447 0.05)
(1.227774424 -2.533579447 0.05)
(1.314924332 -2.533579447 0.05)
(1.40457507 -2.533579447 0.05)
(1.496798402 -2.533579447 0.05)
(1.591668151 -2.533579447 0.05)
(1.689260256 -2.533579447 0.05)
(1.789652839 -2.533579447 0.05)
(1.89292626 -2.533579447 0.05)
(1.999163188 -2.533579447 0.05)
(2.108448662 -2.533579447 0.05)
(2.220870163 -2.533579447 0.05)
(2.336517682 -2.533579447 0.05)
(2.455483791 -2.533579447 0.05)
(2.57786372 -2.533579447 0.05)
(2.70375543 -2.533579447 0.05)
(2.833259696 -2.533579447 0.05)
(2.966480182 -2.533579447 0.05)
(3.103523527 -2.533579447 0.05)
(3.244499431 -2.533579447 0.05)
(3.389520742 -2.533579447 0.05)
(3.538703546 -2.533579447 0.05)
(3.692167261 -2.533579447 0.05)
(3.850034729 -2.533579447 0.05)
(1.143055585 -2.421895997 0.05)
(1.227774424 -2.421895997 0.05)
(1.314924332 -2.421895997 0.05)
(1.40457507 -2.421895997 0.05)
(1.496798402 -2.421895997 0.05)
(1.591668151 -2.421895997 0.05)
(1.689260256 -2.421895997 0.05)
(1.789652839 -2.421895997 0.05)
(1.89292626 -2.421895997 0.05)
(1.999163188 -2.421895997 0.05)
(2.108448662 -2.421895997 0.05)
(2.220870163 -2.421895997 0.05)
(2.336517682 -2.421895997 0.05)
(2.455483791 -2.421895997 0.05)
(2.57786372 -2.421895997 0.05)
(2.70375543 -2.421895997 0.05)
(2.833259696 -2.421895997 0.05)
(2.966480182 -2.421895997 0.05)
(3.103523527 -2.421895997 0.05)
(3.244499431 -2.421895997 0.05)
(3.389520742 -2.421895997 0.05)
(3.538703546 -2.421895997 0.05)
(3.692167261 -2.421895997 0.05)
(3.850034729 -2.421895997 0.05)
(1.143055585 -2.31542578 0.05)
(1.227774424 -2.31542578 0.05)
(1.314924332 -2.31542578 0.05)
(1.40457507 -2.31542578 0.05)
(1.496798402 -2.31542578 0.05)
(1.591668151 -2.31542578 0.05)
(1.689260256 -2.31542578 0.05)
(1.789652839 -2.31542578 0.05)
(1.89292626 -2.31542578 0.05)
(1.999163188 -2.31542578 0.05)
(2.108448662 -2.31542578 0.05)
(2.220870163 -2.31542578 0.05)
(2.336517682 -2.31542578 0.05)
(2.455483791 -2.31542578 0.05)
(2.57786372 -2.31542578 0.05)
(2.70375543 -2.31542578 0.05)
(2.833259696 -2.31542578 0.05)
(2.966480182 -2.31542578 0.05)
(3.103523527 -2.31542578 0.05)
(3.244499431 -2.31542578 0.05)
(3.389520742 -2.31542578 0.05)
(3.538703546 -2.31542578 0.05)
(3.692167261 -2.31542578 0.05)
(3.850034729 -2.31542578 0.05)
(1.143055585 -2.213925452 0.05)
(1.227774424 -2.213925452 0.05)
(1.314924332 -2.213925452 0.05)
(1.40457507 -2.213925452 0.05)
(1.496798402 -2.213925452 0.05)
(1.591668151 -2.213925452 0.05)
(1.689260256 -2.213925452 0.05)
(1.789652839 -2.213925452 0.05)
(1.89292626 -2.213925452 0.05)
(1.999163188 -2.213925452 0.05)
(2.108448662 -2.213925452 0.05)
(2.220870163 -2.213925452 0.05)
(2.336517682 -2.213925452 0.05)
(2.455483791 -2.213925452 0.05)
(2.57786372 -2.213925452 0.05)
(2.70375543 -2.213925452 0.05)
(2.833259696 -2.213925452 0.05)
(2.966480182 -2.213925452 0.05)
(3.103523527 -2.213925452 0.05)
(3.244499431 -2.213925452 0.05)
(3.389520742 -2.213925452 0.05)
(3.538703546 -2.213925452 0.05)
(3.692167261 -2.213925452 0.05)
(3.850034729 -2.213925452 0.05)
(1.143055585 -2.117163024 0.05)
(1.227774424 -2.117163024 0.05)
(1.314924332 -2.117163024 0.05)
(1.40457507 -2.117163024 0.05)
(1.496798402 -2.117163024 0.05)
(1.591668151 -2.117163024 0.05)
(1.689260256 -2.117163024 0.05)
(1.789652839 -2.117163024 0.05)
(1.89292626 -2.117163024 0.05)
(1.999163188 -2.117163024 0.05)
(2.108448662 -2.117163024 0.05)
(2.220870163 -2.117163024 0.05)
(2.336517682 -2.117163024 0.05)
(2.455483791 -2.117163024 0.05)
(2.57786372 -2.117163024 0.05)
(2.70375543 -2.117163024 0.05)
(2.833259696 -2.117163024 0.05)
(2.966480182 -2.117163024 0.05)
(3.103523527 -2.117163024 0.05)
(3.244499431 -2.117163024 0.05)
(3.389520742 -2.117163024 0.05)
(3.538703546 -2.117163024 0.05)
(3.692167261 -2.117163024 0.05)
(3.850034729 -2.117163024 0.05)
(1.143055585 -2.024917338 0.05)
(1.227774424 -2.024917338 0.05)
(1.314924332 -2.024917338 0.05)
(1.40457507 -2.024917338 0.05)
(1.496798402 -2.024917338 0.05)
(1.591668151 -2.024917338 0.05)
(1.689260256 -2.024917338 0.05)
(1.789652839 -2.024917338 0.05)
(1.89292626 -2.024917338 0.05)
(1.999163188 -2.024917338 0.05)
(2.108448662 -2.024917338 0.05)
(2.220870163 -2.024917338 0.05)
(2.336517682 -2.024917338 0.05)
(2.455483791 -2.024917338 0.05)
(2.57786372 -2.024917338 0.05)
(2.70375543 -2.024917338 0.05)
(2.833259696 -2.024917338 0.05)
(2.966480182 -2.024917338 0.05)
(3.103523527 -2.024917338 0.05)
(3.244499431 -2.024917338 0.05)
(3.389520742 -2.024917338 0.05)
(3.538703546 -2.024917338 0.05)
(3.692167261 -2.024917338 0.05)
(3.850034729 -2.024917338 0.05)
(1.143055585 -1.936977557 0.05)
(1.227774424 -1.936977557 0.05)
(1.314924332 -1.936977557 0.05)
(1.40457507 -1.936977557 0.05)
(1.496798402 -1.936977557 0.05)
(1.591668151 -1.936977557 0.05)
(1.689260256 -1.936977557 0.05)
(1.789652839 -1.936977557 0.05)
(1.89292626 -1.936977557 0.05)
(1.999163188 -1.936977557 0.05)
(2.108448662 -1.936977557 0.05)
(2.220870163 -1.936977557 0.05)
(2.336517682 -1.936977557 0.05)
(2.455483791 -1.936977557 0.05)
(2.57786372 -1.936977557 0.05)
(2.70375543 -1.936977557 0.05)
(2.833259696 -1.936977557 0.05)
(2.966480182 -1.936977557 0.05)
(3.103523527 -1.936977557 0.05)
(3.244499431 -1.936977557 0.05)
(3.389520742 -1.936977557 0.05)
(3.538703546 -1.936977557 0.05)
(3.692167261 -1.936977557 0.05)
(3.850034729 -1.936977557 0.05)
(1.143055585 -1.853142688 0.05)
(1.227774424 -1.853142688 0.05)
(1.314924332 -1.853142688 0.05)
(1.40457507 -1.853142688 0.05)
(1.496798402 -1.853142688 0.05)
(1.591668151 -1.853142688 0.05)
(1.689260256 -1.853142688 0.05)
(1.789652839 -1.853142688 0.05)
(1.89292626 -1.853142688 0.05)
(1.999163188 -1.853142688 0.05)
(2.108448662 -1.853142688 0.05)
(2.220870163 -1.853142688 0.05)
(2.336517682 -1.853142688 0.05)
(2.455483791 -1.853142688 0.05)
(2.57786372 -1.853142688 0.05)
(2.70375543 -1.853142688 0.05)
(2.833259696 -1.853142688 0.05)
(2.966480182 -1.853142688 0.05)
(3.103523527 -1.853142688 0.05)
(3.244499431 -1.853142688 0.05)
(3.389520742 -1.853142688 0.05)
(3.538703546 -1.853142688 0.05)
(3.692167261 -1.853142688 0.05)
(3.850034729 -1.853142688 0.05)
(1.143055585 -1.77322112 0.05)
(1.227774424 -1.77322112 0.05)
(1.314924332 -1.77322112 0.05)
(1.40457507 -1.77322112 0.05)
(1.496798402 -1.77322112 0.05)
(1.591668151 -1.77322112 0.05)
(1.689260256 -1.77322112 0.05)
(1.789652839 -1.77322112 0.05)
(1.89292626 -1.77322112 0.05)
(1.999163188 -1.77322112 0.05)
(2.108448662 -1.77322112 0.05)
(2.220870163 -1.77322112 0.05)
(2.336517682 -1.77322112 0.05)
(2.455483791 -1.77322112 0.05)
(2.57786372 -1.77322112 0.05)
(2.70375543 -1.77322112 0.05)
(2.833259696 -1.77322112 0.05)
(2.966480182 -1.77322112 0.05)
(3.103523527 -1.77322112 0.05)
(3.244499431 -1.77322112 0.05)
(3.389520742 -1.77322112 0.05)
(3.538703546 -1.77322112 0.05)
(3.692167261 -1.77322112 0.05)
(3.850034729 -1.77322112 0.05)
(1.143055585 -1.697030183 0.05)
(1.227774424 -1.697030183 0.05)
(1.314924332 -1.697030183 0.05)
(1.40457507 -1.697030183 0.05)
(1.496798402 -1.697030183 0.05)
(1.591668151 -1.697030183 0.05)
(1.689260256 -1.697030183 0.05)
(1.789652839 -1.697030183 0.05)
(1.89292626 -1.697030183 0.05)
(1.999163188 -1.697030183 0.05)
(2.108448662 -1.697030183 0.05)
(2.220870163 -1.697030183 0.05)
(2.336517682 -1.697030183 0.05)
(2.455483791 -1.697030183 0.05)
(2.57786372 -1.697030183 0.05)
(2.70375543 -1.697030183 0.05)
(2.833259696 -1.697030183 0.05)
(2.966480182 -1.697030183 0.05)
(3.103523527 -1.697030183 0.05)
(3.244499431 -1.697030183 0.05)
(3.389520742 -1.697030183 0.05)
(3.538703546 -1.697030183 0.05)
(3.692167261 -1.697030183 0.05)
(3.850034729 -1.697030183 0.05)
(1.143055585 -1.624395739 0.05)
(1.227774424 -1.624395739 0.05)
(1.314924332 -1.624395739 0.05)
(1.40457507 -1.624395739 0.05)
(1.496798402 -1.624395739 0.05)
(1.591668151 -1.624395739 0.05)
(1.689260256 -1.624395739 0.05)
(1.789652839 -1.624395739 0.05)
(1.89292626 -1.624395739 0.05)
(1.999163188 -1.624395739 0.05)
(2.108448662 -1.624395739 0.05)
(2.220870163 -1.624395739 0.05)
(2.336517682 -1.624395739 0.05)
(2.455483791 -1.624395739 0.05)
(2.57786372 -1.624395739 0.05)
(2.70375543 -1.624395739 0.05)
(2.833259696 -1.624395739 0.05)
(2.966480182 -1.624395739 0.05)
(3.103523527 -1.624395739 0.05)
(3.244499431 -1.624395739 0.05)
(3.389520742 -1.624395739 0.05)
(3.538703546 -1.624395739 0.05)
(3.692167261 -1.624395739 0.05)
(3.850034729 -1.624395739 0.05)
(1.143055585 -1.555151773 0.05)
(1.227774424 -1.555151773 0.05)
(1.314924332 -1.555151773 0.05)
(1.40457507 -1.555151773 0.05)
(1.496798402 -1.555151773 0.05)
(1.591668151 -1.555151773 0.05)
(1.689260256 -1.555151773 0.05)
(1.789652839 -1.555151773 0.05)
(1.89292626 -1.555151773 0.05)
(1.999163188 -1.555151773 0.05)
(2.108448662 -1.555151773 0.05)
(2.220870163 -1.555151773 0.05)
(2.336517682 -1.555151773 0.05)
(2.455483791 -1.555151773 0.05)
(2.57786372 -1.555151773 0.05)
(2.70375543 -1.555151773 0.05)
(2.833259696 -1.555151773 0.05)
(2.966480182 -1.555151773 0.05)
(3.103523527 -1.555151773 0.05)
(3.244499431 -1.555151773 0.05)
(3.389520742 -1.555151773 0.05)
(3.538703546 -1.555151773 0.05)
(3.692167261 -1.555151773 0.05)
(3.850034729 -1.555151773 0.05)
(1.143055585 -1.489140024 0.05)
(1.227774424 -1.489140024 0.05)
(1.314924332 -1.489140024 0.05)
(1.40457507 -1.489140024 0.05)
(1.496798402 -1.489140024 0.05)
(1.591668151 -1.489140024 0.05)
(1.689260256 -1.489140024 0.05)
(1.789652839 -1.489140024 0.05)
(1.89292626 -1.489140024 0.05)
(1.999163188 -1.489140024 0.05)
(2.108448662 -1.489140024 0.05)
(2.220870163 -1.489140024 0.05)
(2.336517682 -1.489140024 0.05)
(2.455483791 -1.489140024 0.05)
(2.57786372 -1.489140024 0.05)
(2.70375543 -1.489140024 0.05)
(2.833259696 -1.489140024 0.05)
(2.966480182 -1.489140024 0.05)
(3.103523527 -1.489140024 0.05)
(3.244499431 -1.489140024 0.05)
(3.389520742 -1.489140024 0.05)
(3.538703546 -1.489140024 0.05)
(3.692167261 -1.489140024 0.05)
(3.850034729 -1.489140024 0.05)
(1.143055585 -1.426209615 0.05)
(1.227774424 -1.426209615 0.05)
(1.314924332 -1.426209615 0.05)
(1.40457507 -1.426209615 0.05)
(1.496798402 -1.426209615 0.05)
(1.591668151 -1.426209615 0.05)
(1.689260256 -1.426209615 0.05)
(1.789652839 -1.426209615 0.05)
(1.89292626 -1.426209615 0.05)
(1.999163188 -1.426209615 0.05)
(2.108448662 -1.426209615 0.05)
(2.220870163 -1.426209615 0.05)
(2.336517682 -1.426209615 0.05)
(2.455483791 -1.426209615 0.05)
(2.57786372 -1.426209615 0.05)
(2.70375543 -1.426209615 0.05)
(2.833259696 -1.426209615 0.05)
(2.966480182 -1.426209615 0.05)
(3.103523527 -1.426209615 0.05)
(3.244499431 -1.426209615 0.05)
(3.389520742 -1.426209615 0.05)
(3.538703546 -1.426209615 0.05)
(3.692167261 -1.426209615 0.05)
(3.850034729 -1.426209615 0.05)
(1.143055585 -1.366216714 0.05)
(1.227774424 -1.366216714 0.05)
(1.314924332 -1.366216714 0.05)
(1.40457507 -1.366216714 0.05)
(1.496798402 -1.366216714 0.05)
(1.591668151 -1.366216714 0.05)
(1.689260256 -1.366216714 0.05)
(1.789652839 -1.366216714 0.05)
(1.89292626 -1.366216714 0.05)
(1.999163188 -1.366216714 0.05)
(2.108448662 -1.366216714 0.05)
(2.220870163 -1.366216714 0.05)
(2.336517682 -1.366216714 0.05)
(2.455483791 -1.366216714 0.05)
(2.57786372 -1.366216714 0.05)
(2.70375543 -1.366216714 0.05)
(2.833259696 -1.366216714 0.05)
(2.966480182 -1.366216714 0.05)
(3.103523527 -1.366216714 0.05)
(3.244499431 -1.366216714 0.05)
(3.389520742 -1.366216714 0.05)
(3.538703546 -1.366216714 0.05)
(3.692167261 -1.366216714 0.05)
(3.850034729 -1.366216714 0.05)
(1.143055585 -1.309024202 0.05)
(1.227774424 -1.309024202 0.05)
(1.314924332 -1.309024202 0.05)
(1.40457507 -1.309024202 0.05)
(1.496798402 -1.309024202 0.05)
(1.591668151 -1.309024202 0.05)
(1.689260256 -1.309024202 0.05)
(1.789652839 -1.309024202 0.05)
(1.89292626 -1.309024202 0.05)
(1.999163188 -1.309024202 0.05)
(2.108448662 -1.309024202 0.05)
(2.220870163 -1.309024202 0.05)
(2.336517682 -1.309024202 0.05)
(2.455483791 -1.309024202 0.05)
(2.57786372 -1.309024202 0.05)
(2.70375543 -1.309024202 0.05)
(2.833259696 -1.309024202 0.05)
(2.966480182 -1.309024202 0.05)
(3.103523527 -1.309024202 0.05)
(3.244499431 -1.309024202 0.05)
(3.389520742 -1.309024202 0.05)
(3.538703546 -1.309024202 0.05)
(3.692167261 -1.309024202 0.05)
(3.850034729 -1.309024202 0.05)
(1.143055585 -1.25450136 0.05)
(1.227774424 -1.25450136 0.05)
(1.314924332 -1.25450136 0.05)
)


// ************************************************************************* //
