/*--------------------------------*- C++ -*----------------------------------*\
  =========                 |
  \\      /  F ield         | OpenFOAM: The Open Source CFD Toolbox
   \\    /   O peration     | Website:  https://openfoam.org
    \\  /    A nd           | Version:  7
     \\/     M anipulation  |
\*---------------------------------------------------------------------------*/
FoamFile
{
    version     2.0;
    format      ascii;
    class       volVectorField;
    location    "5";
    object      U;
}
// * * * * * * * * * * * * * * * * * * * * * * * * * * * * * * * * * * * * * //

dimensions      [0 1 -1 0 0 0 0];

internalField   nonuniform List<vector> 
2625
(
(-0.00186132 0.000237582 -6.46061e-21)
(0.0132139 0.00357822 -1.53123e-20)
(0.0836062 0.00728758 4.16454e-21)
(0.0132139 -0.00357573 1.53123e-20)
(0.0836062 -0.00728206 -4.16454e-21)
(0.192199 -0.00891392 1.65179e-21)
(0.297888 -0.00930441 7.84441e-21)
(0.40359 -0.00891473 1.83439e-21)
(0.0134839 -0.0107221 -1.57814e-20)
(0.084128 -0.0218381 2.37045e-20)
(0.192806 -0.0267344 8.29017e-21)
(0.2985 -0.0279078 -5.58088e-21)
(0.404158 -0.0267411 1.47278e-20)
(0.0140234 -0.017846 -5.61949e-21)
(0.0851704 -0.0363533 -1.32439e-20)
(0.194017 -0.0445105 1.5241e-20)
(0.299723 -0.04647 -2.03097e-20)
(0.405294 -0.0445323 -3.84597e-20)
(0.0148307 -0.0249322 6.1057e-20)
(0.0867308 -0.0508005 1.58214e-20)
(0.195832 -0.0622131 -7.99721e-20)
(0.301554 -0.0649637 2.48218e-20)
(0.406996 -0.0622652 6.30023e-20)
(0.0159037 -0.0319658 -8.43205e-20)
(0.0888053 -0.0651527 4.17113e-20)
(0.198244 -0.0798127 1.04654e-19)
(0.30399 -0.0833617 -7.51086e-20)
(0.40926 -0.0799164 -4.71147e-20)
(0.0172393 -0.0389322 -4.72113e-20)
(0.0913889 -0.0793833 -5.38889e-20)
(0.201251 -0.0972804 -1.18292e-19)
(0.307026 -0.101637 1.38801e-19)
(0.412083 -0.0974628 1.32304e-19)
(0.0188337 -0.0458166 1.38096e-19)
(0.0944751 -0.0934657 2.96241e-20)
(0.204843 -0.114587 9.47351e-21)
(0.310657 -0.119762 -8.33318e-20)
(0.41546 -0.114882 -1.62666e-19)
(0.505808 -0.105265 -1.42283e-19)
(0.0206826 -0.0526048 -2.53526e-20)
(0.0980564 -0.107374 -6.04756e-20)
(0.209015 -0.131705 1.30937e-19)
(0.314874 -0.137712 5.6687e-21)
(0.419386 -0.13215 4.16923e-20)
(0.509336 -0.121124 1.29543e-19)
(0.0227808 -0.0592826 -7.82351e-20)
(0.102124 -0.121082 5.50897e-20)
(0.213756 -0.148605 6.38725e-20)
(0.319671 -0.155458 4.48993e-20)
(0.423853 -0.149245 2.67542e-21)
(0.513354 -0.136841 -5.54748e-20)
(0.0251225 -0.0658362 -4.56666e-20)
(0.106667 -0.134564 -1.56827e-19)
(0.219056 -0.165261 -2.37498e-19)
(0.325038 -0.172976 -1.426e-19)
(0.428855 -0.166145 -5.90786e-21)
(0.517854 -0.152396 -4.14417e-20)
(0.027701 -0.0722521 8.14229e-20)
(0.111675 -0.147797 1.73777e-19)
(0.224904 -0.181644 4.80713e-20)
(0.330965 -0.19024 1.90307e-19)
(0.434382 -0.182827 -4.73686e-20)
(0.52283 -0.167771 1.02767e-19)
(0.0305093 -0.0785171 1.96367e-19)
(0.117136 -0.160755 6.14368e-20)
(0.231287 -0.197728 -6.79756e-20)
(0.337439 -0.207224 -1.36923e-19)
(0.440426 -0.19927 1.232e-19)
(0.528276 -0.182948 -1.60996e-19)
(0.0335395 -0.0846186 -1.80462e-19)
(0.123036 -0.173416 -1.0104e-19)
(0.23819 -0.213487 1.66644e-19)
(0.344449 -0.223905 7.56049e-20)
(0.446976 -0.215453 -9.37495e-20)
(0.534182 -0.197909 9.39454e-20)
(0.0367832 -0.0905443 1.57908e-19)
(0.12936 -0.185755 -1.66123e-19)
(0.245599 -0.228895 -4.85592e-20)
(0.35198 -0.240257 -5.89882e-20)
(0.454021 -0.231354 -2.08241e-19)
(0.540541 -0.212638 9.62147e-20)
(0.0402313 -0.0962824 -9.60223e-20)
(0.136092 -0.197752 1.23136e-19)
(0.253496 -0.243929 -1.61392e-20)
(0.360019 -0.256257 2.53678e-19)
(0.461549 -0.246953 1.95348e-19)
(0.547342 -0.227115 -2.1352e-19)
(0.0438742 -0.101821 -1.08275e-19)
(0.143217 -0.209385 -4.5762e-20)
(0.261865 -0.258563 4.56455e-20)
(0.368549 -0.271883 -3.02679e-19)
(0.469546 -0.262229 1.66337e-19)
(0.554575 -0.241326 1.57702e-19)
(0.0477019 -0.107151 1.81426e-19)
(0.150716 -0.220633 7.49681e-20)
(0.270687 -0.272775 -1.65188e-19)
(0.377554 -0.287111 4.05105e-20)
(0.478001 -0.277164 -1.60753e-19)
(0.562229 -0.255252 -2.20513e-19)
(0.0517036 -0.11226 7.54626e-20)
(0.15857 -0.231476 5.2081e-20)
(0.279943 -0.286542 2.04744e-19)
(0.387016 -0.30192 2.72887e-20)
(0.486897 -0.291738 -1.17144e-19)
(0.570294 -0.268878 1.78896e-19)
(0.0558683 -0.11714 -3.85037e-19)
(0.166761 -0.241896 1.01861e-19)
(0.289611 -0.299842 -2.57084e-19)
(0.396916 -0.316288 1.20826e-20)
(0.496219 -0.305932 1.3499e-19)
(0.578755 -0.282189 -3.90329e-21)
(0.0601844 -0.121781 2.35031e-19)
(0.175267 -0.251876 -3.08918e-19)
(0.299671 -0.312656 3.07205e-19)
(0.407236 -0.330197 -2.56133e-22)
(0.505952 -0.319729 2.8618e-20)
(0.587602 -0.295168 1.1845e-19)
(0.0646399 -0.126175 8.90368e-20)
(0.184068 -0.261398 3.54593e-19)
(0.3101 -0.324963 -2.69191e-19)
(0.417954 -0.343626 -1.99632e-19)
(0.516079 -0.33311 -1.6934e-19)
(0.59682 -0.307801 -1.62344e-19)
(0.0692225 -0.130314 -2.32677e-19)
(0.193142 -0.270446 -2.6028e-19)
(0.320874 -0.336745 1.10352e-19)
(0.429049 -0.356556 2.37382e-19)
(0.526581 -0.346058 1.76214e-19)
(0.606396 -0.320074 9.88007e-20)
(0.0739195 -0.134191 2.57777e-19)
(0.202466 -0.279007 1.96638e-19)
(0.33197 -0.347984 2.66571e-19)
(0.4405 -0.36897 -3.23304e-20)
(0.537441 -0.358559 -9.25395e-20)
(0.616314 -0.331972 -5.38321e-20)
(0.0787178 -0.1378 -1.1568e-19)
(0.212018 -0.287067 1.08712e-20)
(0.343363 -0.358663 -8.7655e-20)
(0.452284 -0.380851 6.37447e-20)
(0.54864 -0.370595 -4.09031e-20)
(0.62656 -0.343481 -2.09795e-19)
(0.692689 -0.308252 4.11374e-19)
(0.0836043 -0.141135 -1.64457e-19)
(0.221772 -0.294613 -3.47809e-19)
(0.355027 -0.368768 -2.04891e-19)
(0.464377 -0.392182 7.79897e-22)
(0.560158 -0.382152 1.54737e-19)
(0.637117 -0.354589 9.12697e-20)
(0.702081 -0.31851 -2.40702e-19)
(0.0885654 -0.14419 -1.35242e-19)
(0.231705 -0.301634 1.37868e-19)
(0.366936 -0.378284 1.20122e-19)
(0.476755 -0.402949 -1.11152e-19)
(0.571974 -0.393216 -1.98537e-19)
(0.647969 -0.365284 -5.28043e-20)
(0.711752 -0.32843 -9.00733e-20)
(0.0935875 -0.146963 1.54284e-19)
(0.241793 -0.30812 1.61937e-19)
(0.379063 -0.387198 -9.10313e-20)
(0.489392 -0.413138 -1.03215e-19)
(0.584068 -0.403774 6.90621e-20)
(0.6591 -0.375552 1.92065e-19)
(0.721689 -0.338 2.08619e-20)
(0.0986568 -0.149449 3.65556e-19)
(0.252009 -0.314063 -1.97925e-19)
(0.39138 -0.395498 1.46796e-19)
(0.502265 -0.422735 2.99447e-19)
(0.596419 -0.413812 1.05712e-19)
(0.670493 -0.385383 -4.62145e-20)
(0.731878 -0.347212 1.06592e-20)
(0.103759 -0.151645 -1.37573e-19)
(0.262329 -0.319455 4.35642e-20)
(0.403861 -0.403173 -2.93609e-20)
(0.515345 -0.431728 -2.46834e-19)
(0.609003 -0.423318 -7.78826e-20)
(0.682128 -0.394767 3.1238e-19)
(0.742305 -0.356056 -1.76137e-19)
(0.108881 -0.15355 -4.39257e-21)
(0.272727 -0.32429 -7.79726e-20)
(0.416475 -0.410215 -1.64788e-19)
(0.528608 -0.440107 8.78578e-20)
(0.621799 -0.432282 2.98608e-19)
(0.693988 -0.403691 -1.62925e-19)
(0.752955 -0.364523 3.6392e-19)
(0.114008 -0.155163 -2.18391e-19)
(0.283176 -0.328563 2.74828e-20)
(0.429196 -0.416614 1.14191e-19)
(0.542026 -0.447861 1.51795e-19)
(0.634784 -0.440693 -1.49558e-19)
(0.706054 -0.412148 1.49952e-19)
(0.763814 -0.372605 -1.5504e-19)
(0.119126 -0.156482 1.7248e-19)
(0.293651 -0.332271 8.52291e-20)
(0.441993 -0.422365 7.84376e-20)
(0.555571 -0.454982 -2.91573e-19)
(0.647933 -0.448542 -1.66932e-19)
(0.718307 -0.420127 -2.05999e-19)
(0.774866 -0.380294 -9.52355e-20)
(0.124221 -0.157508 1.39222e-19)
(0.304126 -0.33541 -3.58235e-20)
(0.454838 -0.427461 -2.28973e-20)
(0.569215 -0.461461 1.00836e-19)
(0.661223 -0.455819 1.05504e-19)
(0.730728 -0.427621 5.1317e-20)
(0.786097 -0.387582 -1.22669e-19)
(0.829157 -0.344295 -1.24713e-19)
(0.129279 -0.158242 -1.03201e-20)
(0.314573 -0.337981 9.20112e-22)
(0.4677 -0.431898 -1.27374e-19)
(0.58293 -0.467293 1.6668e-19)
(0.67463 -0.462518 -1.0691e-19)
(0.743295 -0.434622 -1.38706e-19)
(0.79749 -0.394462 8.59115e-20)
(0.839321 -0.350757 -3.61309e-20)
(0.134288 -0.158686 -3.55149e-19)
(0.324968 -0.339982 8.59065e-20)
(0.480551 -0.435674 1.9112e-19)
(0.596688 -0.472471 -1.67628e-19)
(0.688128 -0.46863 8.37442e-20)
(0.755989 -0.441121 2.97941e-20)
(0.809029 -0.400928 -2.1497e-20)
(0.849637 -0.356879 -1.6402e-20)
(0.139232 -0.158842 2.6762e-19)
(0.335284 -0.341417 -2.63848e-20)
(0.493361 -0.438786 -1.13683e-19)
(0.61046 -0.476991 1.04575e-19)
(0.701692 -0.474151 9.58061e-20)
(0.768788 -0.447113 1.53837e-19)
(0.820697 -0.406973 7.62194e-20)
(0.860093 -0.362655 1.89143e-19)
(0.144099 -0.158714 -2.12348e-19)
(0.345496 -0.342287 -4.77167e-20)
(0.506099 -0.441236 -8.95237e-20)
(0.624217 -0.48085 -8.1348e-20)
(0.715297 -0.479074 -2.56458e-19)
(0.781672 -0.452593 -1.26723e-19)
(0.832478 -0.412591 2.59795e-20)
(0.870674 -0.368079 -7.31104e-20)
(0.148876 -0.158305 2.39477e-19)
(0.355577 -0.342597 -4.99388e-21)
(0.518737 -0.443023 1.06388e-19)
(0.637929 -0.484046 -8.11907e-21)
(0.728917 -0.483395 2.96726e-19)
(0.794619 -0.457554 -1.4872e-20)
(0.844354 -0.417778 -2.14961e-20)
(0.881368 -0.373149 1.78162e-20)
(0.153549 -0.15762 -1.8002e-19)
(0.365502 -0.342352 8.99502e-20)
(0.531245 -0.444151 -1.03372e-20)
(0.651568 -0.486579 1.08428e-19)
(0.742527 -0.487112 -3.1669e-19)
(0.807608 -0.461992 -1.15822e-19)
(0.856308 -0.422529 2.03853e-19)
(0.892161 -0.377859 5.08227e-20)
(0.920155 -0.333075 9.09077e-21)
(0.158107 -0.156664 -3.68825e-20)
(0.375248 -0.341559 -1.30737e-19)
(0.543593 -0.444623 4.28609e-20)
(0.665105 -0.488448 -5.11615e-20)
(0.7561 -0.490221 1.17406e-19)
(0.820616 -0.465903 5.08626e-20)
(0.868323 -0.42684 -1.43795e-19)
(0.903038 -0.382205 -1.44039e-20)
(0.929852 -0.337225 -7.20192e-20)
(0.162539 -0.155444 1.60634e-19)
(0.384789 -0.340226 2.76176e-20)
(0.555753 -0.444444 -4.29967e-20)
(0.678509 -0.489655 3.83226e-20)
(0.769609 -0.492722 6.01574e-20)
(0.833621 -0.469284 1.34867e-19)
(0.88038 -0.430706 1.32052e-19)
(0.913986 -0.386184 -1.32981e-19)
(0.939633 -0.341074 -4.84085e-20)
(0.166832 -0.153968 -1.04277e-19)
(0.394103 -0.338362 1.90323e-20)
(0.567696 -0.443621 -7.29616e-20)
(0.691753 -0.490203 -8.72583e-20)
(0.783028 -0.494614 -8.55209e-20)
(0.8466 -0.472133 -5.86079e-20)
(0.892461 -0.434124 -1.77189e-19)
(0.924991 -0.389793 8.91627e-20)
(0.949489 -0.344617 1.21484e-20)
(0.170975 -0.15224 5.79214e-20)
(0.403165 -0.335977 3.85539e-21)
(0.579395 -0.442162 9.14269e-20)
(0.704808 -0.490096 9.90412e-21)
(0.796331 -0.495896 -4.45434e-20)
(0.85953 -0.474448 5.88702e-21)
(0.904547 -0.437093 2.54811e-20)
(0.936037 -0.393029 1.05938e-19)
(0.959408 -0.347853 3.20645e-20)
(0.174957 -0.150269 -7.37031e-20)
(0.411953 -0.333082 1.97016e-20)
(0.59082 -0.440076 -2.51419e-20)
(0.717643 -0.489339 -1.47093e-20)
(0.809492 -0.496571 1.33707e-19)
(0.87239 -0.476228 7.72718e-20)
(0.91662 -0.43961 -1.45277e-20)
(0.947111 -0.39589 -7.13223e-20)
(0.969379 -0.350779 3.86959e-20)
(0.985974 -0.307904 -2.97317e-20)
(0.178768 -0.148062 4.61476e-20)
(0.420445 -0.32969 -3.72449e-20)
(0.601945 -0.437372 3.22008e-20)
(0.730232 -0.487938 5.92935e-20)
(0.822482 -0.496642 -5.39742e-20)
(0.885155 -0.477473 -7.99212e-20)
(0.928662 -0.441672 -4.53353e-20)
(0.958196 -0.398373 -6.29129e-21)
(0.979389 -0.353394 -6.86634e-21)
(0.994926 -0.310444 2.2344e-19)
(0.182397 -0.14563 2.23212e-20)
(0.428619 -0.325814 5.1257e-20)
(0.612742 -0.434062 -1.38433e-20)
(0.742545 -0.485901 -3.93559e-20)
(0.835277 -0.49611 -3.35263e-20)
(0.897802 -0.478182 -1.1171e-20)
(0.940652 -0.443279 1.20704e-19)
(0.969278 -0.400477 1.42754e-20)
(0.989427 -0.355696 1.89981e-20)
(1.00392 -0.312724 -5.71539e-20)
(0.185836 -0.142981 -1.48206e-20)
(0.436456 -0.321469 -9.57521e-21)
(0.623187 -0.43016 -1.19742e-20)
(0.754554 -0.483235 -3.58482e-21)
(0.847849 -0.49498 3.27012e-20)
(0.910308 -0.478358 5.51911e-20)
(0.952571 -0.444431 -1.40075e-19)
(0.980341 -0.402201 1.51009e-20)
(0.999481 -0.357684 5.00072e-20)
(1.01296 -0.314743 -2.95456e-21)
(0.189076 -0.140124 -2.28512e-20)
(0.443936 -0.31667 -2.16606e-20)
(0.633253 -0.425678 -1.66771e-20)
(0.766233 -0.479952 -1.06778e-20)
(0.860172 -0.493258 -3.10287e-20)
(0.92265 -0.478001 -1.40289e-20)
(0.9644 -0.445126 5.1093e-20)
(0.99137 -0.403544 -6.46064e-20)
(1.00954 -0.359356 -2.43732e-20)
(1.02202 -0.316501 -4.80628e-20)
(1.03125 -0.276837 2.17598e-20)
(0.192109 -0.137072 -6.1768e-21)
(0.451041 -0.311435 8.54204e-21)
(0.642916 -0.420633 9.11618e-21)
(0.777555 -0.476062 3.20268e-20)
(0.872219 -0.490951 2.67253e-20)
(0.934804 -0.477116 -1.3885e-20)
(0.976119 -0.445366 3.26635e-20)
(1.00235 -0.404504 5.73538e-21)
(1.01959 -0.360712 -9.64728e-21)
(1.0311 -0.317997 9.02693e-20)
(1.03938 -0.278317 1.20293e-19)
(0.194928 -0.133833 -5.55235e-21)
(0.457752 -0.305779 -9.66484e-21)
(0.652153 -0.415041 -2.2697e-21)
(0.788493 -0.471577 -1.19932e-20)
(0.883966 -0.488064 8.91453e-21)
(0.946746 -0.475704 2.88177e-20)
(0.987709 -0.44515 -3.18445e-20)
(1.01326 -0.405083 -1.76343e-20)
(1.02962 -0.361752 -7.32749e-20)
(1.04018 -0.31923 -1.39007e-19)
(1.04754 -0.279578 -7.63935e-20)
(0.197526 -0.130419 2.04432e-20)
(0.464054 -0.299723 1.27192e-20)
(0.660941 -0.408918 -1.28938e-21)
(0.79902 -0.46651 1.92946e-21)
(0.895386 -0.484606 -2.16024e-20)
(0.958454 -0.47377 -2.59914e-20)
(0.999148 -0.444482 3.89734e-20)
(1.02409 -0.405279 -2.39585e-21)
(1.03961 -0.362474 4.27079e-20)
(1.04926 -0.320199 -8.38479e-21)
(1.05571 -0.280619 6.64621e-20)
(1.06015 -0.244654 7.00045e-20)
(0.199897 -0.126841 -9.82981e-21)
(0.469931 -0.293285 8.41376e-21)
(0.669258 -0.402284 2.08245e-20)
(0.809113 -0.460875 -1.0688e-20)
(0.906453 -0.480586 -8.93855e-21)
(0.969902 -0.471319 3.08921e-20)
(1.01042 -0.443362 -1.7527e-20)
(1.03482 -0.405094 1.712e-20)
(1.04956 -0.36288 -2.09983e-20)
(1.05833 -0.320906 -3.33852e-20)
(1.06389 -0.281441 -7.85438e-20)
(1.0675 -0.245471 -1.54004e-19)
(0.202035 -0.123112 -4.4125e-20)
(0.475368 -0.286485 1.46522e-20)
(0.677082 -0.395157 -7.72477e-21)
(0.818747 -0.454688 2.37578e-20)
(0.917143 -0.476014 -4.48423e-22)
(0.981069 -0.468356 -2.45551e-20)
(1.0215 -0.441793 3.32346e-20)
(1.04544 -0.404528 -8.43809e-21)
(1.05944 -0.362968 1.92694e-20)
(1.06738 -0.32135 8.46199e-20)
(1.07207 -0.282043 -3.75313e-20)
(1.07487 -0.246103 1.16049e-19)
(0.203936 -0.119242 1.93046e-20)
(0.480353 -0.279343 -7.5198e-20)
(0.684396 -0.387559 -1.5981e-20)
(0.827897 -0.447966 -8.65805e-21)
(0.92743 -0.470902 -5.11342e-21)
(0.99193 -0.464888 1.93771e-21)
(1.03237 -0.439778 -3.79256e-20)
(1.05592 -0.403582 -5.7541e-21)
(1.06926 -0.36274 7.91026e-22)
(1.07639 -0.321531 -1.02527e-21)
(1.08025 -0.282426 1.14644e-19)
(1.08224 -0.246551 -6.36316e-20)
(1.0832 -0.21414 -8.90611e-20)
(0.205595 -0.115245 4.5237e-20)
(0.484874 -0.271882 2.74666e-20)
(0.69118 -0.379511 -3.32948e-20)
(0.836543 -0.440725 -1.5029e-20)
(0.937292 -0.46526 -3.3016e-21)
(1.00246 -0.460922 -6.22822e-21)
(1.043 -0.437321 -9.49173e-21)
(1.06625 -0.402258 1.14109e-20)
(1.07899 -0.362195 -1.53635e-20)
(1.08537 -0.32145 -7.39048e-21)
(1.08841 -0.28259 -2.8886e-21)
(1.08961 -0.246814 -1.4248e-22)
(1.08985 -0.214419 5.18193e-20)
(0.20701 -0.111132 -3.99322e-20)
(0.488919 -0.264122 -2.17175e-20)
(0.697416 -0.371033 6.12151e-21)
(0.844661 -0.432984 -2.82124e-21)
(0.946703 -0.459102 1.7048e-20)
(1.01264 -0.456465 -3.06983e-21)
(1.05339 -0.434425 2.02731e-20)
(1.07642 -0.400558 1.94144e-22)
(1.08861 -0.361336 3.58837e-20)
(1.09428 -0.321107 1.11495e-20)
(1.09654 -0.282537 -4.37499e-20)
(1.09698 -0.246895 3.86287e-20)
(1.09651 -0.214542 8.04142e-21)
(1.09542 -0.185369 -7.64476e-20)
(0.208178 -0.106915 1.97147e-20)
(0.49248 -0.256086 -2.63239e-21)
(0.703089 -0.36215 4.85858e-20)
(0.85223 -0.424762 6.44476e-20)
(0.955642 -0.452442 -3.37179e-20)
(1.02245 -0.451526 5.11053e-21)
(1.0635 -0.431096 -7.32813e-21)
(1.0864 -0.398484 -1.6163e-21)
(1.09813 -0.360163 -2.63237e-20)
(1.10314 -0.320504 1.53142e-20)
(1.10465 -0.282266 -6.309e-20)
(1.10435 -0.246792 1.20679e-20)
(1.10317 -0.214511 -8.84683e-20)
(1.10146 -0.185349 3.58147e-20)
(0.209097 -0.102608 -3.62749e-20)
(0.495548 -0.247796 6.29082e-20)
(0.708184 -0.352886 4.8398e-22)
(0.859231 -0.41608 -5.00637e-22)
(0.964084 -0.445294 5.35757e-20)
(1.03186 -0.446115 1.34105e-20)
(1.07332 -0.427337 1.94696e-21)
(1.09619 -0.396038 7.00261e-21)
(1.10751 -0.358677 2.48235e-20)
(1.11191 -0.31964 -1.34979e-20)
(1.11272 -0.281778 4.50592e-20)
(1.11169 -0.246508 -6.78347e-20)
(1.10983 -0.214325 1.10439e-20)
(1.10751 -0.185197 -2.24665e-20)
(0.209766 -0.0982234 -1.53953e-20)
(0.498116 -0.239277 -9.09092e-20)
(0.712688 -0.343265 -5.81963e-20)
(0.865644 -0.406957 2.86533e-21)
(0.972009 -0.437673 9.93853e-23)
(1.04085 -0.440241 -8.6284e-21)
(1.08283 -0.423156 -4.49543e-21)
(1.10575 -0.393224 -3.27362e-21)
(1.11676 -0.35688 -1.2521e-20)
(1.12061 -0.318517 1.74006e-20)
(1.12074 -0.281075 -2.06345e-20)
(1.11901 -0.246043 5.84463e-20)
(1.11649 -0.213986 6.83835e-21)
(1.11356 -0.184915 -3.20271e-20)
(1.1104 -0.158524 6.84072e-20)
(0.210184 -0.093773 9.70573e-20)
(0.500179 -0.23055 7.3688e-20)
(0.716588 -0.333311 7.23711e-21)
(0.871452 -0.397418 -5.77196e-20)
(0.979395 -0.429596 -3.74417e-20)
(1.0494 -0.433915 3.46767e-21)
(1.092 -0.418558 3.56321e-21)
(1.11507 -0.390045 -1.38871e-21)
(1.12584 -0.354773 -1.06969e-20)
(1.1292 -0.317136 5.97199e-21)
(1.1287 -0.280157 -5.34377e-21)
(1.1263 -0.245398 -3.14449e-20)
(1.12313 -0.213496 2.60187e-20)
(1.11961 -0.184504 7.54515e-21)
(1.11593 -0.158146 -1.59625e-20)
(1.11204 -0.134143 1.33441e-20)
(0.210351 -0.0892698 1.69532e-20)
(0.501732 -0.221641 -6.06398e-20)
(0.719874 -0.323052 -4.95185e-21)
(0.876638 -0.387483 -9.23533e-22)
(0.986221 -0.421079 1.18399e-20)
(1.05748 -0.427148 2.33853e-20)
(1.10081 -0.41355 -3.67067e-21)
(1.12414 -0.386504 -7.13186e-21)
(1.13476 -0.352359 4.71019e-21)
(1.13769 -0.315498 -1.36689e-20)
(1.1366 -0.279026 1.34996e-20)
(1.13356 -0.244574 -6.90765e-21)
(1.12975 -0.212854 2.06121e-21)
(1.12566 -0.183965 -7.76133e-21)
(1.12146 -0.157658 -1.13478e-20)
(1.11714 -0.133675 9.65072e-22)
(0.21027 -0.0847261 -6.51902e-20)
(0.502772 -0.212573 3.90017e-20)
(0.722537 -0.312511 1.60953e-20)
(0.881188 -0.377177 6.11893e-21)
(0.992468 -0.412142 3.89441e-20)
(1.06508 -0.419954 -4.09338e-20)
(1.10925 -0.408139 1.13697e-20)
(1.13294 -0.382606 1.88318e-20)
(1.14348 -0.349639 1.52526e-21)
(1.14605 -0.313605 9.8491e-22)
(1.14442 -0.277682 -1.51515e-20)
(1.14077 -0.243573 -4.8237e-22)
(1.13635 -0.212063 2.17718e-20)
(1.13169 -0.183299 6.58365e-20)
(1.127 -0.157064 1.8405e-20)
(1.12226 -0.133116 -2.22416e-20)
(1.11756 -0.110875 -1.56651e-20)
(0.20994 -0.0801544 -5.7812e-20)
(0.503298 -0.203369 2.18788e-20)
(0.724568 -0.301717 -4.91389e-20)
(0.885086 -0.366523 1.25866e-20)
(0.998118 -0.402803 -3.12435e-20)
(1.07217 -0.412344 3.93511e-20)
(1.1173 -0.402334 -3.26197e-20)
(1.14144 -0.378355 -7.33797e-21)
(1.15201 -0.346617 -8.5785e-21)
(1.15428 -0.311457 -3.72972e-21)
(1.15216 -0.276127 1.71641e-20)
(1.14793 -0.242396 1.63029e-20)
(1.14293 -0.211123 -3.20265e-20)
(1.13771 -0.182507 3.15722e-21)
(1.13253 -0.156363 -1.95534e-20)
(1.12738 -0.132469 -2.98032e-21)
(1.12234 -0.110248 -2.2449e-20)
(0.209365 -0.075567 -1.87488e-20)
(0.50331 -0.194054 2.98462e-20)
(0.725962 -0.290697 6.07773e-20)
(0.888321 -0.355547 1.27679e-20)
(1.00315 -0.39308 -4.35532e-20)
(1.07874 -0.404333 -4.17599e-21)
(1.12492 -0.396142 1.17987e-20)
(1.14964 -0.373755 1.53052e-20)
(1.16032 -0.343293 3.43269e-22)
(1.16237 -0.309057 3.69555e-21)
(1.1598 -0.274362 -1.01904e-20)
(1.15503 -0.241043 -3.40423e-21)
(1.14946 -0.210037 -1.42279e-20)
(1.14372 -0.181591 -2.28973e-20)
(1.13805 -0.155557 1.93457e-20)
(1.1325 -0.131734 1.50721e-20)
(1.12712 -0.109552 7.23578e-21)
(1.12175 -0.0892391 -4.12258e-20)
(0.208548 -0.0709759 4.99564e-20)
(0.502807 -0.184651 -2.12593e-20)
(0.726713 -0.279476 1.74504e-20)
(0.89088 -0.344273 -8.40949e-21)
(1.00755 -0.382995 5.19178e-20)
(1.08476 -0.395934 -6.43597e-20)
(1.13211 -0.389573 1.3458e-20)
(1.1575 -0.368813 1.75278e-21)
(1.16839 -0.339673 -1.03063e-20)
(1.17029 -0.306407 7.51293e-22)
(1.16735 -0.272388 6.64821e-21)
(1.16207 -0.239517 -6.14395e-21)
(1.15596 -0.208804 2.70161e-20)
(1.14969 -0.180551 1.74027e-21)
(1.14357 -0.154648 1.0946e-20)
(1.13761 -0.130912 6.71051e-21)
(1.13191 -0.108785 1.35664e-20)
(1.1263 -0.0884937 -1.66684e-21)
(1.1211 -0.0683044 2.39775e-20)
(0.207492 -0.066393 -4.18564e-20)
(0.501794 -0.175185 -2.92142e-20)
(0.72682 -0.268084 -5.53988e-21)
(0.892754 -0.332728 -8.29583e-21)
(1.01131 -0.372568 6.73471e-20)
(1.09021 -0.387164 5.77074e-20)
(1.13884 -0.382637 7.20839e-21)
(1.16502 -0.363532 -1.7548e-20)
(1.17621 -0.335757 1.79048e-20)
(1.17805 -0.303507 -7.78154e-21)
(1.17478 -0.270206 -2.35964e-21)
(1.16904 -0.237817 1.64901e-22)
(1.16241 -0.207426 -5.30534e-21)
(1.15565 -0.17939 -1.01827e-21)
(1.14906 -0.153636 -4.68006e-20)
(1.14272 -0.130005 -3.00013e-22)
(1.1367 -0.107952 -1.26649e-20)
(1.13086 -0.0876955 -1.61525e-20)
(1.12546 -0.0675432 -1.56177e-20)
(1.12003 -0.0504929 -8.29587e-21)
(0.206202 -0.0618298 6.9393e-20)
(0.500273 -0.165679 9.91597e-21)
(0.726279 -0.256547 -2.09316e-20)
(0.893935 -0.320938 -2.70754e-20)
(1.0144 -0.361822 -7.63283e-20)
(1.09508 -0.378037 3.4507e-20)
(1.14509 -0.375343 1.98373e-20)
(1.17217 -0.35792 -3.78075e-22)
(1.18377 -0.33155 5.04452e-22)
(1.18562 -0.300359 1.16864e-20)
(1.18209 -0.267818 8.16471e-22)
(1.17593 -0.235946 7.10843e-21)
(1.16882 -0.205905 6.6001e-21)
(1.16156 -0.178108 -1.08864e-20)
(1.15454 -0.152522 6.35366e-21)
(1.14782 -0.129014 -2.7565e-22)
(1.14148 -0.107051 -2.44497e-20)
(1.13543 -0.0868461 3.29088e-21)
(1.12982 -0.0667524 3.00626e-20)
(1.12438 -0.0495991 -3.57597e-20)
(0.204682 -0.0572977 -8.67513e-20)
(0.498249 -0.156157 -5.56788e-20)
(0.72509 -0.244892 -1.1159e-21)
(0.894414 -0.30893 3.26598e-20)
(1.01681 -0.350777 -3.56731e-20)
(1.09935 -0.36857 -3.51405e-20)
(1.15084 -0.367702 1.35801e-20)
(1.17893 -0.351983 -9.64642e-21)
(1.19105 -0.327055 1.2395e-20)
(1.193 -0.296967 6.8715e-21)
(1.18926 -0.265225 -2.93358e-21)
(1.18273 -0.233905 -2.7965e-21)
(1.17516 -0.204242 -4.1286e-21)
(1.16744 -0.176706 6.81335e-21)
(1.15999 -0.151309 9.74653e-21)
(1.1529 -0.12794 -2.32454e-20)
(1.14626 -0.106086 1.7434e-20)
(1.13999 -0.085947 -1.10419e-20)
(1.1342 -0.0659335 -3.83534e-20)
(1.12874 -0.0486916 3.66291e-20)
(0.202937 -0.0528076 9.56389e-20)
(0.495729 -0.146641 1.30437e-19)
(0.723256 -0.233149 4.93227e-20)
(0.894187 -0.296731 -6.27626e-20)
(1.01853 -0.339458 -2.83438e-21)
(1.10299 -0.35878 2.01354e-20)
(1.15608 -0.359727 -5.75931e-20)
(1.18528 -0.345728 2.08499e-20)
(1.19802 -0.322275 -1.26636e-20)
(1.20016 -0.293331 -1.01395e-20)
(1.19629 -0.262428 3.69668e-21)
(1.18943 -0.231694 -1.47116e-21)
(1.18144 -0.202438 1.90724e-21)
(1.17328 -0.175186 -4.9955e-22)
(1.16541 -0.149997 2.87158e-21)
(1.15797 -0.126784 1.88301e-21)
(1.15102 -0.105056 6.82954e-21)
(1.14455 -0.085 8.16715e-21)
(1.13857 -0.0650883 -2.23115e-21)
(1.1331 -0.0477742 -1.3871e-20)
(0.200975 -0.0483702 -2.17648e-20)
(0.49272 -0.137154 -7.4305e-21)
(0.72078 -0.221344 2.28083e-20)
(0.893249 -0.284368 1.85188e-20)
(1.01956 -0.327887 3.066e-20)
(1.106 -0.348686 -3.71594e-20)
(1.16077 -0.351427 3.46173e-20)
(1.19121 -0.339161 -1.08752e-20)
(1.20468 -0.317215 1.41177e-20)
(1.2071 -0.289454 4.02283e-21)
(1.20317 -0.259429 -1.44858e-21)
(1.19603 -0.229315 4.70191e-21)
(1.18765 -0.200493 7.99404e-22)
(1.17907 -0.173549 -1.14454e-21)
(1.1708 -0.148587 -1.51068e-21)
(1.16301 -0.125548 1.3071e-20)
(1.15577 -0.103963 -5.08402e-22)
(1.14909 -0.0840063 -7.55504e-21)
(1.14294 -0.0642181 2.9833e-21)
(1.13746 -0.0468504 -1.95186e-20)
(0.198801 -0.0439957 -2.86559e-20)
(0.489231 -0.127719 -2.66768e-20)
(0.717664 -0.209505 -1.20407e-19)
(0.891599 -0.271869 7.50861e-20)
(1.01987 -0.316089 -1.70755e-21)
(1.10836 -0.338305 2.97137e-20)
(1.16492 -0.342818 -2.14654e-20)
(1.1967 -0.332291 7.615e-21)
(1.211 -0.311879 9.45715e-21)
(1.2138 -0.285337 -7.93864e-21)
(1.20988 -0.256229 -8.89566e-21)
(1.20251 -0.226769 -5.43843e-21)
(1.19378 -0.19841 -1.17976e-21)
(1.18481 -0.171796 5.9128e-22)
(1.17615 -0.147081 5.98475e-21)
(1.16802 -0.124232 -3.67424e-21)
(1.1605 -0.102808 3.94421e-21)
(1.15362 -0.0829673 -1.57066e-21)
(1.14731 -0.063324 6.06248e-21)
(1.1418 -0.0459236 2.03902e-20)
(0.196423 -0.039694 2.39735e-20)
(0.485272 -0.118357 -2.45604e-20)
(0.713917 -0.197658 1.27913e-19)
(0.889235 -0.259262 -1.24921e-19)
(1.01946 -0.304088 5.94043e-20)
(1.11005 -0.327656 -2.0744e-20)
(1.16848 -0.333911 -2.39428e-20)
(1.20172 -0.325125 4.93688e-21)
(1.21696 -0.306272 2.86208e-21)
(1.22024 -0.280984 -2.55034e-21)
(1.21641 -0.252829 1.74554e-20)
(1.20888 -0.224057 -1.72755e-21)
(1.19983 -0.196189 -3.85534e-22)
(1.19049 -0.169928 -4.06416e-22)
(1.18146 -0.145479 -7.12384e-21)
(1.173 -0.122838 -6.93154e-21)
(1.16521 -0.101592 -9.56979e-21)
(1.15814 -0.081884 2.71955e-21)
(1.15166 -0.0624072 5.03993e-21)
(0.193847 -0.0354744 5.44185e-20)
(0.480854 -0.109088 -3.23717e-20)
(0.709546 -0.185832 -2.74929e-20)
(0.886158 -0.246574 7.58886e-20)
(1.01833 -0.291908 -3.97541e-20)
(1.11106 -0.31676 -3.7877e-20)
(1.17146 -0.32472 -9.95793e-22)
(1.20625 -0.317673 -2.1839e-20)
(1.22256 -0.300397 -3.27684e-20)
(1.2264 -0.276397 1.87624e-21)
(1.22275 -0.249231 -1.57854e-20)
(1.21511 -0.22118 4.92181e-21)
(1.20579 -0.193831 -1.24409e-21)
(1.1961 -0.167946 -3.0426e-22)
(1.18672 -0.143782 2.37691e-21)
(1.17795 -0.121366 -2.17363e-21)
(1.16988 -0.100316 2.46268e-21)
(1.16262 -0.0807575 -1.07619e-21)
(1.15599 -0.0614683 5.0261e-22)
(0.191083 -0.031346 -6.15049e-20)
(0.475989 -0.099935 1.52858e-20)
(0.704559 -0.174051 7.19127e-21)
(0.88237 -0.233833 -1.84602e-21)
(1.01647 -0.279575 -1.43962e-20)
(1.11137 -0.305636 8.18613e-20)
(1.17382 -0.31526 2.09504e-20)
(1.21029 -0.309943 1.88814e-20)
(1.22776 -0.29426 2.20398e-20)
(1.23228 -0.271578 1.8027e-20)
(1.22889 -0.245435 1.04396e-20)
(1.2212 -0.218138 -3.20259e-21)
(1.21165 -0.191336 3.01204e-21)
(1.20165 -0.16585 1.33978e-23)
(1.19194 -0.141992 1.88461e-21)
(1.18286 -0.119818 4.4242e-21)
(1.17453 -0.0989804 1.80012e-22)
(1.16708 -0.0795886 4.47899e-21)
(1.16031 -0.0605077 1.96069e-21)
(0.188138 -0.0273172 4.33346e-20)
(0.47069 -0.0909161 2.78568e-20)
(0.698967 -0.162343 -6.75183e-20)
(0.877876 -0.221068 3.54733e-20)
(1.01387 -0.267115 -2.57794e-21)
(1.11098 -0.294306 -5.10524e-20)
(1.17556 -0.305545 -3.2486e-20)
(1.2138 -0.301945 -2.24618e-21)
(1.23256 -0.287868 -4.70492e-21)
(1.23786 -0.26653 -1.5472e-20)
(1.23481 -0.241444 -5.31321e-21)
(1.22714 -0.214934 2.00808e-21)
(1.21741 -0.188707 -8.14715e-22)
(1.20712 -0.163643 -7.41198e-23)
(1.19709 -0.140108 -6.24222e-22)
(1.18772 -0.118193 -8.83402e-22)
(1.17913 -0.0975855 1.37218e-21)
(1.17151 -0.0783777 -1.68641e-21)
(1.16459 -0.0595258 -4.11437e-21)
(0.185021 -0.0233959 -1.30328e-20)
(0.464971 -0.0820507 -3.3292e-20)
(0.692783 -0.150733 6.28652e-21)
(0.872681 -0.208305 -3.9167e-20)
(1.01053 -0.254553 8.93277e-21)
(1.10988 -0.28279 2.39263e-20)
(1.17665 -0.295592 1.73951e-20)
(1.21676 -0.293689 9.68363e-21)
(1.23692 -0.281224 -2.87474e-20)
(1.24311 -0.261256 -3.60594e-22)
(1.2405 -0.237259 2.04237e-22)
(1.23292 -0.211566 1.02733e-21)
(1.22306 -0.185942 -2.22614e-21)
(1.21251 -0.161324 -1.9503e-21)
(1.20219 -0.138132 6.95456e-23)
(1.19253 -0.116493 -4.60299e-22)
(1.1837 -0.0961318 7.62999e-22)
(1.17589 -0.0771253 9.49696e-22)
(1.16884 -0.0585224 -7.27474e-22)
(0.181742 -0.0195896 -9.57699e-22)
(0.458848 -0.073357 3.85275e-20)
(0.686019 -0.139245 8.17335e-21)
(0.866792 -0.195573 -9.73695e-21)
(1.00645 -0.241915 -3.63153e-20)
(1.10805 -0.27111 -3.84006e-21)
(1.17708 -0.285416 1.64598e-20)
(1.21917 -0.285185 -2.10942e-20)
(1.24084 -0.274336 2.68422e-20)
(1.24802 -0.25576 7.00643e-21)
(1.24594 -0.23288 3.30931e-21)
(1.23853 -0.208037 -2.57009e-21)
(1.22858 -0.183044 6.39517e-22)
(1.21782 -0.158893 1.19568e-21)
(1.20722 -0.136065 -9.36691e-22)
(1.19729 -0.114717 -3.84057e-23)
(1.18822 -0.0946196 2.15679e-22)
(1.18023 -0.0758315 2.05341e-22)
(1.17305 -0.0574973 2.30758e-21)
(0.178309 -0.0159053 -3.33175e-21)
(0.452337 -0.0648525 -2.21281e-20)
(0.678692 -0.127903 3.54235e-20)
(0.860219 -0.182897 1.02933e-20)
(1.00163 -0.229227 1.49624e-20)
(1.10548 -0.259289 -1.21031e-20)
(1.17684 -0.275034 -8.74681e-21)
(1.221 -0.276446 -2.13876e-21)
(1.24429 -0.26721 -6.98217e-21)
(1.25258 -0.250043 -1.26933e-20)
(1.25111 -0.22831 -5.26595e-21)
(1.24394 -0.204346 4.02638e-21)
(1.23397 -0.180011 1.32916e-21)
(1.22303 -0.156352 2.3312e-21)
(1.21218 -0.133906 2.1976e-22)
(1.202 -0.112867 1.56336e-22)
(1.19269 -0.0930489 5.71666e-22)
(1.18453 -0.0744963 -9.97674e-22)
(1.17721 -0.0564499 5.98608e-22)
(0.174733 -0.0123493 -9.64965e-21)
(0.445454 -0.0565536 -8.40662e-21)
(0.670816 -0.116732 -2.31241e-20)
(0.852973 -0.170306 8.218e-21)
(0.99608 -0.216516 7.36748e-21)
(1.10218 -0.247349 1.47226e-21)
(1.17591 -0.264464 3.75836e-21)
(1.22222 -0.267482 6.09024e-21)
(1.24725 -0.259853 2.03877e-21)
(1.25675 -0.24411 9.90293e-21)
(1.25601 -0.22355 3.15443e-21)
(1.24917 -0.200495 -1.73493e-21)
(1.23922 -0.176845 1.06451e-21)
(1.22814 -0.153701 -2.25365e-21)
(1.21707 -0.131656 6.10048e-22)
(1.20664 -0.110943 -2.38214e-22)
(1.19711 -0.0914198 -1.35298e-22)
(1.18877 -0.0731191 9.26372e-22)
(1.18132 -0.0553793 -7.41071e-23)
(0.171023 -0.00892733 9.16742e-21)
(0.438217 -0.0484759 5.00923e-21)
(0.66241 -0.105753 1.17574e-21)
(0.845064 -0.157825 -6.97082e-21)
(0.989793 -0.203807 1.13339e-21)
(1.09812 -0.235313 -3.73125e-21)
(1.17428 -0.253724 7.52425e-22)
(1.22284 -0.258306 3.16454e-21)
(1.2497 -0.252272 -3.84525e-21)
(1.26053 -0.237965 -3.18768e-21)
(1.26062 -0.218601 7.18543e-22)
(1.25418 -0.196483 -2.79525e-23)
(1.24433 -0.173546 -1.11484e-21)
(1.23315 -0.15094 8.47934e-22)
(1.22187 -0.129315 -1.51671e-22)
(1.21122 -0.108943 5.64834e-23)
(1.20147 -0.0897319 2.52599e-23)
(1.19296 -0.0716995 -1.99242e-22)
(1.18538 -0.0542844 -6.82711e-23)
(0.16719 -0.00564478 9.42752e-21)
(0.430645 -0.0406339 5.40249e-21)
(0.653493 -0.0949887 1.21877e-21)
(0.836509 -0.14548 -7.17698e-21)
(0.982778 -0.191127 1.16404e-21)
(1.09332 -0.223205 -4.21477e-21)
(1.17193 -0.242832 1.08696e-21)
(1.22281 -0.248931 3.47852e-21)
(1.25162 -0.244475 -4.27405e-21)
(1.26389 -0.231611 -3.42462e-21)
(1.26492 -0.213465 5.38351e-22)
(1.25896 -0.192311 8.72471e-23)
(1.24927 -0.170113 -1.37219e-21)
(1.23804 -0.148068 1.03305e-21)
(1.22659 -0.126883 -1.98147e-22)
(1.21573 -0.10687 1.44558e-22)
(1.20577 -0.0879848 1.38806e-22)
(1.19709 -0.0702366 9.08055e-23)
(1.18938 -0.0531638 -1.34601e-23)
(0.163243 -0.00250626 -1.00104e-20)
(0.422757 -0.0330412 -8.91181e-21)
(0.644084 -0.0844593 -2.41128e-20)
(0.827321 -0.133296 8.3393e-21)
(0.975043 -0.178502 8.41062e-21)
(1.08777 -0.211048 1.39944e-21)
(1.16886 -0.231807 4.10468e-21)
(1.22214 -0.239371 7.06548e-21)
(1.25299 -0.236471 2.12514e-21)
(1.26682 -0.225053 1.18651e-20)
(1.26888 -0.208144 4.2931e-21)
(1.2635 -0.187979 -2.72178e-21)
(1.25405 -0.166547 1.59066e-21)
(1.2428 -0.145086 -3.49998e-21)
(1.23122 -0.12436 1.22187e-21)
(1.22016 -0.104721 -8.8368e-22)
(1.21 -0.0861779 4.07342e-22)
(1.20115 -0.0687295 -5.54555e-22)
(1.19331 -0.0520158 2.13037e-23)
(0.159194 0.000484113 -3.57532e-21)
(0.414572 -0.0257104 -2.50419e-20)
(0.634204 -0.0741847 3.89474e-20)
(0.817518 -0.121298 1.1545e-20)
(0.966597 -0.165957 1.77012e-20)
(1.08147 -0.198867 -1.60703e-20)
(1.16506 -0.220668 -9.2698e-21)
(1.22079 -0.22964 -1.34199e-21)
(1.25379 -0.228269 -9.21125e-21)
(1.26929 -0.218295 -1.68825e-20)
(1.27249 -0.202639 -7.61816e-21)
(1.26779 -0.183489 6.3195e-21)
(1.25864 -0.162847 2.28349e-21)
(1.24744 -0.141993 4.90421e-21)
(1.23575 -0.121746 1.45299e-21)
(1.22451 -0.102497 -1.45357e-23)
(1.21416 -0.0843106 -1.56806e-21)
(1.20514 -0.0671768 6.70215e-22)
(1.19717 -0.0508386 -1.31221e-22)
(0.155052 0.0033228 -1.942e-21)
(0.406111 -0.0186529 4.23865e-20)
(0.623875 -0.0641834 1.01132e-20)
(0.807117 -0.109508 -1.01763e-20)
(0.957449 -0.153518 -4.20051e-20)
(1.07442 -0.186684 -5.66595e-21)
(1.16051 -0.209436 2.32335e-20)
(1.21876 -0.219752 -3.04967e-20)
(1.254 -0.219877 3.88544e-20)
(1.27127 -0.211343 9.2183e-21)
(1.27574 -0.196952 5.68774e-21)
(1.27181 -0.178839 -5.28852e-21)
(1.26303 -0.159014 2.68082e-21)
(1.25194 -0.138789 4.34293e-21)
(1.24017 -0.11904 -3.40653e-21)
(1.22878 -0.100197 1.31609e-21)
(1.21825 -0.0823819 -1.63026e-22)
(1.20906 -0.065577 -2.05128e-22)
(1.20096 -0.04963 -8.3378e-22)
(0.150828 0.00600685 -1.34251e-20)
(0.397393 -0.0118791 -3.81311e-20)
(0.61312 -0.054473 8.21757e-21)
(0.79614 -0.0979505 -4.92121e-20)
(0.947613 -0.14121 1.37538e-20)
(1.06661 -0.174525 2.63793e-20)
(1.15521 -0.198132 2.76994e-20)
(1.21603 -0.209723 1.17549e-20)
(1.2536 -0.211307 -4.15993e-20)
(1.27276 -0.204202 -3.78859e-21)
(1.27859 -0.191087 7.78976e-22)
(1.27554 -0.174031 3.33409e-21)
(1.26722 -0.155045 -6.17925e-21)
(1.25628 -0.135473 -4.48421e-21)
(1.24448 -0.116241 -6.94554e-22)
(1.23296 -0.09782 1.24824e-21)
(1.22225 -0.0803907 -1.55403e-21)
(1.21291 -0.0639282 -6.23424e-22)
(1.20466 -0.0483875 3.64116e-22)
(0.146533 0.00853387 5.23653e-20)
(0.38844 -0.00539826 3.34878e-20)
(0.601963 -0.04507 -7.94706e-20)
(0.784606 -0.0866467 3.89969e-20)
(0.937102 -0.129058 5.18025e-22)
(1.05806 -0.162413 -7.05555e-20)
(1.14916 -0.186776 -4.67391e-20)
(1.21259 -0.199569 -5.78599e-21)
(1.25257 -0.202568 -5.34428e-21)
(1.27372 -0.196878 -3.29035e-20)
(1.28104 -0.185044 -1.02985e-20)
(1.27896 -0.169065 4.45084e-21)
(1.27118 -0.150942 -3.43876e-21)
(1.26046 -0.132044 1.14778e-22)
(1.24868 -0.113349 1.33858e-20)
(1.23704 -0.0953657 1.36586e-21)
(1.22618 -0.0783358 -1.99999e-21)
(1.21667 -0.0622286 2.00981e-21)
(1.20828 -0.0471086 1.67549e-21)
(0.142176 0.010902 -7.64004e-20)
(0.379273 0.000781366 2.05761e-20)
(0.590429 -0.0359893 7.42715e-21)
(0.772539 -0.0756175 -5.79444e-21)
(0.925932 -0.117085 -1.47083e-20)
(1.04878 -0.150373 1.12398e-19)
(1.14234 -0.175389 3.35858e-20)
(1.20842 -0.189307 2.75216e-20)
(1.25089 -0.193672 4.36938e-20)
(1.27414 -0.189378 3.70339e-20)
(1.28305 -0.178828 2.3732e-20)
(1.28205 -0.163941 -9.55254e-21)
(1.2749 -0.146703 1.59466e-20)
(1.26447 -0.128502 9.32041e-21)
(1.25274 -0.110363 -1.77928e-20)
(1.24103 -0.0928325 -1.34919e-20)
(1.23001 -0.0762157 1.22979e-21)
(1.22034 -0.0604759 -4.11402e-21)
(1.21181 -0.0457903 -6.05457e-22)
(0.137769 0.0131101 7.04601e-20)
(0.369913 0.00665276 -4.21709e-20)
(0.578542 -0.0272449 -3.97859e-20)
(0.759962 -0.0648828 1.0677e-19)
(0.91412 -0.105315 -5.9212e-20)
(1.03876 -0.138429 -5.81363e-20)
(1.13476 -0.163994 7.00439e-21)
(1.20351 -0.178953 -4.65903e-20)
(1.24854 -0.18463 -6.48115e-20)
(1.27399 -0.181708 4.78002e-21)
(1.28461 -0.172441 -4.48793e-20)
(1.28479 -0.15866 1.74012e-20)
(1.27837 -0.142328 -3.15456e-21)
(1.2683 -0.124845 -1.12987e-20)
(1.25667 -0.107281 -7.2273e-21)
(1.2449 -0.0902192 3.90985e-21)
(1.23376 -0.0740289 -2.14622e-21)
(1.22393 -0.0586677 1.55005e-21)
(1.21525 -0.0444296 -6.80782e-22)
(0.133322 0.0151572 2.90633e-20)
(0.360382 0.01221 -2.82311e-20)
(0.566329 -0.0188495 1.63977e-19)
(0.746901 -0.0544614 -1.69987e-19)
(0.901687 -0.0937713 8.72973e-20)
(1.02803 -0.126604 -3.02032e-20)
(1.12642 -0.152612 -3.94755e-20)
(1.19784 -0.168526 1.84617e-21)
(1.2455 -0.175457 4.46093e-21)
(1.27324 -0.173876 -8.99424e-21)
(1.28568 -0.165886 6.16386e-20)
(1.28717 -0.153223 -4.70924e-21)
(1.28156 -0.137815 8.06471e-21)
(1.27192 -0.121071 2.68745e-21)
(1.26045 -0.104101 3.09109e-20)
(1.24866 -0.0875241 1.22618e-20)
(1.2374 -0.0717734 1.23728e-20)
(1.22743 -0.0568014 -1.64282e-21)
(1.21859 -0.0430233 -2.95791e-21)
(0.128844 0.0170434 -3.51063e-20)
(0.350701 0.0174483 -4.59714e-20)
(0.553816 -0.0108143 -1.63914e-19)
(0.73338 -0.0443706 1.07213e-19)
(0.888651 -0.0824751 -3.7991e-21)
(1.01658 -0.114922 4.31357e-20)
(1.11732 -0.141265 -3.4199e-20)
(1.19142 -0.158044 1.77196e-20)
(1.24175 -0.166164 8.63504e-21)
(1.27188 -0.16589 -2.57501e-20)
(1.28626 -0.159168 -3.13341e-20)
(1.28915 -0.14763 -4.9637e-20)
(1.28447 -0.133165 1.03583e-20)
(1.27534 -0.11718 -4.6464e-21)
(1.26407 -0.100823 -1.89342e-20)
(1.2523 -0.0847456 4.89051e-21)
(1.24095 -0.0694474 -5.0722e-21)
(1.23083 -0.0548743 4.23243e-23)
(1.22183 -0.0415679 -2.81454e-21)
(1.21483 -0.0283538 -1.98009e-21)
(0.124347 0.0187688 -2.87938e-20)
(0.340893 0.0223639 -1.78977e-20)
(0.54103 -0.00314927 3.34095e-20)
(0.719429 -0.0346269 2.99667e-20)
(0.875036 -0.0714478 5.8597e-20)
(1.00445 -0.103407 -7.39408e-20)
(1.10745 -0.129976 6.82827e-20)
(1.18423 -0.147527 -2.60024e-20)
(1.23728 -0.156767 4.05943e-20)
(1.26989 -0.157759 1.04063e-20)
(1.2863 -0.152291 -1.02052e-20)
(1.29072 -0.141884 6.61007e-20)
(1.28706 -0.128376 -2.60778e-20)
(1.27852 -0.11317 4.84343e-21)
(1.26753 -0.097444 2.57205e-21)
(1.25581 -0.0818817 -2.05597e-20)
(1.24439 -0.0670487 3.90313e-22)
(1.23412 -0.0528834 6.4375e-21)
(1.22497 -0.04006 -1.96009e-21)
(1.21782 -0.027241 9.64439e-21)
(0.119839 0.0203344 1.43872e-19)
(0.330978 0.0269543 1.87284e-19)
(0.527998 0.00413699 7.32905e-20)
(0.705073 -0.0252452 -9.05343e-20)
(0.860866 -0.0607095 -6.20421e-21)
(0.991628 -0.0920801 3.1123e-20)
(1.09683 -0.118767 -1.29189e-19)
(1.17626 -0.136992 6.62672e-20)
(1.23207 -0.147279 -6.20974e-20)
(1.26723 -0.149493 -4.75298e-20)
(1.28579 -0.14526 2.70663e-20)
(1.29184 -0.135984 -2.71093e-20)
(1.28931 -0.123448 -1.0559e-20)
(1.28146 -0.109039 2.41307e-21)
(1.27081 -0.0939624 -6.37137e-21)
(1.25919 -0.0789303 -6.16297e-21)
(1.24771 -0.064575 -3.63922e-21)
(1.23732 -0.0508257 -9.02267e-21)
(1.22801 -0.0384957 2.64176e-21)
(1.22069 -0.0260719 7.4873e-21)
(0.11533 0.0217415 -1.32352e-19)
(0.320978 0.0312181 -7.58147e-20)
(0.514749 0.0110373 -1.46123e-21)
(0.690343 -0.0162391 5.11895e-20)
(0.846164 -0.0502794 -6.49805e-20)
(0.978148 -0.0809649 -8.05816e-20)
(1.08546 -0.107661 2.50634e-20)
(1.16751 -0.126462 -1.77774e-20)
(1.2261 -0.137716 4.05194e-20)
(1.26389 -0.141102 2.20638e-20)
(1.2847 -0.13808 -3.48786e-20)
(1.29251 -0.129934 4.67628e-20)
(1.29121 -0.11838 2.25477e-20)
(1.28413 -0.104785 -2.01076e-20)
(1.27389 -0.0903759 -2.13639e-20)
(1.26241 -0.0758891 3.77872e-20)
(1.25092 -0.0620237 -1.82397e-20)
(1.2404 -0.0486981 7.39826e-21)
(1.23093 -0.0368714 2.42846e-20)
(1.22345 -0.0248398 -2.01176e-20)
(0.11083 0.0229919 1.17396e-19)
(0.310914 0.0351548 7.84792e-21)
(0.501309 0.0175457 -3.21333e-20)
(0.675267 -0.0076208 -4.36621e-20)
(0.830959 -0.0401753 -1.5005e-19)
(0.964025 -0.0700826 6.62056e-20)
(1.07335 -0.0966802 4.56373e-20)
(1.15797 -0.115955 -2.771e-21)
(1.21936 -0.128095 5.25768e-21)
(1.25984 -0.132597 9.82151e-20)
(1.283 -0.130758 5.74892e-20)
(1.29267 -0.123735 -9.70037e-20)
(1.29273 -0.113171 -2.72124e-20)
(1.28652 -0.100407 3.02947e-20)
(1.27676 -0.0866822 -1.05015e-20)
(1.26548 -0.0727555 8.4115e-22)
(1.25399 -0.0593922 2.42839e-20)
(1.24337 -0.0464971 -2.78231e-21)
(1.23374 -0.035183 -2.15173e-20)
(1.22608 -0.0235383 2.0169e-20)
(0.106348 0.0240879 -7.44598e-20)
(0.300807 0.0387652 -3.67973e-20)
(0.487706 0.0236579 -1.28242e-20)
(0.659877 0.000598772 -2.242e-20)
(0.815277 -0.0304142 1.40014e-19)
(0.94928 -0.0594542 1.37202e-19)
(1.06051 -0.0858467 3.39411e-20)
(1.14766 -0.105493 -9.34314e-20)
(1.21184 -0.118433 1.32335e-19)
(1.25506 -0.123991 -8.89232e-20)
(1.28066 -0.123301 2.33524e-20)
(1.29232 -0.11739 4.84175e-21)
(1.29384 -0.107823 2.34947e-20)
(1.28861 -0.0959025 7.39016e-21)
(1.27941 -0.082879 8.35831e-20)
(1.26838 -0.069527 1.78877e-22)
(1.25694 -0.0566776 1.1208e-20)
(1.24622 -0.0442196 1.30835e-20)
(1.23644 -0.0334264 1.01982e-20)
(1.22859 -0.0221608 -2.68355e-20)
(0.101893 0.0250322 8.28574e-20)
(0.290678 0.042051 -2.84049e-20)
(0.473968 0.0293707 3.16082e-20)
(0.644202 0.00841032 -2.03237e-20)
(0.799148 -0.0210117 1.24045e-19)
(0.933936 -0.0490998 -1.79801e-19)
(1.04695 -0.0751826 3.68815e-20)
(1.13655 -0.0950967 1.02481e-20)
(1.20353 -0.108747 -5.48159e-20)
(1.24954 -0.115296 -5.13737e-20)
(1.27767 -0.115716 -1.07599e-19)
(1.29142 -0.110904 3.52333e-20)
(1.29452 -0.102335 -8.95559e-20)
(1.29037 -0.0912706 -1.0346e-20)
(1.28182 -0.0789636 -1.50969e-20)
(1.2711 -0.0662006 -1.04995e-20)
(1.25975 -0.0538769 -1.10924e-20)
(1.24895 -0.0418619 -2.93126e-21)
(1.23902 -0.0315976 5.02898e-22)
(1.23097 -0.0207012 -5.2396e-22)
(0.0974733 0.0258279 -3.19996e-20)
(0.280546 0.0450149 6.60343e-20)
(0.460123 0.0346825 1.25162e-19)
(0.628273 0.015806 3.05822e-20)
(0.782601 -0.0119819 -1.20996e-19)
(0.918017 -0.0390385 -1.06171e-20)
(1.03269 -0.0647098 5.52131e-20)
(1.12467 -0.0847874 7.63007e-20)
(1.19441 -0.0990556 4.63075e-20)
(1.24325 -0.106526 -2.63938e-20)
(1.27399 -0.108012 1.03547e-19)
(1.28994 -0.104279 1.28912e-20)
(1.29473 -0.0967079 5.69715e-20)
(1.29177 -0.0865096 3.97387e-20)
(1.28396 -0.0749335 -2.9214e-20)
(1.27363 -0.0627735 -1.81385e-20)
(1.2624 -0.0509869 -3.8998e-21)
(1.25155 -0.0394206 -5.80515e-20)
(1.24149 -0.0296922 2.5997e-21)
(1.23322 -0.0191528 2.6491e-20)
(0.0930967 0.0264786 -1.10694e-19)
(0.270432 0.0476608 4.00538e-20)
(0.446198 0.039593 -9.55237e-20)
(0.612123 0.0227794 2.84393e-20)
(0.765667 -0.00333786 -9.2006e-20)
(0.901549 -0.0292887 1.33417e-19)
(1.01774 -0.0544494 -1.34517e-19)
(1.11201 -0.0745866 -8.49183e-20)
(1.18448 -0.0893778 -1.45801e-19)
(1.23617 -0.0976948 1.36467e-19)
(1.26959 -0.100199 -1.33504e-19)
(1.28784 -0.0975204 -6.00386e-20)
(1.29446 -0.0909425 8.48084e-20)
(1.2928 -0.0816181 -6.26651e-21)
(1.28583 -0.0707862 2.83388e-20)
(1.27594 -0.0592426 -6.83258e-22)
(1.26489 -0.0480041 2.44025e-20)
(1.25401 -0.0368921 5.23444e-20)
(1.24383 -0.0277059 -2.50386e-20)
(1.23533 -0.0175115 4.64916e-21)
(0.0887713 0.0269881 -1.45699e-19)
(0.260354 0.0499932 8.56269e-20)
(0.432219 0.0441032 4.62987e-20)
(0.595782 0.0293258 9.79761e-21)
(0.748379 0.00490908 1.05715e-19)
(0.884561 -0.0198674 -1.42656e-19)
(1.00213 -0.0444222 5.31701e-20)
(1.09857 -0.0645158 2.0511e-19)
(1.17374 -0.0797331 -5.32657e-20)
(1.22829 -0.0888192 -1.00609e-20)
(1.26446 -0.092288 9.16295e-20)
(1.28511 -0.0906345 4.80845e-21)
(1.29366 -0.0850407 -5.8644e-20)
(1.29341 -0.0765952 -1.16227e-19)
(1.28738 -0.0665189 -3.00827e-20)
(1.27803 -0.0556048 1.85596e-20)
(1.26721 -0.044925 -5.3218e-20)
(1.25633 -0.0342727 -3.31686e-20)
(1.24604 -0.0256343 1.50767e-20)
(1.23732 -0.0157729 -3.19651e-20)
(0.0845046 0.0273607 2.46564e-20)
(0.250332 0.0520178 -1.30795e-19)
(0.418214 0.0482154 3.28385e-21)
(0.579283 0.0354419 -3.23781e-22)
(0.730769 0.0127489 2.35769e-20)
(0.86708 -0.0107908 8.52828e-20)
(0.985871 -0.0346484 6.54048e-21)
(1.08438 -0.0545965 -9.71033e-20)
(1.16218 -0.0701416 -3.36218e-20)
(1.21959 -0.0799151 9.19334e-20)
(1.25856 -0.0842894 -5.25613e-20)
(1.28171 -0.0836275 2.33328e-20)
(1.2923 -0.0790048 -7.69338e-21)
(1.29359 -0.0714403 1.5962e-20)
(1.28861 -0.0621294 1.49539e-20)
(1.27987 -0.0518568 2.60166e-21)
(1.26935 -0.041746 3.84161e-20)
(1.2585 -0.0315588 2.03626e-20)
(1.24813 -0.0234729 -3.77586e-21)
(1.23916 -0.0139314 -5.64147e-21)
(0.0803037 0.027601 2.49689e-19)
(0.240383 0.0537412 1.89352e-19)
(0.404209 0.0519333 1.71825e-20)
(0.562656 0.0411258 -1.74548e-19)
(0.71287 0.0201731 -1.46999e-19)
(0.849138 -0.0020734 2.53277e-20)
(0.968991 -0.0251473 3.15146e-20)
(1.06945 -0.0448501 -1.1627e-19)
(1.1498 -0.0606238 1.6574e-19)
(1.21006 -0.0709997 -4.78189e-20)
(1.25187 -0.0762162 2.93705e-20)
(1.2776 -0.076507 7.46479e-20)
(1.29036 -0.0728379 -5.3322e-20)
(1.2933 -0.0661532 -8.76886e-21)
(1.28947 -0.0576154 2.39662e-20)
(1.28145 -0.0479956 -2.47421e-20)
(1.27129 -0.0384632 5.02597e-20)
(1.26051 -0.0287467 2.11212e-20)
(1.25008 -0.021217 -1.88135e-21)
(1.24086 -0.0119824 3.3313e-20)
(0.0761753 0.0277138 -2.87878e-20)
(0.230524 0.0551705 -2.45187e-19)
(0.390228 0.0552617 -1.65125e-19)
(0.545934 0.0463774 1.60028e-21)
(0.694716 0.0271748 -3.46484e-20)
(0.830766 0.00627121 -7.77561e-20)
(0.951515 -0.0159374 -4.51944e-20)
(1.05378 -0.0352977 1.38959e-19)
(1.13659 -0.0512006 9.74274e-20)
(1.19968 -0.0620912 -9.45155e-20)
(1.24436 -0.0680821 7.01957e-20)
(1.27276 -0.0692815 -1.47246e-19)
(1.28779 -0.066544 -1.10223e-20)
(1.29251 -0.0607344 5.32003e-20)
(1.28996 -0.0529748 -4.47473e-20)
(1.28273 -0.044018 -5.76028e-21)
(1.27301 -0.0350727 -1.14802e-19)
(1.26235 -0.0258329 -1.19926e-20)
(1.2519 -0.0188617 -1.6161e-20)
(1.24241 -0.00992152 5.41879e-21)
(0.0721256 0.0277044 -9.80584e-20)
(0.220772 0.056314 1.93889e-19)
(0.376298 0.0582069 -1.6781e-20)
(0.529147 0.0511978 -2.22103e-20)
(0.676341 0.0337487 2.80859e-19)
(0.811998 0.014231 1.06267e-19)
(0.933469 -0.00703637 1.33349e-19)
(1.03739 -0.0259601 -1.18722e-19)
(1.12258 -0.0418933 -1.76906e-19)
(1.18844 -0.0532084 4.88823e-20)
(1.23602 -0.0599018 -1.4213e-19)
(1.26716 -0.0619608 1.56566e-19)
(1.28456 -0.060128 -1.74639e-20)
(1.29118 -0.0551848 3.5878e-20)
(1.29002 -0.048206 2.24223e-20)
(1.28369 -0.039921 4.37348e-20)
(1.27449 -0.0315705 5.21345e-20)
(1.264 -0.0228135 3.21474e-20)
(1.25357 -0.016402 2.97119e-21)
(1.24381 -0.00774505 -2.18988e-20)
(0.0681605 0.027578 6.18522e-20)
(0.211143 0.0571804 1.12965e-20)
(0.362442 0.060776 1.86401e-19)
(0.512325 0.05559 2.80686e-19)
(0.657779 0.0398909 -2.16809e-19)
(0.792867 0.0217955 1.08352e-19)
(0.914883 0.00153934 1.07789e-19)
(1.02031 -0.0168575 4.34104e-20)
(1.10775 -0.032723 1.18442e-19)
(1.17634 -0.0443711 -4.89647e-20)
(1.22682 -0.0516911 1.85839e-19)
(1.26076 -0.054556 -2.87515e-20)
(1.28064 -0.0535959 1.54953e-19)
(1.28928 -0.0495064 -4.6649e-20)
(1.28963 -0.043308 2.53093e-20)
(1.28432 -0.035702 1.01333e-20)
(1.27572 -0.0279526 2.18736e-20)
(1.26545 -0.0196852 -2.73791e-20)
(1.25508 -0.0138326 -2.07103e-20)
(1.24505 -0.00544977 4.6513e-21)
(0.0642856 0.0273403 -1.60954e-19)
(0.201651 0.0577794 -7.40984e-20)
(0.348683 0.0629775 5.52634e-20)
(0.4955 0.0595579 2.69707e-21)
(0.639064 0.0455994 1.42605e-19)
(0.773409 0.0289554 7.76269e-20)
(0.895787 0.00977434 -4.53427e-19)
(1.00256 -0.00800972 7.75444e-21)
(1.09213 -0.0237113 -1.52993e-19)
(1.16337 -0.0355995 -4.4162e-20)
(1.21675 -0.043467 9.35116e-20)
(1.25353 -0.047079 -6.23426e-20)
(1.27599 -0.0469549 -1.71743e-20)
(1.28676 -0.0437019 -5.34283e-20)
(1.28875 -0.0382799 -2.92996e-20)
(1.28457 -0.0313586 -8.02377e-20)
(1.27668 -0.024215 6.56199e-21)
(1.26669 -0.0164445 2.09401e-20)
(1.25644 -0.011148 4.24127e-20)
(1.24613 -0.00303305 1.39714e-21)
(0.0605057 0.0269973 1.95193e-19)
(0.192312 0.0581211 1.36313e-19)
(0.335045 0.0648208 -1.27077e-19)
(0.4787 0.0631073 -1.10138e-19)
(0.620231 0.0508735 5.41245e-21)
(0.753658 0.0357034 -6.20154e-20)
(0.876215 0.0176545 1.71787e-19)
(0.984157 0.000564272 -6.78101e-20)
(1.07572 -0.0148796 7.63246e-20)
(1.14954 -0.0269145 3.47756e-20)
(1.20578 -0.0352475 -1.7006e-20)
(1.24545 -0.0395435 1.27498e-20)
(1.27056 -0.0402133 -8.44718e-20)
(1.28359 -0.0377753 1.04865e-19)
(1.28735 -0.0331221 -2.05109e-20)
(1.28441 -0.0268886 1.3102e-19)
(1.27733 -0.0203538 -6.18887e-20)
(1.2677 -0.0130882 -1.82393e-20)
(1.25763 -0.00834211 3.31626e-21)
(1.24703 -0.000492812 -4.6201e-20)
(0.0568257 0.0265548 1.57822e-19)
(0.183138 0.0582164 -3.87718e-19)
(0.321548 0.0663165 -9.62114e-20)
(0.461954 0.0662451 -1.09309e-19)
(0.601313 0.0557144 -1.29367e-19)
(0.733651 0.0420334 -1.13926e-19)
(0.856199 0.0251671 2.70075e-19)
(0.965133 0.0088463 4.73015e-20)
(1.05855 -0.00624888 -1.69507e-20)
(1.13484 -0.0183375 1.29299e-20)
(1.19391 -0.0270515 -2.52518e-19)
(1.23649 -0.0319641 1.28288e-19)
(1.26433 -0.033381 -6.86038e-20)
(1.27973 -0.0317314 -2.0583e-20)
(1.28538 -0.0278354 -2.2598e-20)
(1.28381 -0.0222907 -1.85212e-19)
(1.27765 -0.0163653 3.96849e-21)
(1.26846 -0.00961329 -3.70624e-21)
(1.25864 -0.00540893 -2.11763e-20)
(1.24775 0.00217227 -1.03751e-21)
(0.0532496 0.026019 -2.85603e-19)
(0.174142 0.0580765 6.3836e-20)
(0.308213 0.0674759 -9.37573e-20)
(0.44529 0.0689796 3.12638e-19)
(0.582345 0.0601245 1.07065e-19)
(0.713424 0.0479411 2.57613e-19)
(0.835776 0.0323007 -2.42535e-19)
(0.945517 0.0168192 4.6486e-20)
(1.04062 0.00215986 -4.87645e-20)
(1.11927 -0.00989028 -2.02937e-19)
(1.18112 -0.018899 7.69319e-20)
(1.22662 -0.0243571 -2.05991e-19)
(1.25726 -0.0264691 1.02729e-19)
(1.27513 -0.0255766 -4.38971e-20)
(1.2828 -0.0224217 -4.95969e-20)
(1.28273 -0.0175641 8.77734e-20)
(1.27761 -0.0122461 1.88353e-20)
(1.26894 -0.00601723 2.04928e-21)
(1.25944 -0.00234181 3.23901e-20)
(1.24828 0.00496259 1.00696e-19)
(0.0497812 0.0253963 -1.4756e-19)
(0.165336 0.0577134 6.18619e-20)
(0.295059 0.0683114 2.22536e-19)
(0.428736 0.0713204 -2.78598e-19)
(0.563359 0.0641081 1.01732e-19)
(0.693015 0.0534239 -2.97011e-19)
(0.814982 0.0390454 8.8575e-20)
(0.925341 0.0244667 -4.98935e-20)
(1.02196 0.0103262 5.61614e-20)
(1.10285 -0.00159475 7.09695e-20)
(1.16741 -0.0108108 1.47861e-19)
(1.21582 -0.0167398 2.53343e-19)
(1.24931 -0.0194902 -3.78188e-20)
(1.26975 -0.0193185 7.47524e-20)
(1.27957 -0.0168842 1.46241e-19)
(1.28114 -0.0127088 9.68207e-20)
(1.27717 -0.00799314 2.70673e-20)
(1.26911 -0.00229781 1.26715e-20)
(1.26004 0.000866259 1.87188e-20)
(1.24861 0.00787728 1.90725e-20)
(0.0464239 0.0246932 3.3712e-19)
(0.156729 0.0571392 1.75715e-19)
(0.282105 0.0688362 6.29056e-20)
(0.412317 0.0732782 9.84753e-20)
(0.544388 0.0676707 1.40991e-19)
(0.672461 0.0584807 1.40147e-19)
(0.793855 0.0453928 -1.44253e-19)
(0.904637 0.0317741 -1.86116e-20)
(1.0026 0.0182305 -8.3023e-20)
(1.08558 0.00652697 1.18856e-20)
(1.15277 -0.00280851 -1.15474e-19)
(1.20407 -0.00913102 -2.75897e-20)
(1.24046 -0.0124587 1.27888e-20)
(1.26356 -0.0129664 7.74246e-21)
(1.27565 -0.0112273 -1.37901e-19)
(1.27897 -0.00772569 -1.76802e-19)
(1.27629 -0.00360398 -2.98149e-20)
(1.26896 0.00154656 -4.60803e-20)
(1.2604 0.00422279 -2.31149e-20)
(1.24871 0.0109139 -2.24074e-20)
(0.0431806 0.023916 -2.68297e-19)
(0.148333 0.0563667 -2.42332e-19)
(0.269369 0.069064 -1.06551e-19)
(0.396059 0.0748647 1.78934e-19)
(0.525464 0.0708193 -1.70622e-19)
(0.651797 0.063112 -1.23858e-19)
(0.772432 0.0513363 1.0489e-19)
(0.883442 0.0387275 4.00591e-20)
(0.982558 0.0258535 1.94929e-19)
(1.06748 0.0144528 2.75653e-19)
(1.1372 0.00508554 1.11664e-19)
(1.19135 -0.00155064 -1.9788e-19)
(1.23066 -0.0053903 8.52058e-20)
(1.2565 -0.00653108 -1.44492e-19)
(1.27097 -0.00545667 5.86111e-21)
(1.2762 -0.00261697 1.37157e-19)
(1.27494 0.000923165 -4.52736e-20)
(1.26844 0.00551681 -4.77498e-21)
(1.26051 0.00773583 -6.78563e-21)
(1.24857 0.0140676 -6.81305e-20)
(0.0400537 0.0230714 2.08952e-19)
(0.140156 0.0554087 -1.56049e-19)
(0.256866 0.0690095 -1.45581e-19)
(0.379984 0.0760931 -3.59027e-19)
(0.506619 0.0735625 -1.99148e-19)
(0.631062 0.0673199 8.72908e-20)
(0.750755 0.0568706 -1.01944e-19)
(0.861793 0.0453147 -3.39046e-20)
(0.961871 0.0331771 2.00977e-20)
(1.04857 0.0221609 -1.82103e-19)
(1.1207 0.0128486 -1.86453e-19)
(1.17765 0.00598017 2.05982e-19)
(1.21989 0.0016976 -1.68728e-19)
(1.24853 -2.50896e-05 9.59277e-20)
(1.26551 0.000420133 1.13003e-19)
(1.27276 0.00261399 -3.36606e-20)
(1.27306 0.00558917 5.94961e-20)
(1.26752 0.00961307 3.47908e-20)
(1.26033 0.011414 -1.13357e-21)
(1.24817 0.017331 3.68551e-20)
(0.0370455 0.022166 2.01126e-19)
(0.132205 0.0542786 5.02486e-19)
(0.244611 0.0686878 2.1454e-19)
(0.364116 0.076977 1.26784e-19)
(0.487881 0.0759099 1.30506e-19)
(0.610291 0.0711084 6.25789e-20)
(0.728861 0.0619923 -1.3962e-19)
(0.83973 0.0515249 1.4881e-19)
(0.940572 0.0401843 5.16677e-20)
(1.02888 0.0296299 8.82129e-20)
(1.10328 0.0204573 1.12373e-19)
(1.16296 0.0134392 -1.57971e-19)
(1.20812 0.008786 1.03449e-19)
(1.23963 0.00653721 -5.8966e-20)
(1.2592 0.00639396 -6.08972e-20)
(1.26862 0.00796237 8.13743e-20)
(1.27062 0.0103938 7.28655e-22)
(1.26617 0.0138345 -7.29669e-21)
(1.25983 0.0152664 1.96509e-20)
(1.24749 0.0206924 2.85813e-20)
(0.0341574 0.0212064 1.20985e-20)
(0.124488 0.0529898 -7.46432e-21)
(0.232618 0.0681145 6.28512e-20)
(0.348477 0.0775312 2.63543e-20)
(0.469281 0.0778725 -1.35696e-19)
(0.589519 0.0744825 -1.76913e-19)
(0.706792 0.0666996 3.52155e-19)
(0.817292 0.0573488 -4.28025e-20)
(0.918695 0.0468588 -1.10727e-19)
(1.00842 0.0368387 1.10398e-20)
(1.08496 0.0278884 -2.54208e-19)
(1.14727 0.0208032 8.96948e-20)
(1.19532 0.0158544 2.69857e-20)
(1.22974 0.0131396 -2.82146e-20)
(1.252 0.0124537 -7.13176e-20)
(1.26372 0.0134217 -1.4921e-19)
(1.26756 0.0153355 -8.02706e-20)
(1.26433 0.0181792 -2.59203e-20)
(1.25898 0.0193029 -8.91574e-20)
(1.24651 0.0241352 3.99644e-20)
(0.031391 0.0201994 -2.03142e-19)
(0.117011 0.051556 -3.86366e-19)
(0.2209 0.0673057 3.70187e-20)
(0.333085 0.0777713 1.72632e-19)
(0.450846 0.0794626 1.2435e-19)
(0.568784 0.077449 1.60238e-20)
(0.684588 0.0709922 -2.73527e-19)
(0.794522 0.0627788 -2.41599e-20)
(0.896279 0.0531862 -2.72238e-20)
(0.987229 0.043767 7.0943e-20)
(1.06574 0.0351183 2.26185e-19)
(1.13058 0.0280482 -9.27261e-20)
(1.18149 0.0228808 6.37266e-20)
(1.21883 0.0197641 1.47298e-19)
(1.24386 0.0185863 1.70825e-19)
(1.258 0.0189837 9.51148e-20)
(1.26382 0.020411 1.00121e-19)
(1.26197 0.0226443 -1.11544e-20)
(1.25774 0.0235337 1.4537e-19)
(1.24518 0.027635 -3.28169e-20)
(0.0287469 0.0191514 -2.25296e-19)
(0.10978 0.0499907 2.38703e-19)
(0.209467 0.0662778 -1.77844e-19)
(0.31796 0.0777134 -2.48268e-19)
(0.432603 0.0806932 1.44212e-19)
(0.548117 0.0800162 2.15835e-19)
(0.662289 0.0748716 8.32572e-20)
(0.771463 0.0678089 1.22094e-20)
(0.873365 0.059153 2.0333e-20)
(0.965337 0.0503956 -3.42399e-19)
(1.04564 0.0421236 -2.29284e-19)
(1.11289 0.0351496 -9.02809e-20)
(1.16659 0.0298417 -9.47189e-20)
(1.20687 0.0263908 -7.5237e-21)
(1.23474 0.0247765 -6.11964e-20)
(1.25141 0.0246381 -2.09964e-21)
(1.25935 0.0256153 -4.02696e-20)
(1.25903 0.0272256 7.53245e-20)
(1.25605 0.0279695 -9.26819e-20)
(1.24349 0.0311602 -9.70861e-20)
(0.0262257 0.0180691 2.76724e-19)
(0.102797 0.0483079 -8.74902e-20)
(0.19833 0.0650476 8.93096e-20)
(0.303119 0.0773744 6.7138e-20)
(0.414577 0.0815786 -3.92671e-19)
(0.527554 0.0821934 -1.53838e-19)
(0.639934 0.0783408 1.71377e-20)
(0.748158 0.0724347 1.24249e-19)
(0.849996 0.0647474 -6.48445e-20)
(0.942783 0.0567061 3.52674e-19)
(1.0247 0.0488815 1.32129e-19)
(1.09422 0.0420821 1.50709e-19)
(1.15063 0.0367126 -9.81302e-21)
(1.19383 0.0329978 -3.46039e-20)
(1.22459 0.0310069 -9.77353e-20)
(1.2439 0.0303729 2.02441e-20)
(1.25408 0.0309411 9.91117e-20)
(1.25547 0.0319179 -9.10193e-20)
(1.25385 0.0326211 4.92341e-20)
(0.0238276 0.0169591 -1.95783e-19)
(0.0960671 0.0465212 4.91346e-21)
(0.187498 0.0636319 -2.97252e-19)
(0.288579 0.0767715 -4.33448e-21)
(0.396793 0.0821338 1.10011e-19)
(0.507126 0.0839914 -3.22191e-20)
(0.617565 0.0814045 -2.98187e-20)
(0.724652 0.0766536 -1.7793e-19)
(0.826217 0.0699591 -6.52014e-20)
(0.919605 0.0626812 -2.54401e-19)
(1.00294 0.0553693 -4.76409e-20)
(1.07457 0.0488205 -1.97293e-19)
(1.13359 0.0434678 3.94945e-20)
(1.17968 0.0395616 1.28154e-20)
(1.21336 0.0372577 4.49392e-20)
(1.23541 0.0361734 -1.38394e-19)
(1.24796 0.0363783 -5.65207e-20)
(1.25123 0.0367155 2.24883e-20)
(1.25108 0.037498 -6.5135e-20)
(0.0215523 0.0158277 2.90194e-19)
(0.0895924 0.0446443 -6.64467e-20)
(0.176978 0.0620478 2.14731e-19)
(0.274352 0.0759223 2.17367e-19)
(0.379273 0.0823746 1.74568e-19)
(0.486864 0.0854221 1.18523e-19)
(0.595219 0.0840686 2.791e-19)
(0.700989 0.0804645 -1.30253e-19)
(0.802074 0.0747796 -1.21072e-21)
(0.895848 0.0683052 2.59491e-19)
(0.980399 0.0615654 1.34721e-19)
(1.05396 0.0553391 2.87126e-19)
(1.11548 0.0500804 8.16201e-21)
(1.1644 0.0460572 -1.6987e-19)
(1.20101 0.043507 -5.01865e-20)
(1.22589 0.0420229 1.75441e-19)
(1.24092 0.0419141 1.79824e-20)
(1.24625 0.0416125 6.40492e-20)
(1.24765 0.042608 -1.94323e-20)
(0.0193991 0.0146814 -3.84297e-19)
(0.0833744 0.0426909 -6.42715e-20)
(0.166777 0.0603124 9.29576e-20)
(0.260454 0.0748449 -1.01789e-19)
(0.362038 0.0823174 -1.36525e-19)
(0.4668 0.0864983 -2.32569e-19)
(0.572936 0.0863408 -1.99747e-19)
(0.677214 0.0838682 1.75591e-19)
(0.777616 0.079202 7.79809e-20)
(0.871556 0.0735637 -2.21243e-19)
(0.957108 0.0674489 -6.93176e-20)
(1.03242 0.0616128 -1.36918e-19)
(1.09629 0.0565232 -8.30172e-20)
(1.14798 0.0524578 1.83922e-19)
(1.18752 0.0497307 9.78369e-20)
(1.21528 0.0479024 -8.37935e-20)
(1.23291 0.0475324 -5.85997e-21)
(1.24049 0.0466043 -5.09458e-20)
(1.24345 0.0479508 9.85081e-21)
(0.0173673 0.0135265 7.25335e-20)
(0.0774142 0.0406745 3.28798e-19)
(0.1569 0.0584427 -9.11183e-20)
(0.246895 0.0735576 1.03631e-19)
(0.345109 0.0819794 -2.37205e-19)
(0.446961 0.0872341 -4.99282e-20)
(0.550752 0.0882298 2.08937e-19)
(0.653374 0.086867 2.15622e-20)
(0.752892 0.0832211 1.00524e-19)
(0.846781 0.0784439 -6.62675e-20)
(0.933112 0.0730002 5.51591e-20)
(1.00998 0.0676165 -1.52484e-20)
(1.07605 0.0627683 -6.18255e-20)
(1.13041 0.0587352 -1.75176e-19)
(1.17285 0.0559024 -1.02789e-19)
(1.20355 0.0537903 -4.06541e-20)
(1.22385 0.0532134 7.04795e-21)
(1.23386 0.0516877 4.95477e-20)
(0.0154556 0.0123691 3.24198e-19)
(0.0717117 0.0386083 -1.99155e-19)
(0.147351 0.0564556 3.14513e-20)
(0.233685 0.0720787 -2.17738e-19)
(0.328503 0.0813779 5.19971e-19)
(0.427375 0.087644 1.7628e-19)
(0.528706 0.0897458 -2.75642e-19)
(0.629512 0.0894648 -7.8377e-20)
(0.727952 0.0868336 2.88945e-21)
(0.821571 0.0829347 1.6851e-20)
(0.90846 0.0782009 -1.32208e-19)
(0.986675 0.0733263 6.04182e-20)
(1.05477 0.0687877 1.19422e-19)
(1.11168 0.0648605 1.66427e-19)
(1.15697 0.0619939 5.46951e-20)
(1.19064 0.0596626 -4.42227e-20)
(1.21368 0.0589337 -2.28568e-20)
(1.22632 0.056856 -6.42901e-20)
(0.0136622 0.0112149 -4.01635e-19)
(0.0662659 0.0365051 5.94266e-22)
(0.138133 0.0543677 -1.91019e-19)
(0.220835 0.0704261 1.04125e-20)
(0.312237 0.0805306 -4.50604e-19)
(0.408068 0.0877434 1.93294e-20)
(0.506832 0.0908998 4.40356e-20)
(0.605673 0.091667 -4.65444e-20)
(0.702848 0.0900376 5.59432e-20)
(0.795983 0.0870268 -1.74549e-22)
(0.8832 0.0830341 3.72851e-20)
(0.962542 0.0787185 3.14664e-20)
(1.03248 0.0745534 -3.23661e-20)
(1.0918 0.0708035 -2.48674e-20)
(1.13987 0.0679749 -4.01201e-20)
(1.17651 0.0654927 1.42489e-19)
(1.20236 0.064667 6.4214e-20)
(1.21779 0.0621012 3.72788e-20)
(0.0119851 0.0100698 3.32165e-19)
(0.0610752 0.0343775 8.7781e-20)
(0.129248 0.0521952 1.41205e-19)
(0.208351 0.068618 1.48153e-19)
(0.296328 0.0794552 3.58508e-19)
(0.389065 0.0875481 1.58948e-19)
(0.485165 0.0917039 -1.38136e-20)
(0.581901 0.0934803 8.13727e-20)
(0.67763 0.0928333 -1.0681e-19)
(0.77007 0.0907125 1.8366e-19)
(0.857388 0.0874845 8.12024e-20)
(0.937631 0.0837711 3.90959e-20)
(1.0092 0.0800376 1.50061e-19)
(1.07079 0.0765335 2.70057e-20)
(1.12153 0.0738138 1.03919e-19)
(1.16113 0.0712517 -1.40353e-19)
(1.18982 0.0703846 -1.11432e-19)
(1.20818 0.0674068 -5.43385e-20)
(0.0104222 0.00893935 -3.76498e-19)
(0.0561373 0.0322376 3.26568e-20)
(0.120697 0.0499543 1.54479e-19)
(0.196239 0.0666724 -1.70614e-19)
(0.280788 0.0781698 -1.367e-19)
(0.370389 0.0870745 -1.97139e-19)
(0.463738 0.0921713 -9.12831e-20)
(0.558239 0.0949128 -2.1049e-19)
(0.652352 0.0952222 -9.2499e-21)
(0.74389 0.0939861 6.17224e-20)
(0.831082 0.0915386 -2.08751e-19)
(0.911994 0.0884632 9.83652e-20)
(0.984981 0.0852134 -3.48325e-20)
(1.04865 0.0820197 -9.59182e-20)
(1.10196 0.0794776 -1.0383e-19)
(1.14447 0.0769083 1.46039e-21)
(1.17603 0.0760558 4.18475e-20)
(0.00897094 0.00782885 4.63248e-19)
(0.0514494 0.0300974 -1.44974e-19)
(0.11248 0.0476604 -2.60835e-19)
(0.184506 0.0646069 2.306e-19)
(0.265631 0.0766923 -1.19016e-19)
(0.352061 0.0863395 -1.84183e-20)
(0.442583 0.0923157 2.15144e-20)
(0.534731 0.0959739 4.50998e-20)
(0.627065 0.0972078 1.44634e-20)
(0.717503 0.0968438 -7.64457e-20)
(0.804342 0.0951846 2.71639e-22)
(0.885687 0.0927754 -2.63832e-19)
(0.959867 0.0900547 -6.23245e-20)
(1.02543 0.0872311 -5.27845e-20)
(1.08116 0.0849323 -2.51793e-20)
(1.12652 0.0824291 3.48738e-20)
(1.16093 0.0816478 -7.93605e-21)
(0.00762856 0.00674348 -1.73977e-20)
(0.0470077 0.0279682 7.26931e-21)
(0.104595 0.0453287 1.71898e-19)
(0.173154 0.0624386 -2.24424e-19)
(0.250868 0.0750404 1.29451e-19)
(0.334102 0.0853597 1.7618e-19)
(0.421732 0.0921516 -1.09894e-19)
(0.511417 0.0966739 4.02299e-20)
(0.601821 0.0987949 -6.57099e-20)
(0.690968 0.0992836 -1.34788e-21)
(0.777233 0.0984129 4.12392e-20)
(0.858773 0.09669 7.46444e-20)
(0.93391 0.0945366 -1.62422e-20)
(1.00116 0.092137 1.32699e-19)
(1.05914 0.0901433 7.36633e-20)
(1.10725 0.0877789 3.81805e-20)
(1.14449 0.0871253 2.15582e-21)
(0.00639204 0.00568814 -1.68864e-19)
(0.042808 0.0258609 2.96416e-20)
(0.0970413 0.0429739 3.35502e-20)
(0.162188 0.0601845 -1.18852e-19)
(0.236509 0.0732318 -1.32063e-19)
(0.316531 0.0841524 -3.83372e-20)
(0.401213 0.091694 1.17543e-19)
(0.488339 0.0970243 5.16286e-20)
(0.576672 0.0999897 -2.80762e-20)
(0.664347 0.101305 1.84199e-19)
(0.749821 0.101216 8.96388e-20)
(0.831318 0.100191 -2.1752e-20)
(0.907171 0.0986356 -1.05257e-19)
(0.97588 0.0967077 -1.37651e-19)
(1.03593 0.0950758 -1.04243e-19)
(1.08667 0.0929208 3.92017e-20)
(1.12668 0.0924511 -6.812e-21)
(0.00525811 0.00466747 -1.86264e-19)
(0.0388455 0.0237858 -9.47245e-20)
(0.0898155 0.0406097 -9.73484e-20)
(0.151608 0.0578607 3.3092e-19)
(0.222563 0.0712836 1.72083e-19)
(0.299366 0.0827344 2.22423e-19)
(0.381055 0.0909582 9.66669e-20)
(0.465535 0.0970374 1.96632e-20)
(0.551669 0.1008 1.53127e-19)
(0.637699 0.10291 -3.56576e-19)
(0.722174 0.103587 -2.59299e-20)
(0.803394 0.103266 -2.01281e-20)
(0.879717 0.10233 1.51244e-19)
(0.949649 0.100914 9.78696e-21)
(1.01156 0.0996951 4.69016e-20)
(1.06479 0.0978171 -9.01441e-20)
(1.1075 0.0975854 2.53759e-20)
(0.00422326 0.00368583 2.24146e-19)
(0.035115 0.0217528 -3.77135e-20)
(0.0829143 0.0382495 -1.21137e-19)
(0.141416 0.0554828 -1.62549e-19)
(0.209037 0.0692125 1.5033e-19)
(0.282623 0.0811226 -1.48004e-19)
(0.361284 0.0899598 1.19135e-19)
(0.443046 0.096726 -4.39849e-20)
(0.526862 0.101234 -1.68923e-19)
(0.611088 0.104101 -1.02026e-20)
(0.694364 0.105524 8.69244e-20)
(0.775074 0.105902 2.2954e-19)
(0.851619 0.1056 -1.11411e-19)
(0.92253 0.104729 1.57236e-19)
(0.986089 0.103967 -5.27721e-21)
(1.04163 0.102429 1.15997e-19)
(1.08692 0.102487 3.86711e-20)
(0.00328381 0.0027473 -6.87719e-21)
(0.0316105 0.019771 8.57575e-20)
(0.0763335 0.0359059 1.73533e-19)
(0.131611 0.0530658 -8.71514e-20)
(0.195937 0.0670349 -3.02401e-19)
(0.266316 0.0793335 1.3857e-19)
(0.341927 0.0887145 -3.22237e-19)
(0.420907 0.0961039 1.98786e-19)
(0.502301 0.101303 9.35849e-20)
(0.584575 0.104884 -2.82752e-20)
(0.666462 0.107023 -8.41817e-20)
(0.746438 0.10809 2.74957e-20)
(0.822957 0.108428 1.27331e-19)
(0.894595 0.108127 -1.17294e-19)
(0.959563 0.107858 -7.60743e-21)
(1.01723 0.106718 -5.14064e-20)
(0.00243585 0.00185563 1.15701e-19)
(0.0283257 0.0178489 -4.86411e-20)
(0.0700682 0.0335906 2.87417e-20)
(0.122194 0.0506237 2.45326e-19)
(0.18327 0.0647663 6.46441e-20)
(0.25046 0.0773834 -2.72631e-19)
(0.323006 0.0872381 1.542e-19)
(0.399154 0.095185 -1.42488e-19)
(0.478036 0.101016 -7.13221e-20)
(0.558222 0.105265 -7.60576e-20)
(0.638541 0.108086 5.74943e-20)
(0.717567 0.109823 -9.71427e-20)
(0.793814 0.110799 -8.62784e-20)
(0.865922 0.111083 1.19806e-19)
(0.932053 0.111337 1.70638e-19)
(0.991617 0.110645 1.6441e-20)
(0.00167531 0.00101427 -3.08264e-19)
(0.0252541 0.0159945 1.80149e-19)
(0.0641129 0.0313146 -1.2933e-19)
(0.113161 0.0481701 -2.81056e-19)
(0.17104 0.0624217 -9.60267e-20)
(0.235068 0.0752881 4.90806e-20)
(0.304545 0.0855462 -1.8305e-20)
(0.377824 0.0939837 1.6142e-19)
(0.454114 0.100387 2.17193e-19)
(0.532091 0.10525 2.00383e-19)
(0.610676 0.108715 -8.97434e-20)
(0.688544 0.111096 -1.20462e-19)
(0.764281 0.112699 1.85291e-20)
(0.8366 0.113577 -5.00202e-20)
(0.903637 0.114374 5.156e-20)
(0.964866 0.114173 1.96805e-20)
(0.000997988 0.000226328 -1.15681e-19)
(0.0223885 0.0142148 -1.51014e-19)
(0.0584617 0.0290882 8.78983e-20)
(0.10451 0.0457173 9.52432e-20)
(0.15925 0.0600152 -5.49562e-20)
(0.22015 0.0730627 -1.66417e-19)
(0.286566 0.0836542 -2.46232e-20)
(0.356949 0.0925146 -3.65408e-20)
(0.430583 0.0994263 -3.11488e-19)
(0.506242 0.10485 1.17206e-19)
(0.582942 0.108913 2.69337e-19)
(0.659457 0.111907 4.69369e-20)
(0.734451 0.114119 -6.65242e-20)
(0.806724 0.115589 1.22751e-20)
(0.874403 0.11694 -1.37219e-19)
(0.937046 0.117265 -2.32538e-20)
(0.000399512 -0.000505439 1.08602e-19)
(0.0197217 0.0125163 -1.13996e-19)
(0.0531082 0.0269204 -9.72638e-20)
(0.0962392 0.0432771 8.34091e-20)
(0.147902 0.0575604 1.60001e-19)
(0.205718 0.0707221 6.10553e-20)
(0.269089 0.0815774 7.74609e-20)
(0.336561 0.0907924 -1.39477e-19)
(0.407488 0.0981484 9.71743e-20)
(0.480737 0.104075 -1.61896e-19)
(0.555413 0.108686 -1.9659e-19)
(0.630393 0.112255 -1.77837e-20)
(0.704423 0.115051 -3.89146e-20)
(0.776395 0.117102 -1.25683e-19)
(0.84445 0.11901 -6.07212e-20)
(0.908243 0.119886 9.31176e-20)
(-0.000124589 -0.00117863 1.19791e-19)
(0.0172459 0.0109047 2.86578e-19)
(0.0480456 0.0248198 1.72794e-19)
(0.0883443 0.04086 1.96373e-21)
(0.137 0.0550697 -1.27608e-19)
(0.191781 0.0682801 -6.57974e-20)
(0.252133 0.0793304 1.72758e-19)
(0.316693 0.0888318 -5.56142e-22)
(0.384874 0.0965664 -3.29277e-21)
(0.455636 0.102935 1.77616e-19)
(0.528166 0.108042 -1.1094e-19)
(0.601442 0.112141 -8.00139e-20)
(0.674297 0.115489 1.53853e-19)
(0.745722 0.118105 6.04193e-20)
(0.813886 0.120562 1.18017e-19)
(0.878555 0.122004 -1.53677e-19)
(-0.000578883 -0.00179122 7.82599e-20)
(0.0149535 0.00938501 -4.35509e-21)
(0.0432666 0.0227938 5.50698e-20)
(0.0808213 0.0384758 -5.62764e-20)
(0.126544 0.0525549 2.02872e-20)
(0.178348 0.06575 1.95024e-19)
(0.235718 0.0769276 -1.13961e-19)
(0.297373 0.0866473 -3.71229e-20)
(0.362786 0.0946942 1.86336e-19)
(0.430997 0.101442 -6.39229e-20)
(0.501275 0.106989 8.20585e-21)
(0.572695 0.111571 4.11742e-20)
(0.644178 0.115431 -1.85819e-19)
(0.71482 0.118585 6.30946e-20)
(0.782831 0.121577 -3.8824e-20)
(0.848094 0.123589 -7.86704e-21)
(-0.000968012 -0.00234156 -1.83445e-19)
(0.0128364 0.00796136 -1.56877e-19)
(0.038764 0.0208487 -1.99417e-19)
(0.0736658 0.0361332 1.89753e-20)
(0.116536 0.0500266 8.19596e-20)
(0.165427 0.0631443 3.9291e-20)
(0.219859 0.0743827 -1.26768e-19)
(0.278631 0.0842535 1.24008e-19)
(0.341264 0.0925461 -1.43455e-19)
(0.406878 0.0996101 8.17426e-20)
(0.474816 0.105536 3.90897e-20)
(0.544245 0.110549 1.58118e-19)
(0.614176 0.114876 1.38731e-20)
(0.683808 0.118535 6.25076e-20)
(0.751409 0.122038 -1.75905e-20)
(-0.00129667 -0.00282839 1.43664e-19)
(0.0108865 0.00663716 1.93236e-19)
(0.03453 0.0189903 -7.07373e-20)
(0.0668729 0.0338399 -1.78166e-19)
(0.106974 0.0474946 -1.42978e-19)
(0.153025 0.0604746 -6.68726e-20)
(0.204575 0.0717089 -1.84815e-19)
(0.260494 0.0816643 5.34573e-20)
(0.320352 0.0901361 7.62201e-20)
(0.383336 0.0974516 -3.65516e-20)
(0.448862 0.103697 2.88492e-20)
(0.516184 0.109083 4.35023e-21)
(0.584397 0.113829 1.41634e-19)
(0.65281 0.117952 -7.46139e-20)
(0.719756 0.121932 -1.30829e-20)
(-0.00156958 -0.00325084 -5.05305e-20)
(0.0090956 0.00541502 -2.66928e-19)
(0.0305569 0.017223 1.8826e-19)
(0.0604377 0.0316026 1.55612e-19)
(0.0978604 0.0449678 1.28351e-19)
(0.141149 0.0577519 1.25548e-19)
(0.189879 0.0689186 1.94777e-19)
(0.24299 0.0788935 -2.71421e-19)
(0.300088 0.0874787 -1.81196e-19)
(0.360428 0.0949808 6.67265e-20)
(0.423487 0.101482 -3.55806e-20)
(0.488603 0.107183 -9.53264e-20)
(0.554955 0.112293 -6.72717e-20)
(0.621955 0.116833 1.03499e-20)
(0.688013 0.12125 5.37488e-20)
(-0.00179148 -0.00360843 -1.42028e-19)
(0.00745557 0.00429676 2.1749e-19)
(0.0268368 0.0155505 -2.0178e-19)
(0.0543548 0.0294269 2.76632e-21)
(0.0891931 0.0424541 -3.60771e-20)
(0.129805 0.054986 -7.81595e-20)
(0.175787 0.0660238 1.45529e-20)
(0.226143 0.0759545 7.29989e-20)
(0.280512 0.0845881 1.991e-19)
(0.338207 0.092212 -9.76269e-20)
(0.398763 0.098905 6.12995e-20)
(0.461594 0.10486 -3.00972e-20)
(0.525961 0.110276 1.39981e-19)
(0.591375 0.11518 -2.50353e-20)
(0.656328 0.119987 -2.10992e-20)
(-0.00196707 -0.00390111 2.22497e-19)
(0.0059582 0.00328341 -6.66356e-20)
(0.023362 0.0139754 1.69558e-19)
(0.0486189 0.0273176 -1.23364e-20)
(0.0809718 0.0399602 -9.58003e-20)
(0.118998 0.052186 5.71222e-21)
(0.162313 0.0630356 6.09722e-20)
(0.209978 0.0728601 -1.5568e-20)
(0.261661 0.0814785 -1.00444e-19)
(0.316727 0.0891599 1.76912e-20)
(0.374761 0.095981 -2.79538e-21)
(0.43525 0.102127 -1.02742e-20)
(0.497529 0.107787 -1.87858e-19)
(0.561203 0.112998 -4.57739e-20)
(0.624854 0.118142 -3.5283e-20)
(-0.00210102 -0.00412918 -4.27695e-20)
(0.00459539 0.0023752 -3.19344e-20)
(0.0201245 0.0124995 -1.24245e-19)
(0.0432246 0.0252783 -2.86933e-20)
(0.0731953 0.037492 7.76195e-20)
(0.108733 0.04936 -1.17182e-19)
(0.14947 0.0599643 1.85903e-20)
(0.194519 0.0696228 7.56838e-20)
(0.243572 0.0781637 1.49705e-19)
(0.296039 0.0858394 -1.34487e-19)
(0.351552 0.0927245 -6.94667e-20)
(0.40966 0.0989977 7.91628e-20)
(0.469769 0.104839 2.08671e-20)
(0.531575 0.110296 6.65954e-21)
(0.593749 0.115717 4.21575e-20)
(-0.00219794 -0.00429337 -9.78314e-20)
(0.00335914 0.0015716 -4.58727e-20)
(0.0171165 0.0111234 1.02363e-19)
(0.0381662 0.0233116 -1.6356e-20)
(0.0658624 0.0350545 9.00447e-20)
(0.0990153 0.0465155 1.50329e-19)
(0.13727 0.0568198 -4.82188e-20)
(0.179788 0.0662545 -7.93452e-20)
(0.226278 0.0746576 -2.10053e-19)
(0.276193 0.0822655 1.55446e-19)
(0.329203 0.0891514 -1.32121e-20)
(0.384914 0.0954873 -2.25125e-20)
(0.442796 0.101446 -7.32709e-20)
(0.502628 0.107082 3.95341e-20)
(0.563173 0.112716 5.29588e-20)
(-0.00226241 -0.00439499 5.90441e-20)
(0.00224169 0.000871489 2.38347e-20)
(0.0143305 0.00984704 -2.19784e-20)
(0.0334385 0.0214192 1.95296e-19)
(0.0589715 0.0326516 -1.03973e-19)
(0.0898487 0.0436587 -1.08766e-19)
(0.125726 0.0536107 7.29487e-20)
(0.165806 0.0627663 -6.22321e-22)
(0.209815 0.0709735 5.5917e-20)
(0.257239 0.0784535 -7.32378e-20)
(0.307781 0.0852779 3.35509e-20)
(0.361098 0.0916124 2.82621e-20)
(0.416719 0.0976221 1.20335e-19)
(0.474498 0.103372 -8.99981e-20)
(0.53329 0.109152 -4.28949e-20)
(-0.00229892 -0.00443606 4.60902e-20)
(0.00123558 0.000273267 -7.79227e-20)
(0.011759 0.00866941 1.11467e-20)
(0.0290359 0.0196019 -1.63238e-19)
(0.0525212 0.0302864 -1.17069e-19)
(0.0812372 0.0407954 1.38417e-19)
(0.114847 0.0503455 -2.97638e-20)
(0.152594 0.0591691 8.39719e-20)
(0.194213 0.0671247 1.98395e-20)
(0.239221 0.0744185 1.07392e-19)
(0.28735 0.0811207 6.65138e-20)
(0.338298 0.0873906 -6.29875e-21)
(0.391649 0.0933858 3.17308e-20)
(0.447322 0.0991799 9.29237e-20)
(0.504264 0.105035 2.16146e-20)
(-0.00231141 -0.00441781 -7.69285e-20)
(0.000333351 -0.000226486 9.94296e-20)
(0.00939475 0.00758859 2.32313e-20)
(0.0249533 0.0178595 4.03719e-20)
(0.04651 0.027961 1.35168e-19)
(0.0731842 0.0379301 -6.61992e-20)
(0.104645 0.0470314 -1.59787e-19)
(0.14017 0.055473 2.18653e-22)
(0.179503 0.0631238 -3.48825e-21)
(0.222186 0.0701757 -1.14925e-19)
(0.267971 0.0766969 -6.54754e-20)
(0.316596 0.0828403 -3.10271e-20)
(0.367691 0.088756 -2.64226e-20)
(0.421233 0.0945253 -6.77416e-24)
(0.476258 0.100384 -6.00074e-20)
(-0.00230396 -0.00434181 8.65028e-20)
(-0.000472361 -0.000631783 6.39414e-20)
(0.00723083 0.00660181 -1.01683e-19)
(0.0211856 0.0161909 -4.29254e-20)
(0.0409361 0.0256767 5.59358e-20)
(0.0656931 0.0350668 -5.63433e-20)
(0.0951296 0.0436754 -2.8849e-20)
(0.128554 0.0516877 2.2966e-20)
(0.165715 0.0589834 2.75008e-20)
(0.206175 0.0657401 -2.90754e-20)
(0.249705 0.072024 -4.87855e-20)
(0.296072 0.0779811 -6.47107e-20)
(0.34495 0.0837534 2.61339e-20)
(0.396364 0.0894288 -1.65873e-20)
(0.449435 0.0952182 3.41188e-20)
(-0.00228068 -0.00421125 -9.51998e-20)
(-0.00118819 -0.000946222 -3.98552e-20)
(0.0052607 0.00570552 4.39837e-20)
(0.017728 0.0145943 7.83403e-20)
(0.035798 0.0234339 -7.28037e-20)
(0.0587668 0.0322088 1.02487e-19)
(0.0863095 0.0402834 1.2909e-19)
(0.117762 0.0478223 2.64714e-20)
(0.152876 0.0547155 -1.61392e-20)
(0.19123 0.0611267 1.22041e-19)
(0.232608 0.0671197 1.60346e-19)
(0.276804 0.0728329 1.19677e-19)
(0.323525 0.0784001 -4.12964e-20)
(0.372843 0.0839137 -4.93558e-21)
(0.423954 0.0895614 1.06212e-20)
(-0.00224536 -0.00402928 -3.61097e-20)
(-0.00182047 -0.00117439 -9.32467e-20)
(0.00347811 0.00489546 -2.40167e-20)
(0.0145757 0.013067 -1.15806e-19)
(0.0310942 0.0212324 2.71134e-20)
(0.0524081 0.0293583 -6.26314e-20)
(0.0781936 0.0368609 -6.98861e-20)
(0.107811 0.0438853 2.95724e-20)
(0.141012 0.0503318 2.62291e-20)
(0.177387 0.0563506 -1.07741e-20)
(0.216733 0.062002 -8.67746e-20)
(0.258862 0.0674165 -9.63019e-20)
(0.303514 0.0727193 3.85401e-20)
(0.350792 0.0780051 -6.2382e-21)
(0.399969 0.0834401 -6.04878e-21)
(-0.00220147 -0.00379919 2.69249e-20)
(-0.0023752 -0.00132166 8.46969e-20)
(0.00187718 0.00416662 1.28913e-19)
(0.0117246 0.0116055 8.30175e-20)
(0.0268232 0.0190712 2.12996e-21)
(0.0466194 0.0265173 1.86471e-20)
(0.0707897 0.0334127 4.21913e-20)
(0.0987155 0.0398847 -1.6534e-20)
(0.130146 0.0458438 -9.58781e-20)
(0.164684 0.0514263 -9.10163e-20)
(0.202131 0.056689 -4.25517e-21)
(0.242317 0.0617535 7.25082e-20)
(0.285006 0.0667355 -7.22694e-21)
(0.330331 0.0717304 4.76189e-21)
(0.37763 0.076884 3.8477e-20)
(-0.00215226 -0.00352457 3.60015e-20)
(-0.00285792 -0.00139398 -2.94124e-20)
(0.000452492 0.00351333 -3.51301e-20)
(0.00917057 0.0102058 -2.65864e-20)
(0.0229836 0.0169484 9.89717e-24)
(0.0414031 0.0236867 2.88721e-20)
(0.0641049 0.0299431 -1.30653e-20)
(0.0904888 0.0358281 -9.81388e-20)
(0.120302 0.0412625 7.14266e-20)
(0.153152 0.0463685 7.26871e-20)
(0.188849 0.051199 1.01047e-20)
(0.227232 0.0558657 -3.24763e-20)
(0.268087 0.0604744 -1.18845e-20)
(0.311569 0.0651187 -6.36853e-21)
(-0.00210071 -0.00320928 8.54043e-21)
(-0.00327373 -0.00139778 3.16071e-20)
(-0.000800941 0.00292934 -6.6643e-20)
(0.00690993 0.00886315 -1.00955e-21)
(0.019574 0.0148618 -2.68655e-20)
(0.0367612 0.020867 -7.28103e-20)
(0.0581459 0.0264557 5.03193e-20)
(0.0831438 0.0317227 1.64432e-21)
(0.111498 0.0365987 -6.92083e-20)
(0.142823 0.0411918 -6.67759e-21)
(0.17693 0.0455505 2.01415e-20)
(0.213667 0.0497756 4.38946e-20)
(0.252836 0.0539625 -2.39306e-20)
(0.294612 0.0582007 -2.48957e-20)
(-0.00204951 -0.00285748 -6.07408e-20)
(-0.00362721 -0.00133998 -1.49934e-20)
(-0.00188761 0.00240782 -7.53232e-21)
(0.00493934 0.00757217 4.6936e-20)
(0.0165933 0.0128084 9.16457e-20)
(0.0326954 0.0180584 -4.57188e-20)
(0.0529187 0.0229539 -3.59265e-20)
(0.0766917 0.0275752 1.15514e-20)
(0.103754 0.0318627 6.33415e-20)
(0.133723 0.0359105 -5.15442e-20)
(0.166412 0.0397617 -3.85105e-20)
(0.201674 0.0435059 -2.10539e-20)
(0.239325 0.0472273 2.9424e-20)
(0.279554 0.0510087 3.13002e-20)
(-0.00200107 -0.00247353 2.10694e-20)
(-0.00392247 -0.00122792 2.53931e-20)
(-0.00281149 0.00194145 6.61543e-20)
(0.00325587 0.00632706 -8.07346e-20)
(0.0140404 0.0107849 -7.52283e-20)
(0.0292075 0.0152603 7.15598e-20)
(0.0484283 0.0194404 -6.87736e-21)
(0.0711424 0.023392 5.0685e-20)
(0.097085 0.0270648 -2.60919e-20)
(0.125877 0.0305388 4.29149e-20)
(0.15733 0.0338515 1.82148e-20)
(0.191303 0.03708 -7.83909e-21)
(0.22762 0.0402969 -2.42724e-20)
(0.26648 0.0435764 -2.01406e-21)
(-0.00195745 -0.00206204 3.75781e-20)
(-0.00416302 -0.00106929 -2.32602e-20)
(-0.00357605 0.00152253 -5.54104e-20)
(0.00185694 0.00512152 4.28122e-20)
(0.0119144 0.00878749 2.69934e-20)
(0.0262987 0.0124717 -2.72842e-20)
(0.0446793 0.0159178 2.5102e-20)
(0.0665046 0.0191791 -1.39736e-20)
(0.091506 0.0222149 1.92183e-20)
(0.119306 0.0250908 8.66351e-22)
(0.149715 0.0278383 -1.41037e-21)
(0.182594 0.0305214 1.50504e-20)
(0.217776 0.0332003 -1.95202e-20)
(0.255467 0.0359387 1.50567e-20)
(-0.00192043 -0.00162775 -2.66078e-20)
(-0.00435185 -0.00087212 -6.90097e-21)
(-0.00418417 0.00114293 3.97044e-20)
(0.000740403 0.00394889 -1.05528e-20)
(0.0102145 0.00681185 -3.73989e-20)
(0.0239703 0.0096915 3.8043e-20)
(0.0416755 0.012388 -2.31484e-20)
(0.0627856 0.0149422 -1.02097e-20)
(0.0870284 0.0173227 3.33767e-21)
(0.114027 0.0195806 1.64194e-20)
(0.143591 0.0217408 1.55418e-20)
(0.175584 0.0238537 -1.10579e-20)
(0.209842 0.0259669 1.09565e-20)
(0.246577 0.0281316 -2.30328e-20)
(-0.00189141 -0.00117558 2.87856e-21)
(-0.00449136 -0.0006447 5.83576e-21)
(-0.00463821 0.000794236 -7.28973e-21)
(-9.54933e-05 0.00280218 1.12249e-20)
(0.00894017 0.00485349 2.03391e-20)
(0.0222231 0.00691809 -1.66901e-20)
(0.0394199 0.00885295 -2.12978e-21)
(0.0599911 0.010687 2.7189e-21)
(0.0836617 0.0123979 -5.95143e-21)
(0.110056 0.0140221 -1.93931e-20)
(0.13898 0.0155777 -1.16221e-20)
(0.170301 0.0171012 -2.33973e-21)
(0.203857 0.0186266 9.82708e-21)
(0.239863 0.0201917 -1.96415e-21)
(-0.00187146 -0.000710557 6.82746e-21)
(-0.00458336 -0.000395523 -1.27455e-20)
(-0.00493994 0.000467787 -3.79038e-21)
(-0.000652055 0.00167417 2.85428e-21)
(0.00809081 0.00290767 -7.78426e-21)
(0.0210578 0.00414968 -1.59345e-21)
(0.0379148 0.00531433 1.92018e-21)
(0.0581255 0.00641883 -9.36317e-21)
(0.0814131 0.00744976 -2.65376e-21)
(0.107402 0.00842911 2.74341e-21)
(0.135898 0.00936776 -7.7144e-21)
(0.166766 0.0102877 -4.63792e-21)
(0.19985 0.0112097 4.03615e-21)
(0.235364 0.0121565 1.06918e-20)
(-0.00186131 -0.000237782 -6.48911e-21)
(-0.00462906 -0.000133231 2.32865e-21)
(-0.00509054 0.000154755 -1.19551e-21)
(-0.000930161 0.000557459 -3.89803e-21)
(0.00766614 0.000969424 -1.30368e-21)
(0.020475 0.00138436 4.41366e-21)
(0.0371618 0.00177361 5.92904e-21)
(0.0571919 0.0021429 -4.55595e-21)
(0.0802874 0.00248774 6.34236e-21)
(0.106073 0.00281547 -1.55239e-21)
(0.134353 0.00312971 -1.59245e-21)
(0.164995 0.00343782 6.27761e-23)
(0.197841 0.00374668 -3.90893e-21)
(0.233108 0.00406397 -3.60697e-21)
(1.23216 0.0107411 -1.55222e-20)
(1.23301 0.00940567 9.78792e-21)
(1.23257 0.0111252 -9.42322e-22)
(1.23373 0.00803972 -1.58203e-20)
(1.23341 0.00973775 -1.06205e-20)
(1.23298 0.0115099 3.33237e-20)
(1.23432 0.00664959 -8.80814e-22)
(1.23411 0.00832299 -5.50514e-21)
(1.2338 0.0100709 3.0977e-21)
(1.23339 0.0118951 -2.07678e-20)
(1.23469 0.0068868 -9.99533e-21)
(1.2345 0.00860776 2.63567e-20)
(1.2342 0.0104051 -3.28511e-21)
(1.2338 0.0122811 6.44129e-21)
(1.23514 0.00543556 2.14516e-20)
(1.23507 0.00712587 -8.37714e-21)
(1.23489 0.00889407 -7.03289e-21)
(1.2346 0.0107406 5.57762e-21)
(1.23421 0.0126678 1.11799e-20)
(1.23545 0.00397387 -1.66914e-20)
(1.23551 0.00563144 -5.35153e-21)
(1.23545 0.00736686 1.54307e-20)
(1.23528 0.00918202 -1.90975e-20)
(1.23501 0.0110772 -3.29855e-22)
(1.23462 0.0130552 -7.61326e-21)
(1.23582 0.00412887 2.83911e-21)
(1.23588 0.00582953 1.76601e-20)
(1.23584 0.00760983 -2.06485e-21)
(1.23567 0.00947165 1.37913e-20)
(1.2354 0.0114152 2.34377e-20)
(1.23502 0.0134436 -1.44902e-20)
(1.23598 0.0026232 -6.11603e-22)
(1.23618 0.00428629 1.21064e-20)
(1.23626 0.00602986 -2.45641e-20)
(1.23622 0.00785482 -3.72761e-21)
(1.23607 0.00976303 1.7064e-20)
(1.2358 0.0117547 -1.91859e-20)
(1.23543 0.0138329 2.71674e-20)
(1.23601 0.00111911 -9.28467e-21)
(1.23634 0.00274207 1.13873e-20)
(1.23654 0.00444614 -1.39271e-20)
(1.23663 0.00623247 8.27359e-21)
(1.2366 0.00810189 -6.59683e-21)
(1.23646 0.0100562 -3.6593e-20)
(1.2362 0.0120956 1.85575e-20)
(1.23583 0.0142232 -5.94596e-21)
(1.23636 0.00120154 -2.38134e-21)
(1.23669 0.00286354 -2.96252e-21)
(1.23691 0.00460845 -2.71245e-21)
(1.23701 0.00643737 1.76796e-20)
(1.23698 0.00835109 -2.59561e-22)
(1.23684 0.0103513 1.44086e-20)
(1.23659 0.012438 -1.62621e-20)
(1.23623 -0.000330596 5.8798e-21)
(1.2367 0.00128667 1.96066e-20)
(1.23705 0.00298759 5.7373e-21)
(1.23728 0.00477323 2.23913e-20)
(1.23738 0.00664462 -2.47327e-20)
(1.23737 0.00860245 -1.33294e-20)
(1.23723 0.0106483 5.18874e-21)
(1.23698 0.0127821 -2.25676e-20)
(1.23596 -0.0018496 -2.98718e-21)
(1.23657 -0.00027981 -4.11097e-21)
(1.23705 0.00137446 -1.14435e-20)
(1.23741 0.00311424 -2.5683e-20)
(1.23764 0.00494051 -3.40542e-21)
(1.23775 0.00685424 3.8712e-21)
(1.23775 0.00885603 2.25135e-20)
(1.23762 0.0109473 6.39856e-21)
(1.23737 0.0131278 2.78914e-20)
(1.23628 -0.00183111 7.61937e-21)
(1.2369 -0.000226256 4.98404e-21)
(1.2374 0.00146492 1.36663e-21)
(1.23777 0.00324346 1.00466e-20)
(1.23801 0.00511029 -3.60544e-21)
(1.23813 0.00706625 4.99618e-21)
(1.23812 0.00911187 7.04914e-21)
(1.238 0.0112483 -1.99585e-20)
(1.23775 0.0134753 -2.15472e-20)
(1.23585 -0.00336284 1.17789e-20)
(1.23661 -0.00180983 -1.07066e-20)
(1.23724 -0.000170004 -3.83932e-22)
(1.23775 0.00155803 6.48386e-21)
(1.23812 0.00337528 1.90296e-20)
(1.23838 0.00528259 1.06818e-20)
(1.2385 0.0072807 -3.11828e-21)
(1.2385 0.00937002 -7.27474e-21)
(1.23838 0.0115514 2.16041e-20)
(1.23813 0.0138246 -7.28594e-21)
(1.23617 -0.00337184 -1.23559e-20)
(1.23694 -0.00178582 -6.08386e-21)
(1.23758 -0.000111045 1.4331e-20)
(1.2381 0.00165379 -4.81886e-21)
(1.23848 0.00350969 -7.85247e-21)
(1.23874 0.00545744 -1.99606e-20)
(1.23887 0.00749761 -1.99834e-20)
(1.23888 0.00963052 1.00425e-20)
(1.23875 0.0118568 -7.47477e-21)
(1.23851 0.0141759 2.10793e-20)
(1.23557 -0.00490807 9.46501e-21)
(1.23649 -0.00337806 2.77842e-20)
(1.23727 -0.00175908 -2.86511e-21)
(1.23792 -4.94253e-05 -2.19072e-20)
(1.23845 0.00175217 5.0024e-22)
(1.23884 0.0036467 -3.56819e-21)
(1.23911 0.00563483 -1.52108e-20)
(1.23924 0.00771701 1.66166e-20)
(1.23925 0.00989343 -2.46583e-20)
(1.23913 0.0121643 -7.77416e-21)
(1.23888 0.0145291 -1.14117e-20)
(1.23588 -0.00494254 -2.84564e-20)
(1.23681 -0.00338155 -1.57984e-20)
(1.2376 -0.00172966 6.49757e-21)
(1.23827 1.48449e-05 1.20467e-20)
(1.2388 0.00185319 -8.42587e-21)
(1.2392 0.0037863 -1.02658e-20)
(1.23947 0.00581479 1.2536e-20)
(1.23961 0.00793894 6.64136e-21)
(1.23962 0.0101588 1.8153e-20)
(1.23949 0.0124742 1.83068e-20)
(1.23924 0.0148844 6.16409e-21)
(1.23512 -0.00647543 1.89883e-20)
(1.23619 -0.00497426 1.26009e-20)
(1.23713 -0.00338234 1.8678e-20)
(1.23793 -0.00169757 2.23667e-20)
(1.23861 8.17476e-05 -6.77469e-21)
(1.23915 0.00195681 5.56779e-21)
(1.23956 0.00392851 -8.56472e-21)
(1.23983 0.00599734 -1.2713e-20)
(1.23998 0.00816343 -2.93788e-22)
(1.23999 0.0104266 -1.21393e-21)
(1.23986 0.0127864 -1.06256e-20)
(1.2396 0.0152419 5.72711e-21)
(1.23542 -0.0065334 -4.15507e-21)
(1.2365 -0.00500329 5.19324e-21)
(1.23745 -0.00338048 -2.43823e-20)
(1.23827 -0.00166285 -2.08662e-20)
(1.23895 0.000151264 1.12072e-20)
(1.2395 0.00206304 -3.08562e-21)
(1.23992 0.00407331 9.21536e-21)
(1.2402 0.00618249 1.29044e-21)
(1.24034 0.0083905 3.74933e-21)
(1.24035 0.010697 -4.12234e-21)
(1.24022 0.0131011 -2.15975e-20)
(1.23995 0.0156016 -2.52823e-20)
(1.23572 -0.00658866 2.46844e-21)
(1.23681 -0.00502965 -3.02382e-21)
(1.23777 -0.00337598 8.4034e-21)
(1.2386 -0.00162553 1.53659e-20)
(1.23929 0.000223375 -5.09747e-21)
(1.23985 0.00217187 3.95767e-21)
(1.24027 0.00422072 7.98053e-21)
(1.24056 0.00637025 1.59576e-20)
(1.2407 0.00862019 -1.12177e-21)
(1.24071 0.01097 -9.3038e-22)
(1.24057 0.0134183 2.42573e-20)
(1.24029 0.0159637 1.50281e-20)
(1.23478 -0.00813539 -1.88562e-21)
(1.23602 -0.00664129 -5.42369e-21)
(1.23712 -0.0050534 -2.90165e-21)
(1.23809 -0.00336888 -1.24512e-20)
(1.23893 -0.00158562 -1.84555e-20)
(1.23963 0.000298062 1.0458e-20)
(1.2402 0.00228328 2.16482e-20)
(1.24063 0.00437074 -4.70442e-21)
(1.24091 0.00656064 -1.40898e-20)
(1.24106 0.00885252 2.56659e-21)
(1.24106 0.0112456 -8.36558e-21)
(1.24092 0.0137381 1.23082e-20)
(1.24063 0.0163282 -1.90225e-20)
(1.23507 -0.00821229 5.66645e-21)
(1.23632 -0.00669128 -9.00072e-21)
(1.23743 -0.00507455 -1.77552e-20)
(1.23842 -0.00335921 1.79597e-21)
(1.23926 -0.00154315 7.67931e-21)
(1.23997 0.000375306 -1.85422e-20)
(1.24055 0.00239727 -2.11069e-20)
(1.24098 0.00452336 -1.3697e-20)
(1.24127 0.00675367 1.50131e-20)
(1.24142 0.00908754 -8.82062e-21)
(1.24142 0.0115239 -1.47091e-20)
(1.24126 0.0140605 1.30811e-20)
(1.24096 0.0166952 7.11664e-20)
(1.23396 -0.00973974 -1.37953e-20)
(1.23535 -0.00828653 -4.9982e-21)
(1.23662 -0.0067387 -2.27817e-21)
(1.23775 -0.00509315 3.11997e-20)
(1.23874 -0.00334702 2.67617e-20)
(1.2396 -0.00149816 -1.67966e-20)
(1.24031 0.000455087 2.19436e-20)
(1.24089 0.00251382 1.90873e-21)
(1.24133 0.00467858 5.82766e-21)
(1.24162 0.00694935 -3.32116e-21)
(1.24177 0.00932525 1.99449e-20)
(1.24176 0.011805 7.01013e-21)
(1.2416 0.0143857 -5.2078e-20)
(1.24128 0.0170647 -7.12066e-20)
(1.23424 -0.00983635 -1.24157e-20)
(1.23564 -0.0083582 6.28408e-21)
(1.23692 -0.00678357 1.29933e-20)
(1.23806 -0.00510923 -1.93384e-20)
(1.23906 -0.00333232 -2.18342e-20)
(1.23993 -0.00145067 2.95219e-20)
(1.24065 0.000537386 -1.98167e-20)
(1.24124 0.00263292 -4.66867e-21)
(1.24168 0.00483641 1.46809e-20)
(1.24197 0.0071477 -9.10616e-21)
(1.24212 0.0095657 -1.50872e-20)
(1.24211 0.0120888 -5.69038e-21)
(1.24193 0.0147136 3.51154e-20)
(1.2416 0.017437 1.34507e-20)
(1.23296 -0.0113386 -1.41547e-20)
(1.23451 -0.00993034 1.72736e-20)
(1.23593 -0.00842731 -3.05294e-21)
(1.23722 -0.00682592 4.9706e-22)
(1.23837 -0.00512281 -4.05102e-21)
(1.23938 -0.00331514 -7.71475e-21)
(1.24026 -0.0014007 -1.82368e-20)
(1.24099 0.000622193 -4.71217e-21)
(1.24158 0.00275458 1.42859e-20)
(1.24203 0.00499685 -2.08318e-20)
(1.24232 0.00734874 2.11081e-20)
(1.24246 0.00980891 -8.5042e-21)
(1.24244 0.0123754 3.10557e-20)
(1.24226 0.0150444 -3.89025e-20)
(1.2419 0.0178121 7.6413e-21)
(1.23322 -0.011453 1.62027e-21)
(1.23479 -0.0100218 -1.17517e-20)
(1.23622 -0.00849393 -1.4546e-20)
(1.23752 -0.0068658 -7.50841e-21)
(1.23868 -0.00513394 6.93349e-21)
(1.23971 -0.00329551 4.36173e-21)
(1.24059 -0.00134826 7.80025e-21)
(1.24133 0.000709505 1.54013e-20)
(1.24193 0.00287879 -4.93169e-21)
(1.24238 0.00515993 2.33094e-20)
(1.24267 0.00755251 -2.53963e-20)
(1.2428 0.010055 9.62429e-21)
(1.24278 0.012665 -3.14942e-20)
(1.24258 0.0153782 7.01138e-20)
(1.2422 0.0181901 -3.23878e-20)
(1.23349 -0.011565 7.80482e-21)
(1.23507 -0.0101108 1.68878e-20)
(1.23651 -0.00855815 1.00932e-21)
(1.23782 -0.00690329 1.26507e-23)
(1.23899 -0.00514271 1.03787e-20)
(1.24003 -0.00327352 8.17593e-21)
(1.24092 -0.00129343 4.95155e-22)
(1.24167 0.000799241 1.02407e-20)
(1.24227 0.0030055 -3.65636e-20)
(1.24272 0.00532559 -4.51428e-20)
(1.24301 0.00775896 8.871e-21)
(1.24314 0.0103038 -3.33398e-20)
(1.2431 0.0129575 2.24621e-20)
(1.24289 0.015715 -7.38603e-20)
(1.24249 0.0185712 5.12068e-20)
(1.23203 -0.0130559 -7.17422e-21)
(1.23376 -0.0116745 -4.27201e-21)
(1.23535 -0.0101974 -1.59162e-21)
(1.2368 -0.00862004 3.07301e-21)
(1.23812 -0.00693851 -5.7391e-21)
(1.2393 -0.00514924 -5.06859e-22)
(1.24035 -0.00324931 -6.69539e-21)
(1.24125 -0.0012364 1.40242e-20)
(1.242 0.000891197 -1.18619e-20)
(1.24261 0.00313445 5.31815e-20)
(1.24306 0.00549356 2.22744e-20)
(1.24335 0.00796781 -1.30825e-20)
(1.24348 0.0105552 1.338e-20)
(1.24343 0.0132526 6.95269e-21)
(1.24319 0.0160546 4.65289e-20)
(1.24277 0.018955 2.15839e-20)
(1.23229 -0.0131838 -5.73487e-21)
(1.23402 -0.0117813 1.00695e-20)
(1.23562 -0.0102814 -1.13255e-20)
(1.23709 -0.00867932 1.16592e-20)
(1.23842 -0.00697115 1.32629e-20)
(1.23961 -0.00515324 4.21828e-21)
(1.24067 -0.0032226 1.31358e-20)
(1.24158 -0.0011769 -2.76441e-20)
(1.24234 0.000985605 -3.0077e-20)
(1.24295 0.00326587 -1.86622e-20)
(1.2434 0.005664 1.28673e-20)
(1.24369 0.00817916 2.0725e-20)
(1.24381 0.0108091 1.88283e-20)
(1.24374 0.0135503 -3.17566e-20)
(1.24349 0.0163967 -3.56165e-21)
(1.24304 0.0193414 -5.82213e-20)
(1.23066 -0.0146377 3.06363e-21)
(1.23254 -0.0133084 1.43697e-20)
(1.23429 -0.0118848 5.9669e-21)
(1.2359 -0.010362 1.48292e-20)
(1.23738 -0.00873516 -9.5464e-21)
(1.23872 -0.00700026 -5.32048e-21)
(1.23992 -0.00515356 -1.77214e-20)
(1.24099 -0.00319208 -1.59441e-20)
(1.2419 -0.0011134 1.58297e-20)
(1.24267 0.0010842 7.52514e-21)
(1.24329 0.00340168 2.95659e-20)
(1.24374 0.00583907 7.37824e-21)
(1.24402 0.00839537 -3.66382e-21)
(1.24413 0.0110681 -3.53404e-21)
(1.24405 0.0138533 1.736e-20)
(1.24378 0.0167443 2.46859e-20)
(1.24331 0.0197331 -4.86197e-21)
(1.2309 -0.014781 -1.64292e-20)
(1.23279 -0.0134322 -1.28907e-20)
(1.23455 -0.0119874 -1.12122e-20)
(1.23618 -0.0104415 -3.13281e-21)
(1.23767 -0.00878962 1.0228e-20)
(1.23902 -0.00702765 -3.3619e-21)
(1.24023 -0.00515178 6.80997e-22)
(1.2413 -0.00315897 6.72121e-21)
(1.24223 -0.00104675 3.13915e-20)
(1.243 0.00118661 4.16011e-21)
(1.24362 0.00354206 -4.09996e-20)
(1.24407 0.00601955 2.44868e-20)
(1.24435 0.00861791 3.65977e-20)
(1.24445 0.0113343 8.32682e-21)
(1.24436 0.0141645 1.12244e-20)
(1.24406 0.017101 -7.07364e-20)
(1.24355 0.0201348 3.56922e-21)
(1.23115 -0.0149287 1.96723e-20)
(1.23305 -0.0135611 -1.81672e-20)
(1.23482 -0.0120957 -1.08256e-20)
(1.23646 -0.0105273 -2.67552e-20)
(1.23796 -0.00885098 -1.45084e-20)
(1.23932 -0.00706251 1.78668e-20)
(1.24055 -0.00515801 5.00979e-21)
(1.24163 -0.00313435 6.81052e-21)
(1.24256 -0.000989025 -8.14128e-20)
(1.24334 0.00127977 -2.54512e-20)
(1.24396 0.00367297 -1.74933e-20)
(1.24441 0.00619049 1.83276e-20)
(1.24468 0.00883107 -3.80283e-20)
(1.24477 0.0115917 -6.97076e-20)
(1.24466 0.0144676 -4.67386e-20)
(1.24434 0.0174508 2.60132e-20)
(1.2438 0.0205313 -1.69791e-20)
)
;

boundaryField
{
    inlet
    {
        type            uniformFixedValue;
        uniformValue    constant (1 0 0);
        value           nonuniform 0();
    }
    outlet
    {
        type            pressureInletOutletVelocity;
        value           nonuniform 0();
    }
    cylinder
    {
        type            fixedValue;
        value           uniform (0 0 0);
    }
    top
    {
        type            symmetryPlane;
    }
    bottom
    {
        type            symmetryPlane;
    }
    defaultFaces
    {
        type            empty;
    }
    procBoundary5to0
    {
        type            processor;
        value           nonuniform List<vector> 5((1.11677 -0.0690339 -7.46945e-21) (1.11677 -0.0690339 -7.46945e-21) (1.11569 -0.0513689 6.94778e-22) (1.11569 -0.0513689 6.94778e-22) (1.11729 -0.040344 2.69663e-21));
    }
    procBoundary5to1
    {
        type            processor;
        value           nonuniform List<vector> 
84
(
(1.12155 -0.0395156 -2.45957e-20)
(1.12582 -0.0386898 6.51414e-21)
(1.1301 -0.0378697 1.64561e-20)
(1.1344 -0.0370582 5.2178e-21)
(1.14613 -0.0449967 8.97007e-21)
(1.13869 -0.0362577 7.40264e-21)
(1.14613 -0.0449967 8.97007e-21)
(1.15044 -0.0440722 1.69798e-21)
(1.15471 -0.0431521 -1.21398e-21)
(1.15896 -0.0422378 -2.5052e-21)
(1.16316 -0.0413303 2.26502e-21)
(1.16732 -0.0404298 -3.17053e-21)
(1.17142 -0.039536 2.03116e-21)
(1.17547 -0.038648 1.10912e-21)
(1.17946 -0.037764 -3.22291e-22)
(1.18338 -0.0368818 -1.49088e-22)
(1.18723 -0.0359984 2.98682e-22)
(1.191 -0.0351104 -1.92591e-22)
(1.19469 -0.0342135 1.03875e-22)
(1.19829 -0.0333032 -4.05118e-22)
(1.2018 -0.0323742 4.83635e-22)
(1.20521 -0.0314209 4.4837e-22)
(1.20852 -0.0304373 -1.46336e-22)
(1.21173 -0.0294171 3.33587e-21)
(1.21173 -0.0294171 3.33587e-21)
(1.21131 -0.0230177 3.16946e-21)
(1.21423 -0.0222213 2.18528e-21)
(1.21703 -0.0213772 7.76624e-21)
(1.2197 -0.0204784 2.96754e-21)
(1.22225 -0.0195183 -1.20673e-20)
(1.22467 -0.0184899 1.36831e-21)
(1.22696 -0.0173869 5.50077e-21)
(1.22912 -0.0162025 -1.08616e-20)
(1.23176 0.0103573 3.45622e-21)
(1.23261 0.00907454 -1.25332e-20)
(1.23261 0.00907454 -1.25332e-20)
(1.23334 0.00775788 -6.25943e-21)
(1.23334 0.00775788 -6.25943e-21)
(1.23394 0.00641419 -9.40366e-21)
(1.23394 0.00641419 -9.40366e-21)
(1.23441 0.00505023 6.87305e-21)
(1.23477 0.00524184 1.63101e-20)
(1.23477 0.00524184 1.63101e-20)
(1.2351 0.00382126 7.25706e-21)
(1.2351 0.00382126 7.25706e-21)
(1.23528 0.00239316 1.21486e-20)
(1.23563 0.0025069 -1.58838e-21)
(1.23563 0.0025069 -1.58838e-21)
(1.23567 0.00103936 -7.48176e-21)
(1.23567 0.00103936 -7.48176e-21)
(1.23556 -0.000423879 4.33505e-21)
(1.23589 -0.000378619 9.89593e-21)
(1.23589 -0.000378619 9.89593e-21)
(1.23563 -0.00186529 -8.36179e-21)
(1.23563 -0.00186529 -8.36179e-21)
(1.23522 -0.00333639 1.49795e-22)
(1.23553 -0.00335103 9.0003e-21)
(1.23553 -0.00335103 9.0003e-21)
(1.23496 -0.00483071 5.59602e-21)
(1.23526 -0.00487079 -2.42376e-20)
(1.23526 -0.00487079 -2.42376e-20)
(1.23453 -0.00635116 -1.33309e-20)
(1.23482 -0.00641468 7.87473e-21)
(1.23482 -0.00641468 7.87473e-21)
(1.23392 -0.00788834 -4.20162e-21)
(1.2342 -0.00797347 5.57809e-22)
(1.23449 -0.00805578 5.1513e-21)
(1.23449 -0.00805578 5.1513e-21)
(1.23341 -0.00953849 2.8328e-22)
(1.23368 -0.00964045 -6.05642e-22)
(1.23368 -0.00964045 -6.05642e-22)
(1.23243 -0.0111017 -2.31442e-20)
(1.2327 -0.0112215 5.54112e-21)
(1.2327 -0.0112215 5.54112e-21)
(1.23128 -0.0126561 -7.139e-21)
(1.23153 -0.012792 -3.6233e-21)
(1.23178 -0.0129252 -1.31132e-20)
(1.23178 -0.0129252 -1.31132e-20)
(1.23018 -0.0143463 -2.16276e-21)
(1.23042 -0.0144936 5.14008e-21)
(1.23042 -0.0144936 5.14008e-21)
(1.22866 -0.0158761 -1.58504e-20)
(1.22889 -0.0160374 1.50364e-20)
(1.22912 -0.0162025 -1.08616e-20)
)
;
    }
    procBoundary5to2
    {
        type            processor;
        value           nonuniform List<vector> 
35
(
(1.24302 0.023691 -1.63178e-20)
(1.23161 0.0124736 1.00015e-20)
(1.23203 0.0129132 -2.13246e-20)
(1.23245 0.0133528 2.2968e-21)
(1.23287 0.0137924 -4.22608e-21)
(1.23329 0.0142322 1.97994e-20)
(1.23371 0.0146721 -2.17662e-20)
(1.23412 0.0151123 2.41736e-20)
(1.23454 0.0155528 -5.43704e-21)
(1.23495 0.0159935 8.73361e-21)
(1.23535 0.0164347 -2.99556e-20)
(1.23622 0.0146145 3.53075e-20)
(1.23622 0.0146145 3.53075e-20)
(1.23662 0.0150071 -1.70737e-20)
(1.237 0.0154008 1.28947e-20)
(1.23739 0.0157959 -1.77398e-20)
(1.23776 0.0161922 1.85477e-21)
(1.23813 0.0165901 1.06575e-20)
(1.23849 0.0169894 -2.49305e-20)
(1.23885 0.0173904 2.91898e-20)
(1.2392 0.017793 -3.60954e-20)
(1.23953 0.0181975 6.22755e-20)
(1.23986 0.018604 -1.64107e-20)
(1.24019 0.0190125 -2.67523e-20)
(1.2405 0.0194231 -2.15746e-20)
(1.2408 0.0198361 4.82079e-20)
(1.24109 0.0202516 -2.87918e-20)
(1.24137 0.0206696 1.51263e-22)
(1.24164 0.0210905 -2.68878e-20)
(1.2419 0.0215144 -1.60145e-21)
(1.24215 0.021941 5.06967e-20)
(1.24239 0.0223701 1.1663e-20)
(1.24261 0.0228043 6.30691e-21)
(1.24282 0.023249 -1.51547e-20)
(1.24302 0.023691 -1.63178e-20)
)
;
    }
    procBoundary5to4
    {
        type            processor;
        value           nonuniform List<vector> 
76
(
(0.49515 -0.0081608 -8.10968e-21)
(0.49566 -0.0244812 3.30173e-21)
(0.496679 -0.0407727 2.82854e-20)
(0.498206 -0.0570159 -6.67075e-20)
(0.500239 -0.0731918 5.21703e-20)
(0.502774 -0.0892811 -1.19283e-19)
(0.502774 -0.0892811 -1.19283e-19)
(0.586222 -0.0936013 5.64331e-20)
(0.58931 -0.10773 -8.75148e-20)
(0.592828 -0.121742 2.10366e-20)
(0.596771 -0.135623 -6.6787e-20)
(0.601133 -0.149358 1.13784e-19)
(0.60591 -0.162933 -2.00448e-19)
(0.611094 -0.176332 4.35042e-20)
(0.616679 -0.189541 2.49129e-19)
(0.622658 -0.202547 3.64036e-20)
(0.629022 -0.215336 -1.12277e-19)
(0.635762 -0.227893 9.00713e-20)
(0.642871 -0.240207 -2.98634e-20)
(0.650339 -0.252263 -9.41489e-20)
(0.658155 -0.264049 -1.76406e-21)
(0.666309 -0.275553 -2.68976e-19)
(0.67479 -0.286762 2.43977e-19)
(0.683588 -0.297666 1.62498e-19)
(0.683588 -0.297666 1.62498e-19)
(0.746525 -0.271856 4.54552e-20)
(0.754783 -0.281087 4.78919e-22)
(0.763297 -0.290041 1.61982e-19)
(0.772057 -0.298709 4.35152e-20)
(0.781052 -0.307084 -1.81211e-19)
(0.790271 -0.315158 1.73105e-19)
(0.799702 -0.322922 -2.17169e-19)
(0.809335 -0.330371 3.65048e-20)
(0.819157 -0.337497 -4.05264e-20)
(0.819157 -0.337497 -4.05264e-20)
(0.864379 -0.302008 4.30221e-20)
(0.873336 -0.307901 4.79949e-20)
(0.882443 -0.313513 -2.11327e-20)
(0.891689 -0.31884 1.12344e-20)
(0.901063 -0.323879 9.05556e-20)
(0.910556 -0.328625 -6.80772e-20)
(0.910556 -0.328625 -6.80772e-20)
(0.942215 -0.29136 -9.47812e-21)
(0.950803 -0.295175 5.17342e-20)
(0.959482 -0.29874 1.69404e-19)
(0.968243 -0.30205 -1.983e-19)
(0.977077 -0.305106 1.85948e-19)
(0.977077 -0.305106 1.85948e-19)
(0.999118 -0.268726 -1.05464e-19)
(1.00708 -0.271081 1.64792e-19)
(1.01509 -0.273218 -1.50611e-19)
(1.02315 -0.275137 1.70653e-19)
(1.02315 -0.275137 1.70653e-19)
(1.03826 -0.241088 1.03791e-19)
(1.04553 -0.242463 -1.30475e-19)
(1.05283 -0.243651 1.41739e-19)
(1.05283 -0.243651 1.41739e-19)
(1.06335 -0.212362 -1.12846e-21)
(1.06994 -0.213112 3.38997e-20)
(1.07656 -0.213705 -7.08546e-20)
(1.07656 -0.213705 -7.08546e-20)
(1.08339 -0.185011 1.12918e-20)
(1.0894 -0.185257 -7.74509e-20)
(1.0894 -0.185257 -7.74509e-20)
(1.09387 -0.158996 2.3844e-20)
(1.09936 -0.15895 -1.80849e-20)
(1.10487 -0.158793 -1.64338e-20)
(1.10487 -0.158793 -1.64338e-20)
(1.10695 -0.134519 8.60759e-21)
(1.10695 -0.134519 8.60759e-21)
(1.10805 -0.11191 -5.41451e-20)
(1.1128 -0.111429 -4.38291e-20)
(1.1128 -0.111429 -4.38291e-20)
(1.11268 -0.0905639 5.0315e-20)
(1.11721 -0.0899297 -6.77274e-20)
(1.11721 -0.0899297 -6.77274e-20)
)
;
    }
    procBoundary5to6
    {
        type            processor;
        value           nonuniform List<vector> 
51
(
(1.24142 0.0346596 -1.14585e-19)
(1.24199 0.0269144 2.76976e-20)
(1.24142 0.0346596 -1.14585e-19)
(1.23891 0.0380681 6.038e-20)
(1.23596 0.0412222 7.60959e-21)
(1.23268 0.0440937 -1.34837e-20)
(1.23838 0.0535006 -7.09317e-20)
(1.23838 0.0535006 -7.09317e-20)
(1.23245 0.0591033 1.50806e-20)
(1.22561 0.0646794 -5.54135e-20)
(1.21782 0.0702333 5.85352e-20)
(1.19742 0.0727492 -5.06655e-20)
(1.19742 0.0727492 -5.06655e-20)
(1.18545 0.0780995 6.66794e-21)
(1.17219 0.0834255 2.39711e-20)
(1.15761 0.0886916 -6.37852e-20)
(1.14165 0.0938591 9.65539e-20)
(1.12427 0.0988865 4.13672e-21)
(1.06497 0.107114 -1.64639e-20)
(1.06497 0.107114 -1.64639e-20)
(1.04166 0.111422 6.95345e-20)
(1.01702 0.115368 -3.51505e-20)
(0.991113 0.118908 -2.35182e-21)
(0.963995 0.122 8.22413e-20)
(0.935751 0.124602 -1.5549e-20)
(0.906481 0.126676 -2.56357e-20)
(0.816986 0.124614 -8.76269e-20)
(0.816986 0.124614 -8.76269e-20)
(0.785367 0.125056 1.18962e-20)
(0.753385 0.124896 3.10053e-20)
(0.721198 0.124118 -6.36004e-20)
(0.688975 0.122712 3.07793e-20)
(0.65689 0.12067 -1.81345e-21)
(0.625129 0.117991 3.17862e-20)
(0.593878 0.114678 -3.75992e-20)
(0.563331 0.110738 4.25819e-21)
(0.533683 0.106185 3.63382e-21)
(0.50513 0.101034 -4.39925e-21)
(0.477865 0.0953077 6.32455e-20)
(0.452079 0.0890331 -6.81088e-20)
(0.427957 0.0822405 4.7485e-20)
(0.357079 0.0699253 3.16189e-20)
(0.357079 0.0699253 3.16189e-20)
(0.338448 0.062599 -2.45435e-20)
(0.321858 0.0549424 4.32052e-20)
(0.307422 0.046995 -3.00644e-20)
(0.295236 0.0387982 2.11158e-21)
(0.285385 0.030395 -6.40518e-21)
(0.277935 0.0218298 4.40543e-21)
(0.272939 0.0131482 4.53897e-21)
(0.270432 0.00439634 8.38189e-22)
)
;
    }
    procBoundary5to9
    {
        type            processor;
        value           nonuniform List<vector> 
21
(
(-0.00462908 0.000133446 2.2376e-21)
(-0.00187147 0.00071036 -6.29728e-21)
(-0.00462908 0.000133446 2.2376e-21)
(-0.00509059 -0.000153789 -8.34956e-22)
(-0.00093025 -0.00055547 -4.29896e-21)
(0.00766601 -0.000966269 -1.00741e-21)
(0.0204748 -0.00137991 4.46628e-21)
(0.0371616 -0.00176778 5.58847e-21)
(0.0571916 -0.00213559 -4.67473e-21)
(0.0802871 -0.00247889 6.42697e-21)
(0.106072 -0.00280505 -1.79075e-21)
(0.134353 -0.0031177 -1.06014e-21)
(0.164994 -0.00342428 -1.99203e-22)
(0.197841 -0.00373167 -3.88088e-21)
(0.233107 -0.00404771 -3.37362e-21)
(0.013484 0.0107246 -1.61426e-20)
(0.0841281 0.0218436 2.48151e-20)
(0.192199 0.00892127 2.17421e-21)
(0.192199 0.00892127 2.17421e-21)
(0.297888 0.00931266 7.09362e-21)
(0.40359 0.00892329 2.36925e-21)
)
;
    }
}


// ************************************************************************* //
