/*--------------------------------*- C++ -*----------------------------------*\
  =========                 |
  \\      /  F ield         | OpenFOAM: The Open Source CFD Toolbox
   \\    /   O peration     | Website:  https://openfoam.org
    \\  /    A nd           | Version:  7
     \\/     M anipulation  |
\*---------------------------------------------------------------------------*/
FoamFile
{
    version     2.0;
    format      ascii;
    class       volVectorField;
    location    "30";
    object      U;
}
// * * * * * * * * * * * * * * * * * * * * * * * * * * * * * * * * * * * * * //

dimensions      [0 1 -1 0 0 0 0];

internalField   nonuniform List<vector> 
2625
(
(1.13904 0.217331 -3.34381e-21)
(1.13269 0.236727 1.71828e-20)
(1.13243 0.217869 4.85907e-21)
(1.12531 0.257176 -1.27927e-20)
(1.12562 0.237225 -1.53978e-20)
(1.12578 0.218259 -1.46962e-20)
(1.11669 0.279116 -2.12287e-20)
(1.11777 0.257648 -1.00774e-20)
(1.11851 0.237559 1.27444e-21)
(1.1191 0.218501 6.2178e-21)
(1.11883 0.201866 -1.46543e-20)
(1.10666 0.302456 -1.81138e-20)
(1.10866 0.27958 1.5099e-20)
(1.11018 0.257937 -4.26964e-21)
(1.11135 0.237726 -3.23142e-20)
(1.11239 0.218592 3.04105e-20)
(1.11251 0.201928 7.8331e-22)
(1.09814 0.302935 1.06694e-22)
(1.10057 0.279838 3.59508e-21)
(1.10253 0.25804 1.77487e-20)
(1.10415 0.237724 2.84113e-20)
(1.10565 0.218532 -5.01086e-20)
(1.10617 0.201849 -2.74354e-20)
(1.08585 0.327628 -3.58137e-20)
(1.08955 0.303184 -2.76792e-20)
(1.09242 0.27989 1.6697e-20)
(1.09484 0.257959 1.82086e-20)
(1.09692 0.237554 3.32937e-21)
(1.09888 0.218319 3.79375e-20)
(1.09982 0.201626 2.60442e-20)
(1.07125 0.353421 -4.4908e-21)
(1.07674 0.327893 2.78889e-20)
(1.08089 0.3032 2.19716e-20)
(1.08423 0.279736 -2.85624e-20)
(1.08711 0.257691 -1.3976e-20)
(1.08966 0.237215 -4.72905e-20)
(1.0921 0.217951 -5.14805e-20)
(1.09347 0.201256 -2.19084e-20)
(1.06162 0.353739 -9.28349e-21)
(1.06756 0.327895 -2.62653e-20)
(1.07218 0.302985 -1.08925e-20)
(1.07599 0.279374 4.50564e-21)
(1.07935 0.257237 1.33614e-20)
(1.08237 0.236704 8.55897e-20)
(1.08529 0.217428 6.43797e-21)
(1.08711 0.200738 -1.23919e-20)
(1.04344 0.380313 4.12826e-20)
(1.05191 0.353759 7.98576e-20)
(1.05832 0.327635 -2.57916e-20)
(1.06343 0.302536 3.13069e-20)
(1.06773 0.278806 -8.39775e-21)
(1.07156 0.256597 -2.44865e-20)
(1.07506 0.236023 4.36456e-20)
(1.07847 0.216749 4.79988e-20)
(1.08075 0.200069 -8.51547e-21)
(1.03319 0.380397 -6.06366e-21)
(1.04213 0.353482 -4.78325e-20)
(1.04904 0.327112 2.19462e-20)
(1.05464 0.301856 2.95856e-20)
(1.05944 0.27803 5.09378e-20)
(1.06376 0.255771 -8.80749e-20)
(1.06773 0.235171 -6.86318e-20)
(1.07164 0.215912 -8.90372e-21)
(1.07439 0.199245 2.17577e-20)
(1.01044 0.407153 -6.76505e-20)
(1.02286 0.380144 6.52056e-21)
(1.03228 0.352906 1.02932e-20)
(1.03971 0.326326 -1.92765e-20)
(1.04583 0.300943 -9.67319e-20)
(1.05113 0.277048 2.01447e-20)
(1.05594 0.254759 1.07535e-19)
(1.06039 0.234148 6.61694e-21)
(1.06479 0.214917 -5.32637e-20)
(1.06802 0.198264 2.99345e-20)
(0.999551 0.40698 7.96458e-20)
(1.01244 0.379552 -1.35042e-20)
(1.02239 0.352032 3.46327e-20)
(1.03035 0.325277 -6.55413e-21)
(1.03701 0.299797 4.30722e-20)
(1.04282 0.27586 -8.35098e-21)
(1.04811 0.253562 -4.37695e-21)
(1.05304 0.232954 2.49992e-20)
(1.05793 0.213765 9.4001e-20)
(1.06166 0.197123 1.47919e-20)
(0.970995 0.432996 -4.93232e-20)
(0.988568 0.406423 -4.23567e-20)
(1.00197 0.378621 -1.06982e-20)
(1.01246 0.35086 -2.76965e-20)
(1.02098 0.323965 4.42124e-20)
(1.02818 0.29842 -3.11316e-20)
(1.03451 0.274466 -6.05251e-20)
(1.04028 0.25218 -5.20233e-20)
(1.04569 0.231592 3.9821e-20)
(1.05105 0.212457 -1.14097e-19)
(1.0553 0.195816 4.35894e-20)
(0.959464 0.43254 4.33288e-20)
(0.977506 0.405483 -1.04478e-20)
(0.991445 0.377352 -2.09294e-20)
(1.00252 0.34939 -1.84958e-20)
(1.01161 0.322391 4.11405e-20)
(1.01936 0.296811 3.64581e-21)
(1.0262 0.272866 1.3315e-20)
(1.03246 0.250616 5.18939e-22)
(1.03833 0.230062 -1.47978e-21)
(1.04416 0.210994 -5.03765e-20)
(1.04893 0.194339 -6.34934e-20)
(0.947832 0.431652 8.82712e-20)
(0.966382 0.404159 -3.76235e-20)
(0.980894 0.375746 -3.97462e-20)
(0.992561 0.347622 1.99617e-20)
(1.00224 0.320554 -1.47183e-20)
(1.01056 0.294971 -7.74232e-21)
(1.01792 0.271063 -5.06719e-20)
(1.02466 0.24887 -2.70427e-20)
(1.03098 0.228368 -1.87146e-20)
(1.03725 0.209378 8.7432e-20)
(1.04256 0.192688 -2.69667e-20)
(0.911494 0.455684 2.85869e-20)
(0.936118 0.430331 -1.21394e-19)
(0.955214 0.402452 4.43447e-20)
(0.970325 0.373801 7.43687e-20)
(0.982608 0.345558 1.10444e-20)
(0.992896 0.318457 -9.64715e-20)
(1.00178 0.2929 -9.97062e-21)
(1.00967 0.269056 -3.68449e-20)
(1.01688 0.246945 3.51367e-21)
(1.02364 0.226512 -2.38955e-20)
(1.03033 0.207614 9.12899e-20)
(1.03617 0.190856 -6.82257e-20)
(0.899234 0.454436 9.27775e-20)
(0.924342 0.428577 2.31129e-20)
(0.944017 0.400364 6.21266e-20)
(0.959753 0.371521 3.20747e-20)
(0.972671 0.343197 -1.16777e-21)
(0.983575 0.316099 6.60256e-20)
(0.993037 0.2906 -1.21137e-20)
(1.00146 0.266846 1.10012e-19)
(1.00914 0.244841 3.10715e-20)
(1.01632 0.224497 -6.33716e-20)
(1.02339 0.205707 -9.6028e-20)
(1.02976 0.188836 4.56318e-20)
(0.886889 0.452704 -1.08302e-19)
(0.912522 0.426392 -2.48583e-20)
(0.932808 0.397894 -1.79314e-20)
(0.949193 0.368905 -1.11831e-20)
(0.962763 0.340542 2.45865e-20)
(0.974295 0.313481 -6.43635e-20)
(0.984342 0.28807 6.52445e-21)
(0.993294 0.264435 -6.47244e-20)
(1.00144 0.24256 7.56249e-21)
(1.00903 0.222329 -5.73106e-20)
(1.01642 0.203665 -8.86191e-20)
(1.02331 0.186622 3.43457e-20)
(0.841144 0.472824 9.35416e-20)
(0.874482 0.450486 2.04211e-20)
(0.900677 0.423777 1.07289e-19)
(0.921602 0.395045 -3.4512e-20)
(0.938657 0.365956 -8.54974e-20)
(0.952894 0.337593 -9.70899e-20)
(0.965065 0.310604 4.21809e-20)
(0.975704 0.285312 -2.53819e-20)
(0.985191 0.261823 2.99092e-20)
(0.993797 0.240105 -1.08048e-19)
(1.00178 0.220012 3.95825e-20)
(1.00943 0.201493 1.56591e-19)
(1.0168 0.184204 6.86129e-20)
(0.828227 0.470654 -9.62024e-20)
(0.862034 0.447786 6.97083e-20)
(0.888825 0.420733 -4.64816e-20)
(0.910416 0.391818 -1.65311e-20)
(0.928161 0.362675 -7.23458e-21)
(0.943077 0.334353 3.95329e-20)
(0.955895 0.307469 1.239e-20)
(0.967133 0.282326 5.17152e-20)
(0.977156 0.25901 -1.54712e-20)
(0.986226 0.237474 1.0781e-19)
(0.994589 0.217551 1.15928e-19)
(1.00243 0.199201 3.93935e-20)
(1.01022 0.18156 -2.56186e-20)
(0.815249 0.467946 -5.32013e-20)
(0.849565 0.444603 -1.16898e-19)
(0.876983 0.417263 -1.28901e-19)
(0.899264 0.388216 7.87059e-20)
(0.917716 0.359064 4.26086e-20)
(0.933324 0.330821 7.24668e-20)
(0.946796 0.304079 1.36704e-20)
(0.958637 0.279113 -4.72075e-20)
(0.969202 0.255996 1.07972e-19)
(0.978739 0.23467 -1.40858e-19)
(0.987477 0.214955 -7.42089e-20)
(0.995436 0.196821 -1.47562e-19)
(1.00357 0.178732 -1.34719e-21)
(0.758527 0.481465 5.03013e-20)
(0.802233 0.4647 4.65287e-20)
(0.837095 0.440941 -3.36348e-21)
(0.865171 0.413369 1.30892e-19)
(0.888163 0.384242 -8.09511e-20)
(0.907336 0.355125 -4.98783e-20)
(0.923645 0.327002 -9.1764e-20)
(0.937778 0.300433 4.26024e-21)
(0.950226 0.275674 4.29149e-20)
(0.961336 0.252782 -7.894e-20)
(0.971348 0.23169 2.63538e-19)
(0.98047 0.212219 5.899e-20)
(0.988578 0.194406 1.74895e-19)
(0.996848 0.176233 1.28779e-21)
(0.745099 0.478245 -1.01762e-19)
(0.789202 0.460919 -2.43747e-20)
(0.824646 0.436802 5.20508e-20)
(0.853405 0.409054 -8.00044e-20)
(0.877127 0.379898 1.44042e-20)
(0.897034 0.350863 6.80628e-21)
(0.914052 0.322897 -4.77765e-20)
(0.928849 0.296535 8.6616e-20)
(0.941908 0.27201 -6.81249e-20)
(0.953567 0.249367 3.17352e-20)
(0.964061 0.22853 -1.17178e-19)
(0.973596 0.20932 -1.35314e-19)
(0.981998 0.191833 -1.6127e-19)
(0.990831 0.174 3.55879e-20)
(0.73164 0.474437 9.22649e-20)
(0.77618 0.456607 1.78188e-19)
(0.812237 0.432191 1.08057e-19)
(0.841703 0.404323 8.62718e-22)
(0.866172 0.375188 4.34082e-20)
(0.886822 0.346279 1.01399e-19)
(0.904555 0.318509 1.30856e-19)
(0.920021 0.292386 -1.65636e-19)
(0.933691 0.268123 1.38133e-19)
(0.945901 0.245751 -6.41358e-20)
(0.956884 0.225188 -5.45816e-20)
(0.966849 0.206249 9.20252e-20)
(0.975598 0.189049 -4.01484e-20)
(0.984872 0.171659 -6.44531e-20)
(0.718179 0.470044 -1.1965e-19)
(0.76319 0.451766 -1.22181e-19)
(0.799888 0.42711 -1.29933e-19)
(0.830082 0.399179 1.82252e-20)
(0.855311 0.370116 2.96612e-20)
(0.876713 0.341377 2.53533e-20)
(0.895165 0.313841 -4.31669e-20)
(0.911301 0.287988 8.70475e-20)
(0.925583 0.264014 -8.17673e-20)
(0.938344 0.241935 6.05279e-20)
(0.949819 0.221664 4.03025e-21)
(0.960219 0.203011 5.7161e-20)
(0.969336 0.18608 9.77917e-20)
(0.978978 0.169103 -4.07039e-20)
(0.704739 0.465069 -1.1827e-19)
(0.750255 0.446402 -4.89313e-20)
(0.787619 0.421566 6.61054e-21)
(0.818558 0.393626 -5.37482e-20)
(0.844558 0.364686 -7.38189e-20)
(0.86672 0.33616 -6.70622e-20)
(0.885893 0.308895 2.45678e-20)
(0.902698 0.283345 1.59655e-21)
(0.917591 0.259686 1.02161e-19)
(0.930903 0.237923 -1.70618e-19)
(0.942868 0.217961 1.54777e-19)
(0.953704 0.199608 -7.58203e-20)
(0.963202 0.182953 1.13854e-19)
(0.973181 0.166376 7.38363e-20)
(0.63498 0.468602 1.2764e-19)
(0.691346 0.459517 4.90665e-20)
(0.737397 0.44052 -3.47098e-20)
(0.775448 0.415562 1.69405e-19)
(0.807148 0.38767 2.25567e-19)
(0.833929 0.358902 -6.82801e-20)
(0.856853 0.330633 -2.25575e-21)
(0.876748 0.303676 -1.30222e-20)
(0.894221 0.278459 3.08696e-20)
(0.909723 0.255141 -7.82028e-20)
(0.923582 0.233716 2.50297e-19)
(0.936036 0.214081 -1.76593e-19)
(0.947307 0.196046 6.74932e-21)
(0.95719 0.179681 -1.06926e-19)
(0.967489 0.16351 -6.22655e-20)
(0.621339 0.462999 -9.35624e-20)
(0.678024 0.453393 2.37116e-19)
(0.724637 0.434125 6.94919e-20)
(0.763396 0.409105 -1.96876e-19)
(0.795869 0.381316 -1.81034e-19)
(0.823437 0.35277 2.15214e-19)
(0.847126 0.324799 -5.89341e-20)
(0.867742 0.298186 1.01805e-19)
(0.88588 0.273333 -7.75602e-20)
(0.901986 0.250383 -1.21187e-20)
(0.916388 0.229317 -3.25676e-20)
(0.929327 0.210028 7.13351e-20)
(0.941028 0.192328 8.26917e-21)
(0.951299 0.176269 6.53444e-21)
(0.961905 0.160511 4.22604e-20)
(0.607763 0.456778 -1.0971e-20)
(0.664799 0.446703 -3.63956e-19)
(0.711997 0.427223 -1.03336e-19)
(0.75148 0.402201 1.782e-19)
(0.784736 0.37457 -1.22429e-19)
(0.813095 0.346293 7.78664e-22)
(0.837548 0.318664 8.52362e-20)
(0.858883 0.292431 -1.10371e-19)
(0.877681 0.267972 5.85044e-20)
(0.894386 0.245414 -3.99304e-20)
(0.909327 0.224729 -1.30251e-20)
(0.922746 0.205806 1.67198e-19)
(0.934872 0.188456 -1.0624e-19)
(0.945532 0.172719 -8.9958e-20)
(0.956434 0.15738 -4.67937e-20)
(0.594278 0.449943 1.58192e-19)
(0.651694 0.439455 1.48538e-19)
(0.699498 0.419822 1.49674e-19)
(0.739719 0.394856 -1.2973e-19)
(0.773764 0.367437 1.36909e-19)
(0.802916 0.339479 -4.52637e-20)
(0.828133 0.312233 -1.33723e-19)
(0.850181 0.286414 -6.01898e-20)
(0.869635 0.262378 1.20075e-20)
(0.886933 0.240238 1.52452e-19)
(0.902405 0.219955 4.63201e-20)
(0.916298 0.201416 -2.91679e-19)
(0.928844 0.184435 1.06738e-19)
(0.93989 0.169034 2.04258e-19)
(0.95108 0.154118 4.49183e-20)
(0.580913 0.442504 -1.16909e-19)
(0.638733 0.431655 1.22898e-19)
(0.687162 0.41193 8.55241e-20)
(0.728131 0.387078 -2.2195e-21)
(0.76297 0.359925 2.70336e-20)
(0.792915 0.332333 -6.53056e-20)
(0.81889 0.305509 7.37893e-20)
(0.841646 0.28014 1.34637e-20)
(0.861748 0.256557 -8.53039e-20)
(0.879631 0.234858 -2.05761e-19)
(0.895628 0.214999 -8.54791e-20)
(0.909989 0.196861 1.88993e-19)
(0.922949 0.180265 -3.82682e-20)
(0.934377 0.165215 -1.91668e-19)
(0.945849 0.150725 1.78698e-20)
(0.499022 0.431674 -2.99128e-20)
(0.567692 0.434466 1.6794e-20)
(0.62594 0.423313 -1.73098e-19)
(0.675007 0.403554 -2.17388e-20)
(0.716733 0.378875 1.0401e-20)
(0.752367 0.352041 -1.26962e-19)
(0.783102 0.324861 4.91551e-20)
(0.809832 0.2985 1.63596e-19)
(0.833288 0.273613 -7.73002e-21)
(0.854029 0.250512 3.3571e-20)
(0.87249 0.229279 2.16424e-19)
(0.889003 0.209864 7.02092e-20)
(0.903824 0.192146 -4.29391e-20)
(0.917192 0.175949 -1.08293e-20)
(0.928998 0.161265 9.93742e-20)
(0.940747 0.147204 -5.03565e-20)
(0.485897 0.423642 -2.87334e-20)
(0.554642 0.425841 -2.71855e-20)
(0.613337 0.414438 1.38771e-19)
(0.663055 0.394704 -8.55182e-20)
(0.705541 0.370256 -3.60091e-20)
(0.741971 0.343793 1.05423e-19)
(0.773492 0.31707 5.84455e-20)
(0.800967 0.291211 3.65585e-20)
(0.825115 0.26684 1.4694e-19)
(0.846487 0.244247 -8.03067e-20)
(0.865515 0.223504 -3.33757e-20)
(0.882536 0.204553 -1.8383e-20)
(0.89781 0.187272 2.18615e-21)
(0.911578 0.171489 1.38314e-19)
(0.923757 0.157184 -1.54282e-19)
(0.935776 0.143556 1.11309e-19)
(0.472943 0.414992 1.15109e-19)
(0.541788 0.416639 1.16971e-19)
(0.600947 0.40504 -2.32236e-20)
(0.651325 0.38539 9.59639e-20)
(0.694574 0.361228 3.92784e-20)
(0.731796 0.335187 -1.29341e-19)
(0.764095 0.308967 -1.34855e-19)
(0.792307 0.283649 -1.80602e-19)
(0.817137 0.259825 -2.39496e-19)
(0.839128 0.237768 1.99439e-19)
(0.858714 0.217537 -7.80679e-20)
(0.876233 0.19907 -8.2064e-20)
(0.891951 0.182243 -4.1708e-20)
(0.906113 0.166888 -2.39534e-19)
(0.918658 0.152974 2.96383e-20)
(0.930943 0.139782 -1.12647e-19)
(0.460186 0.405735 -3.61702e-20)
(0.529154 0.406869 2.99531e-20)
(0.588792 0.39513 3.75836e-20)
(0.639835 0.375622 -1.93507e-19)
(0.683846 0.351802 -1.79591e-20)
(0.721855 0.326234 1.25355e-19)
(0.754924 0.300559 1.22599e-19)
(0.783863 0.275818 -6.14146e-20)
(0.809362 0.252574 3.5228e-20)
(0.831961 0.231079 -2.31317e-19)
(0.852093 0.211383 2.0068e-20)
(0.8701 0.193419 1.33165e-19)
(0.886253 0.177062 5.67951e-20)
(0.9008 0.162149 -2.14708e-20)
(0.913705 0.148638 -5.60784e-20)
(0.92625 0.135885 1.98894e-20)
(0.447654 0.395882 -2.19601e-19)
(0.516766 0.396545 -2.55886e-19)
(0.576892 0.384719 -1.04968e-19)
(0.628605 0.365411 -1.47183e-20)
(0.673374 0.341988 2.58444e-19)
(0.712162 0.316941 7.15752e-20)
(0.74599 0.291854 -8.76858e-20)
(0.775642 0.267728 1.48493e-19)
(0.801799 0.245093 1.98789e-19)
(0.824993 0.224186 1.13431e-20)
(0.845659 0.205046 3.02437e-20)
(0.864143 0.187603 6.33091e-22)
(0.880721 0.171731 -5.88391e-20)
(0.895646 0.157273 1.45629e-19)
(0.908904 0.144176 1.15004e-19)
(0.921702 0.131866 5.13246e-20)
(0.435372 0.385446 2.96887e-19)
(0.504646 0.38568 3.31267e-20)
(0.56527 0.373821 -7.81491e-21)
(0.617651 0.354768 1.11848e-19)
(0.663174 0.331795 -1.77175e-19)
(0.70273 0.307317 -3.49123e-20)
(0.737304 0.282861 -1.54534e-19)
(0.767656 0.259383 4.71834e-20)
(0.794455 0.237388 -2.02469e-19)
(0.818231 0.217094 -7.49203e-21)
(0.839419 0.198531 -1.67625e-19)
(0.858368 0.181627 -5.71861e-20)
(0.875361 0.166255 6.48459e-20)
(0.890654 0.152264 -8.67723e-21)
(0.904256 0.139592 6.24126e-20)
(0.917303 0.127727 8.48344e-20)
(0.423366 0.374441 -2.08604e-19)
(0.492819 0.374287 2.17657e-20)
(0.553945 0.362448 6.83988e-21)
(0.606992 0.343705 -1.61819e-19)
(0.653259 0.321235 -1.68106e-19)
(0.693572 0.297373 1.29472e-19)
(0.728877 0.273588 1.22207e-19)
(0.759914 0.250793 3.6725e-20)
(0.78734 0.229466 4.46167e-21)
(0.811682 0.209808 9.98807e-21)
(0.833378 0.191843 1.48505e-19)
(0.85278 0.175494 -3.6471e-20)
(0.870177 0.160638 -5.30536e-20)
(0.885829 0.147125 5.47315e-21)
(0.899766 0.134889 -1.64271e-20)
(0.913056 0.123473 -5.9224e-20)
(0.411659 0.362882 -6.94034e-20)
(0.481305 0.362381 -4.29891e-20)
(0.542936 0.350615 7.00227e-20)
(0.596645 0.332235 1.20023e-19)
(0.643645 0.310318 1.03757e-19)
(0.684699 0.287118 -1.5044e-19)
(0.72072 0.264042 -1.14011e-19)
(0.752424 0.241964 -4.78352e-20)
(0.780461 0.221332 1.70116e-19)
(0.805354 0.202335 3.02469e-20)
(0.827543 0.184987 -1.50057e-19)
(0.847385 0.16921 -6.11857e-20)
(0.865174 0.154882 1.21665e-20)
(0.881175 0.14186 -9.28124e-20)
(0.895438 0.130068 -9.8306e-20)
(0.908964 0.119105 1.54773e-20)
(0.32113 0.335391 -2.14281e-19)
(0.400278 0.350786 2.45173e-19)
(0.470127 0.349977 2.56399e-21)
(0.532263 0.338334 4.38608e-20)
(0.586625 0.320371 -6.39139e-21)
(0.634346 0.299057 -6.51156e-20)
(0.676125 0.276562 -1.78228e-20)
(0.712842 0.254235 -3.68517e-20)
(0.745196 0.232904 -5.62125e-20)
(0.773825 0.212995 -1.7362e-22)
(0.799252 0.19468 1.32298e-20)
(0.821919 0.177968 9.0548e-20)
(0.842187 0.162779 -4.44739e-20)
(0.860357 0.148993 5.26309e-20)
(0.876696 0.136471 8.67477e-20)
(0.891275 0.125135 -3.28562e-20)
(0.905029 0.114627 -1.21916e-19)
(0.310332 0.323647 -5.53915e-21)
(0.389244 0.338168 -3.8061e-20)
(0.459306 0.337092 7.47111e-20)
(0.521945 0.325623 -1.81284e-19)
(0.576949 0.308127 -1.2913e-21)
(0.625374 0.287464 9.00542e-20)
(0.667859 0.265717 1.14085e-19)
(0.705254 0.244173 2.50122e-19)
(0.738237 0.223622 -8.19642e-21)
(0.767439 0.204461 3.52285e-20)
(0.793383 0.18685 -6.53453e-20)
(0.816511 0.170792 5.1311e-20)
(0.837192 0.156206 -4.9429e-20)
(0.855729 0.142975 -5.84029e-20)
(0.872395 0.130964 4.47324e-20)
(0.88728 0.120091 5.68827e-20)
(0.901256 0.110042 9.34316e-20)
(0.299882 0.311381 8.18385e-20)
(0.37858 0.325046 -9.94315e-20)
(0.448862 0.323742 -7.4454e-20)
(0.511998 0.312495 1.84537e-19)
(0.567631 0.295516 -5.93065e-20)
(0.616743 0.275551 5.82492e-20)
(0.659914 0.254593 -4.53857e-20)
(0.697965 0.233868 -1.74744e-19)
(0.731555 0.214125 1.54043e-19)
(0.761311 0.195738 -5.25103e-20)
(0.787752 0.178852 1.80359e-19)
(0.811326 0.163464 6.94209e-20)
(0.832403 0.149496 1.79829e-19)
(0.851294 0.136832 3.75137e-20)
(0.868276 0.125341 -8.0714e-20)
(0.883456 0.114941 -9.76874e-21)
(0.897645 0.105355 2.44846e-20)
(0.289802 0.298612 4.80131e-20)
(0.368309 0.31144 9.5572e-20)
(0.438815 0.309946 1.41301e-19)
(0.50244 0.298969 -1.25085e-19)
(0.558687 0.282555 1.04638e-19)
(0.608464 0.263331 -1.35042e-19)
(0.652299 0.243201 -5.4096e-20)
(0.690983 0.22333 -2.28104e-20)
(0.725159 0.204424 -1.79042e-19)
(0.755447 0.186833 1.77353e-21)
(0.782367 0.170691 -1.772e-19)
(0.806368 0.155991 -1.718e-19)
(0.827827 0.142654 -1.08985e-19)
(0.847058 0.130568 -2.07129e-20)
(0.864342 0.119609 2.07376e-20)
(0.879805 0.109689 3.81928e-20)
(0.894201 0.100569 -5.63326e-20)
(0.280116 0.285359 -5.30739e-20)
(0.35845 0.297369 -1.71065e-19)
(0.429183 0.295722 -1.51418e-19)
(0.493287 0.28506 1.35999e-19)
(0.55013 0.269256 -6.13825e-20)
(0.600551 0.250817 7.87185e-20)
(0.645025 0.231554 5.90171e-20)
(0.684317 0.212568 3.33266e-20)
(0.719055 0.194525 -1.06542e-19)
(0.749854 0.177755 7.49058e-21)
(0.777232 0.162376 2.59957e-20)
(0.801643 0.148379 -3.42632e-20)
(0.823466 0.135687 1.05401e-19)
(0.843023 0.12419 -8.69555e-21)
(0.860597 0.11377 -4.6623e-20)
(0.876331 0.104339 5.86261e-21)
(0.890925 0.095689 5.34545e-21)
(0.270843 0.271643 -1.71319e-19)
(0.349025 0.282852 2.90396e-19)
(0.419985 0.281089 2.5609e-20)
(0.484554 0.270786 1.29003e-20)
(0.541973 0.255638 1.24816e-19)
(0.593014 0.238024 -2.9194e-20)
(0.638101 0.219662 -1.04098e-20)
(0.677975 0.201592 -4.22292e-20)
(0.713251 0.18444 9.74456e-20)
(0.744537 0.16851 -3.90961e-20)
(0.772353 0.153912 5.2053e-20)
(0.797154 0.140634 1.89629e-19)
(0.819325 0.128599 2.02544e-20)
(0.839192 0.117702 -9.34943e-21)
(0.857044 0.107829 5.88937e-20)
(0.873036 0.0988953 -3.88464e-20)
(0.887818 0.0907183 4.24804e-20)
(0.262006 0.257485 1.59434e-19)
(0.340051 0.267912 -1.02193e-19)
(0.411236 0.266067 4.60187e-20)
(0.476257 0.256165 -7.41165e-20)
(0.53423 0.241714 -4.2698e-20)
(0.585863 0.224965 4.24801e-20)
(0.631537 0.207539 -9.77925e-20)
(0.671966 0.190415 6.06686e-20)
(0.707753 0.174177 3.61493e-20)
(0.739502 0.159108 6.68702e-20)
(0.767734 0.145308 -4.22428e-20)
(0.792906 0.132763 -1.86684e-20)
(0.815407 0.121396 -7.69776e-20)
(0.83557 0.111109 -2.39401e-20)
(0.853685 0.101793 -3.1665e-20)
(0.869923 0.0933624 1.08716e-20)
(0.884884 0.0856618 2.10417e-20)
(0.253623 0.242908 5.93698e-20)
(0.331548 0.252569 -1.51019e-19)
(0.402954 0.250676 -3.60936e-20)
(0.468409 0.241215 1.08236e-19)
(0.526911 0.227501 9.25825e-21)
(0.57911 0.211655 3.30108e-20)
(0.62534 0.195198 1.32755e-19)
(0.666296 0.179046 -9.24917e-20)
(0.702567 0.163745 1.77068e-21)
(0.734756 0.149557 -1.04356e-20)
(0.76338 0.136571 5.48186e-20)
(0.788903 0.124771 -1.27038e-19)
(0.811717 0.114085 8.61465e-20)
(0.832159 0.104417 1.1183e-19)
(0.850523 0.0956646 -3.22251e-20)
(0.866993 0.087745 -8.26912e-20)
(0.882125 0.0805241 -8.76975e-20)
(0.245713 0.227934 -5.64381e-20)
(0.323532 0.236847 1.73476e-19)
(0.395154 0.234937 8.0406e-20)
(0.461024 0.225956 -2.07361e-21)
(0.520029 0.213018 8.04073e-20)
(0.572763 0.198107 -1.19785e-19)
(0.619519 0.182649 9.00582e-20)
(0.660973 0.167496 1.22488e-19)
(0.697701 0.153155 -7.72407e-20)
(0.730302 0.139865 -4.68418e-21)
(0.759296 0.127709 -8.21286e-20)
(0.785149 0.116668 1.15044e-19)
(0.808257 0.106672 -7.21477e-20)
(0.828961 0.0976317 1.00607e-19)
(0.84756 0.0894504 -3.36161e-20)
(0.864249 0.0820479 7.04007e-20)
(0.879541 0.0753099 -3.74574e-20)
(0.238292 0.212587 1.49051e-20)
(0.31602 0.220768 -1.91788e-19)
(0.38785 0.218873 -1.29674e-19)
(0.454113 0.210407 -6.03551e-20)
(0.513593 0.198279 -1.75377e-19)
(0.566831 0.184338 4.21183e-20)
(0.614082 0.169908 -1.18891e-19)
(0.656002 0.155778 -1.33264e-19)
(0.693158 0.142416 8.19531e-20)
(0.726146 0.130042 4.93922e-20)
(0.755487 0.118729 3.51352e-21)
(0.781648 0.108458 -9.45951e-20)
(0.805031 0.099163 -4.18036e-20)
(0.825981 0.0907587 -1.83034e-19)
(0.844799 0.0831554 9.84871e-20)
(0.861692 0.0762761 -6.59128e-20)
(0.877135 0.070024 1.06566e-19)
(0.231378 0.196893 -4.78353e-21)
(0.309026 0.204357 1.53193e-19)
(0.381055 0.202504 7.46342e-20)
(0.447689 0.194587 -7.8599e-20)
(0.507614 0.183303 2.57457e-20)
(0.561323 0.170363 -1.37705e-19)
(0.609035 0.156987 7.78763e-20)
(0.65139 0.143903 1.35316e-19)
(0.688944 0.13154 -5.62753e-20)
(0.722292 0.120097 -2.8951e-20)
(0.751955 0.10964 4.71442e-20)
(0.778403 0.10015 4.12674e-20)
(0.802042 0.0915646 5.60303e-20)
(0.82322 0.0838041 9.46609e-20)
(0.842243 0.0767851 -1.89117e-20)
(0.859325 0.0704348 6.24206e-20)
(0.874907 0.0646713 -4.72829e-20)
(0.224986 0.180875 8.49351e-20)
(0.302564 0.187637 4.57366e-21)
(0.374782 0.185853 8.45884e-21)
(0.441762 0.178517 9.59436e-20)
(0.502101 0.168108 2.36608e-21)
(0.556247 0.156197 1.3732e-19)
(0.604386 0.1439 3.13345e-20)
(0.647142 0.131883 5.41873e-20)
(0.685065 0.120535 7.36504e-20)
(0.718745 0.110038 -9.25648e-20)
(0.748705 0.10045 3.78633e-20)
(0.775418 0.091751 -1.05214e-20)
(0.799292 0.0838835 -4.83052e-20)
(0.820681 0.0767739 -1.73566e-21)
(0.839892 0.0703451 -2.01854e-20)
(0.857149 0.0645289 4.35065e-20)
(0.872861 0.0592569 1.27861e-20)
(0.21913 0.16456 -1.80836e-19)
(0.296649 0.170635 4.03857e-20)
(0.369042 0.168944 2.07572e-20)
(0.436341 0.162217 -2.49576e-20)
(0.497062 0.152712 1.58218e-20)
(0.551609 0.141855 -6.78093e-20)
(0.60014 0.13066 -1.04471e-19)
(0.643264 0.119729 -1.35444e-19)
(0.681524 0.109413 -3.15873e-20)
(0.715508 0.0998757 9.20188e-20)
(0.745739 0.0911669 4.31354e-20)
(0.772694 0.0832683 -1.0609e-20)
(0.796785 0.0761265 -1.58139e-20)
(0.818366 0.0696742 -3.27385e-20)
(0.837749 0.0638411 2.1915e-20)
(0.855166 0.058564 -6.24769e-20)
(0.870996 0.053786 -3.185e-20)
(0.138297 0.131539 -1.15473e-19)
(0.213822 0.147975 1.04552e-19)
(0.29129 0.153374 -1.19559e-19)
(0.363846 0.151799 8.07069e-20)
(0.431437 0.145708 -1.07688e-20)
(0.492505 0.137133 8.42902e-21)
(0.547416 0.127354 7.69868e-20)
(0.596303 0.117282 -7.95447e-20)
(0.639761 0.107454 9.058e-20)
(0.678325 0.0981848 -3.16974e-20)
(0.712584 0.0896185 -1.39423e-21)
(0.743062 0.0817994 -6.46677e-20)
(0.770236 0.0747095 -4.67423e-21)
(0.794521 0.0683005 5.07165e-20)
(0.816277 0.0625114 1.50133e-21)
(0.835815 0.0572789 1.45068e-20)
(0.853377 0.0525452 1.58095e-20)
(0.869314 0.0482636 2.68662e-20)
(0.133949 0.116625 3.91491e-21)
(0.209074 0.131147 3.9384e-20)
(0.2865 0.135882 1.05736e-19)
(0.359203 0.134443 -7.89342e-20)
(0.427058 0.129012 -2.63538e-20)
(0.488436 0.12139 3.26805e-21)
(0.543675 0.11271 1.27148e-20)
(0.59288 0.103779 2.11234e-20)
(0.636636 0.0950704 -6.63047e-20)
(0.675473 0.0868607 -1.55671e-20)
(0.709978 0.0792765 -8.42201e-21)
(0.740675 0.0723559 9.68163e-21)
(0.768044 0.0660824 -2.51726e-20)
(0.792504 0.0604125 -1.68846e-20)
(0.814415 0.0552918 1.27809e-20)
(0.834093 0.0506643 -9.87434e-21)
(0.851784 0.0464781 4.79361e-20)
(0.867816 0.042695 -2.9706e-20)
(0.130122 0.101502 -5.19879e-20)
(0.204896 0.114102 -6.0469e-20)
(0.282287 0.118184 -8.25815e-20)
(0.355122 0.1169 -2.68085e-20)
(0.423209 0.112149 1.63989e-20)
(0.484863 0.105501 4.64054e-22)
(0.540389 0.0979401 1.71141e-20)
(0.589874 0.0901664 -3.12982e-20)
(0.633893 0.0825904 4.94372e-20)
(0.67297 0.0754518 -1.70308e-20)
(0.707691 0.0688594 -1.9607e-20)
(0.738581 0.0628453 -5.98653e-21)
(0.766122 0.0573947 2.21754e-20)
(0.790735 0.0524694 -3.9903e-20)
(0.812783 0.048022 4.04775e-20)
(0.832582 0.0440035 -3.06188e-20)
(0.850387 0.0403682 2.19671e-20)
(0.866503 0.0370855 3.74549e-20)
(0.126825 0.0861978 9.72479e-20)
(0.201299 0.0968689 1.74025e-20)
(0.278661 0.100307 -5.34152e-20)
(0.35161 0.0991928 -6.46199e-21)
(0.419899 0.0951413 -2.81734e-20)
(0.48179 0.0894851 2.7303e-20)
(0.537565 0.0830596 -3.99114e-20)
(0.587291 0.0764576 1.83874e-20)
(0.631536 0.0700266 -7.8736e-20)
(0.67082 0.0639692 8.20176e-21)
(0.705726 0.0583768 1.50609e-20)
(0.736782 0.0532762 1.30181e-20)
(0.764471 0.0486544 1.62204e-20)
(0.789215 0.0444786 1.18077e-20)
(0.811381 0.0407084 -2.76962e-20)
(0.831286 0.0373023 3.14517e-20)
(0.849188 0.0342211 -4.00659e-20)
(0.865377 0.0314404 -2.35357e-20)
(0.124065 0.0707384 -4.86637e-20)
(0.198288 0.079476 5.50232e-20)
(0.275627 0.0822778 7.0971e-20)
(0.348674 0.0813476 1.15886e-20)
(0.417132 0.0780111 1.09687e-21)
(0.479222 0.0733622 -1.46891e-20)
(0.535205 0.0680858 -1.5074e-23)
(0.585133 0.0626675 6.13123e-20)
(0.629568 0.0573918 4.04374e-20)
(0.669024 0.0524241 -2.21505e-20)
(0.704085 0.0478388 -2.52425e-20)
(0.73528 0.0436576 -5.41349e-20)
(0.763093 0.0398693 -3.66977e-20)
(0.787947 0.0364472 3.07256e-20)
(0.810211 0.0333578 1.02662e-20)
(0.830203 0.0305669 -4.33458e-20)
(0.848188 0.0280423 -1.5525e-20)
(0.864437 0.0257653 1.2193e-20)
(0.121849 0.0551517 -2.61617e-20)
(0.195872 0.0619518 -4.79357e-20)
(0.273193 0.064124 -3.79768e-20)
(0.346318 0.0633887 1.37597e-21)
(0.414913 0.0607801 -7.96278e-21)
(0.477163 0.0571512 -3.60915e-20)
(0.533313 0.0530353 1.21668e-20)
(0.583404 0.0488108 -1.59759e-20)
(0.62799 0.0446987 -1.87479e-20)
(0.667584 0.0408277 4.05564e-20)
(0.702771 0.0372553 7.71817e-21)
(0.734077 0.0339983 4.45016e-20)
(0.761989 0.0310477 2.82754e-20)
(0.786931 0.0283825 -1.27023e-20)
(0.809274 0.0259766 -1.5362e-20)
(0.829337 0.0238035 -9.72724e-21)
(0.847386 0.0218377 3.73691e-20)
(0.863684 0.0200654 1.63898e-20)
(0.120182 0.0394657 2.44905e-20)
(0.194055 0.044325 -2.03777e-21)
(0.271364 0.0458728 3.13423e-20)
(0.344548 0.0453413 1.98746e-20)
(0.413245 0.0434707 3.2262e-20)
(0.475616 0.0408715 1.6896e-20)
(0.531892 0.0379252 -3.75136e-21)
(0.582105 0.0349021 1.80243e-20)
(0.626805 0.0319602 1.90669e-20)
(0.666504 0.0291913 -4.01312e-21)
(0.701784 0.0266364 -2.4784e-20)
(0.733173 0.0243072 -2.05207e-20)
(0.76116 0.0221974 -6.04971e-21)
(0.786168 0.0202918 -1.06476e-20)
(0.80857 0.0185717 2.04638e-20)
(0.828686 0.0170182 1.62701e-20)
(0.846785 0.0156128 -2.25766e-20)
(0.863119 0.0143462 -5.43719e-21)
(0.119069 0.0237083 -6.41808e-21)
(0.192842 0.0266248 1.37755e-21)
(0.270142 0.0275518 -2.49741e-20)
(0.343366 0.0272304 1.5176e-21)
(0.412132 0.0261051 -1.1247e-20)
(0.474583 0.0245427 9.45588e-21)
(0.530943 0.0227723 -1.10545e-20)
(0.581238 0.0209563 -1.07294e-20)
(0.626014 0.0191892 3.39533e-21)
(0.665782 0.0175263 -8.52818e-21)
(0.701125 0.015992 1.28576e-20)
(0.73257 0.0145934 2.30764e-20)
(0.760606 0.0133266 8.86655e-21)
(0.785659 0.0121825 1.36822e-20)
(0.808101 0.0111498 -1.65032e-20)
(0.828252 0.0102171 9.6531e-21)
(0.846383 0.00937344 5.04223e-21)
(0.862742 0.00861319 -5.96976e-21)
(0.580804 0.00698798 -4.97014e-21)
(0.625619 0.00639864 -8.29739e-22)
(0.665422 0.00584405 -4.67348e-22)
(0.700796 0.00533241 2.82233e-21)
(0.732269 0.00486602 -2.82974e-21)
(0.76033 0.00444359 -7.14521e-21)
(0.785405 0.00406208 -2.35637e-21)
(0.807866 0.00371774 5.57442e-21)
(0.828035 0.00340674 8.95708e-22)
(0.846183 0.00312541 -3.83644e-21)
(0.862553 0.00287194 -1.31732e-21)
(1.01068 0.171172 -9.43274e-21)
(1.01697 0.173584 -7.06216e-23)
(1.02281 0.175821 -6.53045e-20)
(1.02871 0.177916 3.08128e-20)
(1.03463 0.179864 2.20076e-20)
(1.04057 0.181658 9.82192e-20)
(1.04652 0.183297 1.40557e-21)
(1.05249 0.184783 -2.51368e-20)
(1.05848 0.186119 -1.8706e-20)
(1.06449 0.187306 -1.66882e-21)
(1.07051 0.188347 2.48075e-20)
(1.07655 0.189245 1.69125e-20)
(1.0826 0.190002 -2.54852e-20)
(1.08866 0.19062 2.42062e-21)
(1.09473 0.191101 1.64315e-20)
(1.01289 0.169096 -1.17769e-20)
(1.01909 0.171327 -1.17948e-20)
(1.0247 0.173427 5.20823e-20)
(1.03042 0.175412 -1.52415e-20)
(1.03618 0.177272 -1.27351e-20)
(1.04196 0.178993 -7.35323e-20)
(1.04777 0.180574 4.48627e-20)
(1.05362 0.182013 3.20809e-20)
(1.05949 0.183311 5.77104e-20)
(1.06538 0.184469 -2.19708e-20)
(1.0713 0.185489 -3.46697e-21)
(1.07724 0.186372 -1.28043e-20)
(1.08319 0.187119 2.78787e-20)
(1.08916 0.187733 3.04156e-20)
(1.01507 0.167284 6.50955e-20)
(1.02113 0.169336 2.32506e-20)
(1.02655 0.171291 -4.60076e-20)
(1.0321 0.173149 -3.6784e-20)
(1.03771 0.1749 -2.33882e-20)
(1.04336 0.176529 1.73593e-20)
(1.04904 0.178032 -5.94212e-21)
(1.05476 0.179406 -1.40527e-20)
(1.06052 0.18065 3.07166e-21)
(1.0663 0.181763 4.3093e-20)
(1.07211 0.182746 -5.1795e-21)
(1.07795 0.183599 2.86445e-20)
(1.08381 0.184324 5.02735e-21)
(1.01733 0.165517 -9.45612e-20)
(1.02325 0.167391 -3.38415e-20)
(1.02849 0.169206 5.54918e-20)
(1.03389 0.170938 4.95888e-20)
(1.03935 0.172578 5.44478e-20)
(1.04486 0.174112 -1.13225e-20)
(1.05041 0.175532 -3.21962e-20)
(1.05601 0.176836 -7.85872e-21)
(1.06164 0.17802 -2.46669e-20)
(1.06732 0.179082 -4.7316e-20)
(1.07302 0.180023 2.30391e-20)
(1.07875 0.180841 1.74522e-20)
(1.01964 0.163763 3.11588e-20)
(1.02541 0.165475 9.39913e-21)
(1.0305 0.167158 -7.2741e-20)
(1.03575 0.168768 -7.21924e-21)
(1.04108 0.170297 -3.32871e-21)
(1.04645 0.171734 1.4256e-20)
(1.05187 0.173069 -2.67201e-20)
(1.05734 0.174299 -9.63925e-21)
(1.06286 0.175418 1.00882e-21)
(1.06841 0.176425 6.05752e-20)
(1.074 0.177319 -1.35463e-20)
(1.07962 0.178098 -5.51932e-20)
(1.02196 0.162012 1.38243e-20)
(1.02759 0.163587 9.81309e-21)
(1.03255 0.165147 8.44423e-20)
(1.03767 0.16664 3.1666e-21)
(1.04286 0.168062 -3.13197e-20)
(1.0481 0.169401 -4.56932e-21)
(1.0534 0.170649 4.45542e-20)
(1.05875 0.171801 4.51485e-20)
(1.06414 0.172852 -6.93385e-21)
(1.06958 0.173799 -3.75391e-20)
(1.07505 0.174641 -2.94376e-21)
(1.02429 0.160252 -5.53493e-20)
(1.02978 0.16171 -5.83785e-20)
(1.03463 0.163157 -2.62349e-20)
(1.03962 0.164541 2.65036e-21)
(1.04469 0.165858 -2.21895e-20)
(1.04981 0.167102 -2.50453e-21)
(1.05498 0.168262 2.61303e-20)
(1.06021 0.169335 -3.40281e-20)
(1.06548 0.170316 -1.28617e-20)
(1.0708 0.171201 -8.6417e-21)
(1.02663 0.158472 3.35102e-20)
(1.03198 0.159828 9.30399e-20)
(1.03673 0.161171 -4.38733e-20)
(1.0416 0.162453 -1.83572e-20)
(1.04655 0.163673 5.91944e-20)
(1.05155 0.164823 -1.17357e-20)
(1.05661 0.165899 -1.55074e-20)
(1.06172 0.166893 5.0916e-21)
(1.06687 0.167803 4.41738e-20)
(1.02896 0.156666 2.12079e-20)
(1.03419 0.157931 -6.10492e-20)
(1.03884 0.159179 6.66561e-21)
(1.04359 0.160367 5.4077e-21)
(1.04844 0.161494 -1.64885e-20)
(1.05333 0.162557 3.54872e-20)
(1.05827 0.163549 -4.90141e-20)
(1.06326 0.164467 -1.28306e-20)
(1.03128 0.154829 2.9313e-21)
(1.03639 0.156012 4.07462e-20)
(1.04095 0.157172 2.10783e-20)
(1.04561 0.158273 1.73923e-20)
(1.05034 0.159313 -2.541e-20)
(1.05513 0.160293 -1.22034e-20)
(1.05996 0.161206 2.40172e-20)
(1.0336 0.152957 2.48151e-20)
(1.03859 0.154063 -6.02701e-20)
(1.04307 0.155142 -2.06457e-22)
(1.04762 0.156162 -1.01251e-20)
(1.05226 0.157123 -1.46267e-20)
(1.03591 0.151047 -4.49e-20)
(1.04078 0.152082 2.72601e-20)
(1.04518 0.153085 -2.33655e-20)
(1.04964 0.15403 -1.83781e-20)
(1.0382 0.149094 -1.10923e-20)
(1.04296 0.150063 9.06303e-21)
(1.04728 0.150995 1.66334e-21)
(1.04048 0.147098 1.20525e-20)
(1.04513 0.148003 -2.63117e-21)
(1.04274 0.145055 -1.9076e-20)
(0.999991 0.000932584 0)
(0.999827 0.00274364 0)
(0.999502 0.00458226 0)
(0.999057 0.00649861 0)
(0.998489 0.00855838 0)
(0.997818 0.0108052 0)
(0.997047 0.0132828 0)
(0.99619 0.0160278 0)
(0.995256 0.0190738 0)
(0.994259 0.0224517 0)
(0.993214 0.0261893 0)
(0.992141 0.0303119 0)
(0.991062 0.0348416 0)
(0.990002 0.0397978 0)
(0.98899 0.0451959 0)
(0.988058 0.0510476 0)
(0.987242 0.05736 0)
(0.98658 0.0641347 0)
(0.986114 0.0713672 0)
(0.985885 0.0790466 0)
(0.985939 0.0871524 0)
(0.986315 0.0956561 0)
(0.987058 0.104512 0)
(0.988189 0.113667 0)
(0.989757 0.123026 0)
(0.99171 0.132514 0)
(0.994171 0.141901 0)
(0.996771 0.151204 0)
(1.00042 0.159673 0)
(1.00303 0.168132 0)
(0.999992 0.000939152 0)
(0.999834 0.0027621 0)
(0.999521 0.00461245 0)
(0.999092 0.00654022 0)
(0.998546 0.0086116 0)
(0.997901 0.0108701 0)
(0.997161 0.0133594 0)
(0.99634 0.0161159 0)
(0.995447 0.0191731 0)
(0.994498 0.0225614 0)
(0.993506 0.026308 0)
(0.992493 0.0304376 0)
(0.99148 0.0349717 0)
(0.990494 0.0399285 0)
(0.989563 0.0453228 0)
(0.98872 0.051165 0)
(0.988002 0.0574607 0)
(0.987445 0.0642105 0)
(0.987092 0.0714084 0)
(0.986984 0.079042 0)
(0.987166 0.0870896 0)
(0.987676 0.0955216 0)
(0.988559 0.104292 0)
(0.989834 0.113347 0)
(0.991552 0.122595 0)
(0.993656 0.13196 0)
(0.996294 0.141227 0)
(0.999066 0.150367 0)
(1.00308 0.158674 0)
(1.00578 0.166423 0)
(0.999993 0.000945342 0)
(0.999841 0.00277957 0)
(0.999541 0.00464106 0)
(0.999129 0.00657957 0)
(0.998605 0.0086618 0)
(0.997987 0.010931 0)
(0.99728 0.013431 0)
(0.996496 0.0161978 0)
(0.995646 0.0192645 0)
(0.994745 0.0226613 0)
(0.993808 0.0264148 0)
(0.992857 0.0305488 0)
(0.991912 0.0350842 0)
(0.991002 0.0400382 0)
(0.990154 0.0454244 0)
(0.989402 0.051252 0)
(0.988782 0.0575254 0)
(0.988333 0.0642436 0)
(0.988094 0.0713994 0)
(0.988108 0.0789788 0)
(0.988418 0.0869587 0)
(0.989061 0.0953084 0)
(0.990083 0.103982 0)
(0.9915 0.112925 0)
(0.993366 0.122049 0)
(0.995618 0.131274 0)
(0.998427 0.140404 0)
(1.00136 0.149358 0)
(1.00564 0.157483 0)
(1.00845 0.164586 0)
(0.999994 0.000951474 0)
(0.999849 0.00279703 0)
(0.999561 0.00466968 0)
(0.999168 0.00661903 0)
(0.998667 0.00871221 0)
(0.998076 0.0109923 0)
(0.997402 0.0135032 0)
(0.996657 0.0162805 0)
(0.995851 0.0193572 0)
(0.995 0.022763 0)
(0.994121 0.0265238 0)
(0.993232 0.030663 0)
(0.992358 0.0352004 0)
(0.991525 0.0401524 0)
(0.990763 0.0455315 0)
(0.990104 0.0513457 0)
(0.989585 0.0575982 0)
(0.989243 0.0642865 0)
(0.98912 0.0714019 0)
(0.989256 0.078929 0)
(0.989695 0.0868436 0)
(0.990472 0.0951135 0)
(0.991632 0.103693 0)
(0.99319 0.112526 0)
(0.9952 0.121529 0)
(0.997597 0.130616 0)
(1.00057 0.139606 0)
(1.00366 0.148367 0)
(1.00815 0.156315 0)
(1.01105 0.162926 0)
(0.999994 0.000957476 0)
(0.999857 0.00281423 0)
(0.999582 0.00469791 0)
(0.999207 0.00665793 0)
(0.99873 0.00876188 0)
(0.998169 0.0110527 0)
(0.997529 0.0135741 0)
(0.996823 0.0163617 0)
(0.996064 0.0194481 0)
(0.995265 0.0228624 0)
(0.994444 0.0266301 0)
(0.993621 0.0307737 0)
(0.992819 0.0353124 0)
(0.992065 0.0402616 0)
(0.99139 0.0456325 0)
(0.990826 0.0514322 0)
(0.990409 0.0576623 0)
(0.990177 0.0643191 0)
(0.990171 0.0713923 0)
(0.990431 0.0788653 0)
(0.990998 0.0867124 0)
(0.991909 0.0949004 0)
(0.993205 0.103383 0)
(0.994902 0.112104 0)
(0.997054 0.120983 0)
(0.999592 0.129928 0)
(1.00272 0.138772 0)
(1.00595 0.147336 0)
(1.0106 0.155106 0)
(1.0136 0.161322 0)
(0.999995 0.000963282 0)
(0.999864 0.00283097 0)
(0.999604 0.00472537 0)
(0.999248 0.00669577 0)
(0.998795 0.00881013 0)
(0.998264 0.0111112 0)
(0.99766 0.0136427 0)
(0.996996 0.01644 0)
(0.996283 0.0195353 0)
(0.995538 0.0229571 0)
(0.994777 0.0267306 0)
(0.994021 0.0308774 0)
(0.993294 0.0354158 0)
(0.992622 0.0403603 0)
(0.992036 0.045721 0)
(0.991568 0.0515036 0)
(0.991255 0.0577085 0)
(0.991135 0.0643306 0)
(0.991247 0.0713583 0)
(0.99163 0.0787732 0)
(0.992327 0.0865488 0)
(0.99337 0.0946505 0)
(0.994803 0.103032 0)
(0.996636 0.111636 0)
(0.998927 0.120384 0)
(1.0016 0.129182 0)
(1.00487 0.137873 0)
(1.00825 0.146236 0)
(1.01301 0.153826 0)
(1.01611 0.159707 0)
(0.999995 0.000968876 0)
(0.999872 0.00284717 0)
(0.999626 0.00475198 0)
(0.99929 0.0067324 0)
(0.998863 0.00885675 0)
(0.998363 0.0111676 0)
(0.997795 0.0137087 0)
(0.997174 0.0165148 0)
(0.99651 0.0196182 0)
(0.99582 0.0230467 0)
(0.995121 0.0268247 0)
(0.994434 0.0309734 0)
(0.993783 0.0355099 0)
(0.993194 0.0404478 0)
(0.992699 0.0457961 0)
(0.99233 0.0515592 0)
(0.992123 0.0577361 0)
(0.992116 0.0643204 0)
(0.992346 0.071299 0)
(0.992854 0.0786521 0)
(0.99368 0.0863521 0)
(0.994856 0.094363 0)
(0.996422 0.102639 0)
(0.998391 0.111121 0)
(1.00082 0.119734 0)
(1.00363 0.128378 0)
(1.00703 0.13691 0)
(1.01054 0.145072 0)
(1.0154 0.15248 0)
(1.01859 0.15807 0)
(0.999996 0.000974242 0)
(0.99988 0.0028628 0)
(0.999649 0.00477763 0)
(0.999333 0.0067677 0)
(0.998933 0.00890159 0)
(0.998464 0.0112217 0)
(0.997935 0.0137717 0)
(0.997357 0.0165861 0)
(0.996744 0.0196967 0)
(0.996111 0.0231308 0)
(0.995476 0.0269123 0)
(0.994859 0.0310614 0)
(0.994286 0.0355944 0)
(0.993783 0.0405239 0)
(0.993381 0.0458576 0)
(0.993112 0.0515987 0)
(0.993013 0.0577449 0)
(0.993119 0.0642882 0)
(0.993469 0.0712144 0)
(0.994102 0.0785021 0)
(0.995057 0.0861226 0)
(0.996364 0.0940388 0)
(0.998064 0.102204 0)
(1.00016 0.11056 0)
(1.00272 0.119034 0)
(1.00566 0.12752 0)
(1.00918 0.135887 0)
(1.01282 0.143848 0)
(1.01775 0.151072 0)
(1.02105 0.156409 0)
(0.999996 0.000979365 0)
(0.999889 0.00287778 0)
(0.999673 0.00480224 0)
(0.999378 0.00680152 0)
(0.999004 0.00894447 0)
(0.998569 0.0112733 0)
(0.998079 0.0138316 0)
(0.997547 0.0166535 0)
(0.996985 0.0197704 0)
(0.996411 0.0232091 0)
(0.995841 0.0269927 0)
(0.995297 0.0311407 0)
(0.994804 0.0356686 0)
(0.994388 0.0405876 0)
(0.994081 0.0459045 0)
(0.993914 0.0516211 0)
(0.993923 0.0577338 0)
(0.994144 0.0642331 0)
(0.994616 0.0711034 0)
(0.995374 0.0783221 0)
(0.996457 0.0858593 0)
(0.997895 0.0936769 0)
(0.999726 0.101728 0)
(1.00196 0.109954 0)
(1.00464 0.118284 0)
(1.00771 0.126608 0)
(1.01134 0.134805 0)
(1.0151 0.142567 0)
(1.02009 0.149606 0)
(1.02349 0.154718 0)
(0.999997 0.000984223 0)
(0.999897 0.00289206 0)
(0.999697 0.00482567 0)
(0.999424 0.00683369 0)
(0.999078 0.00898517 0)
(0.998677 0.0113221 0)
(0.998227 0.013888 0)
(0.997742 0.0167165 0)
(0.997234 0.0198387 0)
(0.996719 0.0232808 0)
(0.996217 0.0270653 0)
(0.995748 0.0312107 0)
(0.995336 0.0357316 0)
(0.99501 0.0406381 0)
(0.994798 0.0459359 0)
(0.994735 0.0516253 0)
(0.994854 0.0577015 0)
(0.995191 0.0641537 0)
(0.995784 0.0709647 0)
(0.996668 0.0781106 0)
(0.997879 0.0855607 0)
(0.999447 0.0932757 0)
(1.00141 0.101209 0)
(1.00377 0.1093 0)
(1.00657 0.117481 0)
(1.00976 0.125641 0)
(1.0135 0.133664 0)
(1.01737 0.141229 0)
(1.02241 0.148082 0)
(1.02591 0.152992 0)
(0.999997 0.000988794 0)
(0.999906 0.00290555 0)
(0.999722 0.00484781 0)
(0.999471 0.00686405 0)
(0.999155 0.00902345 0)
(0.998789 0.0113678 0)
(0.99838 0.0139404 0)
(0.997943 0.0167747 0)
(0.99749 0.0199012 0)
(0.997037 0.0233455 0)
(0.996603 0.0271294 0)
(0.99621 0.0312706 0)
(0.995882 0.0357825 0)
(0.995647 0.0406744 0)
(0.995533 0.0459506 0)
(0.995575 0.0516102 0)
(0.995805 0.0576469 0)
(0.99626 0.0640486 0)
(0.996974 0.0707969 0)
(0.997984 0.0778664 0)
(0.999323 0.0852255 0)
(1.00102 0.0928339 0)
(1.00311 0.100645 0)
(1.00559 0.108598 0)
(1.00852 0.116627 0)
(1.01182 0.124618 0)
(1.01566 0.132463 0)
(1.01964 0.139835 0)
(1.02471 0.1465 0)
(1.02831 0.151225 0)
(0.999998 0.000993056 0)
(0.999914 0.00291818 0)
(0.999747 0.00486852 0)
(0.999519 0.00689239 0)
(0.999233 0.00905906 0)
(0.998903 0.0114101 0)
(0.998537 0.0139887 0)
(0.99815 0.0168277 0)
(0.997753 0.0199574 0)
(0.997363 0.0234025 0)
(0.997 0.0271843 0)
(0.996685 0.0313194 0)
(0.996442 0.0358205 0)
(0.996299 0.0406955 0)
(0.996286 0.0459475 0)
(0.996434 0.0515745 0)
(0.996777 0.0575687 0)
(0.997349 0.0639166 0)
(0.998186 0.0705985 0)
(0.99932 0.077588 0)
(1.00079 0.0848522 0)
(1.00261 0.0923503 0)
(1.00482 0.100036 0)
(1.00743 0.107847 0)
(1.01047 0.115719 0)
(1.01388 0.123539 0)
(1.01782 0.131204 0)
(1.02189 0.138383 0)
(1.02699 0.144861 0)
(1.0307 0.149416 0)
(0.999998 0.000996983 0)
(0.999923 0.00292987 0)
(0.999773 0.00488766 0)
(0.999569 0.00691854 0)
(0.999313 0.00909176 0)
(0.999021 0.0114487 0)
(0.998699 0.0140323 0)
(0.998362 0.0168751 0)
(0.998023 0.0200066 0)
(0.997698 0.0234513 0)
(0.997407 0.0272293 0)
(0.997172 0.0313566 0)
(0.997016 0.0358446 0)
(0.996967 0.0407004 0)
(0.997055 0.0459257 0)
(0.99731 0.0515171 0)
(0.997767 0.0574656 0)
(0.998458 0.0637564 0)
(0.999417 0.0703684 0)
(1.00068 0.077274 0)
(1.00227 0.0844396 0)
(1.00422 0.0918235 0)
(1.00655 0.0993791 0)
(1.00928 0.107045 0)
(1.01243 0.114758 0)
(1.01595 0.122404 0)
(1.01997 0.129886 0)
(1.02414 0.136875 0)
(1.02926 0.143164 0)
(1.03306 0.14756 0)
(0.999998 0.00100055 0)
(0.999932 0.00294054 0)
(0.9998 0.0049051 0)
(0.99962 0.00694228 0)
(0.999396 0.00912128 0)
(0.999141 0.0114833 0)
(0.998865 0.0140709 0)
(0.99858 0.0169162 0)
(0.9983 0.0200484 0)
(0.998042 0.023491 0)
(0.997825 0.0272636 0)
(0.997671 0.031381 0)
(0.997603 0.035854 0)
(0.99765 0.040688 0)
(0.997841 0.0458838 0)
(0.998205 0.0514367 0)
(0.998776 0.0573363 0)
(0.999586 0.0635665 0)
(1.00067 0.0701049 0)
(1.00205 0.076923 0)
(1.00377 0.0839863 0)
(1.00584 0.0912524 0)
(1.0083 0.0986746 0)
(1.01114 0.106192 0)
(1.0144 0.113742 0)
(1.01802 0.121213 0)
(1.02212 0.128509 0)
(1.02637 0.135309 0)
(1.03152 0.141411 0)
(1.03541 0.145656 0)
(0.999999 0.00100373 0)
(0.999942 0.0029501 0)
(0.999827 0.00492067 0)
(0.999672 0.00696341 0)
(0.99948 0.00914734 0)
(0.999265 0.0115134 0)
(0.999035 0.014104 0)
(0.998804 0.0169507 0)
(0.998584 0.0200821 0)
(0.998394 0.0235211 0)
(0.998253 0.0272864 0)
(0.998181 0.031392 0)
(0.998204 0.0358475 0)
(0.998348 0.0406572 0)
(0.998642 0.0458208 0)
(0.999117 0.051332 0)
(0.999803 0.0571795 0)
(1.00073 0.0633456 0)
(1.00194 0.0698069 0)
(1.00345 0.0765338 0)
(1.00529 0.083491 0)
(1.00748 0.0906356 0)
(1.01006 0.0979211 0)
(1.01301 0.105286 0)
(1.01637 0.112671 0)
(1.02009 0.119965 0)
(1.02426 0.127074 0)
(1.0286 0.133687 0)
(1.03375 0.139602 0)
(1.03773 0.143702 0)
(0.999999 0.00100648 0)
(0.999951 0.00295845 0)
(0.999855 0.00493424 0)
(0.999726 0.00698169 0)
(0.999567 0.00916964 0)
(0.999392 0.0115388 0)
(0.99921 0.0141312 0)
(0.999033 0.0169779 0)
(0.999986 1.27117e-05 1.0312e-22)
(0.999666 3.81826e-05 -2.32365e-22)
(0.999004 6.4141e-05 2.41152e-22)
(0.998078 9.1221e-05 -1.13686e-22)
(0.996872 0.000120128 -3.64508e-22)
(0.99541 0.000151397 3.85131e-22)
(0.993685 0.000185563 4.27647e-22)
(0.991702 0.000223106 2.39052e-22)
(0.989456 0.000264492 -3.02839e-22)
(0.986944 0.000310178 1.25664e-22)
(0.98416 0.000360574 -1.06377e-22)
(0.981099 0.000416242 -4.50826e-22)
(0.977751 0.000477256 5.82428e-22)
(0.974114 0.000544787 -5.90589e-22)
(0.970182 0.000618726 5.91514e-22)
(0.965948 0.000699708 -8.5308e-23)
(0.961406 0.000788171 -1.98845e-22)
(0.956553 0.000884597 -2.38672e-23)
(0.951383 0.000989458 3.40464e-24)
(0.945893 0.00110321 1.18169e-22)
(0.940082 0.00122628 -9.06439e-23)
(0.933947 0.00135903 5.96813e-23)
(0.92749 0.00150172 -4.19871e-22)
(0.920712 0.0016544 2.00559e-22)
(0.913619 0.00181674 9.62761e-23)
(0.906219 0.00198778 1.63675e-22)
(0.89853 0.00216551 2.80469e-22)
(0.890576 0.00234624 -2.55135e-22)
(0.8824 0.00252356 5.63735e-22)
(0.874055 0.00268782 -4.56282e-22)
(0.999986 3.81319e-05 2.73614e-22)
(0.999666 0.000114535 -3.88059e-22)
(0.999005 0.0001924 -9.05651e-22)
(0.998079 0.000273629 -2.84602e-22)
(0.996874 0.00036034 1.85908e-22)
(0.995412 0.000454135 -7.22503e-22)
(0.993689 0.000556621 -4.00757e-22)
(0.991707 0.000669239 -6.24998e-22)
(0.989463 0.000793385 -1.97033e-22)
(0.986953 0.000930431 -5.44868e-22)
(0.98417 0.00108161 2.1504e-22)
(0.981111 0.00124858 6.02504e-23)
(0.977767 0.00143103 -4.72038e-23)
(0.974132 0.00163416 1.19312e-22)
(0.970204 0.00185599 3.25261e-23)
(0.965974 0.00209891 -1.73935e-22)
(0.961437 0.00236427 -3.35265e-22)
(0.956589 0.0026535 9.74937e-22)
(0.951424 0.00296803 -1.47658e-21)
(0.945942 0.00330922 5.03627e-22)
(0.940138 0.00367835 -1.6254e-21)
(0.934012 0.00407652 1.89679e-21)
(0.927564 0.00450447 2.34792e-22)
(0.920797 0.00496236 2.73856e-22)
(0.913716 0.00544921 -2.35165e-21)
(0.90633 0.00596213 3.03989e-22)
(0.898655 0.0064951 6.18219e-22)
(0.890716 0.00703701 -1.2047e-21)
(0.882556 0.00756867 1.37902e-21)
(0.874227 0.00806118 -4.82431e-22)
(0.999986 6.35424e-05 -3.94342e-22)
(0.999666 0.000190848 4.68594e-22)
(0.999006 0.000320589 2.88712e-22)
(0.998081 0.000455932 2.21466e-22)
(0.996877 0.000600411 3.54784e-22)
(0.995417 0.000756694 1.76361e-24)
(0.993696 0.000927462 -2.97448e-22)
(0.991717 0.00111512 1.71e-22)
(0.989476 0.00132198 -4.32199e-22)
(0.986969 0.00155034 1.41271e-21)
(0.984191 0.00180228 6.71213e-22)
(0.981136 0.00208048 -2.05323e-21)
(0.977797 0.00238436 -1.44738e-22)
(0.974169 0.00272298 -1.88712e-22)
(0.970248 0.00309264 5.10482e-22)
(0.966026 0.00349739 1.69256e-21)
(0.961498 0.00393951 6.72524e-23)
(0.95666 0.00442142 -1.15141e-21)
(0.951508 0.00494545 4.13794e-22)
(0.946039 0.00551388 4.64258e-22)
(0.940251 0.00612882 7.67232e-22)
(0.934142 0.00679209 -2.16004e-21)
(0.927714 0.00750494 1.76091e-21)
(0.920968 0.0082676 -7.76079e-23)
(0.913911 0.00907842 -7.21688e-22)
(0.906551 0.00993259 6.99961e-22)
(0.898905 0.01082 1.51428e-21)
(0.890997 0.0117223 -1.2815e-21)
(0.882869 0.0126074 -3.82529e-21)
(0.874571 0.0134272 4.65044e-21)
(0.999986 8.89367e-05 -9.69258e-22)
(0.999667 0.000267094 7.53524e-22)
(0.999007 0.000448659 1.61005e-21)
(0.998084 0.000638059 4.55625e-22)
(0.996882 0.000840244 -1.74927e-21)
(0.995425 0.00105895 1.48946e-21)
(0.993707 0.00129794 4.92878e-22)
(0.991732 0.00156056 1.71156e-21)
(0.989495 0.00185008 1.57085e-21)
(0.986994 0.00216969 -1.37397e-21)
(0.984222 0.00252232 3.16678e-23)
(0.981174 0.0029117 1.44624e-21)
(0.977843 0.00333796 5.39042e-22)
(0.974225 0.00381095 -3.9604e-24)
(0.970314 0.00432823 -1.35405e-21)
(0.966104 0.00489463 -1.65212e-21)
(0.96159 0.00551334 -1.05903e-22)
(0.956768 0.00618768 1.02343e-21)
(0.951634 0.00692093 -1.43769e-21)
(0.946185 0.00771624 1.28498e-22)
(0.940419 0.00857656 1.22404e-21)
(0.934336 0.00950443 8.13162e-22)
(0.927937 0.0105016 6.37999e-22)
(0.921224 0.0115682 -3.78335e-21)
(0.914203 0.0127021 -1.76591e-21)
(0.906883 0.0138965 5.46994e-21)
(0.899279 0.0151372 -4.2501e-21)
(0.891417 0.0163984 1.5259e-21)
(0.883337 0.0176353 3.84859e-22)
(0.875086 0.0187811 -1.12303e-21)
(0.999986 0.000114308 -1.12951e-21)
(0.999667 0.000343248 -1.2748e-21)
(0.999009 0.000576564 -1.95466e-21)
(0.998088 0.000819938 3.44391e-22)
(0.996889 0.00107975 1.8067e-22)
(0.995435 0.00136079 1.37129e-21)
(0.993722 0.00166791 -7.11379e-22)
(0.991752 0.00200541 -8.2729e-22)
(0.989521 0.00237748 -1.2235e-21)
(0.987027 0.00278823 -3.76905e-21)
(0.984263 0.00324148 2.424e-21)
(0.981224 0.0037419 1.27065e-21)
(0.977905 0.00429072 -2.10866e-21)
(0.974299 0.00489765 -1.03912e-21)
(0.970402 0.00556234 1.12571e-21)
(0.966208 0.00629016 2.31317e-21)
(0.961713 0.00708517 1.60256e-21)
(0.956912 0.00795162 -2.20303e-21)
(0.951801 0.00889368 -7.06657e-22)
(0.946379 0.0099154 1.0092e-21)
(0.940644 0.0110205 3.39521e-22)
(0.934596 0.0122123 1.76552e-21)
(0.928235 0.0134928 -1.72159e-22)
(0.921565 0.0148625 2.65402e-22)
(0.914592 0.0163182 -3.80178e-21)
(0.907325 0.0178513 4.99211e-21)
(0.899779 0.0194435 -6.94804e-21)
(0.891978 0.0210617 -1.63898e-21)
(0.883962 0.0226483 6.95712e-21)
(0.875773 0.0241179 -5.9004e-21)
(0.999986 0.00013965 4.87038e-21)
(0.999668 0.000419283 3.64869e-21)
(0.999012 0.000704257 -1.43623e-22)
(0.998093 0.0010015 -1.65684e-21)
(0.996898 0.00131882 3.62773e-22)
(0.995448 0.00166209 -1.42975e-21)
(0.99374 0.00203722 1.25092e-21)
(0.991776 0.00244948 -1.70955e-21)
(0.989553 0.00290399 -1.36921e-21)
(0.987068 0.00340574 -4.16567e-22)
(0.984314 0.0039595 -3.39513e-21)
(0.981287 0.00457079 -4.59192e-22)
(0.977981 0.00524187 2.56842e-21)
(0.974392 0.00598266 1.21464e-21)
(0.970512 0.00679454 -1.85616e-21)
(0.966339 0.00768348 4.37324e-22)
(0.961866 0.00865444 -1.7634e-21)
(0.957091 0.00971258 2.42246e-21)
(0.952011 0.0108629 -1.4044e-21)
(0.946623 0.0121104 -1.38493e-21)
(0.940926 0.0134596 2.01391e-21)
(0.93492 0.0149143 4.95554e-21)
(0.928608 0.0164772 -1.61986e-21)
(0.921992 0.0181485 2.96541e-21)
(0.915079 0.0199245 -3.49701e-21)
(0.907877 0.0217943 -7.63369e-21)
(0.900403 0.0237358 1.23575e-20)
(0.892678 0.0257084 -9.11718e-21)
(0.884742 0.027642 2.02779e-21)
(0.87663 0.0294328 -9.13231e-22)
(0.999986 0.000164957 -7.64678e-22)
(0.999669 0.000495172 -3.70932e-21)
(0.999014 0.000831688 -2.53555e-21)
(0.998099 0.00118267 1.65842e-21)
(0.996908 0.00155737 -2.66038e-21)
(0.995464 0.00196273 -6.82421e-22)
(0.993762 0.00240573 -4.72593e-22)
(0.991806 0.0028926 1.25194e-21)
(0.989592 0.0034294 3.09503e-21)
(0.987117 0.004022 5.64647e-22)
(0.984376 0.0046761 1.95065e-21)
(0.981363 0.00539807 5.30147e-22)
(0.978073 0.00619117 -1.67564e-21)
(0.974502 0.00706561 5.25216e-22)
(0.970644 0.00802439 -4.29292e-22)
(0.966495 0.0090741 5.50529e-22)
(0.96205 0.0102206 1.81485e-21)
(0.957307 0.0114699 2.32252e-21)
(0.952262 0.0128279 -2.15602e-21)
(0.946914 0.0143005 3.28351e-21)
(0.941263 0.0158928 -3.72195e-21)
(0.93531 0.0176093 -2.33945e-21)
(0.929055 0.0194531 -1.62938e-21)
(0.922504 0.0214245 7.02551e-21)
(0.915662 0.0235187 -2.41103e-21)
(0.90854 0.025723 -9.54548e-21)
(0.901152 0.028011 6.68937e-21)
(0.893518 0.0303351 1.66333e-21)
(0.885678 0.0326122 -4.41642e-21)
(0.877658 0.034721 3.70086e-21)
(0.999986 0.00019022 -1.34731e-21)
(0.99967 0.000570887 -7.98325e-22)
(0.999018 0.000958811 6.57118e-21)
(0.998106 0.00136338 -5.42666e-22)
(0.99692 0.00179531 -7.76862e-22)
(0.995482 0.00226259 2.90796e-21)
(0.993788 0.00277329 3.2602e-21)
(0.991841 0.00333461 2.03594e-21)
(0.989638 0.00395352 -8.06833e-22)
(0.987175 0.00463677 1.25749e-21)
(0.984448 0.00539104 1.15847e-22)
(0.981451 0.00622344 8.39975e-22)
(0.978181 0.00713829 -5.41041e-21)
(0.974632 0.00814613 9.23653e-23)
(0.970799 0.00925148 1.90069e-21)
(0.966678 0.0104615 5.45467e-22)
(0.962265 0.011783 1.97184e-21)
(0.957558 0.0132229 -6.42683e-21)
(0.952555 0.0147879 -1.21582e-21)
(0.947255 0.0164846 7.81945e-21)
(0.941657 0.0183189 -1.49856e-21)
(0.935764 0.020296 -5.82392e-21)
(0.929577 0.0224192 2.58666e-21)
(0.923101 0.0246885 3.96635e-21)
(0.916343 0.0270987 -3.88816e-21)
(0.909313 0.0296347 7.43018e-22)
(0.902025 0.0322662 -8.92975e-22)
(0.894497 0.034938 1.84391e-21)
(0.886768 0.0375546 -7.85825e-21)
(0.878856 0.0399776 1.03159e-20)
(0.999986 0.000215434 -2.70022e-21)
(0.999671 0.000646402 4.53581e-21)
(0.999022 0.00108558 -1.90588e-21)
(0.998114 0.00154356 1.04938e-21)
(0.996934 0.00203253 2.53543e-21)
(0.995503 0.00256154 -3.26649e-21)
(0.993817 0.00313976 -5.13201e-21)
(0.991881 0.00377532 -2.2409e-22)
(0.98969 0.00447614 -2.46367e-22)
(0.987241 0.00524983 -1.20444e-21)
(0.984531 0.00610405 7.91133e-22)
(0.981553 0.00704658 4.42608e-22)
(0.978304 0.00808289 7.83788e-22)
(0.97478 0.00922384 2.24139e-21)
(0.970975 0.0104754 -3.59681e-21)
(0.966886 0.0118453 2.60438e-21)
(0.962511 0.0133413 8.33424e-22)
(0.957846 0.014971 -1.42571e-21)
(0.952891 0.0167421 -5.8866e-22)
(0.947644 0.0186618 -3.09793e-21)
(0.942108 0.0207369 1.14741e-21)
(0.936283 0.022973 4.37774e-21)
(0.930173 0.0253737 -4.62689e-21)
(0.923783 0.0279389 -1.7724e-21)
(0.917121 0.0306624 2.71637e-23)
(0.910196 0.033527 -6.18664e-22)
(0.903022 0.0364981 -2.74913e-21)
(0.895615 0.0395136 4.11148e-21)
(0.888013 0.0424652 1.62002e-20)
(0.880223 0.0451981 -2.25322e-20)
(0.999986 0.000240591 -3.0169e-21)
(0.999672 0.00072169 -7.25165e-21)
(0.999026 0.00121193 4.42254e-22)
(0.998124 0.00172313 5.32206e-22)
(0.996949 0.00226893 -3.09207e-21)
(0.995526 0.00285947 -9.85313e-22)
(0.99385 0.00350498 -3.35786e-21)
(0.991926 0.00421458 5.0201e-21)
(0.989748 0.00499707 3.23208e-21)
(0.987316 0.00586095 2.71827e-23)
(0.984624 0.00681487 5.24976e-22)
(0.981667 0.00786719 -2.43538e-21)
(0.978442 0.00902463 -2.64398e-22)
(0.974947 0.0102984 2.38231e-22)
(0.971174 0.0116956 1.29827e-21)
(0.967121 0.0132249 -2.90635e-21)
(0.962787 0.0148947 2.12237e-21)
(0.95817 0.0167135 -4.51529e-21)
(0.953268 0.0186897 4.54875e-21)
(0.948083 0.0208313 -2.81991e-22)
(0.942615 0.0231458 1.21263e-21)
(0.936867 0.0256391 -9.60942e-22)
(0.930844 0.0283153 -1.06607e-22)
(0.924551 0.0311738 -2.84484e-21)
(0.917996 0.0342076 -2.53029e-21)
(0.911188 0.0373972 -4.12538e-21)
(0.904142 0.0407038 2.24265e-20)
(0.896871 0.0440583 -8.73181e-21)
(0.889411 0.0473397 -5.71515e-21)
(0.881759 0.0503775 -1.39407e-20)
(0.999986 0.000265685 4.05497e-21)
(0.999674 0.000796721 -1.30514e-21)
(0.999031 0.00133784 -5.52338e-21)
(0.998134 0.00190203 -8.86306e-22)
(0.996966 0.00250443 4.97714e-21)
(0.995552 0.00315626 -1.38912e-21)
(0.993887 0.00386882 2.12864e-22)
(0.991976 0.00465219 -2.92836e-21)
(0.989814 0.00551611 -2.69155e-21)
(0.987399 0.0064699 -2.10288e-21)
(0.984728 0.00752326 3.92995e-21)
(0.981794 0.008685 -4.56431e-21)
(0.978596 0.00996319 5.16071e-21)
(0.975132 0.0113693 -1.81942e-21)
(0.971394 0.0129118 -7.88412e-22)
(0.967383 0.0145998 8.12218e-22)
(0.963095 0.0164427 4.76849e-21)
(0.95853 0.0184497 -3.34532e-21)
(0.953688 0.02063 1.11942e-21)
(0.94857 0.0229922 1.69817e-21)
(0.943178 0.0255444 -4.09561e-21)
(0.937516 0.0282931 8.96474e-21)
(0.931589 0.0312423 -1.52461e-20)
(0.925403 0.0343914 3.19979e-21)
(0.918967 0.0377321 8.8236e-21)
(0.912291 0.0412427 -1.32822e-20)
(0.905386 0.0448802 1.78922e-22)
(0.898265 0.0485685 -4.76457e-21)
(0.890963 0.052174 2.42447e-20)
(0.883462 0.0555113 -2.84351e-21)
(0.999986 0.000290708 2.76582e-21)
(0.999676 0.000871469 9.41599e-21)
(0.999037 0.00146323 -3.24714e-22)
(0.998145 0.00208017 3.63332e-21)
(0.996985 0.00273892 -2.0915e-21)
(0.995581 0.00345177 6.10988e-21)
(0.993928 0.00423112 -3.09303e-22)
(0.992031 0.005088 -1.11466e-21)
(0.989885 0.00603305 2.76061e-21)
(0.98749 0.00707645 5.36326e-21)
(0.984842 0.00822894 -3.94178e-21)
(0.981934 0.00949974 2.70664e-21)
(0.978766 0.0108983 -2.4646e-21)
(0.975336 0.0124364 -7.15943e-21)
(0.971637 0.0141236 7.80597e-21)
(0.96767 0.0159697 -3.06961e-21)
(0.963433 0.0179848 7.10522e-22)
(0.958926 0.020179 -8.71291e-21)
(0.954149 0.0225621 9.28961e-21)
(0.949105 0.0251436 -1.23769e-20)
(0.943798 0.0279318 -3.52394e-21)
(0.93823 0.0309337 1.20826e-20)
(0.932409 0.0341534 -1.45572e-20)
(0.926341 0.0375899 1.15003e-20)
(0.920035 0.0412338 -5.31109e-21)
(0.913502 0.0450611 1.53217e-20)
(0.906753 0.0490243 -1.81562e-21)
(0.899797 0.0530407 -1.73091e-21)
(0.892667 0.056964 9.91517e-21)
(0.885332 0.0605947 -1.60509e-20)
(0.999986 0.000315652 -9.93008e-22)
(0.999678 0.000945904 -1.06021e-20)
(0.999043 0.00158807 6.31892e-21)
(0.998157 0.00225748 -2.348e-21)
(0.997006 0.0029723 2.11844e-21)
(0.995613 0.00374589 -6.76639e-21)
(0.993973 0.00459174 9.78574e-23)
(0.992091 0.00552183 -2.78076e-21)
(0.989964 0.0065477 3.51678e-21)
(0.98759 0.00768039 -6.16369e-21)
(0.984966 0.00893155 2.11329e-21)
(0.982087 0.01031 -1.39506e-21)
(0.978952 0.0118296 5.34723e-21)
(0.975559 0.0134992 3.63787e-22)
(0.971903 0.0153305 -7.16527e-21)
(0.967984 0.0173339 2.47904e-21)
(0.963803 0.0195205 1.2495e-20)
(0.959358 0.0219008 -7.65201e-21)
(0.954653 0.0244855 3.91278e-22)
(0.94969 0.0272845 6.84306e-21)
(0.944474 0.0303067 -8.85375e-21)
(0.939009 0.0335595 5.73292e-21)
(0.933303 0.0370469 -4.50477e-21)
(0.927364 0.0407675 5.09572e-21)
(0.9212 0.0447106 -1.68194e-21)
(0.914823 0.0488497 -4.34232e-21)
(0.908243 0.0531332 3.88316e-21)
(0.901466 0.0574715 -8.44835e-21)
(0.894523 0.0617057 6.21236e-21)
(0.887369 0.0656234 6.13247e-21)
(0.999985 0.00034051 1.7432e-21)
(0.99968 0.00102 1.83429e-21)
(0.99905 0.0017123 1.08913e-21)
(0.998171 0.00243388 3.22414e-21)
(0.997029 0.00320448 -2.81831e-21)
(0.995647 0.00403849 -1.3038e-22)
(0.994022 0.00495052 4.36732e-21)
(0.992157 0.00595351 -7.80568e-22)
(0.990049 0.00705986 -8.45334e-21)
(0.987699 0.00828152 -2.61613e-21)
(0.985101 0.0096308 -2.84574e-21)
(0.982253 0.0111126 -1.90088e-21)
(0.979153 0.0127565 -2.56216e-21)
(0.975801 0.0145573 6.82608e-21)
(0.972191 0.0165321 -2.10894e-21)
(0.968325 0.0186921 1.96603e-21)
(0.964203 0.0210491 2.75699e-21)
(0.959827 0.0236145 -1.03799e-21)
(0.9552 0.0263993 2.86129e-21)
(0.950324 0.0294141 -4.63673e-22)
(0.945207 0.0326683 -1.53031e-20)
(0.939853 0.0361694 1.12363e-20)
(0.934272 0.0399214 2.04557e-22)
(0.928472 0.0439224 -1.37112e-21)
(0.922462 0.0481603 -1.02025e-21)
(0.916253 0.0526061 -2.42459e-22)
(0.909856 0.0572038 -7.85917e-21)
(0.903271 0.0618573 2.09819e-20)
(0.896529 0.0663951 -1.2628e-20)
(0.88957 0.0705926 -2.09044e-21)
(0.999985 0.000365275 -3.71806e-21)
(0.999682 0.00109372 7.52586e-22)
(0.999057 0.00183587 -1.59817e-21)
(0.998185 0.00260931 -8.81357e-22)
(0.997053 0.00343535 5.23519e-21)
(0.995684 0.00432945 1.27932e-21)
(0.994074 0.00530732 -3.13514e-21)
(0.992227 0.00638285 3.66622e-21)
(0.990142 0.00756933 2.42997e-21)
(0.987816 0.00887963 1.0241e-20)
(0.985246 0.0103268 6.19321e-21)
(0.982432 0.0119157 1.94611e-21)
(0.979372 0.0136792 9.88917e-22)
(0.976061 0.0156105 -2.12001e-21)
(0.972501 0.017728 8.52889e-21)
(0.968692 0.0200438 -1.51494e-20)
(0.964635 0.0225702 2.91126e-21)
(0.960333 0.0253193 -4.61618e-21)
(0.955788 0.0283027 8.94162e-21)
(0.951007 0.0315315 -9.51219e-21)
(0.945996 0.0350155 5.29669e-21)
(0.940763 0.0387621 -1.67051e-20)
(0.935315 0.0427755 8.38197e-22)
(0.929664 0.0470528 -6.25369e-21)
(0.92382 0.0515808 1.62701e-20)
(0.917792 0.0563277 8.02964e-21)
(0.91159 0.0612333 4.96037e-21)
(0.905212 0.0661947 -1.0763e-20)
(0.898686 0.0710282 1.11411e-20)
(0.891935 0.075498 -1.24719e-20)
(0.999985 0.000389938 3.21903e-21)
(0.999684 0.00116704 3.53683e-21)
(0.999065 0.00195872 -7.9914e-21)
(0.998201 0.00278368 -8.4095e-21)
(0.99708 0.0036648 4.56224e-21)
(0.995724 0.00461863 -3.01862e-21)
(0.99413 0.00566198 3.03433e-21)
(0.992303 0.0068097 2.18634e-21)
(0.990241 0.00807592 2.92654e-21)
(0.987942 0.00947452 -6.37707e-21)
(0.985402 0.0110192 -7.26549e-21)
(0.982624 0.0127203 4.65217e-23)
(0.979605 0.0145976 1.33967e-21)
(0.976341 0.0166585 -4.25396e-21)
(0.972835 0.0189179 2.71624e-21)
(0.969086 0.0213885 1.7882e-22)
(0.965098 0.0240832 1.07185e-20)
(0.960875 0.0270147 -3.91444e-21)
(0.95642 0.0301951 9.63472e-21)
(0.95174 0.0336359 -5.65041e-21)
(0.946842 0.0373471 3.44293e-22)
(0.941737 0.0413364 5.30363e-21)
(0.936433 0.0456075 -1.26812e-20)
(0.930942 0.050157 1.91828e-20)
(0.925274 0.05497 -3.41072e-21)
(0.91944 0.0600122 -2.48384e-21)
(0.913446 0.0652187 1.25747e-20)
(0.907288 0.0704804 -2.27074e-20)
(0.900991 0.0756013 1.67554e-20)
(0.894462 0.0803352 3.78919e-21)
(0.999985 0.00041449 -4.36458e-21)
(0.999687 0.00123993 6.44331e-22)
(0.999073 0.00208081 5.87176e-21)
(0.998218 0.00295691 3.83645e-21)
(0.997108 0.00389275 -1.2027e-20)
(0.995767 0.00490592 1.27928e-22)
(0.994191 0.00601436 1.02241e-21)
(0.992385 0.00723387 -1.35138e-21)
(0.990347 0.00857942 2.7033e-23)
(0.988077 0.0100659 3.79365e-21)
(0.98557 0.0117074 2.02839e-21)
(0.98283 0.0135174 4.24485e-21)
(0.979854 0.0155108 -2.14217e-21)
(0.97664 0.0177007 -6.8863e-21)
(0.973191 0.0201013 -3.62759e-21)
(0.969507 0.0227257 2.64033e-21)
(0.965593 0.0255876 -5.8287e-21)
(0.961453 0.0287 -2.13574e-22)
(0.957093 0.0320757 -1.30796e-21)
(0.952521 0.0357263 7.3652e-21)
(0.947746 0.0396622 -1.67602e-20)
(0.942777 0.043891 7.57527e-21)
(0.937626 0.048416 4.4909e-21)
(0.932304 0.0532332 3.79825e-22)
(0.926824 0.0583258 2.30429e-21)
(0.921195 0.0636569 -1.93417e-20)
(0.915423 0.069157 1.15149e-20)
(0.909498 0.0747111 -8.14771e-21)
(0.903444 0.0801104 1.95374e-21)
(0.897151 0.0851 8.19729e-21)
(0.999985 0.000438924 6.34179e-21)
(0.999689 0.00131236 5.83475e-21)
(0.999082 0.00220207 -5.3324e-21)
(0.998236 0.00312893 1.71293e-21)
(0.997138 0.00411907 1.08648e-20)
(0.995813 0.00519119 -5.45515e-21)
(0.994255 0.00636431 -1.20331e-21)
(0.992472 0.00765519 -2.42872e-21)
(0.99046 0.00907965 3.47546e-21)
(0.98822 0.0106536 1.33656e-21)
(0.985749 0.012391 -4.50523e-21)
(0.983049 0.0143084 7.71871e-21)
(0.98012 0.0164186 2.2554e-22)
(0.976959 0.0187369 -5.7581e-21)
(0.97357 0.0212778 -5.47504e-21)
(0.969955 0.0240551 1.81527e-21)
(0.966119 0.0270828 1.08333e-21)
(0.962069 0.0303747 -8.28577e-22)
(0.95781 0.0339438 8.51642e-21)
(0.953352 0.037802 2.03865e-21)
(0.948706 0.0419597 -6.2961e-21)
(0.943882 0.0464246 -3.56821e-22)
(0.938893 0.0511996 -5.10296e-21)
(0.933752 0.0562796 2.57459e-21)
(0.92847 0.0616461 6.71183e-21)
(0.923059 0.0672595 -3.1068e-21)
(0.917521 0.0730456 1.37803e-21)
(0.911842 0.0788834 1.69709e-20)
(0.906045 0.0845518 -9.84602e-21)
(0.9 0.0897881 2.44096e-20)
(0.999985 0.00046323 1.50801e-21)
(0.999692 0.0013843 -3.77349e-21)
(0.999091 0.00232245 4.95065e-21)
(0.998255 0.00329964 4.90934e-21)
(0.99717 0.00434367 -2.04477e-22)
(0.995861 0.00547429 2.76601e-21)
(0.994324 0.00671167 2.67453e-21)
(0.992564 0.00807349 -2.0735e-21)
(0.99058 0.0095764 1.65638e-21)
(0.988373 0.0112371 -1.73223e-21)
(0.985939 0.0130685 1.26623e-21)
(0.983282 0.015094 4.68806e-21)
(0.980402 0.0173206 -1.01996e-21)
(0.977297 0.0197667 8.49684e-21)
(0.973972 0.022447 -2.63454e-21)
(0.97043 0.025376 7.93503e-21)
(0.966678 0.0285684 -8.36822e-21)
(0.962721 0.0320382 2.16556e-21)
(0.95857 0.0357986 2.48768e-22)
(0.954233 0.0398619 9.66065e-22)
(0.949723 0.0442386 -9.20647e-21)
(0.945052 0.0489362 1.20245e-23)
(0.940234 0.0539568 3.40063e-21)
(0.935284 0.0592945 -5.60684e-21)
(0.930212 0.064929 4.53875e-21)
(0.92503 0.0708175 -6.16092e-22)
(0.919739 0.0768816 1.52311e-21)
(0.914319 0.0829942 1.63762e-20)
(0.908791 0.088922 -4.49013e-20)
(0.903006 0.0943956 2.37331e-20)
(0.999985 0.0004874 -2.29257e-21)
(0.999695 0.0014557 -3.44394e-22)
(0.999101 0.00244189 -4.05516e-21)
(0.998275 0.00346898 -4.94674e-21)
(0.997205 0.00456644 -1.60914e-21)
(0.995913 0.00575511 7.54377e-22)
(0.994397 0.00705629 -7.59659e-21)
(0.992662 0.00848858 -2.51482e-22)
(0.990708 0.0100695 -5.75272e-21)
(0.988534 0.0118166 3.0895e-21)
(0.98614 0.0137413 -2.64223e-21)
(0.983529 0.0158743 1.81472e-21)
(0.9807 0.0182168 -5.90133e-21)
(0.977654 0.0207897 -7.26343e-21)
(0.974397 0.0236085 -2.78969e-21)
(0.970932 0.0266882 2.13495e-21)
(0.967268 0.0300439 -2.3784e-22)
(0.963411 0.0336897 3.23825e-21)
(0.959372 0.0376395 -1.59043e-21)
(0.955163 0.0419054 1.80992e-20)
(0.950797 0.046498 -1.62005e-20)
(0.946288 0.0514243 9.3342e-21)
(0.941651 0.0566861 -1.18179e-20)
(0.9369 0.0622761 7.41662e-21)
(0.93205 0.0681722 4.36381e-21)
(0.927108 0.0743287 -2.4063e-20)
(0.922076 0.0806622 2.57538e-20)
(0.916927 0.0870403 2.70294e-21)
(0.911681 0.0932174 5.26237e-21)
(0.90617 0.0989185 -2.34085e-20)
(0.999985 0.000511423 -2.30974e-21)
(0.999699 0.00152655 1.6184e-21)
(0.999112 0.00256033 -5.17359e-21)
(0.998297 0.00363684 -1.53071e-21)
(0.997241 0.00478727 2.28129e-21)
(0.995968 0.00603352 2.916e-21)
(0.994474 0.00739801 -5.08969e-21)
(0.992766 0.00890029 1.14985e-22)
(0.990842 0.0105588 4.95645e-22)
(0.988704 0.0123917 3.9528e-21)
(0.986352 0.0144129 5.34597e-21)
(0.983789 0.0166492 -1.07106e-20)
(0.981015 0.0191067 5.75275e-21)
(0.978031 0.0218057 8.11267e-21)
(0.974845 0.024762 -8.06091e-21)
(0.971462 0.0279912 1.22763e-20)
(0.96789 0.0315086 -3.94127e-21)
(0.964138 0.0353289 -2.31516e-21)
(0.960218 0.0394657 -1.88633e-20)
(0.956143 0.0439316 6.7324e-21)
(0.951928 0.0487367 2.92859e-21)
(0.947589 0.0538879 -2.58578e-21)
(0.943141 0.0593862 6.69146e-21)
(0.938601 0.0652229 -2.06042e-21)
(0.933983 0.0713739 2.95544e-20)
(0.929293 0.0777905 -2.10824e-20)
(0.924531 0.0843847 3.83023e-21)
(0.919667 0.0910187 -2.59277e-20)
(0.914715 0.0974346 3.28622e-20)
(0.909488 0.103353 1.53487e-20)
(0.999985 0.000535289 -1.41868e-21)
(0.999702 0.0015968 -4.13112e-21)
(0.999123 0.00267771 -5.53137e-22)
(0.998319 0.00380316 8.32306e-21)
(0.997279 0.00500605 -3.07247e-21)
(0.996025 0.00630937 8.21e-22)
(0.994555 0.00773668 6.58352e-21)
(0.992875 0.00930846 -3.42532e-21)
(0.990984 0.0110439 -2.44972e-21)
(0.988884 0.0129617 1.00031e-21)
(0.986576 0.0150804 -6.70251e-22)
(0.984064 0.0174183 7.78415e-23)
(0.981346 0.01999 -6.08622e-23)
(0.978429 0.0228143 -3.96487e-21)
(0.975317 0.0259071 -3.4283e-21)
(0.97202 0.0292845 -8.08803e-21)
(0.968544 0.0329622 7.59417e-21)
(0.964903 0.036955 5.00757e-21)
(0.961107 0.0412766 -6.10779e-21)
(0.957174 0.0459396 8.98325e-21)
(0.953117 0.0509539 5.28573e-22)
(0.948956 0.0563259 -2.14221e-20)
(0.944707 0.0620555 1.68743e-20)
(0.940387 0.068133 -7.40548e-21)
(0.93601 0.0745321 3.78868e-22)
(0.931584 0.0812008 4.84199e-21)
(0.927105 0.0880465 -2.7846e-20)
(0.922536 0.0949265 3.36203e-20)
(0.91789 0.10157 -5.84319e-21)
(0.912959 0.107695 1.39313e-20)
(0.999984 0.000558989 -3.65693e-21)
(0.999706 0.00166642 3.54956e-21)
(0.999135 0.00279397 8.56293e-21)
(0.998343 0.00396783 -4.27039e-21)
(0.99732 0.00522266 1.12506e-21)
(0.996086 0.00658253 -7.90346e-21)
(0.994641 0.00807215 7.97692e-21)
(0.99299 0.0097129 1.43285e-21)
(0.991134 0.0115248 -1.06046e-21)
(0.989073 0.0135253 -3.61968e-21)
(0.986812 0.0157406 2.2878e-21)
(0.984352 0.0181812 7.45059e-21)
(0.981695 0.0208666 -3.82685e-21)
(0.978846 0.0238151 6.70063e-21)
(0.975813 0.0270434 -4.78038e-21)
(0.972605 0.0305678 5.94613e-21)
(0.969231 0.0344041 1.28069e-21)
(0.965705 0.0385674 -5.81684e-21)
(0.96204 0.0430716 8.71528e-21)
(0.958254 0.0479287 3.65763e-21)
(0.954364 0.0531486 -6.97536e-21)
(0.950388 0.0587369 4.23287e-21)
(0.946346 0.0646927 1.39353e-20)
(0.942257 0.0710049 -3.33457e-21)
(0.938133 0.0776447 -2.6013e-20)
(0.933981 0.0845573 4.59203e-21)
(0.929796 0.0916451 3.02353e-20)
(0.925535 0.0987606 2.29398e-21)
(0.921205 0.105621 1.15087e-20)
(0.916582 0.111942 -3.74192e-20)
(0.999984 0.000582511 6.39459e-21)
(0.999709 0.00173537 1.77541e-21)
(0.999147 0.00290904 -3.04613e-21)
(0.998369 0.00413078 -3.96907e-21)
(0.997362 0.005437 3.60672e-22)
(0.996151 0.00685287 1.08512e-20)
(0.994732 0.00840425 -9.12585e-21)
(0.993112 0.0101134 7.88491e-22)
(0.991291 0.0120012 2.82752e-21)
(0.989273 0.014085 -3.01946e-21)
(0.98706 0.0163944 3.97254e-24)
(0.984655 0.0189376 -2.96919e-21)
(0.98206 0.0217359 7.33313e-21)
(0.979284 0.0248079 -6.35073e-22)
(0.976333 0.0281705 -4.94909e-21)
(0.973218 0.0318405 -4.78393e-21)
(0.969951 0.0358339 -8.08907e-21)
(0.966545 0.0401658 -5.75429e-21)
(0.963017 0.0448498 9.54186e-21)
(0.959385 0.0498981 -1.34876e-20)
(0.955667 0.0553198 1.03426e-20)
(0.951886 0.0611199 -1.03059e-20)
(0.94806 0.0672965 1.87199e-20)
(0.94421 0.0738368 -3.13694e-20)
(0.940349 0.0807099 1.90803e-20)
(0.936483 0.0878577 1.3928e-21)
(0.932604 0.0951778 1.49093e-20)
(0.92866 0.102518 -3.89784e-20)
(0.924659 0.109584 1.00015e-20)
(0.920353 0.116091 1.1796e-21)
(0.999984 0.000605843 -7.15491e-21)
(0.999713 0.00180362 -2.43979e-21)
(0.999161 0.00302286 9.58941e-22)
(0.998396 0.0042919 4.69055e-21)
(0.997407 0.00564895 1.82446e-22)
(0.996218 0.00712025 -7.74057e-21)
(0.994826 0.00873283 4.14517e-21)
(0.993239 0.0105099 -2.00876e-21)
(0.991456 0.0124726 -2.04336e-21)
(0.989482 0.0146421 5.58614e-21)
(0.987319 0.0170424 8.86845e-22)
(0.984972 0.0196875 3.89211e-21)
(0.982443 0.0225979 8.80177e-21)
(0.979742 0.0257923 -1.78959e-22)
(0.976878 0.0292881 -5.25399e-21)
(0.97386 0.0331024 3.10062e-21)
(0.970704 0.0372511 9.41413e-21)
(0.967424 0.0417494 2.61924e-21)
(0.964038 0.0466108 9.26773e-21)
(0.960566 0.051847 7.60177e-21)
(0.957029 0.0574665 -2.03882e-20)
(0.953449 0.0634738 -4.05442e-21)
(0.949849 0.0698655 -1.09604e-20)
(0.946247 0.0766273 1.90319e-20)
(0.942659 0.0837257 6.79103e-21)
(0.939089 0.0910999 -1.94986e-20)
(0.935526 0.0986422 1.88355e-20)
(0.931912 0.106197 -7.1765e-21)
(0.92825 0.113457 6.10847e-21)
(0.924271 0.120137 -3.27034e-21)
(0.999984 0.000628974 4.57384e-21)
(0.999718 0.00187112 5.28804e-21)
(0.999175 0.00313536 -7.78702e-21)
(0.998424 0.0044511 9.35619e-24)
(0.997454 0.00585838 3.01748e-21)
(0.996289 0.00738453 7.93415e-21)
(0.994926 0.00905775 -7.85694e-21)
(0.993372 0.0109022 1.03007e-21)
(0.991629 0.0129383 8.98845e-21)
(0.989701 0.0151935 1.05203e-21)
(0.987591 0.0176842 -4.58003e-21)
(0.985303 0.0204305 -3.54975e-21)
(0.982844 0.0234521 -7.45641e-21)
(0.980222 0.026768 -8.27691e-21)
(0.977447 0.0303959 1.03952e-20)
(0.974531 0.0343529 -3.49698e-21)
(0.97149 0.0386553 -3.10231e-21)
(0.968341 0.0433178 1.40066e-20)
(0.965103 0.0483539 -1.58433e-20)
(0.961798 0.0537747 -1.17394e-20)
(0.958448 0.0595881 -5.7702e-21)
(0.955078 0.0657975 4.51659e-21)
(0.951711 0.0723984 9.58802e-21)
(0.948367 0.0793747 1.08434e-20)
(0.945063 0.0866905 -8.83428e-21)
(0.941799 0.0942818 -8.7912e-21)
(0.938563 0.102036 -1.33137e-21)
(0.935289 0.109794 1.27358e-21)
(0.931975 0.117236 1.16228e-20)
(0.928333 0.124079 -3.28442e-20)
(0.999984 0.000651888 -2.37534e-23)
(0.999722 0.00193784 -7.98444e-21)
(0.999189 0.00324646 1.12743e-20)
(0.998453 0.00460829 3.86201e-22)
(0.997504 0.00606518 -5.80616e-21)
(0.996364 0.00764556 -1.295e-20)
(0.995031 0.00937882 1.13637e-20)
(0.993512 0.0112902 -6.94003e-21)
(0.99181 0.0133995 2.67306e-21)
(0.98993 0.015738 2.10381e-21)
(0.987875 0.0183196 -4.22414e-21)
(0.98565 0.0211663 6.44632e-22)
(0.983263 0.0242982 8.23934e-21)
(0.980722 0.0277346 -3.91237e-21)
(0.97804 0.0314934 -8.63706e-21)
(0.975231 0.0355918 2.47655e-21)
(0.97231 0.0400459 1.38247e-20)
(0.969297 0.0448705 -7.31997e-21)
(0.966212 0.0500785 1.17157e-20)
(0.96308 0.0556804 -9.98569e-21)
(0.959925 0.0616835 -1.2736e-20)
(0.956772 0.06809 9.39866e-21)
(0.953647 0.074894 -4.49232e-21)
(0.95057 0.0820776 2.13269e-20)
(0.947558 0.0896024 -3.99861e-21)
(0.944611 0.0974014 -2.72491e-20)
(0.941713 0.105357 4.94576e-21)
(0.938788 0.113308 2.64941e-20)
(0.935832 0.120919 -2.63944e-20)
(0.932535 0.127914 3.97492e-20)
(0.999984 0.000674573 1.57085e-21)
(0.999727 0.00200372 -9.49803e-22)
(0.999205 0.00335609 -6.1267e-21)
(0.998485 0.00476337 -2.87344e-21)
(0.997556 0.00626923 -8.13466e-22)
(0.996442 0.00790321 7.23369e-21)
(0.99514 0.00969584 2.22767e-21)
(0.993658 0.0116724 -3.09993e-21)
(0.991999 0.013857 -5.58793e-21)
(0.990169 0.0162763 -5.66673e-21)
(0.988171 0.0189483 3.21382e-21)
(0.986012 0.0218947 7.12719e-21)
(0.9837 0.0251361 -8.7645e-22)
(0.981244 0.028692 -2.79917e-21)
(0.978659 0.0325803 4.1633e-21)
(0.97596 0.0368186 5.08675e-21)
(0.973164 0.0414227 3.8719e-23)
(0.970292 0.046407 -2.25999e-20)
(0.967367 0.051784 -4.05947e-21)
(0.964414 0.0575636 2.32784e-20)
(0.961459 0.063752 -1.90189e-20)
(0.958531 0.0703504 2.98769e-20)
(0.955656 0.0773511 -2.08109e-20)
(0.952855 0.0847347 1.29346e-20)
(0.950145 0.0924597 -5.42787e-21)
(0.947523 0.100457 2.02422e-20)
(0.944973 0.108603 -3.77681e-20)
(0.942408 0.116735 7.59074e-21)
(0.93982 0.124505 1.56968e-21)
(0.936877 0.131639 -2.80362e-20)
(0.999985 0.000697012 1.19379e-22)
(0.999732 0.00206873 6.7804e-21)
(0.999221 0.00346418 3.4992e-21)
(0.998517 0.00491623 -2.27323e-21)
(0.997611 0.00647041 9.10823e-21)
(0.996523 0.00815734 4.03111e-21)
(0.995254 0.0100086 -2.12668e-21)
(0.993811 0.0120452 1.52007e-21)
(0.992197 0.0143091 4.27721e-21)
(0.990419 0.0168085 -6.75217e-21)
(0.988481 0.01957 1.66828e-21)
(0.98639 0.0226154 -1.50582e-21)
(0.984155 0.0259654 -6.10248e-21)
(0.981788 0.0296396 5.76037e-21)
(0.979304 0.0336564 3.00345e-21)
(0.976719 0.038033 1.1306e-20)
(0.974052 0.0427851 -9.83421e-21)
(0.971326 0.0479268 5.08089e-21)
(0.968566 0.0534699 -4.59494e-21)
(0.965798 0.0594236 8.68622e-21)
(0.963052 0.0657928 1.12704e-21)
(0.960355 0.0725777 -1.24921e-20)
(0.957737 0.0797686 3.39791e-20)
(0.955221 0.0873445 -2.00653e-20)
(0.952821 0.0952609 -9.72185e-21)
(0.950536 0.103446 1.58668e-20)
(0.948342 0.111772 -1.74371e-20)
(0.946146 0.120073 2.75622e-20)
(0.943935 0.127989 -8.73936e-21)
(0.941352 0.135253 -1.59195e-20)
(0.999985 0.000719188 -2.70986e-21)
(0.999737 0.00213281 -1.48331e-21)
(0.999239 0.00357064 1.93508e-21)
(0.998552 0.00506678 -2.00735e-21)
(0.997668 0.00666858 -5.12019e-21)
(0.996609 0.00840782 -9.05652e-21)
(0.995373 0.010317 5.72867e-21)
(0.993971 0.0124185 1.82082e-21)
(0.992405 0.0147548 -8.28961e-22)
(0.99068 0.0173342 -9.09852e-21)
(0.988803 0.0201847 5.26261e-21)
(0.986783 0.0233282 -7.2821e-21)
(0.984629 0.0267858 3.50835e-21)
(0.982355 0.0305774 -8.31289e-21)
(0.979975 0.0347213 1.24865e-21)
(0.977508 0.0392346 -1.16583e-20)
(0.974975 0.0441328 1.12231e-20)
(0.972401 0.0494296 -1.55234e-20)
(0.969811 0.0551358 1.36036e-20)
(0.967234 0.0612598 -8.98402e-21)
(0.964702 0.0678054 -7.33384e-21)
(0.962244 0.0747711 1.50606e-21)
(0.959891 0.0821456 -9.24528e-22)
(0.957667 0.0899058 7.11055e-21)
(0.955586 0.0980044 -8.98097e-21)
(0.953645 0.106368 -2.08961e-20)
(0.951818 0.114862 1.50905e-20)
(0.95 0.123322 1.47106e-20)
(0.948173 0.131372 -1.57192e-20)
(0.94596 0.138753 -1.34998e-20)
(0.999985 0.000741081 1.67623e-21)
(0.999743 0.00219592 -4.80502e-21)
(0.999257 0.0036754 -4.00579e-21)
(0.998588 0.00521491 -1.78997e-21)
(0.997728 0.00686364 -4.16803e-21)
(0.996698 0.0086545 1.12736e-21)
(0.995498 0.0106195 -2.71147e-21)
(0.994138 0.0127921 7.26424e-21)
(0.99262 0.0151946 -3.91727e-21)
(0.990952 0.0178534 8.44371e-21)
(0.989139 0.020792 9.105e-22)
(0.987193 0.0240328 -1.18586e-21)
(0.985122 0.0275971 6.76887e-21)
(0.982943 0.0315049 -2.07199e-21)
(0.980672 0.0357746 3.11751e-21)
(0.978328 0.0404231 -8.67295e-21)
(0.975934 0.0454655 1.70661e-21)
(0.973515 0.0509148 8.93568e-21)
(0.971101 0.0567812 -2.47068e-21)
(0.968722 0.0630718 1.72192e-20)
(0.966409 0.0697891 -5.79026e-21)
(0.964197 0.0769301 -6.93906e-21)
(0.962116 0.0844812 2.54245e-21)
(0.960191 0.0924177 4.367e-21)
(0.958438 0.100689 -5.94037e-21)
(0.956849 0.10922 -1.22311e-20)
(0.955398 0.117871 2.05173e-20)
(0.953967 0.126479 -7.14573e-21)
(0.952533 0.13465 -2.12075e-20)
(0.950694 0.142139 -1.79213e-21)
(0.999985 0.000762671 -1.84552e-21)
(0.999749 0.002258 6.73204e-21)
(0.999276 0.00377837 -4.20778e-21)
(0.998626 0.0053605 9.00085e-21)
(0.997791 0.00705542 -1.86245e-21)
(0.996792 0.00889703 8.2667e-21)
(0.995629 0.0109188 -6.29408e-21)
(0.994312 0.0131557 -6.41937e-21)
(0.992845 0.0156282 8.41016e-21)
(0.991234 0.0183656 -9.17523e-21)
(0.989489 0.0213916 -6.62232e-21)
(0.987619 0.0247289 7.7508e-21)
(0.985636 0.028399 -5.50387e-21)
(0.983555 0.0324219 1.75168e-21)
(0.981396 0.036816 -1.43033e-20)
(0.979179 0.0415981 6.17905e-21)
(0.976928 0.0467827 1.75494e-20)
(0.97467 0.0523822 -2.21959e-21)
(0.972437 0.0584056 5.78955e-21)
(0.97026 0.0648591 -1.92804e-20)
(0.968174 0.0717434 2.87317e-21)
(0.966213 0.0790538 1.17581e-20)
(0.964411 0.0867746 -1.39877e-20)
(0.962791 0.0948791 -7.87836e-21)
(0.961373 0.103313 2.22052e-21)
(0.960145 0.112001 2.26908e-20)
(0.959078 0.120797 -2.39519e-20)
(0.958042 0.129542 2.34782e-21)
(0.957009 0.137823 1.11323e-20)
(0.955552 0.145409 2.06878e-21)
(0.999985 0.000783933 -2.71639e-21)
(0.999755 0.00231899 -2.70785e-21)
(0.999296 0.00387946 5.78575e-21)
(0.998666 0.00550347 -2.65694e-21)
(0.997857 0.0072438 9.38171e-21)
(0.99689 0.00913475 8.9157e-22)
(0.995765 0.0112149 -4.06303e-21)
(0.994494 0.0135125 8.37298e-21)
(0.993079 0.0160553 -4.79663e-21)
(0.991529 0.0188708 2.89307e-21)
(0.989853 0.0219834 4.36803e-21)
(0.988062 0.0254163 5.09592e-21)
(0.986169 0.0291911 -6.41728e-21)
(0.984191 0.033328 1.01236e-20)
(0.982147 0.0378453 3.7077e-21)
(0.980061 0.0427594 -1.15076e-20)
(0.977958 0.0480842 1.44386e-20)
(0.975866 0.0538313 -7.9473e-21)
(0.973819 0.0600088 1.279e-20)
(0.97185 0.0666213 -1.24104e-20)
(0.969996 0.0736678 2.1255e-21)
(0.968292 0.0811418 -7.83347e-22)
(0.966774 0.0890251 -1.92909e-20)
(0.965467 0.0972891 4.42675e-20)
(0.964389 0.105876 -1.37663e-20)
(0.963528 0.11471 -5.16032e-21)
(0.962854 0.123638 -2.46717e-20)
(0.962221 0.13251 8.28004e-21)
(0.961598 0.140887 1.0162e-20)
(0.96053 0.148563 3.13915e-20)
(0.999985 0.000804839 3.82875e-21)
(0.999762 0.00237883 1.01652e-21)
(0.999318 0.00397859 -4.41142e-21)
(0.998708 0.00564369 1.72334e-22)
(0.997926 0.00742864 1.08225e-21)
(0.996992 0.0093691 -4.04498e-21)
(0.995907 0.0115048 1.21809e-21)
(0.994683 0.0138638 -8.95679e-21)
(0.993322 0.0164759 8.84184e-21)
(0.991835 0.0193688 2.27595e-21)
(0.990231 0.0225672 -8.12664e-22)
(0.988522 0.0260948 -7.44421e-21)
(0.986722 0.0299734 6.60694e-21)
(0.98485 0.0342232 8.50198e-21)
(0.982927 0.0388624 -1.60716e-20)
(0.980976 0.0439069 8.35977e-21)
(0.979025 0.04937 -2.48577e-21)
(0.977104 0.0552624 -2.09049e-20)
(0.975248 0.0615909 1.13478e-20)
(0.973492 0.0683587 5.40038e-21)
(0.971874 0.0755627 -1.59797e-20)
(0.970433 0.0831945 1.83314e-20)
(0.969204 0.091233 -1.49939e-20)
(0.968214 0.0996479 -5.47962e-21)
(0.967483 0.108378 1.82651e-20)
(0.966995 0.117347 -9.43148e-22)
(0.96672 0.126394 2.00796e-20)
(0.966498 0.135383 -3.11944e-20)
(0.966296 0.143842 2.28612e-21)
(0.965623 0.1516 1.38885e-20)
(0.999986 0.000825359 7.38272e-22)
(0.999769 0.00243747 -1.11109e-21)
(0.99934 0.00407565 -3.38689e-22)
(0.998752 0.00578102 2.88072e-21)
(0.997998 0.00760986 -1.6776e-21)
(0.997099 0.0095999 -3.01333e-21)
(0.996056 0.0117891 4.27298e-21)
(0.99488 0.0142092 1.23547e-21)
(0.993576 0.0168898 -4.99153e-21)
(0.992154 0.0198592 -1.52585e-22)
(0.990624 0.0231427 -1.48217e-21)
(0.989 0.0267641 1.38657e-21)
(0.987297 0.0307456 -6.13102e-22)
(0.985535 0.0351073 -1.96705e-21)
(0.983735 0.0398671 -5.58728e-21)
(0.981923 0.0450405 -1.76922e-22)
(0.980129 0.0506402 -1.19406e-20)
(0.978383 0.0566757 2.11972e-21)
(0.976723 0.0631525 -7.85962e-21)
(0.975185 0.070072 2.40033e-20)
(0.973809 0.0774291 -2.20436e-20)
(0.972634 0.0852132 2.99628e-20)
(0.971698 0.0934 -8.52259e-21)
(0.971029 0.101957 -8.77232e-21)
(0.970648 0.110819 1.48867e-20)
(0.970537 0.119912 -1.38943e-20)
(0.970669 0.129065 -1.25635e-20)
(0.970866 0.13816 8.82036e-21)
(0.971097 0.146687 8.62793e-22)
(0.970828 0.154523 3.04024e-20)
(0.999986 0.000845444 -6.10851e-22)
(0.999777 0.00249478 -3.17393e-21)
(0.999364 0.0041705 -3.4241e-22)
(0.998798 0.0059152 -3.50717e-21)
(0.998074 0.00778724 -1.64434e-21)
(0.99721 0.00982521 1.03825e-23)
(0.99621 0.0120678 1.19408e-21)
(0.995085 0.0145481 4.48712e-21)
(0.993839 0.0172964 -2.2375e-21)
(0.992485 0.0203413 -2.34868e-21)
(0.991033 0.0237089 -1.96778e-21)
(0.989497 0.0274231 1.09936e-20)
(0.987894 0.0315063 -5.03505e-21)
(0.986245 0.0359786 -3.26941e-21)
(0.984572 0.0408576 5.76171e-21)
(0.982904 0.0461582 3.34369e-21)
(0.981271 0.0518923 2.4491e-21)
(0.979705 0.0580684 4.28395e-21)
(0.978245 0.0646903 -2.55453e-20)
(0.976929 0.0717579 6.65023e-21)
(0.975798 0.0792635 1.1385e-20)
(0.974893 0.0871942 -3.82511e-21)
(0.974254 0.0955223 2.69644e-20)
(0.973908 0.104213 -2.76187e-20)
(0.97388 0.113197 -1.09219e-20)
(0.974149 0.122401 3.63331e-20)
(0.974694 0.131646 -7.10258e-21)
(0.975315 0.140837 -6.4957e-21)
(0.975998 0.149417 -2.00347e-20)
(0.976144 0.157336 1.56192e-20)
(0.999987 0.000865039 2.62745e-21)
(0.999786 0.00255065 2.25842e-22)
(0.999389 0.00426293 1.29586e-21)
(0.998847 0.00604618 1.68811e-21)
(0.998153 0.00796041 7.12001e-22)
(0.997327 0.0100451 1.37103e-21)
(0.996371 0.0123403 1.2499e-21)
(0.995298 0.0148798 -1.92699e-21)
(0.994114 0.0176946 4.09127e-21)
(0.992829 0.020814 -2.33558e-21)
(0.991457 0.0242643 4.16514e-21)
(0.990012 0.0280699 -3.52873e-21)
(0.988513 0.0322532 -1.12462e-20)
(0.98698 0.0368341 1.26862e-20)
(0.98544 0.04183 2.87746e-21)
(0.98392 0.0472551 -1.61068e-20)
(0.982451 0.0531205 1.06765e-20)
(0.98107 0.0594334 -8.97121e-21)
(0.979814 0.0661961 1.49233e-20)
(0.978724 0.0734063 -5.71291e-21)
(0.977842 0.0810539 -6.32557e-21)
(0.97721 0.0891234 2.07545e-20)
(0.976869 0.0975835 -1.43343e-20)
(0.976847 0.106398 5.02284e-21)
(0.977172 0.115489 -1.23648e-20)
(0.97782 0.124792 9.16288e-21)
(0.978781 0.134111 1.8783e-21)
(0.979835 0.143386 -2.95803e-20)
(0.980997 0.151996 1.84274e-20)
(0.981575 0.160013 1.34582e-20)
(0.999988 0.000884173 -1.72004e-21)
(0.999795 0.00260528 4.12955e-21)
(0.999416 0.00435337 2.89664e-22)
(0.998898 0.00617456 -1.37063e-21)
(0.998236 0.0081302 -2.17678e-21)
(0.997448 0.0102611 2.93338e-21)
(0.996539 0.0126084 -2.70268e-21)
(0.99552 0.0152067 9.5318e-22)
(0.994399 0.0180876 1.23789e-21)
(0.993187 0.0212811 -3.87344e-21)
(0.991897 0.0248138 -2.36855e-21)
(0.990547 0.0287104 6.48986e-21)
(0.989154 0.0329933 5.21169e-21)
(0.987743 0.0376824 -1.58488e-20)
(0.986338 0.0427944 1.27252e-20)
(0.984969 0.0483431 -5.50812e-21)
(0.98367 0.0543385 1.34475e-20)
(0.982477 0.0607862 -1.67883e-20)
(0.98143 0.0676869 8.60701e-22)
(0.980568 0.075036 1.31094e-20)
(0.979938 0.0828208 -1.29287e-20)
(0.97958 0.0910225 2.26001e-20)
(0.979537 0.099606 -2.25072e-20)
(0.979838 0.108532 4.0291e-21)
(0.980513 0.117717 -2.53836e-20)
(0.981536 0.1271 1.89577e-20)
(0.982915 0.13647 1.67344e-20)
(0.984406 0.145814 -3.09154e-21)
(0.986093 0.154426 -7.3896e-21)
(0.987137 0.162557 1.25029e-20)
(0.999989 0.000903063 -1.68899e-21)
(0.999805 0.00265946 -1.8581e-21)
(0.999445 0.00444326 1.87093e-21)
(0.998952 0.00630238 -1.59385e-21)
(0.998322 0.00829981 -6.27349e-22)
(0.997575 0.0104777 8.54296e-23)
(0.996714 0.0128782 2.26855e-22)
(0.995752 0.0155367 -1.84793e-21)
(0.994695 0.018486 1.07507e-21)
(0.993558 0.0217563 -1.74983e-21)
(0.992355 0.0253749 4.98594e-22)
(0.991102 0.029367 -1.03534e-21)
(0.98982 0.0337549 5.46e-21)
(0.988533 0.0385585 -3.50267e-21)
(0.987267 0.0437942 -2.70008e-21)
(0.986055 0.0494751 1.39891e-20)
(0.984929 0.05561 -2.34173e-20)
(0.983928 0.0622034 1.47593e-20)
(0.983092 0.0692538 -9.45219e-21)
(0.982462 0.0767544 1.67304e-20)
(0.982084 0.0846891 -1.09935e-20)
(0.982 0.0930357 1.95042e-20)
(0.982253 0.101754 -3.22602e-20)
(0.982871 0.1108 -1.44669e-21)
(0.983891 0.120084 2.79771e-20)
(0.98528 0.129544 -2.69843e-20)
(0.987074 0.138951 2.51961e-20)
(0.989001 0.148352 1.86413e-21)
(0.991283 0.156951 -1.87379e-20)
(0.992851 0.165286 -6.42997e-22)
(0.99999 0.000921388 1.0651e-21)
(0.999817 0.00271215 -2.3916e-22)
(0.999476 0.00453067 1.39851e-21)
(0.999009 0.00642665 -9.7467e-22)
(0.998414 0.00846487 -1.0628e-21)
(0.997709 0.0106887 4.98929e-21)
(0.996897 0.0131414 -3.54968e-21)
(0.995993 0.0158595 1.29337e-22)
(0.995005 0.0188765 4.2175e-21)
(0.993946 0.0222234 -4.99323e-21)
(0.992832 0.0259281 -2.54558e-22)
(0.99168 0.0300163 7.02174e-21)
(0.990512 0.0345106 -7.3285e-21)
(0.989354 0.0394308 7.30962e-21)
(0.988233 0.0447932 -7.27592e-22)
(0.987181 0.0506104 -9.93046e-21)
(0.986233 0.0568904 1.33581e-20)
(0.985429 0.0636363 -7.52787e-21)
(0.984807 0.0708449 -3.12822e-21)
(0.984412 0.0785069 1.27484e-20)
(0.984288 0.0866033 -6.07571e-21)
(0.984476 0.0951078 -1.43608e-20)
(0.985022 0.103975 2.53446e-20)
(0.985949 0.113156 -3.49391e-20)
(0.987301 0.122551 7.65743e-21)
(0.989038 0.132095 1.00888e-20)
(0.991238 0.141537 1.17791e-20)
(0.993588 0.150956 3.10311e-21)
(0.996596 0.159527 -1.89203e-20)
(0.998721 0.168302 1.41591e-21)
)
;

boundaryField
{
    inlet
    {
        type            uniformFixedValue;
        uniformValue    constant (1 0 0);
        value           uniform (1 0 0);
    }
    outlet
    {
        type            pressureInletOutletVelocity;
        value           nonuniform 0();
    }
    cylinder
    {
        type            fixedValue;
        value           nonuniform 0();
    }
    top
    {
        type            symmetryPlane;
    }
    bottom
    {
        type            symmetryPlane;
    }
    defaultFaces
    {
        type            empty;
    }
    procBoundary8to4
    {
        type            processor;
        value           nonuniform List<vector> 
49
(
(0.118512 0.00790774 4.03601e-21)
(0.192235 0.00888003 -2.05996e-22)
(0.26953 0.00918874 -6.53558e-21)
(0.342775 0.00908117 8.00148e-21)
(0.411575 0.00870557 6.19148e-21)
(0.474067 0.00818429 4.34699e-21)
(0.530469 0.00759372 -3.35665e-21)
(0.530469 0.00759372 -3.35665e-21)
(0.580804 -0.00698797 -4.27412e-21)
(0.625619 -0.00639864 -1.79984e-21)
(0.665422 -0.00584405 -1.51563e-22)
(0.700796 -0.00533241 2.625e-21)
(0.732269 -0.00486601 -2.89248e-21)
(0.76033 -0.00444359 -6.35036e-21)
(0.785405 -0.00406208 -2.39381e-21)
(0.807866 -0.00371774 4.88642e-21)
(0.828035 -0.00340674 1.60022e-21)
(0.846183 -0.00312541 -4.57588e-21)
(0.862553 -0.00287194 -1.46112e-21)
(0.999986 -1.27117e-05 1.05231e-22)
(0.999666 -3.81826e-05 -2.46154e-22)
(0.999004 -6.41409e-05 2.97037e-22)
(0.998078 -9.12209e-05 -1.99043e-22)
(0.996872 -0.000120128 -2.42631e-22)
(0.99541 -0.000151397 3.33385e-22)
(0.993685 -0.000185563 3.46683e-22)
(0.991702 -0.000223106 2.16192e-22)
(0.989456 -0.000264492 -1.0899e-22)
(0.986944 -0.000310178 -2.67354e-23)
(0.98416 -0.000360574 -3.93175e-22)
(0.981099 -0.000416242 6.05962e-23)
(0.977751 -0.000477255 5.05431e-23)
(0.974114 -0.000544786 1.64038e-22)
(0.970182 -0.000618725 -1.30631e-22)
(0.965948 -0.000699707 -2.03199e-22)
(0.961406 -0.00078817 3.32867e-22)
(0.956553 -0.000884596 -1.01149e-22)
(0.951383 -0.000989457 2.40195e-23)
(0.945893 -0.00110321 2.33795e-22)
(0.940082 -0.00122628 7.46198e-24)
(0.933947 -0.00135903 -1.24789e-22)
(0.92749 -0.00150172 1.33839e-22)
(0.920712 -0.0016544 -7.91462e-23)
(0.913619 -0.00181673 -7.58518e-23)
(0.906219 -0.00198778 1.80524e-22)
(0.89853 -0.00216551 -2.42914e-23)
(0.890576 -0.00234624 5.11815e-22)
(0.8824 -0.00252356 -2.67159e-22)
(0.874055 -0.00268782 2.84917e-22)
)
;
    }
    procBoundary8to9
    {
        type            processor;
        value           nonuniform List<vector> 
78
(
(1.1456 0.216649 -9.93509e-24)
(1.13971 0.236064 -6.87976e-22)
(1.13971 0.236064 -6.87976e-22)
(1.13279 0.256521 -4.7886e-21)
(1.13279 0.256521 -4.7886e-21)
(1.12465 0.278447 3.47317e-21)
(1.12465 0.278447 3.47317e-21)
(1.1151 0.301745 -4.46981e-20)
(1.1151 0.301745 -4.46981e-20)
(1.1038 0.326315 -1.214e-20)
(1.09487 0.327102 -5.16773e-21)
(1.09487 0.327102 -5.16773e-21)
(1.08077 0.352806 1.47586e-20)
(1.08077 0.352806 1.47586e-20)
(1.06361 0.379132 4.41178e-20)
(1.05359 0.379891 -2.45399e-20)
(1.05359 0.379891 -2.45399e-20)
(1.03186 0.406354 3.79457e-20)
(1.02121 0.406945 -5.22602e-20)
(1.02121 0.406945 -5.22602e-20)
(0.993679 0.432614 -9.80551e-21)
(0.982407 0.43302 -8.9925e-22)
(0.982407 0.43302 -8.9925e-22)
(0.947558 0.456521 -1.81324e-20)
(0.935678 0.456725 -2.31211e-21)
(0.923649 0.456447 8.64768e-20)
(0.923649 0.456447 8.64768e-20)
(0.879296 0.476102 9.12798e-21)
(0.866702 0.475547 1.75217e-20)
(0.853977 0.474455 -3.73542e-20)
(0.853977 0.474455 -3.73542e-20)
(0.798367 0.487573 6.72807e-20)
(0.785187 0.486128 8.76159e-20)
(0.771899 0.484093 -1.98736e-19)
(0.771899 0.484093 -1.98736e-19)
(0.703202 0.48718 -1.748e-20)
(0.689649 0.484731 7.77635e-21)
(0.676021 0.481647 -1.45117e-20)
(0.662349 0.47793 1.28632e-19)
(0.64866 0.47358 -1.94779e-20)
(0.64866 0.47358 -1.94779e-20)
(0.56622 0.462266 3.82126e-20)
(0.552665 0.457446 8.22245e-20)
(0.539139 0.451971 -1.10451e-19)
(0.525671 0.445847 -2.52213e-20)
(0.512289 0.439079 1.80519e-20)
(0.512289 0.439079 1.80519e-20)
(0.416995 0.408685 1.77514e-20)
(0.404339 0.401654 -4.49118e-20)
(0.39182 0.393992 9.64684e-20)
(0.379466 0.385708 -6.74462e-20)
(0.367305 0.376814 -4.52853e-20)
(0.355365 0.367322 7.77903e-20)
(0.343671 0.357244 6.70104e-20)
(0.332251 0.346595 -1.88712e-19)
(0.332251 0.346595 -1.88712e-19)
(0.235876 0.295277 7.54624e-20)
(0.226119 0.285237 -1.86764e-19)
(0.216663 0.274701 4.0766e-20)
(0.207529 0.263686 1.65309e-20)
(0.198739 0.252208 -8.05757e-21)
(0.190315 0.240287 1.41429e-19)
(0.182277 0.227944 -5.16822e-20)
(0.174644 0.215198 -1.23257e-19)
(0.167434 0.202071 1.47262e-20)
(0.160664 0.188586 -1.33921e-20)
(0.154351 0.174766 3.56129e-20)
(0.14851 0.160635 -3.28678e-20)
(0.143154 0.146217 -2.85085e-20)
(0.143154 0.146217 -2.85085e-20)
(0.0645534 0.0998265 -1.06051e-19)
(0.0611156 0.0885483 -3.26877e-20)
(0.0580876 0.077097 -3.52943e-20)
(0.0554773 0.0654948 7.98961e-20)
(0.0532915 0.053764 -2.88256e-20)
(0.0515358 0.0419274 -3.1365e-20)
(0.050215 0.0300081 1.58584e-20)
(0.0493325 0.0180293 2.12743e-21)
)
;
    }
    procBoundary8to12
    {
        type            processor;
        value           nonuniform List<vector> 
69
(
(1.13767 0.200849 1.39998e-20)
(1.13142 0.201324 -2.21094e-21)
(1.12513 0.201663 1.01539e-20)
(1.12513 0.201663 1.01539e-20)
(1.119 0.1917 3.72568e-20)
(1.11294 0.191746 -1.58618e-20)
(1.10687 0.191662 -2.0252e-21)
(1.1008 0.191448 2.29846e-20)
(1.1008 0.191448 2.29846e-20)
(1.09514 0.188215 2.28585e-20)
(1.09514 0.188215 2.28585e-20)
(1.08968 0.184921 -3.00119e-21)
(1.08968 0.184921 -3.00119e-21)
(1.0845 0.181538 9.61214e-21)
(1.0845 0.181538 9.61214e-21)
(1.08527 0.178763 1.59847e-21)
(1.08056 0.175377 -4.32325e-20)
(1.08056 0.175377 -4.32325e-20)
(1.07616 0.171989 3.21143e-20)
(1.07616 0.171989 3.21143e-20)
(1.07208 0.168624 5.11618e-21)
(1.07208 0.168624 5.11618e-21)
(1.06831 0.165306 3.8035e-20)
(1.06831 0.165306 3.8035e-20)
(1.06484 0.162049 -2.42409e-20)
(1.05694 0.158024 2.40009e-20)
(1.06484 0.162049 -2.42409e-20)
(1.06167 0.158862 -3.61238e-20)
(1.05694 0.158024 2.40009e-20)
(1.05418 0.154915 -4.07177e-21)
(1.05418 0.154915 -4.07177e-21)
(1.05165 0.15187 -1.1484e-20)
(1.05165 0.15187 -1.1484e-20)
(1.04937 0.148869 -1.97799e-20)
(1.04937 0.148869 -1.97799e-20)
(1.04728 0.1459 3.17524e-20)
(1.04728 0.1459 3.17524e-20)
(1.04498 0.142965 -5.82371e-20)
(0.998876 0.0201071 0)
(0.998755 0.0235408 0)
(0.998691 0.0272969 0)
(0.998703 0.0313886 0)
(0.998818 0.0358242 0)
(0.999061 0.040607 0)
(0.99946 0.0457353 0)
(1.00005 0.0512019 0)
(1.00085 0.0569938 0)
(1.0019 0.0630923 0)
(1.00322 0.0694729 0)
(1.00486 0.0761048 0)
(1.00682 0.0829523 0)
(1.00913 0.089972 0)
(1.01182 0.0971174 0)
(1.01488 0.104328 0)
(1.01834 0.111544 0)
(1.02215 0.118659 0)
(1.0264 0.12558 0)
(1.03081 0.132007 0)
(1.03597 0.137736 0)
(1.04004 0.141697 0)
(1 0.00100879 0)
(0.999961 0.0029655 0)
(0.999883 0.00494562 0)
(0.99978 0.0069969 0)
(0.999656 0.00918789 0)
(0.999522 0.0115591 0)
(0.999388 0.014152 0)
(0.998876 0.0201071 0)
(0.999268 0.0169975 0)
)
;
    }
}


// ************************************************************************* //
