/*--------------------------------*- C++ -*----------------------------------*\
  =========                 |
  \\      /  F ield         | OpenFOAM: The Open Source CFD Toolbox
   \\    /   O peration     | Website:  https://openfoam.org
    \\  /    A nd           | Version:  7
     \\/     M anipulation  |
\*---------------------------------------------------------------------------*/
FoamFile
{
    version     2.0;
    format      ascii;
    class       volVectorField;
    location    "5";
    object      U;
}
// * * * * * * * * * * * * * * * * * * * * * * * * * * * * * * * * * * * * * //

dimensions      [0 1 -1 0 0 0 0];

internalField   nonuniform List<vector> 
2625
(
(1.06656 -0.0589839 -2.71263e-20)
(1.07035 -0.0586382 1.51211e-20)
(1.07421 -0.0582285 9.27167e-20)
(1.07814 -0.057758 -3.30576e-21)
(1.08212 -0.0572297 -7.52759e-21)
(1.08616 -0.056647 3.66032e-20)
(1.09025 -0.0560137 -8.04074e-21)
(1.0944 -0.0553334 -5.70324e-20)
(1.09859 -0.05461 1.27202e-20)
(1.10816 -0.0703898 -2.22333e-20)
(1.10281 -0.0538477 6.18094e-20)
(1.11245 -0.0697297 3.91602e-20)
(1.10708 -0.0530505 -8.92704e-21)
(1.11677 -0.0690339 -7.46945e-21)
(1.11137 -0.0522228 -4.54517e-20)
(1.11569 -0.0513689 6.94778e-22)
(1.00001 -1.11777e-05 0)
(1.00014 -3.35404e-05 0)
(1.00043 -5.50905e-05 0)
(1.00084 -7.65179e-05 0)
(1.00137 -9.76304e-05 0)
(1.00201 -0.000118614 0)
(1.00276 -0.00013951 0)
(1.00361 -0.000160387 0)
(1.00456 -0.000181289 0)
(1.00559 -0.000202255 0)
(1.00672 -0.000223309 0)
(1.00792 -0.000244468 0)
(1.0092 -0.000265739 0)
(1.01056 -0.000287121 0)
(1.01199 -0.000308606 0)
(1.01348 -0.000330178 0)
(1.01504 -0.000351817 0)
(1.01666 -0.000373497 0)
(1.01833 -0.000395188 0)
(1.02006 -0.000416852 0)
(1.02183 -0.000438449 0)
(1.02366 -0.000459928 0)
(1.02552 -0.000481224 0)
(1.02742 -0.000502242 0)
(1.02936 -0.000522836 0)
(1.03132 -0.000542756 0)
(1.03331 -0.000561569 0)
(1.03531 -0.000578494 0)
(1.03732 -0.00059209 0)
(1.03933 -0.000599602 0)
(1.00001 -3.34787e-05 0)
(1.00014 -0.000100127 0)
(1.00043 -0.000164645 0)
(1.00084 -0.000228625 0)
(1.00137 -0.000291717 0)
(1.00201 -0.000354409 0)
(1.00276 -0.000416845 0)
(1.00361 -0.000479223 0)
(1.00456 -0.000541679 0)
(1.00559 -0.000604324 0)
(1.00671 -0.000667235 0)
(1.00792 -0.000730459 0)
(1.0092 -0.000794018 0)
(1.01055 -0.00085791 0)
(1.01198 -0.000922111 0)
(1.01348 -0.000986574 0)
(1.01503 -0.00105124 0)
(1.01665 -0.00111603 0)
(1.01832 -0.00118085 0)
(1.02005 -0.00124559 0)
(1.02183 -0.00131013 0)
(1.02365 -0.00137433 0)
(1.02551 -0.00143797 0)
(1.02741 -0.00150079 0)
(1.02935 -0.00156234 0)
(1.03131 -0.00162188 0)
(1.0333 -0.00167811 0)
(1.0353 -0.00172873 0)
(1.03731 -0.00176951 0)
(1.03932 -0.00179261 0)
(1.00001 -5.55919e-05 0)
(1.00014 -0.000165779 0)
(1.00043 -0.000272887 0)
(1.00084 -0.000378841 0)
(1.00137 -0.000483406 0)
(1.00201 -0.000587287 0)
(1.00276 -0.000690751 0)
(1.00361 -0.000794119 0)
(1.00455 -0.00089762 0)
(1.00559 -0.00100144 0)
(1.00671 -0.00110569 0)
(1.00791 -0.00121047 0)
(1.00919 -0.00131581 0)
(1.01054 -0.00142171 0)
(1.01197 -0.00152812 0)
(1.01346 -0.00163497 0)
(1.01502 -0.00174215 0)
(1.01664 -0.00184955 0)
(1.01831 -0.001957 0)
(1.02003 -0.00206432 0)
(1.02181 -0.00217132 0)
(1.02363 -0.00227774 0)
(1.02549 -0.00238326 0)
(1.02739 -0.00248741 0)
(1.02933 -0.00258946 0)
(1.03129 -0.00268819 0)
(1.03328 -0.00278147 0)
(1.03528 -0.00286547 0)
(1.03729 -0.00293336 0)
(1.0393 -0.00297259 0)
(1.00001 -7.74237e-05 0)
(1.00014 -0.000230564 0)
(1.00043 -0.000379734 0)
(1.00084 -0.000527112 0)
(1.00137 -0.00067262 0)
(1.00201 -0.000817162 0)
(1.00276 -0.00096113 0)
(1.0036 -0.00110497 0)
(1.00454 -0.00124899 0)
(1.00558 -0.00139346 0)
(1.0067 -0.00153855 0)
(1.0079 -0.00168438 0)
(1.00918 -0.00183099 0)
(1.01053 -0.00197837 0)
(1.01196 -0.00212648 0)
(1.01345 -0.00227522 0)
(1.015 -0.00242442 0)
(1.01662 -0.00257393 0)
(1.01829 -0.00272352 0)
(1.02001 -0.00287295 0)
(1.02178 -0.00302192 0)
(1.0236 -0.0031701 0)
(1.02546 -0.00331703 0)
(1.02736 -0.00346206 0)
(1.0293 -0.00360418 0)
(1.03126 -0.0037417 0)
(1.03325 -0.00387165 0)
(1.03525 -0.00398877 0)
(1.03726 -0.00408367 0)
(1.03926 -0.00413927 0)
(1.00001 -9.89574e-05 0)
(1.00014 -0.000294485 0)
(1.00043 -0.000485152 0)
(1.00084 -0.000673402 0)
(1.00137 -0.000859309 0)
(1.002 -0.00104397 0)
(1.00275 -0.00122791 0)
(1.0036 -0.00141169 0)
(1.00454 -0.00159571 0)
(1.00557 -0.00178031 0)
(1.00668 -0.00196572 0)
(1.00788 -0.00215206 0)
(1.00916 -0.00233943 0)
(1.01051 -0.0025278 0)
(1.01193 -0.0027171 0)
(1.01342 -0.00290722 0)
(1.01498 -0.00309795 0)
(1.01659 -0.00328908 0)
(1.01826 -0.00348033 0)
(1.01998 -0.00367138 0)
(1.02175 -0.00386187 0)
(1.02357 -0.00405136 0)
(1.02543 -0.00423925 0)
(1.02733 -0.00442473 0)
(1.02926 -0.00460651 0)
(1.03122 -0.00478242 0)
(1.0332 -0.00494869 0)
(1.03521 -0.00509866 0)
(1.03722 -0.00522045 0)
(1.03922 -0.00529257 0)
(1.00001 -0.000120193 0)
(1.00014 -0.000357523 0)
(1.00043 -0.000589115 0)
(1.00083 -0.000817673 0)
(1.00136 -0.00104343 0)
(1.002 -0.00126766 0)
(1.00274 -0.00149103 0)
(1.00359 -0.00171421 0)
(1.00453 -0.0019377 0)
(1.00555 -0.0021619 0)
(1.00667 -0.00238709 0)
(1.00787 -0.00261344 0)
(1.00914 -0.00284104 0)
(1.01049 -0.00306988 0)
(1.01191 -0.00329988 0)
(1.0134 -0.00353088 0)
(1.01495 -0.00376265 0)
(1.01656 -0.00399491 0)
(1.01822 -0.00422735 0)
(1.01994 -0.00445957 0)
(1.02171 -0.00469112 0)
(1.02353 -0.00492146 0)
(1.02538 -0.00514989 0)
(1.02728 -0.00537541 0)
(1.02921 -0.00559644 0)
(1.03117 -0.00581037 0)
(1.03315 -0.00601264 0)
(1.03516 -0.00619519 0)
(1.03717 -0.00634373 0)
(1.03917 -0.00643242 0)
(1.00001 -0.000141126 0)
(1.00014 -0.000419659 0)
(1.00043 -0.000691598 0)
(1.00083 -0.000959892 0)
(1.00136 -0.00122493 0)
(1.00199 -0.00148818 0)
(1.00274 -0.00175042 0)
(1.00358 -0.00201246 0)
(1.00451 -0.00227487 0)
(1.00554 -0.00253814 0)
(1.00665 -0.00280258 0)
(1.00785 -0.00306842 0)
(1.00912 -0.00333574 0)
(1.01046 -0.00360454 0)
(1.01188 -0.00387472 0)
(1.01336 -0.00414611 0)
(1.01491 -0.00441843 0)
(1.01652 -0.00469136 0)
(1.01818 -0.00496452 0)
(1.0199 -0.00523744 0)
(1.02166 -0.00550961 0)
(1.02348 -0.00578038 0)
(1.02533 -0.00604893 0)
(1.02723 -0.00631408 0)
(1.02915 -0.00657398 0)
(1.03111 -0.00682558 0)
(1.0331 -0.00706353 0)
(1.0351 -0.0072784 0)
(1.03711 -0.00745355 0)
(1.03911 -0.00755881 0)
(1.00001 -0.000161752 0)
(1.00014 -0.000480882 0)
(1.00043 -0.000792579 0)
(1.00083 -0.00110003 0)
(1.00135 -0.00140377 0)
(1.00199 -0.00170548 0)
(1.00273 -0.00200604 0)
(1.00357 -0.00230638 0)
(1.0045 -0.00260717 0)
(1.00552 -0.00290896 0)
(1.00663 -0.00321213 0)
(1.00782 -0.00351691 0)
(1.00909 -0.00382344 0)
(1.01043 -0.00413169 0)
(1.01184 -0.00444156 0)
(1.01332 -0.00475284 0)
(1.01487 -0.00506523 0)
(1.01647 -0.00537835 0)
(1.01813 -0.00569177 0)
(1.01985 -0.00600496 0)
(1.02161 -0.00631731 0)
(1.02342 -0.00662809 0)
(1.02527 -0.00693636 0)
(1.02716 -0.00724075 0)
(1.02909 -0.00753916 0)
(1.03105 -0.00782807 0)
(1.03303 -0.00810139 0)
(1.03503 -0.00834834 0)
(1.03704 -0.00854992 0)
(1.03904 -0.00867172 0)
(1.00001 -0.000182067 0)
(1.00014 -0.000541178 0)
(1.00042 -0.000892038 0)
(1.00083 -0.00123805 0)
(1.00135 -0.00157993 0)
(1.00198 -0.00191951 0)
(1.00272 -0.00225783 0)
(1.00355 -0.00259592 0)
(1.00448 -0.00293454 0)
(1.0055 -0.00327431 0)
(1.00661 -0.00361566 0)
(1.00779 -0.00395887 0)
(1.00906 -0.00430407 0)
(1.0104 -0.00465126 0)
(1.01181 -0.00500031 0)
(1.01328 -0.00535099 0)
(1.01482 -0.00570298 0)
(1.01642 -0.00605583 0)
(1.01808 -0.00640906 0)
(1.01979 -0.00676207 0)
(1.02155 -0.00711419 0)
(1.02336 -0.00746458 0)
(1.02521 -0.00781216 0)
(1.02709 -0.00815542 0)
(1.02902 -0.00849197 0)
(1.03097 -0.00881788 0)
(1.03295 -0.00912627 0)
(1.03495 -0.00940503 0)
(1.03696 -0.00963289 0)
(1.03895 -0.00977117 0)
(1.00001 -0.000202067 0)
(1.00014 -0.00060054 0)
(1.00042 -0.000989958 0)
(1.00082 -0.00137394 0)
(1.00134 -0.00175336 0)
(1.00197 -0.00213025 0)
(1.00271 -0.00250575 0)
(1.00354 -0.00288102 0)
(1.00447 -0.00325692 0)
(1.00548 -0.00363412 0)
(1.00658 -0.00401311 0)
(1.00776 -0.00439421 0)
(1.00902 -0.00477757 0)
(1.01036 -0.00516319 0)
(1.01176 -0.00555092 0)
(1.01323 -0.00594053 0)
(1.01477 -0.00633163 0)
(1.01637 -0.00672375 0)
(1.01802 -0.00711635 0)
(1.01972 -0.00750876 0)
(1.02148 -0.00790022 0)
(1.02328 -0.00828982 0)
(1.02513 -0.00867634 0)
(1.02702 -0.0090581 0)
(1.02894 -0.00943246 0)
(1.03089 -0.00979503 0)
(1.03287 -0.0101382 0)
(1.03486 -0.0104485 0)
(1.03687 -0.0107025 0)
(1.03886 -0.0108572 0)
(1.00001 -0.00022175 0)
(1.00014 -0.000658957 0)
(1.00042 -0.00108632 0)
(1.00082 -0.00150767 0)
(1.00134 -0.00192405 0)
(1.00196 -0.00233766 0)
(1.00269 -0.00274977 0)
(1.00352 -0.00316166 0)
(1.00445 -0.00357427 0)
(1.00546 -0.00398835 0)
(1.00655 -0.00440444 0)
(1.00773 -0.0048229 0)
(1.00899 -0.00524389 0)
(1.01032 -0.00566742 0)
(1.01172 -0.00609335 0)
(1.01318 -0.00652138 0)
(1.01471 -0.00695113 0)
(1.0163 -0.00738208 0)
(1.01795 -0.0078136 0)
(1.01965 -0.00824499 0)
(1.02141 -0.0086754 0)
(1.02321 -0.00910381 0)
(1.02505 -0.0095289 0)
(1.02693 -0.00994881 0)
(1.02885 -0.0103606 0)
(1.0308 -0.0107596 0)
(1.03277 -0.0111372 0)
(1.03477 -0.0114789 0)
(1.03677 -0.0117588 0)
(1.03876 -0.0119298 0)
(1.00001 -0.000241113 0)
(1.00014 -0.000716422 0)
(1.00042 -0.00118112 0)
(1.00082 -0.00163923 0)
(1.00133 -0.00209197 0)
(1.00195 -0.00254172 0)
(1.00268 -0.00298986 0)
(1.00351 -0.00343779 0)
(1.00443 -0.00388655 0)
(1.00543 -0.00433695 0)
(1.00652 -0.0047896 0)
(1.0077 -0.00524488 0)
(1.00895 -0.00570299 0)
(1.01027 -0.00616392 0)
(1.01167 -0.00662753 0)
(1.01313 -0.00709352 0)
(1.01465 -0.00756145 0)
(1.01624 -0.00803077 0)
(1.01788 -0.00850079 0)
(1.01958 -0.00897074 0)
(1.02133 -0.0094397 0)
(1.02312 -0.00990655 0)
(1.02496 -0.0103699 0)
(1.02684 -0.0108276 0)
(1.02875 -0.0112765 0)
(1.0307 -0.0117115 0)
(1.03267 -0.0121234 0)
(1.03466 -0.0124962 0)
(1.03666 -0.0128018 0)
(1.03865 -0.012989 0)
(1.00001 -0.000260155 0)
(1.00014 -0.00077293 0)
(1.00042 -0.00127434 0)
(1.00081 -0.00176861 0)
(1.00132 -0.00225711 0)
(1.00194 -0.0027424 0)
(1.00267 -0.00322599 0)
(1.00349 -0.00370939 0)
(1.0044 -0.00419373 0)
(1.00541 -0.0046799 0)
(1.00649 -0.00516856 0)
(1.00766 -0.00566013 0)
(1.0089 -0.00615481 0)
(1.01022 -0.00665264 0)
(1.01161 -0.00715345 0)
(1.01307 -0.00765691 0)
(1.01459 -0.00816256 0)
(1.01617 -0.0086698 0)
(1.0178 -0.0091779 0)
(1.0195 -0.00968601 0)
(1.02124 -0.0101931 0)
(1.02303 -0.0106981 0)
(1.02486 -0.0111992 0)
(1.02674 -0.0116944 0)
(1.02865 -0.0121802 0)
(1.03059 -0.0126509 0)
(1.03256 -0.0130968 0)
(1.03455 -0.0135004 0)
(1.03655 -0.0138317 0)
(1.03854 -0.014035 0)
(1.00001 -0.000278873 0)
(1.00014 -0.000828475 0)
(1.00041 -0.00136598 0)
(1.00081 -0.00189578 0)
(1.00132 -0.00241944 0)
(1.00193 -0.00293968 0)
(1.00265 -0.00345813 0)
(1.00347 -0.00397643 0)
(1.00438 -0.00449578 0)
(1.00538 -0.00501716 0)
(1.00646 -0.00554128 0)
(1.00762 -0.00606859 0)
(1.00886 -0.00659934 0)
(1.01017 -0.00713355 0)
(1.01155 -0.00767106 0)
(1.013 -0.00821152 0)
(1.01451 -0.00875443 0)
(1.01609 -0.00929916 0)
(1.01772 -0.00984491 0)
(1.01941 -0.0103908 0)
(1.02115 -0.0109357 0)
(1.02293 -0.0114783 0)
(1.02476 -0.012017 0)
(1.02663 -0.0125493 0)
(1.02854 -0.0130717 0)
(1.03048 -0.0135779 0)
(1.03244 -0.0140574 0)
(1.03443 -0.0144917 0)
(1.03643 -0.0148484 0)
(1.03841 -0.0150677 0)
(1.00001 -0.000297266 0)
(1.00014 -0.000883054 0)
(1.00041 -0.00145602 0)
(1.0008 -0.00202075 0)
(1.00131 -0.00257896 0)
(1.00192 -0.00313355 0)
(1.00264 -0.00368627 0)
(1.00345 -0.00423888 0)
(1.00435 -0.00479268 0)
(1.00534 -0.00534871 0)
(1.00642 -0.00590774 0)
(1.00758 -0.00647026 0)
(1.00881 -0.00703655 0)
(1.01011 -0.00760663 0)
(1.01149 -0.00818034 0)
(1.01293 -0.00875732 0)
(1.01444 -0.00933705 0)
(1.01601 -0.00991882 0)
(1.01763 -0.0105018 0)
(1.01931 -0.011085 0)
(1.02105 -0.0116674 0)
(1.02283 -0.0122474 0)
(1.02465 -0.0128232 0)
(1.02652 -0.0133924 0)
(1.02842 -0.0139509 0)
(1.03035 -0.0144924 0)
(1.03232 -0.0150054 0)
(1.0343 -0.0154701 0)
(1.0363 -0.0158521 0)
(1.03828 -0.0160873 0)
(1.00001 -0.000315333 0)
(1.00014 -0.000936665 0)
(1.00041 -0.00154447 0)
(1.0008 -0.0021435 0)
(1.0013 -0.00273566 0)
(1.00191 -0.003324 0)
(1.00262 -0.00391041 0)
(1.00343 -0.00449675 0)
(1.00433 -0.00508441 0)
(1.00531 -0.00567453 0)
(1.00638 -0.00626791 0)
(1.00753 -0.00686511 0)
(1.00876 -0.00746641 0)
(1.01005 -0.00807186 0)
(1.01142 -0.00868128 0)
(1.01286 -0.00929431 0)
(1.01436 -0.00991039 0)
(1.01592 -0.0105288 0)
(1.01754 -0.0111486 0)
(1.01921 -0.0117688 0)
(1.02094 -0.0123882 0)
(1.02272 -0.0130052 0)
(1.02453 -0.0136179 0)
(1.0264 -0.0142236 0)
(1.02829 -0.0148181 0)
(1.03022 -0.0153945 0)
(1.03218 -0.0159407 0)
(1.03416 -0.0164356 0)
(1.03616 -0.0168427 0)
(1.03813 -0.0170937 0)
(1.00001 -0.000333075 0)
(1.00013 -0.000989305 0)
(1.00041 -0.00163132 0)
(1.00079 -0.00226403 0)
(1.00129 -0.00288953 0)
(1.0019 -0.00351102 0)
(1.0026 -0.00413052 0)
(1.00341 -0.00475 0)
(1.0043 -0.00537096 0)
(1.00528 -0.0059946 0)
(1.00634 -0.00662179 0)
(1.00748 -0.00725313 0)
(1.0087 -0.00788891 0)
(1.00999 -0.00852922 0)
(1.01135 -0.00917387 0)
(1.01278 -0.00982247 0)
(1.01428 -0.0104745 0)
(1.01583 -0.011129 0)
(1.01744 -0.0117853 0)
(1.01911 -0.0124421 0)
(1.02083 -0.0130982 0)
(1.0226 -0.0137518 0)
(1.02441 -0.0144011 0)
(1.02627 -0.0150431 0)
(1.02816 -0.0156732 0)
(1.03009 -0.0162842 0)
(1.03204 -0.0168635 0)
(1.03402 -0.0173884 0)
(1.03601 -0.0178204 0)
(1.03798 -0.0180872 0)
(1.00001 -0.00035049 0)
(1.00013 -0.00104097 0)
(1.0004 -0.00171657 0)
(1.00079 -0.00238234 0)
(1.00128 -0.00304056 0)
(1.00188 -0.00369461 0)
(1.00259 -0.0043466 0)
(1.00338 -0.00499865 0)
(1.00427 -0.00565233 0)
(1.00524 -0.00630892 0)
(1.0063 -0.00696937 0)
(1.00743 -0.0076343 0)
(1.00864 -0.00830405 0)
(1.00993 -0.0089787 0)
(1.01128 -0.00965809 0)
(1.0127 -0.0103418 0)
(1.01419 -0.0110292 0)
(1.01573 -0.0117196 0)
(1.01734 -0.0124119 0)
(1.019 -0.0131049 0)
(1.02071 -0.0137973 0)
(1.02247 -0.0144873 0)
(1.02428 -0.0151729 0)
(1.02613 -0.0158508 0)
(1.02802 -0.0165163 0)
(1.02994 -0.0171618 0)
(1.0319 -0.0177737 0)
(1.03387 -0.0183285 0)
(1.03586 -0.0187853 0)
(1.03782 -0.0190677 0)
(1.00001 -0.00036758 0)
(1.00013 -0.00109167 0)
(1.0004 -0.00180021 0)
(1.00078 -0.00249843 0)
(1.00127 -0.00318876 0)
(1.00187 -0.00387475 0)
(1.00257 -0.00455865 0)
(1.00336 -0.00524267 0)
(1.00424 -0.0059285 0)
(1.0052 -0.00661749 0)
(1.00625 -0.00731063 0)
(1.00738 -0.00800862 0)
(1.00858 -0.00871181 0)
(1.00986 -0.0094203 0)
(1.0112 -0.0101339 0)
(1.01262 -0.0108523 0)
(1.01409 -0.0115747 0)
(1.01563 -0.0123004 0)
(1.01723 -0.0130284 0)
(1.01888 -0.0137572 0)
(1.02059 -0.0144856 0)
(1.02235 -0.0152117 0)
(1.02415 -0.0159332 0)
(1.02599 -0.0166468 0)
(1.02788 -0.0173475 0)
(1.02979 -0.0180271 0)
(1.03174 -0.0186716 0)
(1.03371 -0.0192559 0)
(1.03569 -0.0197375 0)
(1.03766 -0.0200354 0)
(1.00001 -0.000384344 0)
(1.00013 -0.0011414 0)
(1.0004 -0.00188226 0)
(1.00077 -0.0026123 0)
(1.00126 -0.00333413 0)
(1.00186 -0.00405147 0)
(1.00255 -0.00476667 0)
(1.00333 -0.00548208 0)
(1.00421 -0.00619948 0)
(1.00516 -0.0069203 0)
(1.00621 -0.00764559 0)
(1.00732 -0.00837609 0)
(1.00852 -0.0091122 0)
(1.00979 -0.00985403 0)
(1.01112 -0.0106014 0)
(1.01253 -0.0113539 0)
(1.014 -0.012111 0)
(1.01553 -0.0128716 0)
(1.01712 -0.0136348 0)
(1.01876 -0.0143991 0)
(1.02046 -0.0151632 0)
(1.02221 -0.015925 0)
(1.02401 -0.0166821 0)
(1.02584 -0.0174311 0)
(1.02772 -0.0181667 0)
(1.02964 -0.0188803 0)
(1.03158 -0.0195571 0)
(1.03354 -0.0201708 0)
(1.03553 -0.0206769 0)
(1.03748 -0.0209903 0)
(1.00001 -0.000400783 0)
(1.00013 -0.00119016 0)
(1.00039 -0.00196271 0)
(1.00077 -0.00272395 0)
(1.00125 -0.00347668 0)
(1.00184 -0.00422475 0)
(1.00253 -0.00497066 0)
(1.0033 -0.00571688 0)
(1.00417 -0.00646527 0)
(1.00512 -0.00721735 0)
(1.00616 -0.00797424 0)
(1.00727 -0.00873672 0)
(1.00845 -0.00950522 0)
(1.00971 -0.0102799 0)
(1.01104 -0.0110605 0)
(1.01244 -0.0118468 0)
(1.0139 -0.0126379 0)
(1.01542 -0.0134331 0)
(1.017 -0.0142311 0)
(1.01864 -0.0150306 0)
(1.02033 -0.01583 0)
(1.02207 -0.0166272 0)
(1.02386 -0.0174197 0)
(1.02569 -0.0182038 0)
(1.02756 -0.0189741 0)
(1.02947 -0.0197214 0)
(1.03141 -0.0204303 0)
(1.03337 -0.0210733 0)
(1.03535 -0.0216038 0)
(1.0373 -0.0219325 0)
(1.00001 -0.000416898 0)
(1.00013 -0.00123796 0)
(1.00039 -0.00204157 0)
(1.00076 -0.00283339 0)
(1.00124 -0.0036164 0)
(1.00183 -0.0043946 0)
(1.00251 -0.00517063 0)
(1.00328 -0.00594707 0)
(1.00414 -0.00672588 0)
(1.00508 -0.00750866 0)
(1.00611 -0.00829659 0)
(1.00721 -0.0090905 0)
(1.00839 -0.00989088 0)
(1.00964 -0.0106979 0)
(1.01096 -0.0115113 0)
(1.01234 -0.0123308 0)
(1.01379 -0.0131556 0)
(1.01531 -0.0139849 0)
(1.01688 -0.0148174 0)
(1.01851 -0.0156517 0)
(1.02019 -0.016486 0)
(1.02192 -0.0173184 0)
(1.02371 -0.018146 0)
(1.02553 -0.018965 0)
(1.0274 -0.0197697 0)
(1.0293 -0.0205505 0)
(1.03123 -0.0212913 0)
(1.03319 -0.0219633 0)
(1.03517 -0.0225182 0)
(1.03711 -0.0228621 0)
(1.00001 -0.000432692 0)
(1.00013 -0.0012848 0)
(1.00039 -0.00211885 0)
(1.00076 -0.00294063 0)
(1.00123 -0.0037533 0)
(1.00181 -0.00456103 0)
(1.00248 -0.00536659 0)
(1.00325 -0.00617267 0)
(1.0041 -0.00698132 0)
(1.00504 -0.00779423 0)
(1.00605 -0.00861265 0)
(1.00715 -0.00943747 0)
(1.00832 -0.0102692 0)
(1.00956 -0.011108 0)
(1.01087 -0.0119537 0)
(1.01224 -0.012806 0)
(1.01369 -0.0136641 0)
(1.01519 -0.0145271 0)
(1.01675 -0.0153936 0)
(1.01837 -0.0162624 0)
(1.02005 -0.0171314 0)
(1.02177 -0.0179986 0)
(1.02355 -0.0188611 0)
(1.02537 -0.0197148 0)
(1.02723 -0.0205536 0)
(1.02912 -0.0213677 0)
(1.03105 -0.0221403 0)
(1.033 -0.0228411 0)
(1.03497 -0.0234201 0)
(1.03691 -0.0237792 0)
(1.00001 -0.000448164 0)
(1.00013 -0.00133068 0)
(1.00038 -0.00219454 0)
(1.00075 -0.00304566 0)
(1.00122 -0.0038874 0)
(1.00179 -0.00472406 0)
(1.00246 -0.00555855 0)
(1.00322 -0.00639368 0)
(1.00406 -0.0072316 0)
(1.00499 -0.00807408 0)
(1.006 -0.00892244 0)
(1.00709 -0.00977762 0)
(1.00824 -0.0106402 0)
(1.00948 -0.0115103 0)
(1.01078 -0.0123879 0)
(1.01214 -0.0132725 0)
(1.01357 -0.0141634 0)
(1.01507 -0.0150596 0)
(1.01662 -0.0159599 0)
(1.01823 -0.0168627 0)
(1.0199 -0.0177661 0)
(1.02162 -0.0186679 0)
(1.02338 -0.0195649 0)
(1.02519 -0.020453 0)
(1.02705 -0.0213259 0)
(1.02894 -0.0221731 0)
(1.03086 -0.0229772 0)
(1.03281 -0.0237067 0)
(1.03478 -0.0243098 0)
(1.03671 -0.0246839 0)
(1.00001 -0.000463318 0)
(1.00013 -0.00137561 0)
(1.00038 -0.00226866 0)
(1.00074 -0.00314851 0)
(1.00121 -0.0040187 0)
(1.00178 -0.00488369 0)
(1.00244 -0.00574652 0)
(1.00319 -0.00661012 0)
(1.00403 -0.00747673 0)
(1.00495 -0.00834822 0)
(1.00594 -0.00922598 0)
(1.00702 -0.010111 0)
(1.00817 -0.0110038 0)
(1.00939 -0.0119048 0)
(1.01068 -0.0128137 0)
(1.01204 -0.0137302 0)
(1.01346 -0.0146535 0)
(1.01494 -0.0155826 0)
(1.01649 -0.0165162 0)
(1.01809 -0.0174527 0)
(1.01974 -0.0183902 0)
(1.02145 -0.0193262 0)
(1.02321 -0.0202576 0)
(1.02502 -0.02118 0)
(1.02686 -0.0220866 0)
(1.02875 -0.0229667 0)
(1.03067 -0.0238022 0)
(1.03261 -0.0245602 0)
(1.03457 -0.0251872 0)
(1.0365 -0.0255762 0)
(1.00001 -0.000478155 0)
(1.00013 -0.00141959 0)
(1.00038 -0.00234122 0)
(1.00073 -0.00324918 0)
(1.0012 -0.00414721 0)
(1.00176 -0.00503994 0)
(1.00241 -0.00593051 0)
(1.00316 -0.006822 0)
(1.00399 -0.00771674 0)
(1.0049 -0.00861668 0)
(1.00589 -0.00952328 0)
(1.00695 -0.0104376 0)
(1.00809 -0.0113602 0)
(1.0093 -0.0122915 0)
(1.01058 -0.0132312 0)
(1.01193 -0.0141791 0)
(1.01334 -0.0151344 0)
(1.01481 -0.016096 0)
(1.01635 -0.0170626 0)
(1.01794 -0.0180325 0)
(1.01958 -0.0190037 0)
(1.02128 -0.0199738 0)
(1.02303 -0.0209393 0)
(1.02483 -0.0218956 0)
(1.02667 -0.0228359 0)
(1.02855 -0.0237487 0)
(1.03046 -0.0246153 0)
(1.0324 -0.0254017 0)
(1.03436 -0.0260525 0)
(1.03628 -0.0264564 0)
(1.00001 -0.000492678 0)
(1.00012 -0.00146264 0)
(1.00037 -0.00241222 0)
(1.00073 -0.00334768 0)
(1.00119 -0.00427296 0)
(1.00174 -0.00519282 0)
(1.00239 -0.00611055 0)
(1.00313 -0.00702935 0)
(1.00395 -0.00795164 0)
(1.00485 -0.00887947 0)
(1.00583 -0.00981436 0)
(1.00688 -0.0107574 0)
(1.00801 -0.0117093 0)
(1.00921 -0.0126704 0)
(1.01048 -0.0136405 0)
(1.01182 -0.0146194 0)
(1.01322 -0.0156061 0)
(1.01468 -0.0165998 0)
(1.0162 -0.017599 0)
(1.01778 -0.018602 0)
(1.01942 -0.0196067 0)
(1.02111 -0.0206105 0)
(1.02285 -0.0216099 0)
(1.02464 -0.0226 0)
(1.02647 -0.0235737 0)
(1.02835 -0.024519 0)
(1.03025 -0.0254168 0)
(1.03218 -0.0262313 0)
(1.03414 -0.0269058 0)
(1.03606 -0.0273245 0)
(1.00001 -0.000506889 0)
(1.00012 -0.00150475 0)
(1.00037 -0.00248167 0)
(1.00072 -0.00344403 0)
(1.00117 -0.00439595 0)
(1.00172 -0.00534235 0)
(1.00236 -0.00628666 0)
(1.00309 -0.00723218 0)
(1.00391 -0.00818147 0)
(1.0048 -0.00913663 0)
(1.00577 -0.0100993 0)
(1.00681 -0.0110706 0)
(1.00793 -0.0120512 0)
(1.00912 -0.0130416 0)
(1.01038 -0.0140416 0)
(1.0117 -0.0150509 0)
(1.01309 -0.0160688 0)
(1.01454 -0.0170942 0)
(1.01605 -0.0181256 0)
(1.01762 -0.0191613 0)
(1.01925 -0.0201992 0)
(1.02093 -0.0212365 0)
(1.02267 -0.0222695 0)
(1.02445 -0.0232932 0)
(1.02627 -0.0243002 0)
(1.02814 -0.025278 0)
(1.03004 -0.0262066 0)
(1.03196 -0.0270491 0)
(1.03392 -0.0277473 0)
(1.03582 -0.0281805 0)
(1.00001 -0.000520791 0)
(1.00012 -0.00154593 0)
(1.00037 -0.00254959 0)
(1.00071 -0.00353823 0)
(1.00116 -0.0045162 0)
(1.0017 -0.00548855 0)
(1.00234 -0.00645885 0)
(1.00306 -0.00743053 0)
(1.00386 -0.00840623 0)
(1.00475 -0.00938817 0)
(1.00571 -0.010378 0)
(1.00674 -0.011377 0)
(1.00785 -0.0123859 0)
(1.00903 -0.0134051 0)
(1.01027 -0.0144345 0)
(1.01158 -0.0154739 0)
(1.01296 -0.0165224 0)
(1.0144 -0.017579 0)
(1.0159 -0.0186423 0)
(1.01746 -0.0197105 0)
(1.01908 -0.0207812 0)
(1.02075 -0.0218517 0)
(1.02247 -0.0229182 0)
(1.02424 -0.0239754 0)
(1.02606 -0.0250154 0)
(1.02792 -0.0260255 0)
(1.02982 -0.0269849 0)
(1.03173 -0.0278553 0)
(1.03369 -0.0285769 0)
(1.03558 -0.0290247 0)
(1.00001 -0.000534388 0)
(1.00012 -0.00158619 0)
(1.00036 -0.00261599 0)
(1.0007 -0.00363031 0)
(1.00115 -0.00463373 0)
(1.00169 -0.00563143 0)
(1.00231 -0.00662714 0)
(1.00303 -0.00762441 0)
(1.00382 -0.00862597 0)
(1.00469 -0.00963414 0)
(1.00564 -0.0106506 0)
(1.00667 -0.0116768 0)
(1.00776 -0.0127134 0)
(1.00893 -0.0137609 0)
(1.01016 -0.0148193 0)
(1.01146 -0.0158882 0)
(1.01283 -0.016967 0)
(1.01426 -0.0180545 0)
(1.01575 -0.0191493 0)
(1.01729 -0.0202495 0)
(1.0189 -0.0213528 0)
(1.02056 -0.0224563 0)
(1.02227 -0.0235561 0)
(1.02404 -0.0246465 0)
(1.02585 -0.0257196 0)
(1.0277 -0.0267618 0)
(1.02959 -0.0277518 0)
(1.0315 -0.0286499 0)
(1.03345 -0.0293949 0)
(1.03534 -0.0298572 0)
(1.00001 -0.000547682 0)
(1.00012 -0.00162555 0)
(1.00036 -0.00268087 0)
(1.0007 -0.00372027 0)
(1.00113 -0.00474855 0)
(1.00167 -0.00577103 0)
(1.00229 -0.00679157 0)
(1.00299 -0.00781385 0)
(1.00378 -0.00884071 0)
(1.00464 -0.00987455 0)
(1.00558 -0.0109172 0)
(1.00659 -0.01197 0)
(1.00768 -0.0130338 0)
(1.00883 -0.0141091 0)
(1.01005 -0.015196 0)
(1.01134 -0.016294 0)
(1.01269 -0.0174026 0)
(1.01411 -0.0185206 0)
(1.01559 -0.0196465 0)
(1.01712 -0.0207784 0)
(1.01872 -0.0219141 0)
(1.02037 -0.0230503 0)
(1.02207 -0.0241831 0)
(1.02383 -0.0253067 0)
(1.02563 -0.0264126 0)
(1.02747 -0.0274869 0)
(1.02936 -0.0285075 0)
(1.03126 -0.0294332 0)
(1.03321 -0.0302015 0)
(1.03509 -0.030678 0)
(1.00001 -0.000560677 0)
(1.00012 -0.001664 0)
(1.00035 -0.00274425 0)
(1.00069 -0.00380814 0)
(1.00112 -0.00486068 0)
(1.00165 -0.00590735 0)
(1.00226 -0.00695215 0)
(1.00295 -0.00799888 0)
(1.00373 -0.00905049 0)
(1.00458 -0.0101095 0)
(1.00551 -0.0111777 0)
(1.00652 -0.0122566 0)
(1.00759 -0.0133471 0)
(1.00873 -0.0144497 0)
(1.00994 -0.0155646 0)
(1.01121 -0.0166913 0)
(1.01255 -0.0178292 0)
(1.01396 -0.0189773 0)
(1.01542 -0.0201339 0)
(1.01695 -0.0212973 0)
(1.01853 -0.022465 0)
(1.02017 -0.0236338 0)
(1.02186 -0.0247994 0)
(1.02361 -0.025956 0)
(1.0254 -0.0270947 0)
(1.02724 -0.0282009 0)
(1.02912 -0.029252 0)
(1.03102 -0.0302052 0)
(1.03296 -0.0309966 0)
(1.03483 -0.0314873 0)
(1.00001 -0.000573377 0)
(1.00012 -0.00170155 0)
(1.00035 -0.00280615 0)
(1.00068 -0.00389392 0)
(1.00111 -0.00497015 0)
(1.00163 -0.00604042 0)
(1.00223 -0.00710891 0)
(1.00292 -0.00817953 0)
(1.00368 -0.00925533 0)
(1.00453 -0.0103389 0)
(1.00545 -0.0114322 0)
(1.00644 -0.0125367 0)
(1.0075 -0.0136534 0)
(1.00863 -0.0147828 0)
(1.00982 -0.0159252 0)
(1.01108 -0.0170801 0)
(1.01241 -0.018247 0)
(1.0138 -0.0194247 0)
(1.01525 -0.0206118 0)
(1.01677 -0.0218062 0)
(1.01834 -0.0230056 0)
(1.01996 -0.0242067 0)
(1.02165 -0.0254051 0)
(1.02338 -0.0265945 0)
(1.02517 -0.0277659 0)
(1.027 -0.028904 0)
(1.02887 -0.0299855 0)
(1.03076 -0.0309661 0)
(1.0327 -0.0317806 0)
(1.03457 -0.0322853 0)
(1.00001 -0.000585785 0)
(1.00011 -0.00173822 0)
(1.00035 -0.00286657 0)
(1.00067 -0.00397764 0)
(1.00109 -0.00507696 0)
(1.00161 -0.00617027 0)
(1.0022 -0.00726188 0)
(1.00288 -0.00835583 0)
(1.00364 -0.00945527 0)
(1.00447 -0.0105629 0)
(1.00538 -0.0116807 0)
(1.00636 -0.0128103 0)
(1.0074 -0.0139526 0)
(1.00852 -0.0151084 0)
(1.0097 -0.0162778 0)
(1.01095 -0.0174605 0)
(1.01227 -0.0186559 0)
(1.01364 -0.0198628 0)
(1.01508 -0.0210799 0)
(1.01658 -0.0223052 0)
(1.01814 -0.0235361 0)
(1.01976 -0.0247692 0)
(1.02143 -0.0260001 0)
(1.02315 -0.0272223 0)
(1.02493 -0.0284263 0)
(1.02675 -0.0295963 0)
(1.02862 -0.0307082 0)
(1.03051 -0.0317161 0)
(1.03244 -0.0325535 0)
(1.0343 -0.033072 0)
(1.00001 -0.000597906 0)
(1.00011 -0.00177402 0)
(1.00034 -0.00292552 0)
(1.00066 -0.00405931 0)
(1.00108 -0.00518115 0)
(1.00158 -0.00629692 0)
(1.00217 -0.00741109 0)
(1.00284 -0.00852781 0)
(1.00359 -0.00965035 0)
(1.00441 -0.0107815 0)
(1.00531 -0.0119233 0)
(1.00627 -0.0130774 0)
(1.00731 -0.014245 0)
(1.00841 -0.0154266 0)
(1.00958 -0.0166225 0)
(1.01082 -0.0178325 0)
(1.01212 -0.019056 0)
(1.01348 -0.0202918 0)
(1.01491 -0.0215386 0)
(1.01639 -0.0227942 0)
(1.01794 -0.0240563 0)
(1.01954 -0.0253213 0)
(1.0212 -0.0265846 0)
(1.02292 -0.0278394 0)
(1.02469 -0.029076 0)
(1.0265 -0.0302779 0)
(1.02836 -0.0314201 0)
(1.03024 -0.0324553 0)
(1.03218 -0.0333156 0)
(1.03402 -0.0338478 0)
(1.00001 -0.000609744 0)
(1.00011 -0.00180894 0)
(1.00034 -0.00298303 0)
(1.00065 -0.00413894 0)
(1.00107 -0.00528273 0)
(1.00156 -0.00642039 0)
(1.00214 -0.00755656 0)
(1.0028 -0.00869551 0)
(1.00354 -0.00984062 0)
(1.00435 -0.0109947 0)
(1.00524 -0.01216 0)
(1.00619 -0.0133382 0)
(1.00721 -0.0145304 0)
(1.0083 -0.0157374 0)
(1.00946 -0.0169594 0)
(1.01068 -0.0181962 0)
(1.01197 -0.0194473 0)
(1.01332 -0.0207116 0)
(1.01473 -0.0219876 0)
(1.0162 -0.0232735 0)
(1.01773 -0.0245664 0)
(1.01933 -0.025863 0)
(1.02098 -0.0271586 0)
(1.02268 -0.028446 0)
(1.02444 -0.0297151 0)
(1.02625 -0.0309489 0)
(1.0281 -0.0321216 0)
(1.02997 -0.0331839 0)
(1.0319 -0.034067 0)
(1.03374 -0.0346127 0)
(1.00001 -0.000621302 0)
(1.00011 -0.001843 0)
(1.00033 -0.0030391 0)
(1.00064 -0.00421655 0)
(1.00105 -0.00538171 0)
(1.00154 -0.00654071 0)
(1.00211 -0.00769834 0)
(1.00277 -0.00885897 0)
(1.00349 -0.0100261 0)
(1.00429 -0.0112026 0)
(1.00516 -0.0123909 0)
(1.0061 -0.0135926 0)
(1.00711 -0.014809 0)
(1.00819 -0.0160408 0)
(1.00933 -0.0172885 0)
(1.01054 -0.0185517 0)
(1.01181 -0.01983 0)
(1.01315 -0.0211223 0)
(1.01454 -0.0224273 0)
(1.016 -0.0237428 0)
(1.01752 -0.0250664 0)
(1.0191 -0.0263945 0)
(1.02074 -0.0277221 0)
(1.02244 -0.029042 0)
(1.02418 -0.0303437 0)
(1.02598 -0.0316094 0)
(1.02783 -0.0328126 0)
(1.0297 -0.0339022 0)
(1.03163 -0.0348079 0)
(1.03345 -0.035367 0)
(1.00001 -0.000632587 0)
(1.00011 -0.00187622 0)
(1.00033 -0.00309374 0)
(1.00064 -0.00429216 0)
(1.00104 -0.00547814 0)
(1.00152 -0.0066579 0)
(1.00208 -0.00783644 0)
(1.00273 -0.00901822 0)
(1.00344 -0.0102068 0)
(1.00423 -0.0114053 0)
(1.00509 -0.012616 0)
(1.00602 -0.0138407 0)
(1.00701 -0.0150808 0)
(1.00808 -0.016337 0)
(1.00921 -0.0176098 0)
(1.0104 -0.0188989 0)
(1.01166 -0.020204 0)
(1.01298 -0.021524 0)
(1.01436 -0.0228574 0)
(1.0158 -0.0242025 0)
(1.01731 -0.0255564 0)
(1.01888 -0.0269156 0)
(1.0205 -0.0282752 0)
(1.02219 -0.0296276 0)
(1.02392 -0.0309619 0)
(1.02571 -0.0322596 0)
(1.02755 -0.0334935 0)
(1.02942 -0.0346103 0)
(1.03134 -0.0355386 0)
(1.03316 -0.0361108 0)
(1.00001 -0.000643601 0)
(1.00011 -0.00190858 0)
(1.00032 -0.00314696 0)
(1.00063 -0.00436578 0)
(1.00102 -0.00557201 0)
(1.0015 -0.006772 0)
(1.00205 -0.0079709 0)
(1.00268 -0.0091733 0)
(1.00339 -0.0103829 0)
(1.00417 -0.0116028 0)
(1.00501 -0.0128354 0)
(1.00593 -0.0140827 0)
(1.00691 -0.0153459 0)
(1.00796 -0.016626 0)
(1.00908 -0.0179234 0)
(1.01025 -0.019238 0)
(1.0115 -0.0205694 0)
(1.0128 -0.0219166 0)
(1.01417 -0.0232783 0)
(1.0156 -0.0246524 0)
(1.01709 -0.0260364 0)
(1.01864 -0.0274266 0)
(1.02026 -0.0288179 0)
(1.02193 -0.0302027 0)
(1.02366 -0.0315697 0)
(1.02544 -0.0328997 0)
(1.02727 -0.0341643 0)
(1.02913 -0.0353085 0)
(1.03106 -0.0362593 0)
(1.03286 -0.0368445 0)
(1.00001 -0.000654349 0)
(1.00011 -0.00194012 0)
(1.00032 -0.00319879 0)
(1.00062 -0.00443743 0)
(1.00101 -0.00566336 0)
(1.00147 -0.00688303 0)
(1.00202 -0.00810176 0)
(1.00264 -0.00932424 0)
(1.00334 -0.0105543 0)
(1.0041 -0.0117951 0)
(1.00494 -0.0130491 0)
(1.00584 -0.0143184 0)
(1.00681 -0.0156043 0)
(1.04137 -0.000594745 1.05916e-21)
(1.04353 -0.000590446 9.87706e-22)
(1.04575 -0.000586292 6.4002e-22)
(1.04804 -0.000581949 2.12139e-21)
(1.05039 -0.000577263 -2.48928e-22)
(1.0528 -0.000572193 -1.0837e-21)
(1.05529 -0.000566723 -2.3474e-21)
(1.05783 -0.000560858 6.10884e-22)
(1.06044 -0.000554614 -1.64333e-21)
(1.06312 -0.000548015 3.55314e-22)
(1.06586 -0.000541094 -4.28595e-22)
(1.06867 -0.000533885 4.86854e-22)
(1.07154 -0.000526432 9.37743e-22)
(1.07448 -0.000518779 -3.22589e-22)
(1.07748 -0.000510974 -1.44015e-21)
(1.08054 -0.00050307 2.17358e-21)
(1.08366 -0.000495118 -7.59867e-22)
(1.08685 -0.000487171 -1.37452e-21)
(1.0901 -0.000479282 5.59031e-23)
(1.09341 -0.000471499 1.03837e-21)
(1.09678 -0.000463869 1.71849e-21)
(1.10021 -0.000456432 4.99788e-22)
(1.1037 -0.000449223 -8.22123e-23)
(1.10724 -0.000442265 -4.54098e-22)
(1.11084 -0.000435578 6.06342e-22)
(1.04136 -0.00178374 6.94019e-22)
(1.04352 -0.00177389 -2.45816e-21)
(1.04574 -0.00176388 -2.90557e-21)
(1.04802 -0.00175305 -2.12556e-22)
(1.05037 -0.00174104 -1.59089e-21)
(1.05279 -0.00172774 1.22865e-21)
(1.05527 -0.00171311 1.09076e-22)
(1.05781 -0.00169715 2.18759e-21)
(1.06043 -0.0016799 -5.4946e-22)
(1.0631 -0.00166143 2.1842e-21)
(1.06585 -0.00164184 -3.72712e-21)
(1.06865 -0.00162121 -3.60572e-22)
(1.07153 -0.00159968 -3.65647e-22)
(1.07446 -0.00157737 -6.8703e-23)
(1.07746 -0.00155443 2.79049e-21)
(1.08053 -0.001531 -3.00691e-21)
(1.08365 -0.00150725 3.35077e-21)
(1.08684 -0.00148334 -2.36319e-22)
(1.09009 -0.00145942 -8.60087e-22)
(1.0934 -0.00143564 -1.96115e-21)
(1.09677 -0.00141215 -3.4972e-22)
(1.1002 -0.00138907 -1.58598e-21)
(1.10369 -0.00136652 1.57389e-23)
(1.10724 -0.00134458 -3.25583e-23)
(1.11084 -0.00132331 -6.2721e-22)
(1.04133 -0.0029616 -3.32569e-21)
(1.04349 -0.00294755 5.43824e-21)
(1.04571 -0.0029325 2.50286e-21)
(1.04799 -0.00291573 -2.7488e-21)
(1.05034 -0.0028968 -7.48432e-22)
(1.05275 -0.0028756 1.75869e-21)
(1.05523 -0.00285206 -2.83268e-21)
(1.05778 -0.00282622 2.20854e-21)
(1.06039 -0.00279815 6.58334e-21)
(1.06307 -0.00276795 -1.60794e-21)
(1.06581 -0.00273578 -1.28481e-22)
(1.06862 -0.0027018 -1.47066e-22)
(1.0715 -0.00266621 -1.98209e-21)
(1.07443 -0.00262924 -1.73183e-21)
(1.07744 -0.00259113 -4.17847e-21)
(1.0805 -0.00255212 2.71397e-21)
(1.08363 -0.00251249 1.92655e-21)
(1.08682 -0.0024725 3.64857e-21)
(1.09007 -0.00243242 1.17042e-21)
(1.09339 -0.00239251 1.47882e-21)
(1.09676 -0.00235301 1.40666e-21)
(1.10019 -0.00231413 2.61575e-21)
(1.10368 -0.00227608 -9.78827e-24)
(1.10723 -0.00223899 1.82849e-21)
(1.11084 -0.00220299 8.81574e-22)
(1.0413 -0.00412694 -2.94208e-21)
(1.04345 -0.00410914 -1.01575e-20)
(1.04566 -0.00408923 -1.25998e-21)
(1.04795 -0.00406651 4.6186e-21)
(1.05029 -0.00404056 -1.6396e-21)
(1.05271 -0.00401132 -2.75923e-21)
(1.05519 -0.00397875 -9.95606e-22)
(1.05773 -0.0039429 -4.99514e-21)
(1.06035 -0.00390389 -7.96801e-21)
(1.06303 -0.00386187 -1.4251e-21)
(1.06577 -0.00381704 3.96358e-21)
(1.06858 -0.00376966 1.16441e-21)
(1.07146 -0.00372 3.74122e-21)
(1.0744 -0.00366837 1.98983e-21)
(1.0774 -0.0036151 3.15009e-21)
(1.08047 -0.00356056 1.15423e-21)
(1.0836 -0.0035051 -6.47535e-21)
(1.08679 -0.00344911 1.39763e-22)
(1.09005 -0.00339296 -2.92402e-21)
(1.09336 -0.00333702 -3.84698e-21)
(1.09674 -0.00328161 -1.92721e-21)
(1.10017 -0.00322707 1.71306e-21)
(1.10367 -0.00317363 -1.51644e-21)
(1.10722 -0.00312153 2.14791e-21)
(1.11083 -0.00307092 -1.09563e-21)
(1.04125 -0.00527947 2.64795e-21)
(1.0434 -0.00525834 1.37597e-20)
(1.04561 -0.00523386 5.88614e-21)
(1.04789 -0.00520534 1.15499e-23)
(1.05024 -0.00517246 8.99858e-21)
(1.05265 -0.00513521 5.7997e-21)
(1.05513 -0.00509362 7.29131e-21)
(1.05767 -0.00504777 -3.685e-21)
(1.06029 -0.00499782 -1.47825e-21)
(1.06297 -0.00494399 1.86322e-21)
(1.06571 -0.00488655 4.00563e-21)
(1.06853 -0.0048258 5.82937e-22)
(1.0714 -0.00476212 -6.66475e-21)
(1.07435 -0.0046959 4.42979e-21)
(1.07735 -0.00462756 2.36649e-21)
(1.08042 -0.00455756 -5.49736e-21)
(1.08356 -0.00448638 3.54505e-21)
(1.08675 -0.0044145 -3.08319e-21)
(1.09001 -0.00434239 7.05782e-21)
(1.09333 -0.00427053 3.51659e-21)
(1.09671 -0.00419935 2.27521e-21)
(1.10015 -0.00412923 -3.68284e-21)
(1.10365 -0.00406053 2.03275e-21)
(1.10721 -0.00399352 7.38798e-22)
(1.11082 -0.0039284 6.67804e-22)
(1.0412 -0.00641898 -2.85301e-21)
(1.04334 -0.0063949 -6.56556e-21)
(1.04555 -0.0063662 -2.96238e-21)
(1.04782 -0.00633215 1.40302e-21)
(1.05017 -0.00629253 2.48963e-21)
(1.05258 -0.00624743 -1.09867e-21)
(1.05506 -0.00619694 5.14463e-21)
(1.0576 -0.0061412 6.89504e-21)
(1.06022 -0.00608042 -2.25932e-21)
(1.0629 -0.00601488 -1.71081e-21)
(1.06565 -0.00594492 -1.05251e-21)
(1.06846 -0.00587092 4.28123e-22)
(1.07134 -0.00579332 -1.79458e-21)
(1.07429 -0.00571262 -3.29117e-21)
(1.0773 -0.00562933 -2.22817e-21)
(1.08037 -0.00554401 -5.13706e-21)
(1.08351 -0.00545723 -6.07853e-21)
(1.08671 -0.00536958 4.37649e-22)
(1.08997 -0.00528165 -2.0407e-21)
(1.0933 -0.00519399 2.98323e-22)
(1.09668 -0.00510714 -2.60248e-21)
(1.10013 -0.00502157 4.58317e-21)
(1.10363 -0.0049377 -3.95246e-21)
(1.10719 -0.00485587 -6.62202e-21)
(1.11081 -0.00477631 -1.94585e-21)
(1.04113 -0.0075453 1.29758e-20)
(1.04327 -0.00751857 -3.78522e-21)
(1.04547 -0.00748595 3.65485e-21)
(1.04774 -0.00744664 -4.25635e-21)
(1.05009 -0.0074005 -8.87715e-21)
(1.0525 -0.00734775 -1.19357e-20)
(1.05498 -0.00728852 -1.66344e-20)
(1.05752 -0.00722303 -3.10127e-21)
(1.06014 -0.00715156 6.21332e-21)
(1.06282 -0.00707445 4.16076e-21)
(1.06557 -0.00699211 -7.11397e-21)
(1.06839 -0.006905 1.05807e-22)
(1.07127 -0.00681364 1.29436e-21)
(1.07422 -0.00671861 -5.63755e-22)
(1.07723 -0.00662052 4.31804e-22)
(1.08031 -0.00652002 6.52733e-21)
(1.08345 -0.0064178 -8.39343e-22)
(1.08666 -0.00631454 -5.23463e-21)
(1.08993 -0.00621093 2.77253e-21)
(1.09326 -0.00610762 6.3129e-21)
(1.09665 -0.00600524 -1.4111e-21)
(1.1001 -0.00590434 -3.58522e-21)
(1.10361 -0.00580542 1.08298e-21)
(1.10718 -0.00570886 1.84402e-21)
(1.1108 -0.00561496 2.07373e-21)
(1.04105 -0.00865834 -8.93421e-21)
(1.04319 -0.00862916 2.0253e-21)
(1.04539 -0.0085929 -2.19115e-20)
(1.04766 -0.00854856 1.69476e-21)
(1.05 -0.00849613 -4.44533e-21)
(1.05241 -0.00843593 6.74413e-21)
(1.05489 -0.00836816 1.18287e-20)
(1.05743 -0.0082931 1.6798e-22)
(1.06005 -0.00821111 6.32765e-21)
(1.06273 -0.0081226 -4.67451e-21)
(1.06549 -0.00802805 -2.35341e-21)
(1.0683 -0.00792799 -2.35451e-21)
(1.07119 -0.00782304 7.31876e-21)
(1.07414 -0.00771385 3.85988e-21)
(1.07716 -0.00760114 -5.73389e-21)
(1.08024 -0.00748565 7.95728e-21)
(1.08339 -0.00736816 1.1693e-20)
(1.0866 -0.00724947 4.78606e-21)
(1.08987 -0.00713035 -8.6854e-21)
(1.09321 -0.00701156 -6.39006e-21)
(1.09661 -0.0068938 9.07457e-21)
(1.10007 -0.00677773 -3.81549e-21)
(1.10358 -0.00666388 2.70085e-21)
(1.10716 -0.00655272 4.44234e-21)
(1.11079 -0.00644457 1.52142e-21)
(1.04097 -0.00975804 -5.55938e-21)
(1.0431 -0.00972659 -3.51104e-21)
(1.0453 -0.00968691 2.61555e-20)
(1.04756 -0.00963778 1.86353e-21)
(1.0499 -0.00957929 -8.47125e-21)
(1.05231 -0.00951185 1.4623e-20)
(1.05479 -0.00943574 7.2983e-21)
(1.05733 -0.00935132 9.92623e-21)
(1.05995 -0.009259 -3.79128e-21)
(1.06264 -0.00915928 3.42313e-21)
(1.06539 -0.00905271 7.50554e-21)
(1.06821 -0.0089399 1.82645e-21)
(1.0711 -0.00882155 -7.68815e-22)
(1.07406 -0.0086984 1.89228e-21)
(1.07708 -0.00857127 8.2248e-21)
(1.08017 -0.00844099 -6.60823e-21)
(1.08332 -0.00830845 -8.27263e-21)
(1.08654 -0.00817452 5.84139e-21)
(1.08982 -0.00804009 2.63833e-21)
(1.09316 -0.007906 -3.1961e-21)
(1.09656 -0.00777305 -4.49765e-21)
(1.10003 -0.00764195 6.89833e-21)
(1.10355 -0.00751333 3.54117e-21)
(1.10714 -0.00738769 -8.57165e-21)
(1.11077 -0.0072654 -5.20574e-21)
(1.04087 -0.0108444 2.25284e-21)
(1.04301 -0.0108108 6.81392e-21)
(1.0452 -0.0107679 4.35472e-21)
(1.04746 -0.0107142 -4.24993e-21)
(1.0498 -0.0106499 4.31579e-21)
(1.0522 -0.0105754 -7.95738e-21)
(1.05468 -0.0104912 -1.85352e-20)
(1.05723 -0.0103976 -9.39999e-21)
(1.05985 -0.0102952 4.68048e-21)
(1.06253 -0.0101845 -1.05419e-21)
(1.06529 -0.0100661 -7.58464e-21)
(1.06812 -0.00994076 1.94374e-21)
(1.07101 -0.00980923 -1.71485e-21)
(1.07397 -0.00967235 -5.64787e-21)
(1.077 -0.00953102 5.73382e-21)
(1.08009 -0.00938618 7.38134e-22)
(1.08325 -0.0092388 -1.08e-21)
(1.08647 -0.00908985 -7.47545e-22)
(1.08976 -0.00894032 -4.06895e-21)
(1.09311 -0.00879114 -1.90298e-21)
(1.09652 -0.00864318 -2.93479e-22)
(1.09999 -0.00849724 -2.4419e-21)
(1.10352 -0.00835401 -4.75005e-21)
(1.10711 -0.00821403 5.61345e-21)
(1.11076 -0.00807771 -2.53174e-22)
(1.04077 -0.0119175 1.21983e-21)
(1.0429 -0.0118818 -9.76811e-21)
(1.04509 -0.0118359 -2.31426e-20)
(1.04735 -0.0117778 6.53038e-21)
(1.04968 -0.0117079 1.47383e-21)
(1.05209 -0.0116266 2.19448e-21)
(1.05457 -0.0115345 -1.10259e-20)
(1.05712 -0.011432 -1.54446e-20)
(1.05973 -0.0113197 1.27573e-20)
(1.06242 -0.0111982 -2.00085e-20)
(1.06518 -0.0110683 1.577e-20)
(1.06801 -0.0109306 -9.04394e-21)
(1.07091 -0.0107862 -4.51273e-22)
(1.07387 -0.0106358 -5.98247e-21)
(1.07691 -0.0104805 -6.86733e-21)
(1.08 -0.0103213 -4.82896e-21)
(1.08317 -0.0101594 1.92104e-21)
(1.0864 -0.00999563 -1.26201e-21)
(1.08969 -0.00983123 -2.45336e-21)
(1.09305 -0.00966717 -2.75703e-21)
(1.09647 -0.00950441 3.35003e-21)
(1.09995 -0.00934382 7.59901e-21)
(1.10349 -0.00918613 -1.27682e-21)
(1.10709 -0.00903196 6.74996e-21)
(1.11075 -0.00888174 4.33265e-21)
(1.04066 -0.0129773 2.21634e-20)
(1.04279 -0.0129397 -7.85161e-21)
(1.04497 -0.0128909 5.6999e-21)
(1.04723 -0.0128286 1.23048e-20)
(1.04956 -0.0127533 9.40893e-21)
(1.05197 -0.0126655 -1.36172e-21)
(1.05445 -0.0125657 2.51002e-20)
(1.057 -0.0124545 1.62169e-20)
(1.05962 -0.0123325 -1.29726e-20)
(1.06231 -0.0122005 -1.29732e-21)
(1.06507 -0.0120592 -1.59816e-20)
(1.0679 -0.0119095 3.79676e-21)
(1.0708 -0.0117524 9.17004e-21)
(1.07377 -0.0115888 -1.20347e-20)
(1.07681 -0.0114198 1.35582e-21)
(1.07991 -0.0112466 1.76579e-20)
(1.08309 -0.0110703 -1.40345e-21)
(1.08632 -0.010892 -5.78211e-22)
(1.08962 -0.010713 9.01504e-21)
(1.09299 -0.0105343 9.38577e-21)
(1.09642 -0.0103569 2.08963e-21)
(1.09991 -0.0101819 -8.03545e-21)
(1.10346 -0.0100099 -4.54697e-21)
(1.10707 -0.0098417 -7.69932e-21)
(1.11073 -0.00967772 -5.78192e-21)
(1.04054 -0.0140238 -1.31951e-20)
(1.04267 -0.0139844 1.08208e-20)
(1.04485 -0.013933 1.31957e-20)
(1.0471 -0.0138666 -6.54331e-21)
(1.04944 -0.013786 1.02329e-20)
(1.05184 -0.0136919 -9.29471e-21)
(1.05432 -0.0135847 -1.09739e-20)
(1.05687 -0.013465 1.05176e-20)
(1.05949 -0.0133337 -7.50257e-21)
(1.06219 -0.0131914 4.62862e-21)
(1.06495 -0.0130391 -1.0101e-20)
(1.06779 -0.0128776 7.02911e-21)
(1.07069 -0.012708 -3.40029e-21)
(1.07367 -0.0125315 9.61893e-21)
(1.07671 -0.0123491 6.05848e-21)
(1.07982 -0.0121621 -8.01416e-21)
(1.083 -0.0119717 -3.71391e-21)
(1.08624 -0.0117792 -9.68792e-21)
(1.08955 -0.0115858 -2.96746e-21)
(1.09293 -0.0113927 -1.96086e-21)
(1.09636 -0.011201 -1.16881e-21)
(1.09986 -0.0110116 9.1344e-21)
(1.10342 -0.0108256 5.35986e-21)
(1.10704 -0.0106435 -4.77894e-21)
(1.11072 -0.0104659 4.76709e-21)
(1.04041 -0.0150573 -2.09448e-20)
(1.04254 -0.015016 1.84146e-20)
(1.04471 -0.0149621 -7.40165e-21)
(1.04697 -0.0148918 -2.32896e-20)
(1.0493 -0.0148063 -1.82552e-20)
(1.05171 -0.014706 -8.32456e-21)
(1.05419 -0.0145916 -7.35353e-22)
(1.05674 -0.0144637 5.56324e-21)
(1.05936 -0.0143232 1.3467e-21)
(1.06206 -0.014171 1.4351e-20)
(1.06483 -0.0140078 2.57285e-21)
(1.06767 -0.0138349 8.80961e-22)
(1.07058 -0.0136532 -3.75281e-21)
(1.07356 -0.013464 2.13591e-20)
(1.0766 -0.0132684 -1.84553e-20)
(1.07972 -0.0130679 -1.63923e-21)
(1.08291 -0.0128638 1.07431e-20)
(1.08616 -0.0126573 6.43857e-21)
(1.08948 -0.0124497 1.62573e-21)
(1.09286 -0.0122425 -2.47997e-22)
(1.09631 -0.0120366 8.34591e-22)
(1.09982 -0.0118333 -1.41725e-20)
(1.10339 -0.0116333 -4.9197e-21)
(1.10701 -0.0114375 8.00005e-21)
(1.1107 -0.0112464 6.06083e-21)
(1.04027 -0.0160776 1.51113e-20)
(1.0424 -0.0160346 6.19914e-21)
(1.04458 -0.0159783 -3.5786e-22)
(1.04683 -0.0159044 -8.02292e-21)
(1.04916 -0.015814 4.03409e-21)
(1.05157 -0.0157078 7.19194e-21)
(1.05405 -0.0155864 1.46341e-20)
(1.0566 -0.0154506 -3.98077e-21)
(1.05923 -0.0153013 1.66478e-20)
(1.06193 -0.0151393 -1.80874e-21)
(1.0647 -0.0149656 5.57871e-21)
(1.06754 -0.0147815 7.93818e-22)
(1.07046 -0.0145879 -1.2105e-20)
(1.07344 -0.0143863 -1.50654e-20)
(1.0765 -0.014178 7.80692e-21)
(1.07962 -0.0139643 5.43114e-21)
(1.08281 -0.0137466 -6.18216e-21)
(1.08607 -0.0135264 -8.94891e-21)
(1.0894 -0.0133051 -8.36859e-21)
(1.09279 -0.0130839 -1.29341e-20)
(1.09625 -0.0128642 -5.10031e-21)
(1.09977 -0.012647 8.38825e-21)
(1.10335 -0.0124333 6.01547e-21)
(1.10699 -0.0122239 -4.92697e-21)
(1.11069 -0.0120194 1.35858e-22)
(1.04012 -0.017085 1.0149e-20)
(1.04226 -0.0170402 -1.41377e-20)
(1.04443 -0.0169818 1.6429e-20)
(1.04669 -0.0169043 2.97521e-20)
(1.04902 -0.0168093 -1.65852e-20)
(1.05142 -0.0166974 1.56455e-20)
(1.0539 -0.0165693 -1.73025e-20)
(1.05646 -0.0164258 -9.62713e-21)
(1.05909 -0.0162678 -2.26935e-20)
(1.06179 -0.0160964 2.21204e-20)
(1.06456 -0.0159125 3.41199e-22)
(1.06741 -0.0157175 -1.12744e-20)
(1.07033 -0.0155124 8.64632e-21)
(1.07332 -0.0152988 -1.34712e-21)
(1.07638 -0.0150779 2.26191e-21)
(1.07952 -0.0148513 5.81255e-21)
(1.08272 -0.0146205 1.04147e-20)
(1.08599 -0.0143869 1.18298e-20)
(1.08932 -0.014152 8.97904e-21)
(1.09272 -0.0139172 2.50506e-20)
(1.09619 -0.0136838 3.27107e-21)
(1.09972 -0.013453 -8.45135e-21)
(1.10331 -0.0132258 -1.29302e-21)
(1.10696 -0.013003 4.03609e-21)
(1.11067 -0.0127852 -7.50803e-21)
(1.03997 -0.0180794 -3.45805e-21)
(1.04211 -0.0180331 -3.60579e-21)
(1.04428 -0.0179725 -3.59872e-20)
(1.04653 -0.0178916 -4.78031e-21)
(1.04887 -0.0177922 2.29956e-20)
(1.05127 -0.0176748 -1.56144e-20)
(1.05375 -0.0175402 1.61981e-21)
(1.05631 -0.0173893 5.02536e-21)
(1.05894 -0.017223 1.54112e-20)
(1.06165 -0.0170424 -7.256e-21)
(1.06443 -0.0168487 1.02345e-20)
(1.06728 -0.016643 1.32824e-20)
(1.0702 -0.0164267 -2.05835e-20)
(1.0732 -0.0162013 4.57001e-21)
(1.07627 -0.0159683 4.52418e-21)
(1.07941 -0.0157291 3.15778e-21)
(1.08262 -0.0154854 7.26169e-22)
(1.0859 -0.0152387 6.19937e-21)
(1.08924 -0.0149906 -6.71772e-21)
(1.09265 -0.0147424 -3.88819e-21)
(1.09613 -0.0144956 -7.45328e-21)
(1.09967 -0.0142515 -6.59596e-21)
(1.10328 -0.0140109 8.28143e-21)
(1.10694 -0.0137749 -9.4412e-21)
(1.11066 -0.013544 -1.62208e-21)
(1.03981 -0.019061 -2.6397e-20)
(1.04195 -0.0190131 -1.77379e-20)
(1.04412 -0.0189507 -1.58961e-21)
(1.04638 -0.0188665 1.6548e-21)
(1.04871 -0.0187629 -1.53443e-22)
(1.05112 -0.0186402 2.07398e-20)
(1.0536 -0.0184994 2.16828e-21)
(1.05616 -0.0183413 -1.82661e-20)
(1.05879 -0.0181669 -4.20145e-21)
(1.0615 -0.0179775 -3.06119e-20)
(1.06428 -0.0177741 -2.63313e-21)
(1.06714 -0.0175582 -1.07829e-20)
(1.07007 -0.017331 2.78992e-20)
(1.07308 -0.0170942 -3.66486e-21)
(1.07615 -0.0168493 -9.58207e-21)
(1.0793 -0.0165979 -1.7283e-20)
(1.08252 -0.0163417 -9.96777e-21)
(1.0858 -0.0160822 -2.45998e-21)
(1.08916 -0.0158211 -3.32864e-21)
(1.09258 -0.0155598 -8.5229e-23)
(1.09607 -0.0152999 8.76964e-21)
(1.09962 -0.0150425 8.69853e-21)
(1.10324 -0.0147888 -8.88788e-21)
(1.10692 -0.0145397 3.64222e-21)
(1.11065 -0.0142958 5.86473e-21)
(1.03964 -0.0200298 5.91582e-20)
(1.04178 -0.0199805 4.63574e-22)
(1.04395 -0.0199163 -2.84715e-21)
(1.04621 -0.019829 1.09027e-20)
(1.04854 -0.0197213 -2.47522e-21)
(1.05095 -0.0195936 1.75435e-20)
(1.05344 -0.0194468 -8.29792e-21)
(1.056 -0.0192818 7.92388e-21)
(1.05864 -0.0190997 5.36292e-21)
(1.06135 -0.0189017 3.46742e-20)
(1.06414 -0.018689 1.41324e-20)
(1.067 -0.0184631 1.43806e-20)
(1.06994 -0.0182255 -1.10619e-20)
(1.07295 -0.0179776 -2.26099e-21)
(1.07603 -0.0177212 4.48521e-21)
(1.07919 -0.0174579 1.83806e-20)
(1.08241 -0.0171894 9.4724e-21)
(1.08571 -0.0169174 -2.44217e-21)
(1.08908 -0.0166436 6.68856e-21)
(1.09251 -0.0163696 -1.11039e-20)
(1.09601 -0.0160967 3.29417e-21)
(1.09958 -0.0158264 6.21162e-21)
(1.1032 -0.0155598 -5.72894e-21)
(1.10689 -0.0152977 1.03243e-20)
(1.11064 -0.0150409 -3.39323e-21)
(1.03946 -0.020986 -7.42426e-20)
(1.04161 -0.0209353 -2.27327e-20)
(1.04378 -0.0208696 2.89088e-20)
(1.04604 -0.0207793 6.18906e-21)
(1.04838 -0.0206678 -1.57494e-21)
(1.05079 -0.0205352 -3.75245e-20)
(1.05328 -0.0203826 3.12824e-20)
(1.05584 -0.0202109 -1.75585e-21)
(1.05848 -0.0200214 -3.20559e-20)
(1.0612 -0.0198151 -7.00027e-21)
(1.06399 -0.0195935 -1.39344e-20)
(1.06686 -0.019358 -1.76119e-20)
(1.0698 -0.0191102 1.86546e-20)
(1.07282 -0.0188516 1.9249e-20)
(1.07591 -0.018584 -1.81348e-20)
(1.07908 -0.0183091 -3.0216e-20)
(1.08231 -0.0180287 -1.85215e-21)
(1.08562 -0.0177446 4.50033e-21)
(1.08899 -0.0174584 -1.15473e-20)
(1.09244 -0.0171718 -7.50134e-21)
(1.09595 -0.0168863 -4.42308e-21)
(1.09953 -0.0166033 -1.16408e-20)
(1.10317 -0.0163239 -5.14121e-21)
(1.10687 -0.016049 -3.47462e-21)
(1.11063 -0.0157795 5.28873e-21)
(1.03928 -0.0219297 1.39049e-20)
(1.04143 -0.0218775 2.69006e-20)
(1.0436 -0.0218105 2.21015e-20)
(1.04586 -0.0217173 -2.14235e-20)
(1.0482 -0.0216022 -2.8202e-20)
(1.05062 -0.021465 -1.64621e-20)
(1.05311 -0.0213069 9.04973e-21)
(1.05567 -0.0211289 -7.11834e-21)
(1.05832 -0.0209322 2.00386e-20)
(1.06104 -0.020718 3.14118e-21)
(1.06384 -0.0204878 -4.65775e-21)
(1.06671 -0.020243 8.98869e-21)
(1.06966 -0.0199853 -2.07035e-20)
(1.07269 -0.0197164 -6.57104e-21)
(1.07579 -0.0194379 1.5038e-20)
(1.07896 -0.0191519 2.01029e-20)
(1.08221 -0.0188599 -1.82857e-21)
(1.08552 -0.0185639 -1.3166e-21)
(1.08891 -0.0182657 7.00072e-21)
(1.09237 -0.0179668 1.13556e-20)
(1.09589 -0.0176689 7.51905e-21)
(1.09948 -0.0173733 6.74126e-21)
(1.10313 -0.0170813 1.8357e-21)
(1.10685 -0.0167938 -9.86827e-21)
(1.11062 -0.0165116 -4.47643e-21)
(1.03908 -0.0228608 3.14905e-20)
(1.04125 -0.0228074 -3.25947e-21)
(1.04342 -0.0227392 -1.02748e-20)
(1.04568 -0.0226434 -3.95305e-20)
(1.04802 -0.0225248 2.28383e-20)
(1.05044 -0.0223832 3.22857e-21)
(1.05293 -0.0222199 -2.98276e-20)
(1.05551 -0.0220358 1.53097e-20)
(1.05815 -0.0218322 3.61254e-20)
(1.06088 -0.0216104 -3.14347e-20)
(1.06369 -0.0213719 2.92955e-20)
(1.06657 -0.0211182 2.82236e-21)
(1.06952 -0.020851 -5.54808e-21)
(1.07256 -0.0205721 3.47506e-21)
(1.07566 -0.0202832 1.21565e-20)
(1.07885 -0.0199863 2.76771e-21)
(1.0821 -0.0196831 2.59229e-21)
(1.08543 -0.0193756 -3.01912e-21)
(1.08883 -0.0190656 1.61062e-20)
(1.0923 -0.0187547 6.34681e-21)
(1.09583 -0.0184446 -6.75948e-21)
(1.09944 -0.0181367 -4.94358e-22)
(1.1031 -0.0178322 2.19474e-20)
(1.10683 -0.0175322 1.27513e-20)
(1.11062 -0.0172374 4.77223e-21)
(1.03889 -0.0237796 1.01696e-20)
(1.04105 -0.023725 2.84747e-20)
(1.04323 -0.0236558 -5.72354e-20)
(1.0455 -0.0235574 6.19894e-20)
(1.04784 -0.0234357 -1.62064e-20)
(1.05026 -0.0232899 8.82547e-21)
(1.05276 -0.0231216 -2.12205e-21)
(1.05533 -0.0229317 6.7331e-21)
(1.05799 -0.0227216 -3.74058e-20)
(1.06072 -0.0224925 4.10673e-20)
(1.06353 -0.0222461 -1.20939e-20)
(1.06642 -0.0219839 -3.29758e-20)
(1.06938 -0.0217075 2.18639e-21)
(1.07242 -0.021419 -2.8124e-20)
(1.07554 -0.02112 -9.16227e-21)
(1.07873 -0.0208125 -1.8659e-20)
(1.082 -0.0204985 -6.38028e-21)
(1.08533 -0.0201798 -1.60843e-20)
(1.08874 -0.0198582 -7.08741e-21)
(1.09223 -0.0195356 -5.34532e-21)
(1.09578 -0.0192136 5.09422e-21)
(1.09939 -0.0188935 -7.98875e-21)
(1.10307 -0.0185768 -3.216e-21)
(1.10681 -0.0182644 2.99008e-21)
(1.11061 -0.0179572 -6.79776e-21)
(1.03868 -0.0246861 -4.15664e-20)
(1.04086 -0.0246304 -3.36375e-20)
(1.04303 -0.0245604 1.62754e-21)
(1.0453 -0.0244596 -2.42093e-20)
(1.04765 -0.024335 2.96715e-20)
(1.05007 -0.0241852 4.95892e-21)
(1.05258 -0.0240122 -6.68197e-21)
(1.05516 -0.0238168 -8.59257e-22)
(1.05782 -0.0236005 -2.45389e-21)
(1.06055 -0.0233645 -2.56574e-20)
(1.06337 -0.0231105 -8.89941e-21)
(1.06626 -0.0228401 2.22552e-20)
(1.06924 -0.022555 5.00794e-20)
(1.07228 -0.0222572 5.20375e-20)
(1.07541 -0.0219485 3.60757e-20)
(1.07861 -0.0216309 2.02312e-20)
(1.08189 -0.0213063 -2.03188e-21)
(1.08524 -0.0209766 -8.30923e-23)
(1.08866 -0.0206439 5.81903e-21)
(1.09216 -0.0203098 -7.34246e-21)
(1.09572 -0.019976 -1.11705e-20)
(1.09935 -0.0196441 1.87569e-20)
(1.10304 -0.0193152 1.39219e-21)
(1.1068 -0.0189905 -2.01898e-20)
(1.11061 -0.0186709 5.83205e-21)
(1.03847 -0.0255804 7.76128e-21)
(1.04065 -0.0255237 2.17103e-20)
(1.04283 -0.0254532 4.19978e-20)
(1.04511 -0.0253501 3.24764e-20)
(1.04745 -0.0252227 -3.33054e-20)
(1.04988 -0.0250693 -8.42703e-21)
(1.05239 -0.0248919 1.23986e-20)
(1.05498 -0.0246913 2.66441e-21)
(1.05764 -0.0244691 4.26573e-20)
(1.06038 -0.0242265 4.51091e-20)
(1.06321 -0.0239653 -1.2086e-20)
(1.06611 -0.0236871 5.41551e-21)
(1.06909 -0.0233937 -7.24975e-20)
(1.07215 -0.023087 -2.83912e-20)
(1.07528 -0.0227689 -2.25083e-20)
(1.0785 -0.0224414 -2.12472e-20)
(1.08178 -0.0221066 -1.6146e-20)
(1.08515 -0.0217664 3.79176e-21)
(1.08858 -0.0214228 -3.59554e-21)
(1.09209 -0.0210774 1.64777e-21)
(1.09566 -0.0207321 -1.25036e-20)
(1.09931 -0.0203884 -1.12291e-20)
(1.10302 -0.0200476 -2.54415e-22)
(1.10678 -0.0197108 2.08445e-20)
(1.11061 -0.0193788 -9.16981e-22)
(1.03825 -0.0264627 1.11264e-20)
(1.04044 -0.026405 3.72765e-20)
(1.04262 -0.0263341 1.33684e-20)
(1.0449 -0.026229 5.1938e-21)
(1.04726 -0.0260991 -1.38595e-20)
(1.04969 -0.0259422 3.72772e-21)
(1.0522 -0.0257607 2.63853e-21)
(1.05479 -0.0255553 -1.59162e-20)
(1.05746 -0.0253275 -4.64066e-20)
(1.06021 -0.0250788 5.42948e-21)
(1.06304 -0.0248107 3.18441e-20)
(1.06595 -0.0245251 2.49305e-20)
(1.06894 -0.0242237 3.17087e-20)
(1.07201 -0.0239085 6.35597e-21)
(1.07516 -0.0235814 -2.76845e-20)
(1.07838 -0.0232445 3.15352e-20)
(1.08168 -0.0228998 4.35747e-20)
(1.08505 -0.0225493 1.51321e-20)
(1.0885 -0.022195 -2.29257e-20)
(1.09202 -0.0218387 1.17681e-20)
(1.09561 -0.0214821 2.0125e-20)
(1.09927 -0.0211268 -6.45692e-21)
(1.10299 -0.0207741 -5.11657e-21)
(1.10677 -0.0204252 -6.5097e-21)
(1.11062 -0.020081 7.96853e-21)
(1.03802 -0.0273329 3.53319e-21)
(1.04023 -0.0272745 -4.34742e-20)
(1.04241 -0.0272033 1.83405e-20)
(1.04469 -0.0270963 1.89165e-21)
(1.04705 -0.0269643 3.81996e-20)
(1.04949 -0.0268042 6.22453e-21)
(1.05201 -0.0266189 4.37475e-20)
(1.05461 -0.0264089 3.23026e-20)
(1.05728 -0.026176 -2.49551e-20)
(1.06004 -0.0259214 -4.87315e-20)
(1.06288 -0.025647 5.323e-21)
(1.0658 -0.0253543 -1.54383e-20)
(1.06879 -0.0250453 -3.44367e-20)
(1.07187 -0.024722 -1.90061e-20)
(1.07503 -0.0243863 2.31007e-21)
(1.07826 -0.0240403 -2.57564e-20)
(1.08157 -0.023686 -2.8924e-20)
(1.08496 -0.0233255 -2.02497e-20)
(1.08842 -0.0229608 2.48576e-20)
(1.09196 -0.0225937 -4.26856e-21)
(1.09556 -0.022226 -1.2231e-20)
(1.09923 -0.0218593 -1.51075e-21)
(1.10297 -0.0214949 -9.3187e-21)
(1.10677 -0.021134 2.04982e-21)
(1.11062 -0.0207776 -1.26859e-20)
(1.03779 -0.0281913 4.39931e-21)
(1.04 -0.0281321 2.53733e-20)
(1.04219 -0.028061 -6.38773e-20)
(1.04448 -0.0279523 -6.06618e-20)
(1.04684 -0.0278183 2.56925e-20)
(1.04929 -0.0276553 -3.49411e-20)
(1.05181 -0.0274666 -3.09487e-20)
(1.05442 -0.0272524 -3.23175e-20)
(1.0571 -0.0270147 5.13475e-21)
(1.05987 -0.0267547 2.79382e-20)
(1.06271 -0.0264742 -2.53509e-20)
(1.06564 -0.0261749 -2.12831e-21)
(1.06865 -0.0258588 5.12643e-20)
(1.07173 -0.0255277 -2.20717e-20)
(1.0749 -0.0251837 3.15605e-21)
(1.07815 -0.024829 7.57118e-21)
(1.08147 -0.0244654 -1.50368e-20)
(1.08487 -0.0240953 -5.27304e-21)
(1.08835 -0.0237204 2.94032e-21)
(1.09189 -0.0233428 1.08128e-20)
(1.09551 -0.0229641 -7.20044e-21)
(1.0992 -0.0225861 9.49212e-21)
(1.10295 -0.0222101 1.1635e-20)
(1.10676 -0.0218373 -7.5084e-21)
(1.11063 -0.0214687 -5.12179e-21)
(1.03755 -0.029038 1.68396e-20)
(1.03978 -0.0289781 -2.89856e-20)
(1.04196 -0.0289073 -4.03242e-21)
(1.04426 -0.0287971 1.47221e-21)
(1.04663 -0.0286614 -5.29915e-20)
(1.04908 -0.0284958 -2.38233e-21)
(1.05161 -0.028304 -7.32057e-21)
(1.05422 -0.028086 -1.66277e-20)
(1.05691 -0.0278438 3.14848e-20)
(1.05969 -0.0275788 -4.52258e-20)
(1.06254 -0.0272927 -4.22751e-20)
(1.06548 -0.0269872 -2.84291e-20)
(1.0685 -0.0266643 4.63172e-21)
(1.0716 -0.0263258 4.769e-20)
(1.07477 -0.025974 3.2762e-21)
(1.07803 -0.0256108 9.44425e-21)
(1.08137 -0.0252383 2.21798e-20)
(1.08478 -0.0248587 2.05219e-20)
(1.08827 -0.024474 -4.27563e-20)
(1.09183 -0.024086 -2.00613e-20)
(1.09547 -0.0236966 2.07756e-20)
(1.09917 -0.0233074 -6.06022e-21)
(1.10293 -0.0229198 1.33775e-21)
(1.10676 -0.0225352 9.55604e-21)
(1.11064 -0.0221544 5.31245e-21)
(1.0373 -0.029873 -1.12223e-22)
(1.03954 -0.0298125 -6.07029e-21)
(1.04173 -0.0297422 -2.03958e-21)
(1.04404 -0.0296307 4.18059e-20)
(1.04642 -0.0294937 6.03684e-21)
(1.04887 -0.0293258 8.202e-20)
(1.05141 -0.0291312 -2.58383e-20)
(1.05403 -0.0289098 -4.0806e-21)
(1.05673 -0.0286637 -2.28392e-20)
(1.05951 -0.028394 1.27564e-20)
(1.06237 -0.0281027 2.80383e-20)
(1.06532 -0.0277914 1.77148e-20)
(1.06835 -0.0274621 -3.28231e-20)
(1.07146 -0.0271167 -1.25811e-20)
(1.07465 -0.0267573 3.64806e-21)
(1.07792 -0.026386 3.61107e-21)
(1.08127 -0.0260049 -5.53579e-21)
(1.0847 -0.0256161 -1.06696e-20)
(1.0882 -0.0252217 2.11254e-20)
(1.09177 -0.0248236 -2.20158e-20)
(1.09542 -0.0244235 -6.94729e-21)
(1.09914 -0.0240233 1.41935e-20)
(1.10292 -0.0236243 -9.41454e-21)
(1.10676 -0.0232278 -1.17978e-20)
(1.11066 -0.0228349 1.02468e-20)
(1.11461 -0.0224463 -1.53137e-21)
(1.03705 -0.0306964 -1.89391e-20)
(1.03931 -0.0306355 2.22941e-20)
(1.0415 -0.0305659 3.20592e-20)
(1.04381 -0.0304533 -1.4671e-20)
(1.04619 -0.0303153 -1.10802e-20)
(1.04866 -0.0301455 -4.96702e-20)
(1.0512 -0.0299485 6.8586e-21)
(1.05383 -0.0297241 -1.33868e-20)
(1.05654 -0.0294744 4.25312e-20)
(1.05933 -0.0292006 1.42498e-20)
(1.0622 -0.0289045 1.31304e-20)
(1.06516 -0.0285878 2.03212e-20)
(1.0682 -0.0282525 -1.36981e-20)
(1.07132 -0.0279005 1.60505e-20)
(1.07452 -0.0275339 1.87722e-20)
(1.07781 -0.0271549 -1.54203e-20)
(1.08117 -0.0267654 2.60861e-20)
(1.08461 -0.0263677 -9.82841e-21)
(1.08813 -0.0259638 9.24241e-21)
(1.09172 -0.0255557 4.6099e-20)
(1.09538 -0.0251452 -6.38981e-21)
(1.09911 -0.0247339 -2.57118e-21)
(1.10291 -0.0243236 1.29973e-20)
(1.10676 -0.0239153 8.14297e-21)
(1.11068 -0.0235102 -7.40563e-21)
(1.11464 -0.0231092 -9.10544e-22)
(1.03679 -0.0315084 1.73759e-20)
(1.03906 -0.0314472 -2.307e-20)
(1.04126 -0.0313786 -1.16313e-20)
(1.04358 -0.0312652 -5.76146e-20)
(1.04597 -0.0311264 4.90439e-20)
(1.04844 -0.030955 1.69484e-20)
(1.051 -0.0307561 -9.20547e-21)
(1.05363 -0.0305291 6.2366e-20)
(1.05635 -0.0302762 -2.29455e-20)
(1.05915 -0.0299987 3.73299e-20)
(1.06203 -0.0296983 -4.69091e-20)
(1.065 -0.0293766 -1.29755e-20)
(1.06805 -0.0290358 3.73914e-20)
(1.07118 -0.0286776 -2.60505e-20)
(1.0744 -0.0283041 1.25224e-21)
(1.0777 -0.0279176 4.39459e-21)
(1.08107 -0.0275201 -3.4756e-20)
(1.08453 -0.0271137 2.316e-22)
(1.08806 -0.0267005 2.60693e-20)
(1.09167 -0.0262826 -1.58795e-20)
(1.09534 -0.0258617 -9.17821e-21)
(1.09909 -0.0254396 9.30373e-21)
(1.1029 -0.0250178 -4.12646e-21)
(1.10677 -0.0245977 2.41979e-21)
(1.1107 -0.0241805 -1.00384e-20)
(1.11468 -0.023767 -8.93582e-21)
(1.03653 -0.0323092 -4.7314e-20)
(1.03881 -0.0322477 2.79928e-21)
(1.04101 -0.0321803 2.46028e-20)
(1.04335 -0.0320664 4.87611e-20)
(1.04574 -0.0319272 -5.25959e-20)
(1.04822 -0.0317547 2.62788e-20)
(1.05078 -0.0315542 1.43926e-20)
(1.05343 -0.031325 -1.63485e-20)
(1.05615 -0.0310695 -2.15331e-20)
(1.05897 -0.0307887 -3.07144e-20)
(1.06186 -0.0304844 1.65125e-20)
(1.06484 -0.0301582 -2.60545e-20)
(1.0679 -0.0298122 2.18202e-20)
(1.07105 -0.0294481 -4.08955e-21)
(1.07428 -0.0290682 -8.39452e-21)
(1.07759 -0.0286745 -2.99047e-20)
(1.08098 -0.0282691 -2.46719e-21)
(1.08445 -0.0278543 3.05498e-20)
(1.088 -0.027432 -5.37974e-20)
(1.09162 -0.0270043 1.77253e-21)
(1.09531 -0.0265732 2.81275e-20)
(1.09907 -0.0261402 -7.19063e-21)
(1.1029 -0.0257071 5.3105e-21)
(1.10678 -0.0252753 -8.25802e-21)
(1.11073 -0.0248458 6.56217e-21)
(1.11472 -0.0244199 2.7764e-22)
(1.03626 -0.0330988 3.00465e-20)
(1.03856 -0.0330372 2.54786e-20)
(1.04076 -0.0329712 6.83534e-21)
(1.04311 -0.0328571 1.55842e-20)
(1.04551 -0.0327178 5.83155e-20)
(1.048 -0.0325446 -1.67021e-20)
(1.05057 -0.032343 -1.72311e-21)
(1.05322 -0.0321123 -4.44546e-20)
(1.05596 -0.0318545 3.56576e-20)
(1.05878 -0.0315709 -1.16328e-20)
(1.06169 -0.0312631 1.1612e-20)
(1.06468 -0.0309329 2.68124e-20)
(1.06776 -0.030582 -2.0142e-20)
(1.07092 -0.0302125 4.57454e-20)
(1.07416 -0.0298264 -1.12746e-20)
(1.07748 -0.0294258 4.93157e-20)
(1.08089 -0.0290128 -9.1273e-22)
(1.08438 -0.0285897 -4.79561e-20)
(1.08794 -0.0281585 5.14965e-20)
(1.09157 -0.0277212 9.33723e-21)
(1.09528 -0.0272798 7.59751e-21)
(1.09906 -0.0268361 1.01061e-20)
(1.1029 -0.0263917 -7.24191e-21)
(1.1068 -0.025948 5.48913e-21)
(1.11076 -0.0255063 -2.30661e-22)
(1.11476 -0.0250677 3.19964e-21)
(1.03598 -0.0338774 -2.1892e-22)
(1.0383 -0.0338159 3.39336e-20)
(1.04051 -0.0337514 7.66482e-21)
(1.04287 -0.0336376 -6.48407e-20)
(1.04527 -0.0334986 -1.3332e-20)
(1.04778 -0.0333252 -3.37374e-20)
(1.05035 -0.0331229 5.45754e-20)
(1.05302 -0.032891 3.10583e-20)
(1.05577 -0.0326316 -3.61453e-21)
(1.0586 -0.0323456 4.12466e-20)
(1.06152 -0.0320349 5.47989e-21)
(1.06452 -0.0317009 -2.55514e-21)
(1.06761 -0.0313456 7.37428e-22)
(1.07079 -0.030971 -5.33336e-20)
(1.07404 -0.0305789 -1.80466e-20)
(1.07738 -0.0301717 1.20443e-20)
(1.0808 -0.0297514 2.63113e-20)
(1.0843 -0.0293202 1.45857e-20)
(1.08788 -0.0288802 -2.36278e-21)
(1.09153 -0.0284334 -3.42587e-20)
(1.09526 -0.0279818 -2.21878e-20)
(1.09905 -0.0275274 1.28737e-21)
(1.1029 -0.0270716 1.82513e-20)
(1.10682 -0.0266161 -1.62812e-21)
(1.11079 -0.0261621 2.97935e-21)
(1.11481 -0.0257108 -5.23877e-22)
(1.03571 -0.0346451 -5.4081e-20)
(1.03804 -0.034584 -4.66106e-20)
(1.04025 -0.0345212 -5.7457e-20)
(1.04262 -0.0344079 2.5278e-20)
(1.04504 -0.0342697 2.15413e-20)
(1.04755 -0.0340965 6.63354e-20)
(1.05014 -0.0338941 -4.63602e-20)
(1.05281 -0.0336616 3.88155e-20)
(1.05557 -0.033401 -7.41574e-21)
(1.05842 -0.0331132 -5.56109e-20)
(1.06135 -0.0327999 2.64712e-20)
(1.06437 -0.0324627 -9.46301e-21)
(1.06747 -0.0321033 -1.61147e-20)
(1.07066 -0.0317238 5.44078e-21)
(1.07393 -0.0313262 1.39518e-20)
(1.07728 -0.0309126 -2.59563e-20)
(1.08072 -0.0304851 1.80785e-20)
(1.08424 -0.0300459 2.46765e-20)
(1.08783 -0.0295972 -6.08691e-21)
(1.0915 -0.029141 2.66597e-20)
(1.09523 -0.0286793 -7.22198e-21)
(1.09904 -0.0282141 -4.43788e-20)
(1.10291 -0.0277469 -4.83558e-20)
(1.10684 -0.0272795 -1.43577e-20)
(1.11083 -0.0268131 9.27997e-22)
(1.11486 -0.026349 -1.57109e-21)
(1.03542 -0.035402 1.8245e-20)
(1.03777 -0.0353415 1.23101e-20)
(1.03999 -0.0352807 5.10639e-20)
(1.04237 -0.0351685 -5.43863e-21)
(1.0448 -0.0350314 -7.25671e-20)
(1.04732 -0.034859 -1.448e-20)
(1.04992 -0.0346571 4.37928e-20)
(1.0526 -0.0344244 -8.43188e-20)
(1.05538 -0.0341631 -1.61791e-20)
(1.05823 -0.033874 1.85861e-20)
(1.06118 -0.0335586 -2.97052e-20)
(1.06421 -0.0332185 2.56463e-20)
(1.06733 -0.0328555 -1.8732e-20)
(1.07053 -0.0324715 8.86156e-21)
(1.07382 -0.0320685 -1.06748e-20)
(1.07719 -0.0316487 -6.05882e-21)
(1.08064 -0.0312142 -2.99674e-20)
(1.08417 -0.0307672 1.93134e-20)
(1.08778 -0.0303099 -2.57398e-20)
(1.09146 -0.0298443 -8.4103e-21)
(1.09522 -0.0293725 -1.46233e-21)
(1.09904 -0.0288964 1.42216e-20)
(1.10293 -0.0284179 6.38569e-21)
(1.10687 -0.0279384 1.69488e-20)
(1.11087 -0.0274595 3.513e-21)
(1.11492 -0.0269826 -8.79844e-22)
(1.03513 -0.0361484 6.36184e-20)
(1.0375 -0.0360888 -3.0683e-20)
(1.03972 -0.03603 -2.85298e-20)
(1.04212 -0.0359194 6.74501e-21)
(1.04455 -0.035784 7.38934e-20)
(1.04708 -0.0356129 1.25396e-20)
(1.0497 -0.035412 -3.74459e-20)
(1.0524 -0.0351798 3.37945e-20)
(1.05518 -0.0349184 -2.49516e-22)
(1.05805 -0.0346284 3.97821e-20)
(1.06101 -0.0343113 -5.35248e-21)
(1.06406 -0.0339687 -6.94044e-21)
(1.06719 -0.0336024 -5.34647e-21)
(1.07041 -0.0332142 2.17631e-20)
(1.07371 -0.0328061 2.95251e-20)
(1.0771 -0.0323803 2.36314e-21)
(1.08057 -0.031939 -2.48053e-21)
(1.08411 -0.0314842 -1.5012e-20)
(1.08774 -0.0310183 1.57499e-20)
(1.09144 -0.0305433 1.54293e-20)
(1.09521 -0.0300614 -1.18026e-21)
(1.09904 -0.0295745 2.36859e-20)
(1.10294 -0.0290844 3.41863e-20)
(1.1069 -0.0285929 8.01871e-21)
(1.11091 -0.0281014 -1.54051e-20)
(1.11497 -0.0276114 -3.50658e-21)
(1.03484 -0.0368844 -6.5772e-21)
(1.03723 -0.0368261 -8e-21)
(1.03945 -0.0367694 -5.14771e-21)
(1.04186 -0.036661 5.12497e-20)
(1.04431 -0.0365277 -1.79216e-20)
(1.04685 -0.0363587 -4.12117e-20)
(1.04948 -0.0361593 -5.2666e-20)
(1.05219 -0.0359283 1.2387e-20)
(1.05499 -0.0356672 -3.09686e-20)
(1.05787 -0.0353768 -5.72583e-20)
(1.06085 -0.0350585 5.02997e-20)
(1.06391 -0.0347139 1.33817e-20)
(1.06706 -0.0343445 4.23129e-20)
(1.07029 -0.0339523 -3.48543e-20)
(1.07361 -0.0335394 -1.84388e-20)
(1.07701 -0.0331078 4.37174e-21)
(1.08049 -0.0326596 1.69904e-20)
(1.08406 -0.0321972 -2.75173e-20)
(1.0877 -0.0317227 -3.23063e-20)
(1.09141 -0.0312384 -4.50934e-20)
(1.0952 -0.0307463 2.71151e-20)
(1.09905 -0.0302484 -5.01525e-21)
(1.10297 -0.0297468 -3.01664e-20)
(1.10694 -0.0292431 -2.73113e-20)
(1.11096 -0.0287389 1.03771e-20)
(1.11504 -0.0282357 -3.0707e-22)
(1.03454 -0.0376102 2.9509e-20)
(1.03695 -0.0375535 2.93702e-20)
(1.03918 -0.0374992 -5.79847e-21)
(1.0416 -0.0373936 -3.22031e-20)
(1.04406 -0.037263 -1.49268e-20)
(1.04662 -0.0370967 3.01319e-20)
(1.04925 -0.0368995 6.38659e-20)
(1.05198 -0.0366702 1.49023e-20)
(1.05479 -0.03641 5.31853e-20)
(1.05769 -0.0361197 7.3843e-21)
(1.06068 -0.0358006 -8.91236e-21)
(1.06376 -0.0354542 -5.59978e-20)
(1.06692 -0.0350821 -2.50784e-20)
(1.07017 -0.0346863 -8.28869e-21)
(1.07351 -0.0342686 9.96623e-21)
(1.07693 -0.0338313 3.45129e-22)
(1.08043 -0.0333765 -2.70168e-20)
(1.08401 -0.0329064 -9.1e-21)
(1.08767 -0.0324234 4.16734e-20)
(1.0914 -0.0319296 4.92977e-20)
(1.0952 -0.0314272 -1.62742e-20)
(1.09906 -0.0309184 -1.79969e-20)
(1.10299 -0.030405 4.16849e-20)
(1.10698 -0.029889 9.12454e-21)
(1.11102 -0.0293719 8.22558e-21)
(1.1151 -0.0288554 9.73089e-21)
(1.03667 -0.0382715 2.29493e-20)
(1.03891 -0.0382196 -2.90875e-20)
(1.04134 -0.0381175 6.38415e-21)
(1.04381 -0.0379902 -1.67394e-20)
(1.04638 -0.0378274 -4.18047e-20)
(1.04903 -0.0376331 -5.02162e-20)
(1.05177 -0.037406 -4.69596e-20)
(1.0546 -0.0371473 1.55962e-20)
(1.05752 -0.0368576 1.13968e-20)
(1.06052 -0.0365381 -7.10865e-21)
(1.06362 -0.0361902 2.10837e-20)
(1.0668 -0.0358157 3.1424e-21)
(1.07006 -0.0354163 1.04499e-20)
(1.07342 -0.0349941 1.65384e-20)
(1.07685 -0.0345511 1.84536e-20)
(1.08037 -0.0340897 3.21682e-20)
(1.08396 -0.033612 -6.11498e-21)
(1.08764 -0.0331204 9.00127e-23)
(1.09138 -0.0326171 -2.0309e-20)
(1.0952 -0.0321044 1.00635e-20)
(1.09908 -0.0315844 3.04761e-20)
(1.10303 -0.0310592 -2.40783e-20)
(1.10703 -0.0305307 3.62734e-21)
(1.11108 -0.0300006 2.23861e-21)
(1.11517 -0.0294707 5.27111e-21)
(1.03638 -0.0389803 1.25941e-21)
(1.03863 -0.0389309 -3.83273e-21)
(1.04108 -0.0388332 -3.49698e-20)
(1.04356 -0.0387099 1.2085e-20)
(1.04614 -0.0385512 3.90339e-21)
(1.04881 -0.0383605 -1.69296e-20)
(1.05157 -0.0381363 4.9609e-20)
(1.05441 -0.0378796 -1.67598e-20)
(1.05734 -0.0375909 -5.97527e-21)
(1.06037 -0.0372714 2.33001e-20)
(1.06348 -0.0369224 4.10372e-20)
(1.06667 -0.0365456 1.5044e-20)
(1.06996 -0.0361429 -7.47846e-22)
(1.07333 -0.0357162 -2.40896e-20)
(1.07678 -0.0352677 -3.04072e-20)
(1.08031 -0.0347996 1.23046e-20)
(1.08393 -0.0343143 6.12447e-20)
(1.08762 -0.033814 1.43938e-20)
(1.09138 -0.0333011 1.31755e-20)
(1.09521 -0.0327779 -4.30998e-21)
(1.09911 -0.0322466 -3.9885e-20)
(1.10306 -0.0317094 6.54526e-21)
(1.10708 -0.0311682 -1.51406e-20)
(1.11114 -0.030625 -1.41471e-20)
(1.11525 -0.0300814 -9.77424e-21)
(1.03835 -0.0396334 6.27983e-20)
(1.04081 -0.0395411 5.00989e-20)
(1.04331 -0.0394225 -3.18563e-20)
(1.04591 -0.0392688 2.52102e-20)
(1.04859 -0.0390823 4.66305e-20)
(1.05136 -0.0388616 -1.57126e-20)
(1.05422 -0.0386074 2.20916e-20)
(1.05717 -0.0383202 -4.41023e-20)
(1.06021 -0.0380009 -4.42622e-20)
(1.06334 -0.0376511 -1.91125e-20)
(1.06656 -0.0372723 -9.67874e-21)
(1.06986 -0.0368663 3.13111e-20)
(1.07324 -0.0364352 -1.26245e-20)
(1.07671 -0.0359812 -2.65949e-20)
(1.08026 -0.0355064 -5.21935e-20)
(1.08389 -0.0350134 2.92729e-21)
(1.0876 -0.0345043 -3.18622e-20)
(1.09138 -0.0339817 -4.66259e-21)
(1.09522 -0.0334479 -1.80109e-20)
(1.09913 -0.0329052 4.8433e-20)
(1.10311 -0.0323557 -8.71997e-22)
(1.10713 -0.0318018 3.97594e-20)
(1.11121 -0.0312452 1.71625e-20)
(1.11533 -0.0306878 -1.55208e-21)
(1.03807 -0.0403277 -1.01368e-19)
(1.04054 -0.0402416 -4.30235e-20)
(1.04305 -0.0401285 5.63376e-20)
(1.04567 -0.0399807 -5.8225e-20)
(1.04837 -0.0397992 -2.8564e-20)
(1.05116 -0.0395826 -1.8214e-20)
(1.05404 -0.0393314 -5.36731e-20)
(1.05701 -0.039046 8.28611e-20)
(1.06006 -0.0387274 1.36767e-20)
(1.06321 -0.0383769 -7.74243e-21)
(1.06644 -0.0379961 -1.08442e-22)
(1.06976 -0.037587 -4.72196e-20)
(1.07317 -0.0371516 -4.88308e-21)
(1.07665 -0.0366919 5.78811e-20)
(1.08022 -0.0362105 5.05684e-20)
(1.08387 -0.0357095 -2.76543e-20)
(1.08759 -0.0351916 1.4296e-21)
(1.09138 -0.0346591 -9.41856e-21)
(1.09524 -0.0341145 3.22041e-20)
(1.09917 -0.0335601 -1.96393e-20)
(1.10315 -0.0329983 -3.29594e-20)
(1.10719 -0.0324313 -2.2443e-20)
(1.11128 -0.0318611 -1.72128e-20)
(1.11541 -0.0312898 1.48041e-22)
(1.04028 -0.0409354 1.16527e-19)
(1.0428 -0.0408288 -3.29994e-20)
(1.04544 -0.0406877 6.90734e-20)
(1.04815 -0.0405118 1.39268e-20)
(1.05096 -0.0403 4.15497e-20)
(1.05386 -0.0400522 4.13903e-20)
(1.05685 -0.0397689 -3.37904e-20)
(1.05992 -0.0394512 2.87021e-20)
(1.06309 -0.0391002 -2.18598e-20)
(1.06634 -0.0387176 -1.84844e-20)
(1.06967 -0.0383054 2.52413e-20)
(1.0731 -0.0378655 1.54203e-20)
(1.0766 -0.0374003 -3.4226e-20)
(1.08019 -0.0369119 -5.91306e-20)
(1.08385 -0.036403 1.54319e-20)
(1.08759 -0.035876 -2.2631e-21)
(1.09139 -0.0353334 2.01054e-21)
(1.09527 -0.0347778 3.8347e-21)
(1.09921 -0.0342115 1.38246e-21)
(1.10321 -0.0336371 4.843e-20)
(1.10726 -0.0330569 -2.06538e-20)
(1.11136 -0.032473 -5.00385e-21)
(1.1155 -0.0318874 -6.30352e-21)
(1.04001 -0.0416231 -9.91631e-20)
(1.04255 -0.0415239 -2.20004e-20)
(1.0452 -0.0413904 -8.41558e-20)
(1.04794 -0.041221 1.33718e-20)
(1.05077 -0.0410144 -2.57469e-20)
(1.05368 -0.0407705 -7.2582e-22)
(1.05669 -0.0404896 -4.94367e-20)
(1.05978 -0.0401729 -7.44774e-20)
(1.06297 -0.0398215 -1.76923e-20)
(1.06624 -0.0394372 1.1591e-20)
(1.06959 -0.0390218 -1.33195e-20)
(1.07303 -0.0385775 4.75209e-20)
(1.07656 -0.0381064 -8.28902e-24)
(1.08016 -0.0376111 2.61149e-20)
(1.08384 -0.037094 5.13297e-21)
(1.08759 -0.0365577 -9.1346e-21)
(1.09141 -0.0360048 5.84489e-21)
(1.0953 -0.0354379 -5.4185e-20)
(1.09925 -0.0348596 -2.63282e-20)
(1.10327 -0.0342723 -3.1567e-20)
(1.10733 -0.0336786 1.30878e-20)
(1.11144 -0.0330807 8.51224e-21)
(1.11559 -0.0324807 2.51367e-20)
(1.0423 -0.0422149 1.03561e-19)
(1.04498 -0.0420898 1.44955e-19)
(1.04773 -0.0419275 -5.83438e-20)
(1.05058 -0.0417266 -4.94092e-20)
(1.05351 -0.0414869 -7.61766e-21)
(1.05654 -0.0412087 6.61804e-21)
(1.05965 -0.0408931 2.62965e-21)
(1.06286 -0.0405414 1.98174e-20)
(1.06615 -0.0401553 -5.62268e-21)
(1.06952 -0.0397367 2.40754e-20)
(1.07298 -0.0392877 -4.55118e-20)
(1.07652 -0.0388107 -1.09947e-20)
(1.08014 -0.0383082 -2.57179e-20)
(1.08383 -0.0377827 -9.70993e-21)
(1.0876 -0.0372368 2.61313e-22)
(1.09144 -0.0366734 2.56314e-20)
(1.09534 -0.0360949 2.69342e-20)
(1.09931 -0.0355043 7.41469e-21)
(1.10333 -0.0349039 -7.22391e-21)
(1.1074 -0.0342965 7.70391e-21)
(1.11152 -0.0336843 2.24495e-20)
(1.11568 -0.0330697 -1.983e-20)
(1.04206 -0.0429025 -8.91554e-20)
(1.04475 -0.0427868 -3.77466e-20)
(1.04752 -0.0426321 3.55053e-20)
(1.05039 -0.0424375 5.49182e-20)
(1.05335 -0.0422022 -1.85277e-21)
(1.0564 -0.0419269 4.62151e-20)
(1.05953 -0.0416125 3.45748e-20)
(1.06275 -0.0412604 1.69749e-20)
(1.06606 -0.0408724 7.95884e-21)
(1.06945 -0.0404504 -1.12236e-20)
(1.07293 -0.0399966 3.31261e-20)
(1.07649 -0.0395135 1.69707e-20)
(1.08012 -0.0390035 3.09435e-20)
(1.08383 -0.0384693 5.18031e-21)
(1.08762 -0.0379136 9.9216e-21)
(1.09147 -0.0373393 -5.79134e-20)
(1.09539 -0.036749 1.80257e-20)
(1.09937 -0.0361457 1.76721e-20)
(1.1034 -0.035532 4.01542e-20)
(1.10748 -0.0349105 1.48709e-20)
(1.11161 -0.0342839 -3.96609e-20)
(1.11578 -0.0336545 7.03936e-21)
(1.04453 -0.0434824 -6.20602e-20)
(1.04732 -0.043336 -4.40895e-20)
(1.05021 -0.0431478 2.94733e-20)
(1.05319 -0.0429172 -1.95035e-20)
(1.05626 -0.0426448 -4.41452e-20)
(1.05941 -0.0423315 -2.86129e-20)
(1.06266 -0.041979 -9.89782e-21)
(1.06598 -0.0415889 4.44131e-20)
(1.0694 -0.0411633 2.40457e-20)
(1.07289 -0.0407045 -3.9988e-20)
(1.07646 -0.0402149 -2.4968e-20)
(1.08012 -0.0396972 -6.62281e-21)
(1.08384 -0.039154 -1.18192e-20)
(1.08764 -0.0385881 1.33691e-21)
(1.09151 -0.0380026 8.68107e-22)
(1.09544 -0.0374002 -4.89213e-21)
(1.09943 -0.0367839 -2.22908e-21)
(1.10348 -0.0361565 -2.84493e-20)
(1.10757 -0.0355209 -2.65641e-20)
(1.11171 -0.0348795 6.96767e-21)
(1.11589 -0.034235 -1.7627e-20)
(1.04431 -0.0441777 -4.98282e-20)
(1.04713 -0.04404 1.62881e-19)
(1.05004 -0.0438586 2.99434e-20)
(1.05304 -0.0436327 -3.39952e-20)
(1.05613 -0.0433631 2.78925e-20)
(1.05931 -0.043051 3.36972e-20)
(1.06257 -0.0426978 1.5416e-20)
(1.06592 -0.0423054 -4.41704e-20)
(1.06935 -0.0418759 -4.10875e-20)
(1.07286 -0.0414118 1.64006e-20)
(1.07645 -0.0409154 5.07062e-21)
(1.08012 -0.0403895 -3.67024e-20)
(1.08386 -0.0398369 -1.91862e-20)
(1.08767 -0.0392606 1.19943e-20)
(1.09155 -0.0386635 -6.64529e-22)
(1.0955 -0.0380486 1.30314e-20)
(1.0995 -0.0374191 -1.58415e-20)
(1.10356 -0.0367777 5.97589e-21)
(1.10766 -0.0361274 -3.96099e-22)
(1.11181 -0.035471 -1.04052e-20)
(1.116 -0.0348112 1.18713e-20)
(1.04695 -0.0447453 -1.63209e-19)
(1.04988 -0.0445708 -1.17303e-19)
(1.0529 -0.0443496 1.567e-20)
(1.05601 -0.0440827 4.52629e-20)
(1.05921 -0.0437714 -7.53994e-21)
(1.06249 -0.0434173 -3.24781e-20)
(1.06586 -0.0430223 2.81889e-21)
(1.06931 -0.0425886 4.68281e-20)
(1.07284 -0.0421187 -3.36092e-20)
(1.07645 -0.0416151 5.44092e-20)
(1.08013 -0.0410807 6.46761e-20)
(1.08389 -0.0405183 -4.90083e-21)
(1.08772 -0.0399311 -1.03345e-20)
(1.09161 -0.0393221 3.02015e-20)
(1.09556 -0.0386944 -4.6569e-20)
(1.09958 -0.0380511 -2.03856e-21)
(1.10364 -0.0373954 -7.99934e-21)
(1.10776 -0.0367303 -6.91787e-21)
(1.11191 -0.0360586 1.96166e-20)
(1.11611 -0.0353832 1.85463e-20)
(1.04677 -0.0454531 3.15349e-20)
(1.04973 -0.0452854 7.78342e-20)
(1.05277 -0.0450687 -1.22808e-20)
(1.05591 -0.0448043 -3.18043e-20)
(1.05912 -0.0444936 -2.11737e-20)
(1.06243 -0.0441381 3.13952e-20)
(1.06581 -0.0437401 -9.3909e-21)
(1.06928 -0.0433017 -4.08977e-20)
(1.07283 -0.0428256 6.04168e-20)
(1.07645 -0.0423144 -4.5222e-20)
(1.08015 -0.041771 -3.93778e-20)
(1.08392 -0.0411984 2.66139e-20)
(1.08776 -0.0405998 1.22923e-20)
(1.09167 -0.0399784 -2.49363e-20)
(1.09564 -0.0393374 1.19215e-20)
(1.09966 -0.0386801 3.89164e-20)
(1.10374 -0.0380098 9.79042e-21)
(1.10786 -0.0373295 3.72198e-20)
(1.11202 -0.0366423 1.12618e-20)
(1.11622 -0.035951 -2.78968e-20)
(1.04959 -0.0460034 -8.7552e-20)
(1.05266 -0.045791 6.96273e-20)
(1.05581 -0.0455287 7.65367e-20)
(1.05905 -0.045218 4.60955e-20)
(1.06237 -0.0448608 -4.48229e-20)
(1.06578 -0.0444593 2.95953e-20)
(1.06926 -0.0440157 -9.41418e-21)
(1.07283 -0.0435329 -3.71899e-20)
(1.07647 -0.0430135 2.27042e-20)
(1.08018 -0.0424606 -9.08172e-21)
(1.08397 -0.0418772 1.10113e-21)
(1.08782 -0.0412668 -6.19596e-21)
(1.09174 -0.0406326 3.73276e-21)
(1.09572 -0.0399779 -7.83018e-21)
(1.09975 -0.0393062 -1.46511e-20)
(1.10384 -0.0386208 -6.39035e-21)
(1.10797 -0.037925 -4.12558e-20)
(1.11214 -0.0372219 -1.57283e-20)
(1.11634 -0.0365146 7.31432e-22)
(1.04946 -0.046726 1.56904e-19)
(1.05255 -0.0465173 -6.94953e-20)
(1.05572 -0.0462566 -7.47547e-20)
(1.05898 -0.0459455 -5.52458e-20)
(1.06233 -0.0455859 5.00798e-20)
(1.06575 -0.0451802 -5.38444e-20)
(1.06925 -0.0447309 3.26375e-20)
(1.07283 -0.0442407 -2.44226e-20)
(1.07649 -0.0437126 -2.84614e-20)
(1.08022 -0.0431496 1.36402e-20)
(1.08402 -0.042555 -1.49022e-20)
(1.08789 -0.0419322 -2.9519e-20)
(1.09182 -0.0412847 7.43703e-21)
(1.0958 -0.0406159 3.64453e-21)
(1.09985 -0.0399293 -7.93336e-21)
(1.10394 -0.0392285 -1.37966e-20)
(1.10808 -0.0385169 3.59432e-21)
(1.11226 -0.0377976 2.50801e-20)
(1.11647 -0.037074 1.04666e-20)
(1.04934 -0.0474543 -1.65004e-19)
(1.05246 -0.0472488 4.91358e-20)
(1.05565 -0.046989 -7.23722e-20)
(1.05893 -0.0466767 1.85349e-20)
(1.0623 -0.0463141 -9.5941e-20)
(1.06574 -0.0459036 -3.3814e-20)
(1.06926 -0.0454478 2.20113e-20)
(1.07286 -0.0449496 4.01953e-20)
(1.07653 -0.0444121 1.74284e-20)
(1.08027 -0.0438384 2.05303e-20)
(1.08408 -0.0432319 2.54018e-22)
(1.08796 -0.0425962 2.4611e-21)
(1.0919 -0.0419349 3.31944e-20)
(1.0959 -0.0412514 1.60277e-20)
(1.09995 -0.0405496 -2.67051e-20)
(1.10405 -0.039833 3.36998e-21)
(1.1082 -0.0391051 1.14719e-20)
(1.11238 -0.0383694 -3.28713e-21)
(1.1166 -0.0376292 1.27294e-20)
(1.05238 -0.0479866 1.58966e-20)
(1.0556 -0.0477269 2.81421e-20)
(1.0589 -0.0474126 -2.8071e-20)
(1.06228 -0.0470461 4.76366e-20)
(1.06574 -0.04663 2.6005e-20)
(1.06927 -0.046167 -2.44723e-20)
(1.07289 -0.04566 2.86985e-20)
(1.07657 -0.0451123 -1.40592e-20)
(1.08033 -0.0445273 -9.35662e-22)
(1.08415 -0.0439083 -1.13291e-20)
(1.08804 -0.0432591 6.04138e-21)
(1.09199 -0.0425833 -3.00158e-21)
(1.096 -0.0418847 -8.75188e-21)
(1.10006 -0.0411671 3.35314e-20)
(1.10417 -0.0404343 -4.48068e-21)
(1.10832 -0.0396898 -1.22258e-20)
(1.11251 -0.0389374 -1.17711e-20)
(1.11673 -0.0381802 -6.63723e-22)
(1.05231 -0.0487316 2.88455e-20)
(1.05555 -0.0484709 4.07455e-20)
(1.05887 -0.0481536 4.48253e-20)
(1.06227 -0.0477823 2.8107e-20)
(1.06575 -0.0473596 4.60964e-20)
(1.0693 -0.0468884 -6.25094e-20)
(1.07293 -0.0463719 -5.63008e-20)
(1.07663 -0.0458133 2.67262e-20)
(1.0804 -0.0452161 8.39895e-21)
(1.08424 -0.0445839 2.60167e-20)
(1.08814 -0.0439205 2.39629e-20)
(1.0921 -0.0432298 -2.25786e-20)
(1.09611 -0.0425155 2.01486e-20)
(1.10018 -0.0417817 -1.17136e-20)
(1.10429 -0.0410322 1.00438e-20)
(1.10845 -0.0402709 3.47164e-20)
(1.11264 -0.0395013 -1.03959e-20)
(1.11686 -0.038727 -1.54508e-20)
(1.05227 -0.0494817 -6.08373e-20)
(1.05553 -0.0492191 -7.30045e-21)
(1.05887 -0.0488978 -8.39574e-21)
(1.06229 -0.0485208 1.54039e-20)
(1.06578 -0.0480906 6.25392e-20)
(1.06935 -0.0476105 1.53524e-20)
(1.07299 -0.0470836 3.25951e-20)
(1.0767 -0.0465133 -3.27906e-20)
(1.08048 -0.0459033 -3.52599e-20)
(1.08433 -0.0452573 -1.05629e-20)
(1.08824 -0.0445792 -1.89222e-20)
(1.09221 -0.043873 2.91027e-20)
(1.09623 -0.0431426 1.17927e-20)
(1.1003 -0.0423923 2.8559e-20)
(1.10442 -0.0416258 1.7142e-20)
(1.10858 -0.0408472 -3.21393e-20)
(1.11278 -0.0400603 -1.17469e-20)
(1.117 -0.0392688 -4.88808e-21)
(1.05552 -0.0499723 1.81651e-20)
(1.05888 -0.0496461 7.85536e-20)
(1.06232 -0.0492623 5.06137e-20)
(1.06582 -0.0488238 -8.5948e-20)
(1.06941 -0.0483338 9.44966e-21)
(1.07306 -0.0477957 6.37849e-20)
(1.07679 -0.047213 1.37033e-20)
(1.08058 -0.0465894 1.15572e-21)
(1.08443 -0.0459289 -6.36148e-21)
(1.08835 -0.0452355 2.03366e-20)
(1.09232 -0.0445133 -6.72159e-21)
(1.09635 -0.0437663 -2.20754e-20)
(1.10043 -0.0429989 -2.54069e-20)
(1.10455 -0.0422151 -3.27015e-20)
(1.10872 -0.041419 2.98038e-20)
(1.11292 -0.0406145 1.10815e-20)
(1.11715 -0.0398054 3.54901e-21)
(1.05553 -0.0507532 1.0378e-19)
(1.0589 -0.0504198 -1.2422e-19)
(1.06235 -0.0500272 -2.02379e-19)
(1.06588 -0.0495783 -3.50541e-20)
(1.06947 -0.0490765 -5.07375e-20)
(1.07314 -0.0485254 -1.61894e-19)
(1.07687 -0.0479284 1.36756e-20)
(1.08068 -0.0472897 1.01952e-20)
(1.08454 -0.0466131 3.49201e-20)
(1.08847 -0.0459028 -2.87114e-20)
(1.09245 -0.045163 -5.09658e-20)
(1.09648 -0.0443981 -2.1048e-20)
(1.10056 -0.0436122 -3.51966e-20)
(1.10469 -0.0428098 3.82305e-20)
(1.10886 -0.041995 -1.92475e-20)
(1.11306 -0.0411717 9.68105e-21)
(1.11729 -0.040344 2.69663e-21)
)
;

boundaryField
{
    inlet
    {
        type            uniformFixedValue;
        uniformValue    constant (1 0 0);
        value           uniform (1 0 0);
    }
    outlet
    {
        type            pressureInletOutletVelocity;
        value           nonuniform 0();
    }
    cylinder
    {
        type            fixedValue;
        value           nonuniform 0();
    }
    top
    {
        type            symmetryPlane;
    }
    bottom
    {
        type            symmetryPlane;
    }
    defaultFaces
    {
        type            empty;
    }
    procBoundary0to1
    {
        type            processor;
        value           nonuniform List<vector> 
61
(
(1.1145 -0.000429169 6.10374e-22)
(1.1145 -0.00130274 -1.08383e-21)
(1.1145 -0.00216812 1.22402e-21)
(1.11449 -0.00302189 -1.03809e-21)
(1.11449 -0.00386529 -1.14518e-21)
(1.11448 -0.00469918 2.4967e-21)
(1.11448 -0.00552389 -3.6414e-21)
(1.11447 -0.00633963 2.51952e-21)
(1.11447 -0.00714669 1.83667e-21)
(1.11446 -0.00794532 2.79414e-21)
(1.11446 -0.00873577 3.30774e-22)
(1.11445 -0.00951826 -4.81687e-21)
(1.11445 -0.010293 -3.37531e-22)
(1.11444 -0.0110602 2.8189e-21)
(1.11444 -0.0118201 -3.6898e-21)
(1.11444 -0.0125728 -5.95616e-22)
(1.11444 -0.0133186 5.15475e-21)
(1.11444 -0.0140575 -4.07013e-21)
(1.11444 -0.0147898 1.35358e-21)
(1.11444 -0.0155156 2.96411e-21)
(1.11445 -0.0162351 -1.64013e-21)
(1.11446 -0.0169484 -3.66744e-21)
(1.11447 -0.0176556 4.6642e-21)
(1.11448 -0.0183568 -5.62658e-21)
(1.11449 -0.0190523 2.58366e-21)
(1.11451 -0.019742 5.14675e-22)
(1.11453 -0.0204262 2.85742e-21)
(1.11455 -0.0211049 1.67372e-21)
(1.11458 -0.0217782 1.36219e-21)
(1.11458 -0.0217782 1.36219e-21)
(1.11861 -0.0220629 9.67119e-21)
(1.11866 -0.0227131 -1.83747e-21)
(1.11871 -0.0233582 5.62043e-23)
(1.11876 -0.0239982 3.97545e-21)
(1.11882 -0.0246331 6.84706e-21)
(1.11888 -0.0252632 -1.68971e-20)
(1.11894 -0.0258883 -4.51948e-21)
(1.11901 -0.0265086 1.63465e-20)
(1.11908 -0.0271241 -4.29955e-21)
(1.11915 -0.0277348 -4.52109e-21)
(1.11923 -0.0283409 1.0146e-20)
(1.11931 -0.0289423 -2.54711e-21)
(1.1194 -0.0295391 -5.50981e-21)
(1.11949 -0.0301313 5.66491e-21)
(1.11958 -0.030719 8.16773e-22)
(1.11968 -0.0313021 -9.73491e-21)
(1.11978 -0.0318807 8.00668e-21)
(1.11988 -0.0324549 2.1952e-21)
(1.11999 -0.0330245 -1.83932e-21)
(1.1201 -0.0335897 -1.29891e-20)
(1.12021 -0.0341504 1.52697e-20)
(1.12033 -0.0347067 -9.40454e-21)
(1.12045 -0.0352586 -2.86381e-22)
(1.12058 -0.035806 -7.95675e-21)
(1.12071 -0.036349 2.45073e-21)
(1.12084 -0.0368875 1.399e-20)
(1.12098 -0.0374217 -3.1511e-22)
(1.12111 -0.0379515 -3.71313e-21)
(1.12126 -0.038476 1.54326e-20)
(1.1214 -0.0389953 -8.2249e-21)
(1.12155 -0.0395156 -2.45957e-20)
)
;
    }
    procBoundary0to4
    {
        type            processor;
        value           nonuniform List<vector> 
77
(
(1.0556 -0.0596107 1.42548e-19)
(1.05918 -0.0594727 3.42888e-20)
(1.06284 -0.059263 -5.48312e-20)
(1.06284 -0.059263 -5.48312e-20)
(1.07116 -0.074351 -5.33369e-20)
(1.07509 -0.0741128 3.84146e-20)
(1.07907 -0.0738194 -9.9981e-21)
(1.0831 -0.0734726 -7.19377e-20)
(1.08718 -0.0730745 3.77891e-20)
(1.0913 -0.0726272 -1.47169e-20)
(1.09546 -0.0721328 2.3277e-20)
(1.09966 -0.0715936 7.74628e-22)
(1.10389 -0.0710118 5.88257e-21)
(1.10389 -0.0710118 5.88257e-21)
(1.11268 -0.0905639 5.0315e-20)
(1.11721 -0.0899297 -6.77274e-20)
(1.00784 -0.0169079 0)
(1.00894 -0.0182294 0)
(1.01011 -0.0195691 0)
(1.01133 -0.0209264 0)
(1.01262 -0.0223004 0)
(1.01398 -0.0236898 0)
(1.01539 -0.0250927 0)
(1.01687 -0.0265064 0)
(1.01841 -0.0279273 0)
(1.02001 -0.0293503 0)
(1.02167 -0.0307675 0)
(1.02339 -0.0321673 0)
(1.02516 -0.0335296 0)
(1.02699 -0.0348253 0)
(1.02884 -0.0359971 0)
(1.03076 -0.0369704 0)
(1.03256 -0.0375682 0)
(1.00001 -0.000664836 0)
(1.0001 -0.00197082 0)
(1.00031 -0.00324922 0)
(1.00061 -0.00450713 0)
(1.00099 -0.00575221 0)
(1.00145 -0.00699102 0)
(1.00199 -0.00822905 0)
(1.0026 -0.0094711 0)
(1.00328 -0.0107211 0)
(1.00404 -0.0119822 0)
(1.00486 -0.0132572 0)
(1.00575 -0.014548 0)
(1.00784 -0.0169079 0)
(1.0067 -0.0158562 0)
(1.03256 -0.0375682 0)
(1.03424 -0.0383259 5.31691e-20)
(1.03424 -0.0383259 5.31691e-20)
(1.03393 -0.0390317 1.90318e-20)
(1.03609 -0.0396802 8.1282e-20)
(1.03609 -0.0396802 8.1282e-20)
(1.0358 -0.0403716 -1.0121e-19)
(1.03779 -0.0410141 -1.53381e-19)
(1.03779 -0.0410141 -1.53381e-19)
(1.0375 -0.0416933 9.82116e-20)
(1.03974 -0.0423055 -3.49728e-20)
(1.03974 -0.0423055 -3.49728e-20)
(1.03948 -0.0429835 -3.69645e-20)
(1.04182 -0.0435879 5.73328e-20)
(1.04182 -0.0435879 5.73328e-20)
(1.04158 -0.0442722 -3.19618e-20)
(1.0441 -0.044874 5.53774e-22)
(1.0441 -0.044874 5.53774e-22)
(1.0439 -0.0455726 -6.62892e-20)
(1.04661 -0.0461645 -5.47394e-20)
(1.04661 -0.0461645 -5.47394e-20)
(1.04645 -0.0468809 -7.36821e-20)
(1.04631 -0.0476036 1.16169e-19)
(1.04924 -0.0481899 -3.70922e-20)
(1.04924 -0.0481899 -3.70922e-20)
(1.04915 -0.0489336 -8.38628e-21)
(1.04909 -0.0496836 5.48546e-20)
(1.05224 -0.050238 -6.58897e-21)
(1.05224 -0.050238 -6.58897e-21)
(1.05223 -0.0510243 -9.82783e-20)
)
;
    }
    procBoundary0to5
    {
        type            processor;
        value           nonuniform List<vector> 5((1.12175 -0.0892391 -4.12258e-20) (1.1211 -0.0683044 2.39775e-20) (1.1211 -0.0683044 2.39775e-20) (1.12003 -0.0504929 -8.29587e-21) (1.12003 -0.0504929 -8.29587e-21));
    }
}


// ************************************************************************* //
